 0.111843228817603824E+01
 0.373838730500654881E+01
 0.252494120134534450E+01
 0.185489507582343993E+01
 0.622534362700051802E+00
 0.675672216754698129E+00
 0.735802213485111212E+00
 0.127000124782289570E+01
 0.604670927864069396E+00
 0.283651397811876982E+00
 0.229039054384949564E+00
 0.367624427443521973E+00
 0.239940900688070696E+00
 0.347407087622057020E+00
 0.281771155484746849E+00
 0.120095216086652676E+00
 0.883379512003052286E-01
 0.196216794430779107E+00
 0.252029597084497070E+00
 0.944202472200866144E-01
 0.939473980588135110E-01
 0.303118313170573472E+00
 0.134281250594165069E+00
 0.193587654651135144E+00
 0.260802788114129880E+00
 0.137984258847561825E+00
 0.345376655767345941E+00
 0.116404025341435929E+00
 0.184729194414617770E+00
 0.517253876852424077E+00
 0.531445175708392226E+00
 0.500410506365095431E+00
 0.884885712480688036E+00
 0.471118950704908113E+00
 0.775917329317836191E+00
 0.530506155579623440E+00
 0.105673519208395739E+01
 0.139514144151255159E+01
 0.139686778674982071E+01
 0.152795544683191875E+01
 0.371822017531222615E+01
 0.281148629163957109E+01
 0.414208159817214838E+01
 0.148799383588243561E+01
 0.120940023424098930E+01
 0.305892437333451950E+01
 0.351705194305052560E+01
 0.466109880281462385E+00
 0.222308897329019817E+00
 0.226862991075945475E+01
 0.174382559067168574E+01
 0.472711179145224591E+00
 0.258345716756534005E+00
 0.887301472136721059E+00
 0.654532206839904762E+00
 0.594778493205902925E+00
 0.337216075441590657E+00
 0.440907415937155378E+00
 0.300151027323486697E+00
 0.382605114892680676E+00
 0.262465012465887049E+00
 0.309065692767176603E+00
 0.112457086753324331E+00
 0.207012370604665624E+00
 0.189837735580062533E+00
 0.315047778157639680E+00
 0.249930606483334206E+00
 0.271114300703347799E+00
 0.305530398914828083E+00
 0.235255999221164608E+00
 0.318655017586632006E+00
 0.295727793178541309E+00
 0.410610308512463551E+00
 0.420727036376093100E+00
 0.364379650790660148E+00
 0.281992146092604590E+00
 0.472909305864225082E+00
 0.834310009247812401E+00
 0.680491969695347754E+00
 0.581216517793116783E+00
 0.106262392269718231E+01
 0.126962118883346542E+01
 0.110895713308428556E+01
 0.860998531241785381E+00
 0.204501639753197351E+01
 0.310966844650287566E+01
 0.238564970069276727E+01
 0.221791825010424759E+01
 0.110710913137326017E+01
 0.334312637969468041E+01
 0.215623669591610323E+01
 0.544467022616680452E+00
 0.176704958900290782E+00
 0.550369223509395433E+00
 0.756343780010993338E+00
 0.496058072653970394E+00
 0.211467860887840836E+00
 0.119298611559414541E+00
 0.234228280535395045E+00
 0.243024082635318966E+00
 0.123696112783205803E+00
 0.191090852788272994E-02
 0.135362542301159766E+00
 0.758717210447078239E-01
 0.535508388548204331E-01
 0.101654093540080079E+00
 0.558831242503455006E-01
 0.444946190088512661E-01
 0.393243887685977081E-01
 0.110299496345195883E+00
 0.549317356078599869E-01
 0.407105746899470641E-01
 0.418331878644340460E-01
 0.652015462677492663E-01
 0.698566881323482158E-01
 0.657294787623436683E-01
 0.840414938069594525E-01
 0.109040603541187484E+00
 0.733685994841493383E-01
 0.619722546087725507E-01
 0.859860229826542727E-01
 0.125706025516910486E+00
 0.142315277498713144E+00
 0.123721808000340466E+00
 0.212668861207875148E+00
 0.114718548988419239E+00
 0.142968319380952391E+00
 0.182822007744534304E+00
 0.408378603510175187E+00
 0.416295042698093698E+00
 0.478625762531957211E+00
 0.647431626556002282E+00
