     33 -    30 -    30 -     1 
rmse=  23.6642meV
  0.126407372505780     
  0.234095513509705     
  0.137767299738670     
  0.121103823733760     
  0.256540312953883     
  0.128835767044314     
  0.140477022088918     
 -8.428873907333609E-003
  6.890152827870727E-002
 -0.247396389023037     
 -0.123301589932509     
 -0.249929477508027     
 -0.101737740164277     
 -0.134797934945912     
 -0.113457746177313     
 -0.167148841017347     
 -0.121968977006282     
 -0.270591698458309     
 -0.206513545779955     
  7.729270839617786E-002
  1.449785463827900E-002
 -3.246926588481129E-002
  0.224466282096541     
  0.121145931253794     
  9.711026084700133E-002
  2.494269280761797E-002
  0.169420246419784     
 -8.810072825842033E-002
 -0.199207705727207     
  7.308336676558889E-002
 -2.583286160910105E-002
  0.168558035423454     
  4.674756281296932E-002
  0.315757414480296     
 -0.139110507602959     
  7.668671115955536E-002
 -6.617685562651573E-002
  0.150968053201353     
  0.105907190166503     
  0.137786181773213     
  0.158721866266031     
  3.897267284381487E-002
 -0.190945909119335     
 -0.227548587484716     
 -5.711560078444237E-002
  4.899619345795914E-002
 -9.259451657162117E-002
  5.700994186731616E-002
  7.911095141116499E-002
  0.137101363205103     
  0.127194287930920     
  0.145665908079878     
 -1.991036806537093E-002
  4.054462437207122E-002
 -0.242930591347396     
 -5.874993954343093E-002
 -7.841005423215672E-003
 -0.121882387357819     
 -9.560428164740678E-002
  0.264572015341008     
 -7.917247966961034E-002
  0.171482094104012     
 -0.143424774105796     
 -3.765107899675708E-002
 -0.118940518525140     
  2.144004281215181E-002
  0.232685715974070     
  0.524639027868294     
  2.791444203352848E-002
 -0.165231777887967     
 -0.274709236811162     
 -0.299720339756020     
  0.109759693583120     
  0.191837324445953     
 -6.674418282618869E-002
  6.394597441834496E-002
 -4.900832305135395E-003
  2.828225883637722E-003
 -0.194472456187928     
  0.178058575408605     
 -0.131154136860280     
  0.162483176167023     
 -0.222705718264871     
 -0.254356842192558     
  7.463214155724793E-002
 -0.277300264121409     
  7.435535609122810E-003
  0.278476902273295     
 -5.721873105107191E-002
  0.214531250683204     
 -4.589471363667319E-002
  2.664620918554768E-002
  2.589252950234063E-002
  0.334655160264984     
  0.310114143156893     
  2.682957668833005E-002
 -0.295595308996379     
  0.151082295309426     
  0.157406365516823     
 -0.164510372028487     
  4.411359534475320E-002
 -0.105262248527118     
  0.402103310473854     
  0.259541707740706     
  0.232536744603468     
 -0.355286327203196     
 -5.206865666563096E-002
  0.148099221183213     
  8.489296664202595E-002
  0.311908628508385     
  5.803442423167071E-003
 -0.111262168701580     
  6.578817987591333E-002
  5.971183896166709E-002
  6.311638850043372E-002
  0.353799748210127     
 -3.591514957214035E-002
 -4.491122194434448E-002
 -8.733605701669368E-002
  0.144148798986402     
 -2.902506626770273E-002
  0.332255115376841     
 -0.490992753259661     
  0.251461378378017     
  0.168520199744972     
 -0.115178528191803     
  0.110058765456712     
  0.120468227725232     
 -6.439468337830710E-002
 -0.312604304813557     
  0.139091464965008     
 -2.372549673477095E-002
 -2.840687149400967E-002
 -7.827241025344986E-002
  0.293581510163644     
 -9.416096936187082E-002
  1.796663113835593E-002
  0.358739379222535     
  0.331706528705942     
 -7.321993713274150E-002
 -7.346373309849787E-002
  8.343519958833298E-002
 -4.176784177002879E-002
  0.274885642906769     
 -0.282367558688134     
  0.334512707948831     
  0.105101789989673     
 -1.561920680701200E-002
 -0.137097806309807     
 -4.106729710563328E-002
 -0.266019703103571     
 -0.184024756496256     
 -0.186749939519565     
 -0.147305477605056     
 -5.737320506814345E-003
 -5.615128564596533E-002
  0.351488025763816     
 -0.241065810672191     
 -9.188774871637954E-002
 -0.134783821923150     
 -0.128958016768122     
  1.814885550284055E-002
  1.122527048290177E-002
 -0.142993456107675     
  0.193031519064856     
 -6.728876746428522E-002
 -0.251950356287036     
 -0.334162132888669     
 -0.147741232735729     
 -0.217958014296169     
  6.509386361318231E-002
  6.088803553167618E-002
  3.546815322795023E-002
 -6.437781594690700E-002
  1.608168320129347E-002
  0.108132481800823     
 -9.240306996341999E-002
  0.293060602987015     
  0.411796885049425     
  6.345993285676307E-002
  0.119763446577773     
  3.787062071431194E-003
 -0.217880678617788     
  9.105811542020238E-002
  7.058854941234978E-002
 -0.241735045415257     
  0.189027615558463     
 -0.226442904402452     
  0.354740012851737     
 -0.326565196397879     
 -0.275206269569950     
  0.112342110350616     
  0.207072605629601     
 -0.158128438197060     
 -0.114112090002897     
  0.116165538662674     
 -9.963912153238887E-002
 -5.502906654150858E-002
 -0.214434641121653     
  0.285663881342964     
  0.176787018223442     
 -0.197788299002149     
  8.612551049732062E-003
 -0.104103032862242     
  0.176073935331859     
  7.885933623697478E-002
  0.167310023387906     
 -0.117165592920893     
  0.106933843276632     
  0.267071687917356     
  7.711632531142912E-002
 -1.647664007100762E-002
  2.629665832562312E-003
 -4.074633675321260E-002
 -5.229711148860504E-002
  0.343640746977536     
  0.121171553398688     
  7.923168785703816E-002
 -0.224792433393705     
 -9.438917576275392E-002
  0.136366145612224     
  0.326005129479929     
 -1.178013890798543E-002
  3.007878446084206E-002
 -0.248439155358255     
 -2.170231555946985E-002
  1.143431670018879E-002
 -4.096865850458713E-002
  0.142947959730026     
 -0.124661948122898     
  0.197590434116479     
  8.203651577254555E-002
 -0.285912061101539     
 -0.100530467472042     
  0.248524127033950     
  8.607487326059113E-002
 -0.191921761797077     
 -3.890853730734041E-002
  3.882592649018292E-002
  0.156511389881853     
  0.136497426025730     
 -9.592221984285496E-002
  0.277419457883384     
 -7.889683729819170E-002
  6.841246068081050E-002
  4.292684772432371E-002
 -4.963490134501623E-002
  1.484310480627012E-002
 -2.055996349634948E-002
  0.273528291108042     
  4.887009141456093E-003
 -0.121588843907596     
  0.161505584399640     
  4.927282487492084E-002
  0.115523633776052     
 -0.284378380724912     
 -0.326939677025456     
  0.336776771287819     
  0.102423804894439     
 -6.053312604923394E-002
 -3.717640988072721E-002
  6.825027615701895E-002
 -0.142266348091171     
 -4.666063543750777E-002
  6.890192928179931E-002
 -0.287689025713113     
 -1.055599131686851E-002
  5.531378785757613E-002
  2.072301282880376E-002
  0.228476218835501     
 -0.237541260304866     
 -9.802102392300804E-002
  0.171832686150207     
  7.231118092449694E-003
  0.324162102714375     
  0.155862165671846     
 -0.213325931836139     
  0.201560914453561     
 -3.739226779845337E-002
  8.798638939719908E-002
 -0.180680566758295     
  9.503320473094536E-002
  0.158616777094396     
  2.301326927922967E-004
  0.134525358850883     
 -0.242958563407978     
  0.118540607539105     
 -9.548076037878274E-002
  0.230934162932726     
  0.115864463487584     
 -0.127152135404640     
  5.196019492412732E-002
  0.286032894810663     
  0.238002500618924     
 -9.598583701382930E-003
 -0.118581803142060     
 -0.343259067358212     
 -0.111748001248010     
  0.180172796536935     
 -0.318135273146214     
  4.239186501632493E-004
 -0.414717285503432     
 -0.329950144018335     
 -0.219295912918995     
 -0.324554376836884     
  5.980158076202239E-002
 -0.330276851201831     
  0.128663683628855     
 -1.288669415252530E-002
 -5.459687648757155E-002
 -0.353564636079128     
 -9.183795703655842E-002
  4.562663993094966E-002
  0.158802964630278     
  1.744675018815882E-002
 -8.178912303725805E-002
  0.273048616985925     
  8.470932961465162E-002
 -0.174913958853869     
  0.215769086596354     
  7.439697912775416E-002
  0.310257873407650     
  0.152086761567843     
 -1.905818719149127E-002
  0.136364949307611     
 -0.120095904589540     
 -4.529902792533791E-002
  4.822934927447111E-002
 -8.834306975123042E-002
 -0.171130639635053     
 -0.105166127121094     
  0.348075258810595     
  0.156316920967756     
  0.276235597979040     
  4.763613537502734E-002
 -0.235846128489167     
 -6.788268029274978E-002
 -0.170920765727349     
 -2.872856480917572E-002
  1.944948272616150E-002
 -0.195743063192456     
 -0.312571338418346     
  0.274353653855064     
  9.035114303001519E-002
  0.483001137470596     
  4.651498547690885E-002
 -0.261934579177760     
  0.148329373019670     
 -0.135159157453635     
 -0.121803882002608     
 -0.132354409320223     
  0.226782025910961     
 -0.214886841068399     
  0.261296750329588     
  7.339926464552600E-002
  0.176107549795335     
 -0.214515809886668     
  0.356788711351346     
 -0.102291378504686     
  7.732837311401292E-002
  0.112435827249799     
 -0.127910084110340     
 -0.216005115735710     
 -0.253624443360061     
 -0.249836497149656     
 -6.823322839743878E-002
 -7.255218846489693E-002
 -5.402073885948880E-002
 -0.165233302853272     
 -0.214577953901246     
  2.487867106592976E-002
 -0.194006230737330     
 -7.524043771187867E-002
  4.678705214992825E-002
 -0.101455448270212     
 -7.746648471998277E-002
  0.265858443130072     
 -0.259924848593096     
  1.842370819684664E-002
 -0.134394050674178     
 -0.151610473100348     
 -8.083730660016355E-003
 -0.195594908040698     
 -6.107574315791017E-002
 -7.383273555420065E-002
 -0.102540272321016     
 -0.236716877147563     
  1.422642856408698E-002
 -9.980544910469298E-002
 -0.143160171627181     
  9.428027140581834E-002
 -0.133450602374088     
 -0.217994449371438     
 -2.365276858356070E-003
  8.996965229091419E-002
 -0.352978227381145     
  0.305745272114163     
 -0.133205194512018     
 -0.210476623633762     
 -0.308823579799849     
 -0.222232213722386     
 -0.126856671372686     
  0.235083898971683     
  0.120817915973331     
 -0.151896165252898     
 -0.237511976505817     
 -0.315480991543980     
 -0.174256192971821     
 -0.219242397111471     
  0.147295806544927     
  0.222877850386884     
  0.131226106390628     
 -0.189115694265024     
 -6.678883616826881E-002
 -3.990479375410312E-002
 -2.127637793563094E-002
 -6.441637802186471E-002
 -0.135252651492714     
  0.317525134463508     
 -0.300223388731640     
  0.163480352283204     
  0.199294827737598     
  3.507730188627359E-003
  0.105123185934892     
 -6.738279285582553E-002
 -8.801651224983095E-002
  0.270699811386866     
  3.005170270291401E-002
  0.244157980881534     
  0.277026719380272     
 -0.181880174556278     
  0.184602248616058     
 -0.172631650622656     
 -0.132885022125060     
 -0.465977003572864     
 -8.863758891455763E-003
 -0.154689544100045     
 -9.383049319208016E-002
  7.808870113224353E-002
 -2.015854545785612E-004
 -3.790901756722737E-002
 -7.432178934324256E-002
  0.361136754783444     
 -2.142996367790934E-002
  0.350139818095472     
 -4.978720059695423E-002
 -0.263826541380932     
  9.435992792038754E-002
  0.256201956812957     
  0.148538618214339     
 -0.198872916307346     
 -0.242457115250570     
  0.310830955331762     
  0.275706298885229     
  0.346355619202300     
 -4.740219922794776E-002
  0.246136397360235     
 -4.511182345159270E-003
 -0.163166009581791     
  0.313453021694958     
 -0.144080354788202     
 -8.106336013662430E-002
  0.184805352306822     
  0.197542090265826     
 -0.246877753274314     
 -0.108670753242925     
 -0.295463791441076     
  0.223880917786673     
 -0.189602744463208     
 -4.133057081875541E-002
  0.130804425584792     
 -0.227670560607849     
 -6.864734409565849E-002
  7.211927973763517E-002
 -0.411618306819204     
  0.361895610919974     
 -3.617987968962747E-002
  0.119269066463527     
 -0.170287711266877     
 -0.186916095036623     
 -0.115657221961627     
 -4.709955566490225E-003
  7.890025416047734E-002
  0.272791610881871     
  0.305812274795016     
 -9.668087103023940E-002
 -0.203214949703416     
 -0.156798778177605     
  0.365648578789606     
 -0.104602055870462     
 -8.078710769104128E-002
 -9.198726268232199E-002
 -7.036873878626691E-003
  0.154845468565737     
  0.122115311822679     
  0.273062490872935     
 -2.731985665927894E-002
 -3.676975505606165E-002
 -4.445614605506180E-002
  5.233735832156170E-004
  0.180432549978365     
  0.150671590807376     
  0.180205698213079     
  1.424806163018121E-002
 -0.189003027673853     
 -0.108293253713211     
 -0.128936507097483     
  0.258569803021023     
  0.289184149688590     
  0.180722513259412     
  1.274915712062064E-003
 -7.767418915369977E-002
 -8.093652261857518E-003
 -0.247093485639318     
  0.179273687316347     
  0.187745469919247     
 -2.968410935943448E-002
  0.201287411410413     
 -2.806912050573383E-002
 -0.133002233437268     
 -6.685624726507192E-002
 -5.634584490252003E-002
 -0.204387466826073     
  0.106085211609788     
 -9.314284809683500E-002
  9.774581609656892E-002
 -0.191774745443979     
  0.190533173363446     
  0.101284035618199     
  6.198205292895408E-002
  0.301882110525905     
  0.109077297269549     
 -0.147784303687657     
 -6.437479284120301E-002
 -0.278294735386906     
 -8.113617253062554E-003
 -0.224037155814073     
 -2.197240262956881E-002
 -1.240261931077411E-002
 -0.187961160955016     
 -0.484106276925300     
 -0.311575744955159     
  0.152208785108117     
  0.207507512849260     
  0.129921144974383     
  0.187565972569195     
 -4.674082125715295E-002
  9.413724711569882E-002
 -0.106960735780625     
 -2.498317741040654E-002
  0.247323710235297     
 -8.961663666924564E-002
  1.705294056363510E-002
 -0.203744739220030     
  1.546924422753673E-002
  3.473634112911857E-002
 -9.543039825941631E-002
 -0.194189072343736     
 -0.138949144134096     
 -8.753049638785175E-002
 -0.135411926370231     
  0.155437978870887     
  4.932226723393206E-002
  8.433713901833594E-002
  0.197791483469187     
  0.176061504481510     
 -8.884815521047851E-002
 -0.156490765624054     
 -0.345118866633467     
 -9.313640456801320E-002
 -2.587675040668041E-003
  5.673597490116127E-002
 -0.177982060572124     
 -6.381471890062980E-002
 -2.453079655613181E-002
  0.315106643791783     
  0.227666206119044     
 -0.156664498743603     
  0.226657230721875     
  2.628793718628505E-002
  0.318204829970987     
  0.274397119289641     
  0.154896267097780     
  0.295921524744071     
 -0.108924953797824     
 -3.657191096393535E-002
  0.134771331323060     
  7.852076587856305E-002
 -0.232386168145435     
  0.236117263914497     
  1.648805579430085E-004
 -0.299803452063577     
  1.267417096285434E-002
 -0.145046980537843     
  0.103873515098524     
 -0.290265491573073     
 -0.119446487274462     
 -2.310631486601755E-002
  4.627311853460290E-002
  9.894438848802189E-002
  4.526099244615422E-002
  0.271261573028497     
 -0.201187114682561     
 -9.265578129034745E-002
 -6.190468323558444E-002
  5.703931044723805E-002
  5.720664991251254E-003
 -0.144148121413754     
  0.202054862224573     
 -0.189871871476711     
 -5.930073464212668E-002
  0.190417246301924     
  4.306665899072378E-002
  0.240887223981522     
  0.140781146338599     
 -0.235959034994397     
  5.874037203501740E-003
 -0.399190168448066     
 -0.150775118686734     
  1.000188750067334E-002
  0.117351148112164     
 -0.138847218587959     
  0.165685145233095     
 -2.200023851821715E-002
  0.148680980419412     
 -7.419614746564587E-002
  4.440047505733660E-002
 -7.100560648797649E-002
  0.209405738803602     
 -6.066364979985480E-002
 -9.037600094351748E-002
 -3.159184482764331E-002
 -0.152837945670434     
  2.050048591948127E-002
 -0.108188540717177     
 -0.188320413879056     
 -0.227127126627081     
 -0.197436642346739     
  0.108227606896629     
 -6.694072119700810E-002
 -3.610385574904457E-002
 -0.317795866859987     
  5.493430279390819E-002
 -4.806174178187934E-002
  8.657463771899129E-002
  4.738947986273260E-002
  8.010096752402461E-002
  2.062959913383535E-002
 -0.156311115105777     
 -9.456349233213465E-002
 -3.884794481768550E-002
 -2.212893452243719E-002
  0.230853208741182     
 -0.247229800980129     
 -0.102767361513907     
 -9.875922571536433E-002
  0.111178059616724     
  3.566134633117493E-002
  6.329468408281561E-003
  0.175462796971858     
 -0.323126698327601     
  0.222072584397634     
  0.145802527399176     
 -0.162781448748170     
  4.545157374750532E-002
 -4.251399605112201E-002
  5.053390258484612E-002
 -9.342501020763186E-002
  5.550935959666382E-002
 -0.104977896082702     
  0.183321362137194     
  9.193970439867039E-002
  0.335524593044438     
  0.305253710023765     
  9.235836967104638E-002
  4.113217961728733E-002
  0.152960598917402     
 -0.391910724845021     
 -3.236219055393803E-002
  8.298259647904356E-002
  5.095172741241767E-002
 -0.111479807422388     
 -0.124789856628086     
 -1.215299248686524E-002
 -0.117512493852089     
 -0.242642479862905     
  0.169190915913819     
  6.836807549914528E-002
  0.331212167377376     
  0.201309608548713     
  8.089192567638899E-002
  0.177844287386836     
 -0.194214191056917     
  9.346761316708668E-002
 -0.216155518482510     
 -0.283074963884214     
 -0.296790883893424     
  8.427006596401887E-002
  0.243359699490759     
  2.873907927744065E-002
  0.170733618184612     
  0.199760289614860     
 -0.270879481200824     
  3.665053746931834E-002
  6.995154484682925E-002
 -0.166527719259958     
  0.248296397074685     
 -8.844546983839166E-002
  0.162819630510092     
  0.103635135307163     
 -0.129350148301541     
 -5.890922765656228E-002
  0.254593284209163     
 -9.060471345213870E-003
 -0.122785339440621     
  0.188791374291317     
 -0.332109595026879     
  6.538453502176908E-002
 -0.128867278240217     
 -9.257949617103522E-003
 -0.168767650932490     
  0.205637236477246     
 -7.899932400683592E-002
  7.277219586754186E-002
  7.496746805789864E-002
 -8.336648031906208E-002
 -0.154866299596508     
 -4.427547705601065E-002
  8.819661933846240E-002
 -0.190013292197062     
  0.189356309966844     
  0.133344547580960     
 -9.896217900182956E-002
 -0.126775285731618     
 -0.103508096387561     
 -8.725050694069145E-002
  0.163595794412506     
  0.130205132551866     
 -0.406270453176746     
 -8.316702067805774E-002
  0.193191632710599     
 -0.250623708427058     
 -0.265513887819754     
 -0.175356522008327     
  2.194746533926502E-003
  7.886766844200920E-002
 -0.236795653616665     
  0.177803584419996     
 -0.476983185166961     
  0.140043440383602     
 -0.188008764487608     
  0.201986772295587     
  0.106222650313618     
  4.876260621318178E-002
  0.157004264159905     
 -9.433516239052289E-002
 -4.030741297566278E-002
  0.148545002263472     
 -0.250562172199454     
  4.225331732931394E-002
 -0.132335991457043     
  5.590079032942576E-002
 -4.629267181634479E-002
  2.295674720319948E-003
  0.149529212792585     
 -5.252008455562832E-002
  8.485915239150674E-002
  8.624034465786171E-002
  0.242299516463415     
  6.785384402432583E-002
  0.245675094525908     
  6.979992506353989E-002
  0.237119592819756     
  0.160661507288223     
  0.183701801284361     
  0.330998408847346     
  0.305791716823740     
 -0.105247358870746     
  0.182596172532809     
  1.768754441096134E-002
 -9.920637056473713E-002
  0.169011920413280     
  0.149325335553323     
  2.283235305524064E-002
 -0.123715385006567     
 -3.168117504210184E-002
 -0.118939710152499     
 -0.195015300399218     
  3.578428782667382E-002
 -0.231640537313663     
 -0.243753872210771     
 -0.214067892374337     
 -0.211014741371113     
 -0.171280763019868     
  0.543850204644552     
  0.247857420287811     
  0.194377627261949     
 -0.175169747639309     
 -0.256257720802451     
 -0.246065206435866     
  7.661572880761375E-002
  0.435981912715199     
  0.406370417698645     
  0.364254574490273     
  0.158410473218130     
  4.581188975879126E-002
  5.223358657154541E-002
  0.159198399361421     
 -0.151139117681837     
  5.154577753885645E-002
 -0.250158299866922     
 -0.325172681344096     
  5.061635107827416E-002
  0.191053478019996     
  3.733800583326779E-002
  2.797969245352852E-003
 -9.608810839351703E-002
 -0.107860138752755     
  0.238074926290854     
 -3.470922840029454E-002
 -0.185577617830914     
 -0.257167498868048     
  6.033153767940450E-002
  0.343685639108442     
 -0.152878382485551     
 -0.215856386345247     
  0.297339549483313     
 -3.129390354969835E-002
 -1.102496871241240E-002
 -0.175230984526431     
  0.149774436159784     
  0.221544457396728     
 -6.546049819786989E-002
  0.124412226724346     
  0.194125773035492     
 -5.600274542874821E-002
  9.048030494786857E-002
  0.113922733778372     
  0.317276725261565     
 -4.623861690257318E-002
 -0.132029878390839     
  7.903468105816218E-002
 -4.177243059802936E-002
  0.135153453485078     
  0.348560679006915     
 -3.914935879861737E-002
  6.358657905733682E-002
 -0.156236746925571     
 -0.117151615218772     
  0.346765259774068     
 -8.751110227282047E-003
  5.004791302044589E-002
 -0.259396923856655     
 -0.237222920202447     
 -0.220167084793940     
 -2.418629508579957E-002
  0.109062957579554     
  0.196608967185065     
  0.331119306949765     
  8.494687541687355E-002
 -0.183573557435053     
 -1.380600964796512E-002
 -0.270922176850908     
  0.133212683744489     
 -0.152812643670103     
  2.210407245442071E-002
 -0.106462112883399     
  0.115961664100450     
  0.166893932644586     
 -0.173239506390578     
 -6.982574741442760E-002
  0.311656606772873     
 -0.170711369334850     
  0.110265700673647     
 -0.177628954916503     
  0.116043012701468     
 -4.349574001245778E-002
 -0.175165689743196     
 -2.805580637798424E-002
  3.282776789899436E-002
  5.749478538772450E-002
  0.268222909595657     
  0.158949657346138     
  0.195016948843082     
 -0.118504301655354     
  0.197018020288308     
  2.508043564147817E-002
  0.187835171871723     
  0.146306291441044     
  0.195050670295229     
 -3.394169423763074E-002
 -0.594379897476131     
  0.325014576002376     
 -0.101466399813001     
 -0.202065586079050     
 -0.111196267083603     
 -7.736570559491218E-002
  9.613898117712154E-002
  0.220972877673615     
  0.121133307329531     
  6.740197507969881E-002
  0.108370121401995     
  8.231847284458768E-002
 -0.138989807204375     
  6.027124621170646E-002
  0.424924971330031     
  0.297433580606161     
  2.013588293354759E-002
 -7.677787069482013E-002
 -3.558782101315185E-002
 -0.159509931234797     
 -0.143710256618360     
  0.135008348785816     
 -0.185565556191568     
  0.241615040164351     
 -0.369503212328954     
  0.113625492437779     
 -0.128099814217021     
  0.230177390466662     
  1.194502921345930E-003
 -0.277965157720757     
  2.925424896790729E-002
 -3.707906322495225E-002
 -5.339845345461259E-002
  0.234237135366329     
 -0.199583912605108     
 -5.158861058744887E-002
  8.142145415841305E-002
  9.403351315912438E-002
  0.328862294783067     
  0.232872219336927     
  0.183107150334078     
  3.537243041148077E-002
  0.162096684055968     
 -0.269315776749356     
 -0.207229159019586     
  0.123012020321927     
  5.799498073293127E-002
  0.181955588397355     
  0.163123702622506     
  6.294065448428644E-002
  3.068874877161384E-002
  0.109848867070538     
  4.073973232501354E-002
 -0.102064760507415     
  0.181961986404696     
  0.184771297062863     
  0.150597952854431     
  1.857521909581638E-002
 -0.215425732887766     
  9.134751090078755E-002
 -0.103103996266961     
  0.150000177161746     
  0.106297032559116     
 -0.117845526303969     
 -8.324248676122094E-002
 -3.432460985163158E-002
 -8.977183112015780E-002
  0.236487598032303     
 -0.275948448355057     
  1.194353450119263E-002
  0.161038514837327     
  5.196805214859802E-003
  0.193268892197891     
  0.310704622449150     
  0.395599039272072     
  0.335015271927828     
  0.140711509043260     
 -0.287690979993785     
 -0.314248196687007     
 -4.481889457995365E-002
  0.619726289234057     
  0.487290510697549     
  0.335491263902969     
  0.164417016841063     
  0.127547456366922     
  7.104098961919376E-002
  0.107695538273009     
 -7.491739323924597E-002
  0.231500691451601     
 -2.804517230709330E-003
 -0.112061186232592     
 -0.153698573123690     
 -0.120716036079855     
 -0.150846387504020     
 -0.264339711125494     
 -1.671710316465926E-002
 -0.122973289417389     
 -6.630888170321289E-002
 -1.020343883094542E-002
 
 -0.123078861029473     
 -0.197782988541948     
 -2.925813515889702E-002
 -6.957347866542204E-002
 -0.162262101998159     
 -0.131435367563715     
 -8.921481831905642E-002
  0.155206517673767     
  0.254870086551783     
 -0.112291997879258     
  0.263560893184474     
  1.786500835739298E-002
 -0.176146613791747     
  5.085924863000840E-002
 -0.142212466635845     
 -0.380761862892145     
  0.135844829430597     
 -0.140510647026395     
 -0.132755061184132     
  4.151754717038503E-002
  3.770012103337046E-002
 -0.100495809879564     
 -0.155705546559480     
  0.133068513657129     
  2.575395919880064E-002
 -2.230396157050412E-002
 -0.180047773557080     
  0.279068236612559     
  1.892588470114948E-002
 -3.407841050959807E-002
 
  0.116644643255893     
  2.119093067718532E-002
  0.151803539842450     
  0.108380154302314     
  0.125855037108169     
 -0.151644545279235     
  0.194030592637055     
 -0.108420364883876     
  0.344853249865452     
  1.298998275602008E-002
  4.374625403992529E-002
 -2.423927842380142E-002
  0.153409614588277     
 -0.130891100690299     
 -0.180265643036103     
 -0.125513667067402     
 -0.109662305121583     
  0.115310416168020     
  4.313576827189660E-003
 -5.118635281751403E-002
 -0.129623718090323     
 -6.454695589039344E-003
  0.128588252445614     
 -3.286593663297990E-002
 -0.144932518817861     
  0.256161844035570     
  0.170525405833002     
  0.244820149436479     
 -4.311980406951865E-002
  0.343725216478002     
 -0.208140816373641     
 -0.105731229802624     
  9.178639301166566E-002
  0.208010685642763     
 -0.195701914805588     
 -5.931437374026254E-002
  4.277031429317969E-002
  0.128194154320931     
 -0.159646353536024     
 -0.130518557625708     
 -1.546129098893252E-002
  3.386518155631422E-002
 -0.250409873185180     
 -0.247724194256096     
  0.161587710315878     
  4.962431653048509E-002
 -2.935912598097654E-002
  6.117419193656531E-002
  0.281723469357068     
  3.849796237395717E-003
 -0.189313525557643     
 -7.556343384095567E-002
  0.100838547385768     
  0.147594216114018     
  0.115127423076446     
 -6.185876119930708E-002
  8.965664435904927E-002
  0.233913801933156     
 -0.109579397884952     
 -7.524340425986725E-002
 -8.549353768340318E-003
 -0.225518762313084     
  2.815796323672874E-002
 -6.738862158276938E-002
  0.203653140670772     
 -0.120413191616715     
  4.625126433427199E-002
 -0.106486808610280     
  5.944875224819876E-002
  0.185499802279390     
 -0.166192581051691     
  0.101170085397964     
  5.377589270507594E-002
  0.139209545185068     
 -0.159111706048469     
  0.133014281995364     
  0.291926720747876     
  1.785499502256519E-003
  3.196659419746110E-002
  0.194219374569091     
  0.177869931939434     
 -0.199518606256313     
  0.237923924889457     
  0.174062064916312     
 -0.139204401686319     
  0.220482917869973     
 -0.224797489301791     
 -0.338282929645341     
 -0.191855272043916     
  0.136835323120467     
  2.998286651203515E-002
 -0.274303047038194     
  0.162498423285924     
 -4.577914643195280E-002
 -0.162938330362525     
 -7.530758652277117E-002
  0.142316940841285     
 -3.784738206744735E-002
  0.114686370310318     
  0.241300749092420     
 -0.107667858055142     
  7.194160213626029E-002
 -0.101783404444748     
 -9.449469304208087E-002
  0.221026306229413     
 -8.154818310885287E-002
 -3.388714822307835E-002
  0.204607420634893     
  2.584707397201156E-002
  0.205129099323879     
  6.814639525607810E-002
 -5.975422862497402E-002
  8.323617362114458E-002
  0.119791455022868     
 -7.422071264814858E-002
 -0.188151731421367     
 -0.113418898740128     
 -0.292871228945834     
  0.193944364963697     
  8.799839522756318E-002
  6.293908418179864E-002
 -0.165906822675416     
 -1.946962593762493E-002
  0.266238726954259     
  0.255010226176922     
 -0.206440533600776     
 -3.363332940265005E-002
 -0.143534409187093     
 -6.814550703427402E-002
 -7.420282643304384E-002
  9.665668131457519E-002
  0.118345275626271     
 -0.146469416303733     
  0.270772699565746     
  4.181722184644684E-002
  0.434447442515931     
  8.077049443789995E-002
  0.228547309339002     
 -4.681413156863223E-002
  0.191169041518801     
 -0.117596902543775     
  0.174330954725094     
 -0.255035473823858     
 -0.288598192377956     
 -8.696122002957092E-002
  0.203404234491226     
 -8.970134022373008E-002
  0.203683592006711     
  0.164852593193764     
 -0.130974347015090     
  1.732957872749624E-002
 -9.735308807211238E-002
  5.280651286070898E-002
 -0.380967027416655     
 -0.240989266915754     
 -7.444373041474596E-002
  4.878743713800779E-002
  0.248173904990067     
  3.353947059293758E-002
  8.338326790158003E-002
  0.111534361109067     
 -6.781748626528135E-002
  3.757891135198155E-002
 -0.191933766055050     
  0.231533271478421     
 -3.341458113468599E-002
 -0.132607032802054     
  1.069366908685955E-002
  8.847631064312282E-002
  0.295543337065861     
 -0.265477147894301     
  3.004696332837881E-003
  1.540707540603278E-002
 -3.436318921710814E-002
  0.136909910580657     
 -0.116687677368821     
  0.109024015669433     
  0.111204196542287     
  6.275207580232678E-002
 -5.506300537925717E-003
  5.511242869149437E-003
  0.215549408488621     
  0.112716682189882     
  3.965646962380558E-002
 -0.100325069853737     
  0.148277624382888     
 -0.428185048722249     
 -3.988968738421991E-002
  0.177293930589709     
 -9.468262323541089E-002
 -9.343558004834959E-003
  5.509022874179247E-002
  0.320804015021470     
  6.441722682548973E-002
 -5.627296801685444E-002
  0.101849691026289     
  0.249294003918484     
  7.008947225125833E-002
 -0.157864138341459     
  0.144659155036336     
  0.144434411155147     
  0.340672185108195     
 -0.104830441174701     
  0.201270645201110     
 -0.121099062582967     
 -5.525284562210272E-002
 -9.503480617693520E-002
  0.130767239235998     
  0.171477360430272     
 -0.225610266223924     
  5.471864288619276E-002
 -0.101583266008615     
 -0.365533802579610     
  0.301529834535014     
  1.246731534140771E-002
  0.256779146566625     
 -0.162452534983413     
 -6.353978241598116E-002
 -0.182443340686392     
 -0.168029059444663     
 -8.452294298526160E-002
  0.196582913559831     
 -0.242906248234451     
 -7.000924664944624E-002
 -0.343014102325909     
  0.175589488900282     
  4.719394562809917E-002
 -0.106873241101442     
  0.227397360592909     
 -4.658800650963701E-002
  0.127260947932982     
 -0.137065764292093     
  0.207139148247335     
  0.128815689433798     
  7.618465633571075E-002
  3.455531657125559E-002
 -0.183554560130749     
  2.339374287069268E-002
  6.987879553572390E-002
 -7.368234671819918E-002
  0.182007907257718     
  6.495825548137765E-003
 -0.209299625766596     
  0.175690158592394     
  0.214341340859114     
 -2.749261754284347E-002
 -0.118167114110899     
  2.190722354758419E-002
 -3.922340454154414E-002
 -0.170712905703807     
  5.254650851958459E-002
 -1.958561058695682E-002
 -0.338576999283544     
  4.844554340575222E-002
 -3.632132360684846E-002
  0.189524835156784     
  8.781568352531238E-002
  2.454614381813060E-002
 -0.167982551081725     
  0.148394750339516     
 -8.309990864509079E-002
 -0.141047715512637     
  8.580972786766845E-002
 -2.008794122621205E-002
  3.508718006795634E-002
  0.179021797179493     
  2.553741578139052E-002
  0.226619140390615     
  0.133717655570370     
  1.060559479060359E-002
 -0.124043077401310     
 -0.179010504455574     
 -0.143011296809394     
  0.272067988488660     
  0.120135894300664     
  1.644050248005498E-002
 -0.238087529348348     
  5.514186133676960E-002
 -4.396151354822619E-002
  0.241884410031517     
  0.177031384677842     
  0.141579723697191     
  7.936310447543062E-002
 -0.209048017446940     
  0.277277042421122     
  9.697481341104255E-002
 -5.851412576847083E-002
  0.178305427681321     
 -8.939107913821602E-002
 -0.155797872420881     
 -0.175588670544728     
 -2.172200763836558E-002
 -0.240255015580189     
 -0.138174582627719     
 -0.307308214589340     
 -6.597321794212238E-002
 -2.254503845665398E-002
  0.165680405254509     
 -3.597682530500304E-002
 -0.125878945050473     
  0.169553230777176     
 -0.169143500491680     
 -9.178286257761648E-002
  0.150281381484938     
 -0.185217644967690     
 -0.177204625514561     
 -5.505371108245904E-002
 -4.386875580580724E-002
  6.547756993702031E-002
 -7.398591421539044E-002
 -9.446930305483348E-002
 -0.234316867479363     
 -0.118449713215565     
 -0.119027498026929     
  0.183601253598312     
 -0.173233996249903     
 -0.100036434836124     
  0.151314069486788     
  0.226906462066090     
  8.302284262011672E-002
  8.500753508721165E-002
  8.831740908160446E-003
  5.499871509559694E-002
 -0.263088862379795     
  9.222270208140948E-002
  0.305961047638815     
  1.143367690450348E-002
 -0.232047827857941     
 -8.979358992571256E-002
  0.303309202984757     
 -0.375667738871393     
 -0.116853052437188     
 -0.257406769467847     
 -6.520136402664686E-003
 -0.350148847852628     
  5.854201159727183E-002
  0.137935606455392     
  3.002457443614367E-002
  2.816276650923262E-002
  0.383604697556585     
 -0.223787441074316     
  0.362997748011962     
  0.163188887260176     
 -1.703929027525367E-002
 -0.159502196181693     
 -0.261332013163410     
  0.113534645457819     
  0.208341489737220     
 -1.293832026765123E-002
 -6.764988390352437E-002
 -6.958232708266951E-002
  0.211803281857367     
 -9.738431899814239E-002
 -4.940741598601785E-002
  0.322206961190147     
 -0.354181309830378     
 -0.289615391657623     
  0.378307712182748     
 -3.521747848399128E-002
 -1.659833067644525E-002
  5.608335016649438E-002
  0.174684866640529     
 -0.239643285026164     
  0.212745001282844     
  3.805914542045330E-002
  0.169317718475560     
  0.171471846858512     
  4.841802636469246E-002
  1.605422702108128E-003
 -0.110682535662481     
  0.208026936162103     
 -1.428453880882670E-002
 -7.682044395097160E-002
  5.619253213159593E-002
  0.189253369665498     
  0.124537726742289     
 -0.117529423284510     
 -0.315595343765537     
 -4.456382160973766E-002
  0.179745840379558     
  0.177891390380105     
  2.683371940009759E-002
  2.488490479351084E-002
 -0.214778475491790     
 -0.135260521193874     
 -0.107396121068479     
 -2.544927979113702E-002
  0.135763748806142     
  0.152925001557823     
 -0.105992201912194     
 -0.164572848730989     
  1.127114610709107E-002
  7.928683554324499E-002
 -9.818885582107638E-002
 -5.551558283511859E-002
  9.873877968915359E-002
  0.124091414613919     
 -6.185115887173180E-002
 -0.202347051474028     
  0.139310330382878     
  6.842788501988084E-002
  0.100786396237537     
 -0.132090601748556     
  0.267390991869598     
 -0.148576453887521     
  1.853462965461231E-002
 -2.059070759112580E-002
 -9.461985892060776E-002
  2.219368533094971E-002
  9.420378232721763E-002
  0.134905375955897     
  0.300638499411837     
 -0.115453037928959     
 -0.120439437105946     
 -5.316271556064941E-002
 -4.308769505318813E-002
  0.133727123756509     
  0.164216332149282     
  8.115869151831537E-002
  8.652826335880354E-003
 -8.860659328604732E-002
  0.235472967340481     
 -0.210874031408811     
 -0.156384097760610     
 -0.175669847066457     
  0.294885463060749     
 -0.150482183999528     
  0.251044139355859     
 -0.120789705568494     
 -0.215939566029109     
 -0.119106352575870     
  0.235997849645751     
  0.164228903136453     
 -0.293018738277379     
  0.253252596729312     
 -0.208108481261298     
 -0.203434663336482     
 -0.118484220930584     
 -2.821079893148176E-003
 -0.216606216871337     
  2.080370941028295E-002
 -0.234376025835723     
  4.516469254370183E-002
 -5.794144075960343E-002
 -5.879820673116187E-002
  6.805162320189748E-003
 -7.010298772661125E-002
 -0.108186343879107     
  0.114540436059602     
  1.045029008107471E-004
 -1.281292502788112E-002
 -0.125127858924549     
  2.342419595027319E-002
  0.178435752472362     
 -3.488845626030742E-002
  0.270648840414097     
  0.104777892895578     
 -0.271825482952661     
 -0.114415325499467     
  0.215636090052794     
 -0.208790125349414     
  8.175630676081276E-002
 -3.248537718518980E-002
 -0.145575768499069     
  0.184493480147821     
 -2.583024760200468E-002
 -5.029410443503701E-002
  6.620122134677781E-002
 -1.033744039942358E-002
  0.147665354993395     
  9.181623389587860E-002
 -0.177434776993081     
  0.170870604266355     
  7.816425758293959E-002
  0.267434226705440     
 -0.202578985181359     
  7.683121489781247E-002
 -0.421227553960082     
  0.190319731569182     
 -4.153589162021667E-003
 -0.228426942058537     
  7.859894658474666E-003
 -0.216092637702578     
  2.913534813038611E-003
 -8.190397701587585E-002
 -7.781202552872725E-002
 -0.256277813863760     
  3.004656631469140E-002
 -0.124671106609786     
  5.511478390843396E-002
  0.184095909893169     
  0.159873209676943     
 -0.219165184010198     
 -0.128504973944029     
 -0.236856226283313     
 -4.972443890060429E-002
 -3.112315568336888E-002
  0.239173908641637     
 -8.416653237588534E-002
  0.119105389290295     
 -8.588493938110037E-002
 -0.134864848910133     
 -0.251884238033155     
 -0.168330870647340     
  0.129599114822108     
 -0.355885442003146     
  0.106781738605078     
 -1.226795535091101E-002
 -0.194412617693151     
 -0.264208127317890     
 -0.151584217956302     
  0.108848677190801     
  0.275592682620047     
  0.130879947682037     
  0.134726616759343     
  8.480813718654019E-002
 -0.255739697542781     
  0.162894050063476     
  0.280300018890874     
 -0.329825225613717     
  0.187420368488460     
 -4.278154193506026E-002
 -0.299880792260120     
 -0.228257291939860     
 -6.254063658259905E-002
 -9.921407912065217E-002
 -3.207655575713516E-002
 -0.174509581136185     
 -5.873827871281530E-002
  9.905050612935133E-002
  0.102622832516008     
 -6.825450356614322E-002
 -0.194842177822132     
 -0.177157429468239     
 -0.180680515644563     
 -8.806980332710558E-002
 -0.145063180140214     
 -0.233269979109446     
 -3.963476783677303E-002
 -1.600227419728482E-002
  0.169175821836289     
 -0.122697923187971     
 -0.103720490298095     
 -3.187796456018732E-002
 -8.194961521971268E-002
 -0.290491251687230     
  0.145229827481684     
  0.220277579436778     
  5.834910374976424E-002
 -0.164765814138986     
  0.307491551997682     
  2.743766477246486E-002
  0.146081065618400     
  0.379355347384499     
  0.136073400901014     
 -9.293646104454113E-002
 -0.108781860012778     
 -6.809523742916167E-002
 -0.162694624873152     
  3.358000313591843E-002
  4.229843668518993E-003
 -0.159890934918475     
  0.256631171946070     
 -8.155701693902911E-002
 -0.280043890189888     
  0.107548978302155     
 -2.202097568784979E-002
  0.350773507241754     
 -0.101530993091448     
 -3.046502946167045E-002
 -6.100123028967622E-002
 -9.250909241840820E-002
 -4.490182408346625E-002
 -1.611987892607444E-002
 -0.222176961756363     
  0.118910264448180     
 -0.172665829969048     
  0.262693640688873     
  4.308764044594517E-003
  0.121464881139743     
  0.169040797594940     
 -2.764310508432187E-002
 -8.706990818525889E-003
 -6.293366537732033E-002
 -9.945861560846188E-002
 -3.539426399944403E-002
 -9.840668053735953E-002
  0.195873552388825     
 -5.792447923161737E-002
  1.487284563408393E-003
  0.125504701503211     
 -8.252847943388435E-002
  0.155015645890767     
 -0.210926400632425     
  5.826539985927298E-002
  0.207456414654500     
  0.112087390707295     
 -0.266513757263658     
 -0.127681588104969     
 -0.181639293349022     
 -0.166103000578692     
 -2.107760691431385E-002
 -3.739540906710762E-002
  0.118744116311593     
 -0.145568713479098     
 -0.122271395002482     
 -0.192824033319580     
  1.091721364705592E-002
 -0.261213539503559     
 -0.140414846947862     
  0.164942228864278     
 -0.110318580944014     
  0.230557024857632     
 -0.127103667414101     
 -0.114397152312853     
  0.121822028061731     
 -0.365240267115881     
  6.292867736228354E-002
 -0.181995292638000     
 -8.402745537099202E-002
 -0.149828806359224     
  6.678018335623604E-003
  6.046996704798204E-002
 -0.104866756644447     
 -8.754775992207009E-002
 -5.614386220491785E-002
  3.973326873056301E-002
  4.303659886658832E-002
 -0.175568204130584     
 -0.112312042133663     
 -0.193201423812871     
 -0.144620345558662     
 -0.211226055893982     
 -8.978726683273602E-002
 -2.687237817071415E-002
  4.308744679117130E-002
  5.541195467672492E-003
 -0.273092398996615     
 -0.387216642062865     
 -3.227463667495398E-002
 -6.535377742311171E-002
 -0.214648393853231     
 -0.337752304203621     
 -0.120209337499112     
 -0.151599916553988     
  1.160680962090606E-002
  0.118224953854230     
 -3.667479137133136E-002
 -1.313075380148265E-002
 -0.202823664254478     
  0.150733696615044     
 -0.183222296297586     
 -0.221331946505673     
  0.178355651850555     
  9.932006760036400E-003
 -0.136656785366923     
  6.742154348378755E-002
  0.103147424038508     
  6.407108717952944E-003
  8.147799712614437E-002
 -3.205954543159626E-002
  8.826660942407949E-002
 -0.196736889093868     
  0.150334949502159     
  8.397338867899165E-003
  0.201189647358894     
  4.028127985870531E-002
 -0.116843813305423     
  0.120925341203082     
  0.125908270145715     
  0.272117843123801     
  2.565744103409197E-002
  0.253951656547897     
  7.468241735872917E-002
  0.112275449155345     
  0.178609678364462     
 -0.207767057937246     
 -9.407576019989447E-002
  1.443200139752643E-002
 -0.147711977986102     
  0.215927553067005     
 -3.336370700094993E-002
 -8.669020028492033E-002
 -0.255158141515262     
  0.152204164731320     
  0.265707042177412     
  0.105509096333127     
  0.102880255665377     
 -0.202479831808723     
 -0.286291054803441     
  0.148866367924735     
 -5.466094796393517E-002
  0.256700125842964     
  0.307085428471202     
 -0.151870573638640     
  4.061829530468680E-003
 -0.113816238973217     
 -8.011948086660450E-002
 -6.183002431364645E-002
 -0.245158277078021     
 -0.141826073855271     
  0.228252155068134     
 -1.113473860433005E-002
  0.326766589428332     
  0.289342000923661     
  7.358719388182333E-002
  6.504176116839543E-002
 -0.199175609889211     
  0.145994385595251     
  8.439112122034559E-002
  9.531445974781257E-002
 -1.146189538267348E-002
 -9.428644555025124E-002
  0.158359685707413     
  0.111874514735043     
 -0.178985739636012     
  0.189466106821253     
 -2.166575895704626E-002
  5.744869267620972E-002
 -0.150643304716171     
  2.596066527824677E-003
  8.406701092635689E-002
  0.134250898889811     
 -0.174878457874465     
 -1.149736463749069E-002
  8.711073725490408E-002
  0.253333458847206     
  0.109340559754859     
  4.594315245430469E-002
 -9.456695879623296E-002
 -0.192149661399515     
 -0.122180119665497     
  8.797474392604671E-003
 -0.134784447519480     
  0.327699558588841     
 -0.117762990078525     
  0.287118485951145     
  6.833047426470226E-002
 -6.506814926150596E-002
 -9.740453865067204E-002
 -7.089519268916812E-002
  7.301564696152456E-002
  0.191575307368466     
  7.739295523262155E-002
  0.270281769385014     
 -0.328348962839725     
 -0.252442328659624     
  0.431280646145090     
  0.212534772965805     
  7.077430169886641E-002
 -0.389146719810927     
  0.136878941045784     
  0.152056979975934     
 -0.100029708227099     
  0.303078350615391     
 -0.238615466485154     
  0.181983613361899     
  0.432574916542206     
 -7.668196997019021E-002
 -0.173672353098892     
 -8.623332408093511E-003
 -0.253816373065383     
 -0.212154253315676     
  3.015136076153483E-002
 -6.883516726307892E-002
  0.158098275442430     
 -6.524584702796528E-003
 -0.125444380194307     
 -0.149784939395713     
 -6.970511830762116E-002
  5.321557983963460E-002
  0.221827940241197     
  0.280292044093457     
  8.684535333749194E-002
  0.312763313234002     
  0.190272515160832     
  9.289946965483206E-002
 -4.710540420188031E-002
  8.775735840359167E-002
 -1.767826768445495E-002
  0.293540788406964     
 -0.171777941999222     
  7.939433413316369E-002
 -4.438808905409845E-002
 -0.138833910965889     
 -0.185354556803871     
  0.204913850111803     
  0.284952107656538     
  0.144588649570842     
 -0.263589581557754     
 -0.106835895631664     
  0.124434071085902     
 -6.675386697042324E-002
  8.931339881437148E-002
  0.324436994195737     
 -0.283515138822541     
  3.589491944558063E-002
  0.328563675774093     
  1.898477174566521E-002
 -8.864701056246482E-003
 -8.432233397166856E-002
  1.341086778496585E-002
  0.230148301334831     
  0.101981592335812     
  6.195693930932521E-002
 -1.967233020890483E-002
 -6.232846146867333E-002
 -0.117008322707768     
 -7.759757940037181E-002
 -0.305035806153107     
  0.141828519244449     
 -4.701422142601352E-002
  7.917525070047747E-002
  8.491503752468899E-002
 -0.155676291446343     
  0.143672095959231     
 -0.241831816342584     
  2.897923075221348E-002
 -2.830768435836658E-002
 -0.108590075490011     
  0.147010832449622     
 -0.105565312566146     
 -6.431323424199675E-002
 -0.218242009530826     
 -0.131468295071536     
 -6.096070120648574E-002
  0.473246626707653     
  0.199788003331524     
  1.721916412771057E-002
  6.418095046888869E-002
 -2.899815952595100E-002
  0.105962483897572     
 -0.225225500290067     
  1.888794519992193E-002
 -6.295272258374814E-002
  4.148319107589916E-002
 -0.274466089756354     
 -0.167814417137329     
  5.478265640678626E-002
 -6.211714345879157E-002
  8.691935894684204E-002
  8.925632323008346E-002
  0.143475409913074     
 -0.254645368010420     
 -0.294204577326817     
 -0.227716839139181     
 -9.279066865555857E-002
  0.118842304129018     
 -7.377607879892334E-002
  8.483988617767264E-002
  0.123348888295156     
 -0.179037423559570     
  0.175239249293160     
  0.161843003552093     
  0.117907613795485     
 -0.128189263980989     
  0.172900703165599     
 -0.267284460057177     
 -0.114565619630216     
  0.231358803872718     
 -0.122453784831099     
 -4.817710757415856E-002
 -0.153750720948155     
 -6.361429918989792E-002
 -0.167751971123132     
  1.941888245756863E-002
  0.212777036617050     
 -1.952992968178101E-003
  0.175495229671633     
 -0.158593749797998     
  0.181700292407411     
 -6.941758229763863E-002
  0.235090574456001     
  9.262133136313397E-003
  8.550414717833897E-002
  3.031652809708749E-002
 -0.107643579563372     
 -6.348610612288277E-002
  0.131774602739086     
 -0.338388235179650     
  0.111830782598014     
  8.964144867478972E-002
 -2.025277256442697E-002
  5.487692573602615E-002
 -0.178855287722891     
  7.273775281532462E-002
 -0.153805669204548     
  9.418633764424737E-002
 -0.305198775409929     
  0.136837067254359     
 -0.169568917368238     
  7.469272549837534E-002
  0.144613303999622     
  0.213996621558252     
 -2.639773068729089E-002
  0.104060517138188     
  0.284598000041944     
  0.107930670242142     
 -1.113870081501066E-002
 -0.238040486019104     
 
 -9.779477207866913E-002
 -0.211572748730486     
 -0.179224216020549     
  0.212999783944311     
 -0.157961899979987     
  3.332634122294492E-002
 -0.414861530493670     
 -0.155351397493516     
 -0.248355580244852     
 -0.240196043339983     
  0.144089987658050     
 -0.230585509246655     
  1.742191004542240E-002
  9.195815136565402E-002
 -8.480044598373276E-002
  3.637238032469949E-002
 -9.396910938148156E-002
  4.891393499905122E-003
  0.245962504329606     
  5.014160270236151E-002
 -0.181450186053860     
 -0.252524123368511     
  0.264008351031227     
  9.413050565807424E-002
  0.183690027553826     
 -0.256105298787263     
  2.546395372287327E-002
  0.118942668049173     
 -2.033159694898335E-002
  0.112934369626857     
 
  -1.17887504867474     
   1.43986415005074     
  -1.36063157721150     
   3.12921176673920     
  -6.20993774094110     
   9.19126157430360     
  -6.77501657202859     
  -18.9240094613621     
   10.7994215424416     
   6.03984096015249     
  3.913684589160116E-002
   9.38075916709782     
   1.34760341504664     
  -6.15173052307175     
   2.86872045476677     
   3.69820814659188     
  -4.86164316163688     
   6.62139546777348     
   5.93218961948921     
  -1.81692020308282     
  -8.32437741442472     
  -5.03787970009814     
   6.31698057990060     
   10.8441834582391     
  -13.4083669499707     
 -0.236773400919941     
  -18.4560139396810     
   13.0139955407802     
  -6.35123462153119     
  -2.88211893928335     
 
 -1.366165487804878E-003
 
  tansig  tansig 
