 0.258041043460439745E+01
 0.182053604803433000E+01
 0.170629797182096898E+01
 0.251306871595906456E+01
 0.108011970983139305E+01
 0.782468404247352090E+00
 0.216130381907835734E+00
 0.879261028958863600E+00
 0.515106274258052332E+00
 0.458401283761837364E+00
 0.334807633294107510E+00
 0.484279169406426069E+00
 0.372201133322004329E+00
 0.352312236641400267E+00
 0.496098141060242914E+00
 0.119816574659159472E+00
 0.110792056613143911E+00
 0.325776274096594154E+00
 0.785449907498454114E+00
 0.322495918915627067E+00
 0.341456019827090007E+00
 0.344929232844725819E+00
 0.417071578667085108E+00
 0.327901080248848897E+00
 0.390804826792061466E+00
 0.411099618809123879E+00
 0.346528172650426958E+00
 0.409290547649748149E+00
 0.578564696891223251E+00
 0.581121962659976177E+00
 0.498670950085891740E+00
 0.535650732577449551E+00
 0.967340724691696185E+00
 0.104945798876972907E+01
 0.110425850843957640E+01
 0.124028440818458763E+01
 0.288830642420005601E+01
 0.244392030641455982E+01
 0.249142329940868157E+01
 0.219742997817190266E+01
 0.645635917496622280E+01
 0.718058252137467878E+01
 0.717020667413502810E+01
 0.581722583118103209E+01
 0.155354949827945132E+01
 0.191764780965552206E+01
 0.180979200542016083E+01
 0.176005465525292903E+01
 0.988293867845144836E+00
 0.107678449945457855E+01
 0.695227392870850336E+00
 0.672078001520322932E+00
 0.345881658795287150E+00
 0.554161880010798691E+00
 0.624543798721307719E+00
 0.463817472376531925E+00
 0.306014927182873486E+00
 0.365621860880136429E+00
 0.571602782346572469E+00
 0.408133047497479917E+00
 0.336747071255129482E+00
 0.301671456387016979E+00
 0.907380006841404518E-01
 0.246871927525205342E+00
 0.222134499637064914E+00
 0.271442924641453420E+00
 0.281910431254089766E+00
 0.272823418987236277E+00
 0.295034821013473669E+00
 0.293541936334694609E+00
 0.254206642242388259E+00
 0.256016561791656494E+00
 0.330562203502545560E+00
 0.379014031811604923E+00
 0.404962591126460381E+00
 0.360162655323628955E+00
 0.583570237686944160E+00
 0.614115054300229612E+00
 0.615450586179802750E+00
 0.418390064266094541E+00
 0.802185925370842767E+00
 0.117745256207776805E+01
 0.119159624392415631E+01
 0.108164466210771160E+01
 0.271059524296454368E+01
 0.295068928400682884E+01
 0.295092667729151747E+01
 0.332974238930200128E+01
 0.151625466977188417E+01
 0.134364640949268010E+01
 0.100850089423629075E+01
 0.133810605594289544E+01
 0.510475838399390369E+00
 0.512589435158626650E+00
 0.354924404975407726E+00
 0.447954279718005721E+00
 0.227270114195041589E+00
 0.260062833950395922E+00
 0.357838977496479249E+00
 0.272168357856845511E+00
 0.184027547030393923E+00
 0.175842356483028928E+00
 0.118228296986426867E+00
 0.195835381812578757E+00
 0.144134307130091871E+00
 0.129419494992278533E+00
 0.485322922781640798E-01
 0.617074030517289832E-01
 0.487772825915711722E-01
 0.102301036308477797E+00
 0.152607690921239686E+00
 0.814673849133250583E-01
 0.761021298049318340E-01
 0.955637247054118982E-01
 0.774852332631043722E-01
 0.906023785220836375E-01
 0.109045630275804037E+00
 0.115016920769525632E+00
 0.113614252683331987E+00
 0.971497680527156349E-01
 0.152874504705706654E+00
 0.180990188117337775E+00
 0.181496932914069486E+00
 0.182114386394894745E+00
 0.373604337488174842E+00
 0.371298065254517862E+00
 0.372306397891264573E+00
 0.333560550097935393E+00
 0.828441318748999844E+00
 0.922167380819141069E+00
 0.921386283845015752E+00
 0.648446524534626589E+00
