 0.232934478317818039E+01
 0.182053604803433000E+01
 0.146228889784515470E+01
 0.308535061023457224E+01
 0.132608710008268682E+01
 0.782468404247352090E+00
 0.313524603939882907E+00
 0.853306408877689604E+00
 0.499901019834769811E+00
 0.458401283761837364E+00
 0.715996091006246171E+00
 0.544325295019999822E+00
 0.418350621916280807E+00
 0.352312236641400267E+00
 0.517094326746273869E+00
 0.470896618657164256E+00
 0.435428946133825101E+00
 0.325776274096594154E+00
 0.456344168576871934E+00
 0.144343975411930864E+00
 0.152830210986551973E+00
 0.344929232844725819E+00
 0.545129756066167426E+00
 0.367869812904666471E+00
 0.438441064009702786E+00
 0.411099618809123879E+00
 0.346411725889561428E+00
 0.466307704347095453E+00
 0.659162976454790939E+00
 0.581121962659976177E+00
 0.669311365048674611E+00
 0.545067342309232261E+00
 0.984346339597234388E+00
 0.104945798876972907E+01
 0.988279902401801191E+00
 0.137294360935605875E+01
 0.319723590879596609E+01
 0.244392030641455982E+01
 0.241433972122510321E+01
 0.193245859586374569E+01
 0.567783588536772221E+01
 0.718058252137467878E+01
 0.719580249576955300E+01
 0.595090656209694835E+01
 0.158925030111417431E+01
 0.191764780965552206E+01
 0.237669467498261255E+01
 0.192696592140464418E+01
 0.108201674191595232E+01
 0.107678449945457855E+01
 0.992817001550087341E+00
 0.108532215630196571E+01
 0.558555743380703906E+00
 0.554161880010798691E+00
 0.580454570740316922E+00
 0.716524942333174097E+00
 0.472744864330585990E+00
 0.365621860880136429E+00
 0.213467768408190900E+00
 0.258990533735118322E+00
 0.213690864419996351E+00
 0.301671456387016979E+00
 0.559681149712134562E+00
 0.371590277767429478E+00
 0.334355636338758533E+00
 0.271442924641453420E+00
 0.175259887049583230E+00
 0.290158797403291258E+00
 0.313781526436225144E+00
 0.293541936334694609E+00
 0.287111673601776807E+00
 0.298852863018667869E+00
 0.385871367973799562E+00
 0.379014031811604923E+00
 0.355253678077653068E+00
 0.429671856214965286E+00
 0.696195742541515505E+00
 0.614115054300229612E+00
 0.618152237388143289E+00
 0.711153849730596810E+00
 0.136350658811140990E+01
 0.117745256207776805E+01
 0.117724031361533288E+01
 0.140158871064578561E+01
 0.351237317093231427E+01
 0.295068928400682884E+01
 0.295346213982529227E+01
 0.355789464257254551E+01
 0.162014766778635133E+01
 0.134364640949268010E+01
 0.141362250039450021E+01
 0.184641218288574027E+01
 0.704390211002580369E+00
 0.512589435158626650E+00
 0.191690544991565959E+00
 0.321406055429229232E+00
 0.163065728418450184E+00
 0.260062833950395922E+00
 0.353304797539334692E+00
 0.354791172754307493E+00
 0.239893240140552022E+00
 0.175842356483028928E+00
 0.195402833022092909E+00
 0.200420332178393001E+00
 0.147508818099896882E+00
 0.129419494992278533E+00
 0.829736014524727755E-01
 0.107995740477043842E+00
 0.853663983804152648E-01
 0.102301036308477797E+00
 0.155882870274520691E+00
 0.994304376623377228E-01
 0.928821771018054076E-01
 0.955637247054118982E-01
 0.926495927569796485E-01
 0.869963164799930216E-01
 0.104705509027247859E+00
 0.115016920769525632E+00
 0.122289078050600741E+00
 0.871214112810652919E-01
 0.137093920714540740E+00
 0.180990188117337775E+00
 0.188948240237207021E+00
 0.123606912857865917E+00
 0.253577324127953307E+00
 0.371298065254517862E+00
 0.369779159316456885E+00
 0.376523147009147352E+00
 0.935144555782144504E+00
 0.922167380819141069E+00
 0.922206030714303404E+00
 0.489274879305651778E+00
