 0.122824963656439290E+01
 0.131589644428598551E+01
 0.187417582381255299E+01
 0.545129339056117046E+00
 0.343830396627991752E+00
 0.253673770222299844E+01
 0.110626141536278311E+00
 0.148776612131325425E+00
 0.987416590950340178E-01
 0.156724056830257319E+01
 0.614036113190423949E+00
-0.392165471571983004E+00
-0.306468978575836659E+00
 0.313302608456836607E+00
 0.794607220880807374E+00
 0.297033498596665953E-01
 0.263718764876560464E-01
 0.736430912178577812E+00
 0.109005378662807817E+01
 0.253801772289363681E+00
 0.256800995839016610E+00
 0.694825531695020371E+00
 0.722255557027936534E+00
-0.361268683508521107E-01
-0.472838387413521133E-01
 0.968336899968700870E+00
 0.858890473822000788E+00
 0.479512886390627169E+00
 0.687352597763645767E+00
 0.861181888076596680E+00
 0.111649868924212625E+01
 0.577904534280772153E+00
 0.104364758039969496E+01
 0.184754215533782840E+01
 0.152731352480741456E+01
 0.130733121114419060E+01
 0.302854399686134723E+01
 0.320321636633368767E+01
 0.263473118090231395E+01
 0.379401221091341512E+01
 0.100046232951185150E+02
 0.468659282129852917E+00
 0.778854741219169888E+01
-0.179841739747643703E+01
-0.406491053627174248E+00
-0.165376739826932906E+01
 0.229570118293446424E+01
 0.109768788783393600E+01
 0.626720687498458995E+00
 0.108148974553644761E+01
 0.115910059921761621E+01
 0.490397372581585167E+00
 0.296530276126499737E+00
 0.134111157016457683E+01
 0.610112671150969343E+00
-0.582783579029069534E-01
-0.409254956749125279E-01
 0.473951435170327839E+00
 0.616417595581093769E+00
 0.276794172327505805E+00
 0.223191166475526725E+00
 0.476805176678719411E+00
 0.512482026976161631E+00
 0.838162841603526804E-01
 0.781801683637045053E-01
 0.781694971079657464E+00
-0.541081070728245628E+00
 0.289134672422256100E+00
 0.311094747113642045E+00
-0.283161721642540165E+00
 0.277834209973847168E+00
 0.208792049715638306E+00
 0.278362000415490085E+00
 0.402032540165910834E+00
 0.831783821737354989E+00
 0.359814694295743753E+00
 0.569316962133331050E+00
 0.162588337843672481E+01
-0.371083763777019349E+00
 0.911828115780618731E+00
 0.178639232918235735E+01
-0.126524076930127211E+00
 0.150376622613221511E+01
 0.149689669865952002E+01
 0.372903967865228747E+01
 0.148732499441743071E+01
 0.209734085914064661E+01
 0.242586462027141181E+01
 0.873352157059577250E+00
 0.564354435465677651E+00
 0.151254453909654130E+01
-0.391416188829594391E+00
-0.190408372845806334E+00
 0.686245703098403159E+00
 0.792973607246740375E+00
 0.213236652869094850E+00
 0.108185858785935521E+00
 0.663075140292687215E+00
 0.223684491696160143E+00
-0.767924894998192331E-01
-0.451461462228582647E-01
 0.339056402261700252E+00
 0.245948997758698912E+00
 0.148114930677905265E+00
 0.102847902499281579E+00
 0.179089403016351095E+00
 0.172075537915113208E+00
 0.109944330083176750E+00
 0.102353238283191539E+00
 0.163682076450933217E+00
 0.127043244773127395E+00
 0.642063891486155253E-01
 0.625132385703557752E-01
 0.884532556528461883E-01
 0.225196678960949553E+00
 0.851393142027270511E-01
 0.104481208467715470E+00
 0.182221806369867761E+00
 0.124428622234440428E+00
 0.117857662787996226E+00
 0.180636490555012741E+00
 0.193709175255129290E+00
 0.177859061279732639E+00
 0.261574123248485946E+00
 0.513110513576009786E+00
 0.359881706158842796E+00
 0.138260647187085361E+00
 0.373702628323620389E+00
 0.818008874300895861E+00
 0.451931482007649210E+00
 0.717654738905325162E+00
 0.586806095782988812E+00
