 0.118813712994719389E+01
 0.621774883745871310E+00
-0.212434696686377329E-01
 0.534468250003763079E+00
 0.297933574183207928E+00
-0.589974653579675934E+00
 0.243709599595647708E+01
 0.284615445119417609E+00
 0.201627136980784299E+00
 0.309017700642483351E+00
 0.448010549231254718E+00
-0.765072106751230885E-01
-0.591042041570845472E-01
 0.104134608243048876E+01
-0.426623224158224512E+00
 0.224924450426894518E+00
 0.213747606959217740E+00
 0.120555284615042613E+01
 0.597768197072771380E-02
 0.238746166049460778E+00
 0.243325012074743330E+00
 0.165825288336262533E+01
-0.643220617032022157E+00
 0.382363542400682488E+00
 0.466450274957101285E+00
 0.111444728858827902E+01
 0.569412231383432665E+00
-0.426320679087510257E+00
-0.633647549151630129E+00
 0.695138226702178064E+00
 0.240799906316566181E+01
 0.114554297070355893E+01
 0.197976767479267490E+01
 0.373643592858096429E+01
 0.154766481427141178E+01
 0.239138523673290537E+01
 0.519567496412169749E+01
-0.199440651869714131E+00
-0.155497307373602078E+01
 0.415736296490380663E+01
 0.114539141040183683E+02
-0.436318273995819184E+00
 0.101586368130639237E+01
 0.569816458124023262E+00
 0.117757066803043722E+00
 0.112174304531770663E+01
-0.122184568382537395E+01
 0.137653768262396214E+01
 0.726351692856846420E+00
 0.525214063840351408E+00
-0.729190838284696108E+00
 0.590390517412053839E+00
 0.351252045904211996E+00
-0.369622652582937555E-01
 0.748254643524654650E+00
 0.415080263597876586E+00
 0.252345585298760111E+00
-0.298369851993243118E+00
 0.223211007563924729E+00
 0.570170009728902666E-01
 0.463411842362407289E-01
 0.700271255329101949E+00
-0.350926175173799260E+00
 0.125749832980183690E+00
 0.129101727778822395E+00
 0.738135248784286047E+00
 0.298985021502359838E-01
-0.602638644469552925E-01
-0.720596944168240411E-01
 0.731397277152904701E+00
 0.587808823999563690E+00
 0.206440634947046286E+00
 0.270138091792131385E+00
 0.181680978088210793E+00
 0.908929354668279177E+00
-0.283169471413114882E+00
-0.448470770950745445E+00
 0.149078531881587906E+01
 0.804296150907205742E+00
 0.650146812604910584E+00
 0.125600420914669986E+01
 0.198771129452930051E+01
-0.729589477722383362E+00
 0.113173733830695933E+01
 0.280990729630215474E+01
 0.209624690905691935E+01
 0.465779246382835410E+01
-0.135734161182098512E+01
-0.518866954162658600E+00
 0.111175287799577638E+01
 0.476441864118298308E+00
-0.218868474614863674E-01
-0.101754053082065733E-01
 0.636557641406519159E+00
-0.420396711089419339E+00
 0.171079276378574174E+00
 0.949827191962727274E-01
 0.124528115768141920E+00
 0.427623222047331664E+00
 0.808454308834735853E-02
 0.483677888328043828E-02
 0.286492548306128636E+00
-0.146822090193159061E+00
 0.884990972804665377E-01
 0.688115961743780563E-01
 0.289789905631327893E+00
-0.107424846067475016E+00
 0.470041829266512265E-01
 0.438189392016276186E-01
 0.258030524426158481E+00
 0.103055169420240650E+00
 0.711842141899995950E-01
 0.749408851803052278E-01
 0.230443951170749589E+00
 0.169550297428305685E+00
-0.886756064206784510E-02
-0.101534756247697727E-01
-0.297685917305540004E+00
 0.331963272998804293E+00
 0.176343070144659247E+00
 0.257791553816912655E+00
 0.187008566091492988E-01
 0.345578646744072071E+00
 0.112657709589726401E+00
 0.203133772243652089E+00
 0.816175061130230195E+00
 0.278562469886786124E+00
-0.159830252855360289E+00
-0.370933329568221726E+00
 0.938419796393860639E+00
 0.752223870857520516E+00
 0.000000000000000000E+00
