 0.102632351525194077E+01
-0.438829246536381390E+00
-0.112727331787042084E+01
-0.494089655720576615E+00
-0.247297133994093338E+00
-0.353708013817168043E+00
 0.988109158007630994E+00
 0.271816282798142239E+00
 0.164742541159484640E+00
 0.386860700460483986E+00
 0.136055597710684401E+00
-0.487791817709750351E-02
-0.400977007613276520E-02
 0.115123862676953870E+01
 0.333754544694873645E+00
 0.849952640490178185E-01
 0.892631415912299303E-01
-0.131951323176167784E+00
 0.758268086225228566E+00
-0.993045254755363788E-01
-0.118530203503612541E+00
 0.313036896477878579E+00
 0.920038730772206215E+00
 0.793578051830831632E-02
 0.106975922115018843E-01
-0.156651287075340351E+01
 0.285617535724537053E+01
 0.866481885509100408E-01
 0.139539851696877049E+00
 0.322461268993665051E+01
 0.378913675265935945E+00
 0.559034378148563604E+00
 0.101171908329522742E+01
-0.727870357902048792E+00
 0.131425046613316354E+01
 0.103230452089067626E+01
 0.228634151711698053E+01
-0.891893225544538537E+00
 0.182654093314479304E+01
 0.137956577310587680E+01
 0.385869357432931226E+01
-0.689580171236689132E+01
 0.157549498866075091E+02
 0.475240586440514368E+00
 0.928479548458394643E-01
-0.919991638976130566E+00
 0.158496239146010609E+01
 0.726718543920211624E+00
 0.356181821482117300E+00
 0.554506662818577523E+00
 0.568358193564800773E+00
 0.104779137481976741E-02
 0.596026376256037437E-03
-0.337222946017722736E+00
-0.329506308742331278E+00
 0.400405871218395687E-01
 0.263702498931194899E-01
 0.682981012733601567E+00
 0.179214225797017374E+00
 0.724433904660110733E-01
 0.610185976108399489E-01
 0.612257362977737807E-01
 0.395623595370765135E+00
 0.740019999178189447E-01
 0.754463436581122443E-01
 0.418238878135517245E+00
-0.796630865987136144E-01
-0.516894399343469022E-01
-0.619202959275833506E-01
 0.646817326312187579E+00
-0.813336971683307319E+00
 0.394611663849334937E-01
 0.504703098210499898E-01
 0.952238987816460963E-01
 0.961687197399109128E+00
-0.145525356049796550E+00
-0.245476810998216000E+00
 0.212820316217123856E+00
 0.176630560471225873E+01
 0.597156270110935292E-01
 0.125435415709941878E+00
 0.257939707996771395E+01
 0.308348360264985066E+01
 0.460258362245963337E+00
 0.119301385779295788E+01
 0.112884173003283586E+02
-0.688627710644461732E+01
-0.181923317017923442E+00
-0.551234448937008292E-01
 0.133134222144425474E+01
 0.908058466651372131E+00
 0.404295744283943048E+00
 0.167059608501596263E+00
 0.101332348145905485E+00
-0.283608424322346175E+00
-0.634078762829733966E-01
-0.357898574473394446E-01
 0.180146188507175536E+00
 0.197957396700416982E+00
 0.629263740668857680E-01
 0.404984991980305645E-01
-0.152320274903319425E+00
 0.180705609563887093E+00
 0.459844433627445703E-01
 0.347795329763799024E-01
 0.173580245549898288E+00
-0.146700756376858931E-01
-0.549409805137393223E-02
-0.499375349404981763E-02
-0.177460789339462466E+00
 0.311667122713146283E+00
 0.195683966377279833E-01
 0.193015477040134401E-01
-0.202762360213277482E+00
 0.258419957390214616E+00
 0.286193648653319775E-01
 0.355351011371696363E-01
 0.400478715954932507E+00
-0.303731301128081221E+00
 0.653939173749933655E-01
 0.105314695920718460E+00
 0.438688303663572754E-01
 0.569898714661113762E-01
-0.315915133899840380E-03
-0.579325544640344652E-03
-0.100533441951203750E+01
 0.103031508014803519E+01
 0.177713046671829772E+00
 0.396797766048657741E+00
 0.878718937513460058E-01
 0.465402503741270512E+00
 0.248407296383800047E+00
