     33 -    30 -    30 -     1 
rmse=  25.5784meV
  0.486819332936572     
  -1.38151980197508     
 -0.816202676751170     
   1.00744987687288     
 -0.704892604643046     
  0.791464318088289     
 -9.394811405704978E-002
  0.138156782257241     
 -0.348542982696029     
 -0.109321077684017     
  0.236317088764675     
  0.681420985550143     
  0.681952783417033     
  -1.92735560585953     
  0.794715773802167     
 -0.572237658197122     
  0.745829520333322     
  -1.41402258078096     
  0.387860962464655     
  0.581251885886274     
 -0.897341799979477     
  0.147871372615629     
  0.240312643282765     
   2.17938947642155     
  -1.87074315228175     
 -4.630048418483283E-002
 -0.856040251836643     
  0.871610753336372     
 -0.357971021846514     
  0.347872899027687     
  0.273747775800653     
  0.661592876282008     
 -1.138151986013749E-002
 -0.397181130549309     
  0.654833109723373     
 -0.671869486231821     
 -0.336327146040274     
 -0.678285156570088     
  0.688368694645639     
  0.348516560998980     
 -0.610829042932936     
 -0.520810578874469     
  4.652160103452897E-002
  8.214667090277154E-002
  0.736199214194533     
  -1.29514082992869     
  0.413731539269273     
  0.909790582518609     
 -0.747344622911880     
 -6.881546144000779E-002
 -0.498278988776497     
  0.307605948349548     
  0.152233936824070     
  0.275105829229936     
  4.679566997200730E-003
   1.69435688633416     
 -0.226453735642900     
 -0.223170425215289     
 -2.867125484958321E-002
 -0.101953175619779     
 -0.722222980272259     
  0.697227796316539     
 -0.931653431386096     
 -0.276074656242893     
  7.560663193980857E-002
 -0.290578100941320     
  0.617331679167353     
  -1.35816304372678     
  -1.53305432698971     
  0.593823916433934     
  -1.02646281637249     
  0.341025902014221     
   1.17139355244151     
  0.131731838586596     
 -0.274139044431088     
  6.504919548736744E-002
  2.607426508998022E-002
  0.790146057136536     
 -0.259333642454575     
 -0.200971137706666     
   1.37512223813943     
 -0.438794482254407     
 -0.232749321936142     
 -0.773274381797547     
  0.200822956115423     
  0.361732232588471     
 -0.175174594031219     
  0.101182878053979     
  0.243153140441265     
   1.05246091600760     
  -1.19219616042366     
 -0.732542184090765     
 -3.479009676545602E-002
 -0.588576779852302     
 -0.497227411415077     
 -0.398222497400919     
  6.923177445810254E-003
   1.09582938188535     
 -5.401802251850115E-002
 -0.465003480237613     
 -0.472234648057015     
  0.200614357172606     
 -0.719246775242895     
  0.112410852654148     
 -0.196284085547321     
  0.493774740985408     
 -0.303730135389446     
 -0.282160678703584     
  4.481537577722678E-002
 -7.728425822153055E-003
   1.04195327962981     
  -1.35556318842022     
  0.712781615754823     
 -0.269689545457373     
  0.163986427884737     
  0.392182015525000     
  0.713263733580992     
 -0.119730412148418     
 -0.428203280140597     
   1.85829832889004     
  -1.05894942479456     
   1.44690191905055     
 -0.976199905139009     
   1.52743643431132     
  -1.28345756589674     
 -0.364183159383281     
  -1.46199656448680     
  0.581338429761249     
 -0.299920444240303     
 -0.329581308326653     
 -0.324710558401368     
  0.458362031185105     
 -0.403694420383575     
  0.336038393851848     
 -5.265431936034007E-002
  0.297729769950096     
  1.879679551236124E-002
 -0.752897334893037     
  3.324091111583107E-002
  0.453265960444906     
  0.120242974156831     
 -0.129119585670783     
  0.352196288034323     
  0.265071069762137     
  0.111809468758885     
  0.546200450516748     
 -0.483504797587148     
   1.09068813015715     
   1.34322269766692     
 -0.702897672802019     
  -1.94827796256156     
   1.06868746413368     
  0.407533655149769     
 -0.258874107593838     
 -0.973971772954042     
  0.391232160323624     
 -5.380984106436148E-005
  0.666204739666214     
  -1.77571363759128     
  0.856551315905244     
  0.305425908110879     
  0.297699602230128     
 -0.229565916071125     
 -0.122982107420028     
  4.384505007723155E-002
  -1.06390348810808     
  0.774816735190188     
   1.99208201258620     
 -0.745783861595480     
  0.712890914836259     
  0.458786690582652     
 -0.254977930349112     
 -0.830520613040363     
 -0.361744094288081     
  0.149509763270046     
 -0.365288482455778     
  0.455931496682909     
  0.335401604261893     
  -1.06646079644804     
  0.224730463440063     
  -1.25086248334627     
  0.325440160629711     
  0.649987567620931     
  0.162479820960851     
  0.139504259764497     
 -0.475406786679411     
  0.346664951151461     
 -0.775230790108147     
  -1.12303292696478     
   1.19636734710746     
  0.575810211593941     
  9.594569060047499E-002
  0.595568015664944     
  0.523012574587777     
  0.533414083305821     
  0.287570534400425     
  0.341083150598785     
 -0.315032997552087     
 -0.338079276326382     
  0.679747291190430     
   1.23908698457879     
  0.525250704301352     
   1.64700569618460     
  0.671837294169671     
  8.034946877098033E-002
  -1.04363011852177     
  0.304158209561627     
 -0.370669826495975     
 -1.853066749757261E-002
 -1.183747807912881E-002
 -0.915686109703788     
  -2.27183194310167     
  2.231144890530152E-002
 -0.430398081867296     
  0.435644121439500     
   1.44456842467566     
 -0.660146796898778     
  0.201920696024196     
  0.631849822248850     
 -0.288449116944558     
  0.738461862281419     
 -0.812382908191830     
 -0.211636177110837     
  -1.33872933273259     
  0.470002493726003     
  0.482311513482601     
  0.766614055482685     
   2.62038238693756     
  0.251770916259843     
 -0.432104878138760     
  0.194304995621699     
 -2.147768229732753E-002
 -0.223016101479137     
 -0.438324425139217     
   1.06521159316937     
  0.421938266940954     
  0.328589823664815     
   1.05472466191310     
 -0.441185710343830     
 -0.402388371424984     
  6.328518249583293E-002
  0.264759515633896     
  0.415638506950155     
  0.746539621063585     
  -1.30922517240249     
  0.661887204952650     
 -0.355845787814665     
 -0.415599067268098     
  0.442753541990243     
  0.353561989249805     
 -4.958543381431734E-003
 -0.861375440866833     
  0.671515598548242     
  -1.65772830249896     
   1.26158341705516     
  -1.43582377350794     
  0.682328097033840     
  0.698845655486408     
 -5.475187388038597E-003
 -0.173424624300178     
  0.513524323827998     
  0.218457551436711     
  0.114386697252050     
 -0.697066151074296     
 -0.657171029526232     
  0.683098177859874     
  0.469414941487981     
  0.116412983613380     
  0.160467740209742     
 -0.549511214023872     
  6.648161096387994E-002
  0.160452918971061     
  6.391585108821117E-002
 -0.147865133062971     
  0.264061549266793     
  -1.55444974718584     
 -0.136074649790445     
  0.876069426426712     
 -0.230495508608516     
  0.273065446310178     
 -0.219753733673011     
 -0.402761768727811     
 -0.195698567059262     
 -0.609967627354419     
   1.00481401266478     
 -0.661557805036043     
  0.967652924431470     
  0.110117985117021     
  0.185608534053975     
 -0.307327508409267     
  0.927525851316643     
 -0.238824977162074     
  0.259726790357846     
  0.248029200028650     
 -4.573239827931252E-002
  0.501598903815552     
  0.594183950314865     
  -1.19355966458307     
   1.12159338616098     
  0.876419612723143     
  0.845540073921447     
   1.15254726257898     
  0.808447476824032     
  0.204417256099047     
  -1.11419631319004     
  0.129374540891044     
  0.110396778791258     
 -0.360849155777285     
 -0.554844413161665     
   1.37595872184234     
 -0.512221246554330     
 -0.486543711343493     
 -0.185081170703501     
 -0.750762879445039     
  0.279343453590741     
  0.576128686077963     
  9.140144276288552E-002
 -0.908681291959509     
  0.602908817075927     
 -0.481705140028853     
  -1.67893971608146     
 -0.299758482684902     
  1.804105129746610E-002
  0.968593013379467     
  0.355506855250801     
  0.504470621563202     
  0.349954285499600     
  0.480957112749337     
  0.648235434600578     
 -0.380469681300523     
  -1.14509478881264     
  0.862329674545225     
 -0.532686295576975     
  0.468078408055875     
  6.331909103793851E-002
 -0.385851983766690     
  0.207218086238667     
 -0.190436405890772     
 -0.785223960214048     
  0.104147198764696     
 -0.192723969182981     
  0.388175238389758     
 -0.386990922630224     
  0.161219034862964     
  -1.21810739469258     
   1.02660703915880     
  0.353286702263330     
  0.184428476009863     
 -0.844441969022364     
  0.579318086419462     
  0.405272553245212     
 -0.374804502276575     
   1.00382842743808     
 -0.613030691060383     
  0.777470290044344     
 -0.118480997454872     
 -7.910312926191744E-002
  -1.01758048529557     
  0.733618141840563     
 -0.686461650273588     
 -0.106416197127231     
  0.318843171188071     
  0.209157615688189     
  0.425688950821192     
  -2.49317848828893     
   2.50303442905936     
  -1.76568137070799     
 -0.804676292916110     
 -0.510215003180774     
   2.14276887503648     
  0.446067764439613     
 -0.964301731838750     
 -0.182492791446055     
 -0.214066247233272     
   1.58700436876000     
  -1.15584545173467     
  0.170593851253434     
   1.52474662324801     
 -0.905199188265714     
   1.16096011019840     
   1.66364136139925     
  -1.25370597755347     
 -0.718417534446151     
  0.924361892275718     
 -0.520019887747709     
  -1.57121903303047     
  0.201619306344754     
   1.48245396929096     
  -2.64147880873283     
  -1.39287371811507     
  -1.06898929455687     
 -0.807151119262804     
  0.882025285688525     
  0.224848760650077     
 -0.688892176035963     
  0.444104049750164     
 -0.298723889945491     
  0.508484338273623     
 -0.324969848727254     
  0.141300295204265     
  0.285507079178862     
 -0.426573145711692     
 -0.198360683202272     
  9.150965092982878E-002
  0.119838911979044     
 -0.255908015354459     
  0.228497085061732     
 -0.655591270255750     
 -0.443077022566128     
  0.809588857402675     
  -1.50694859366213     
   1.07100193047299     
  0.120027003861801     
 -0.427816601177626     
 -0.554983995359496     
 -0.180580886188835     
  6.015881649550657E-002
 -0.181344684521084     
  -1.41445225876278     
  -1.40985776074738     
  0.978842773937833     
 -0.471308751024078     
 -5.807854923134964E-003
 -0.458893620320342     
  0.472873843871273     
 -0.426609710742137     
  0.236628669229907     
 -0.470060710263623     
  4.088214653414000E-002
 -0.882366404192297     
   1.11885436675157     
   1.35044828616477     
 -0.956732475157946     
  1.451444355135275E-002
 -0.572255158301447     
  0.524236633692645     
  0.554471232328081     
 -0.326082370356160     
  0.150362460164605     
  0.292524784446222     
 -0.421556584161383     
  -1.05012104505017     
 -0.405004612602377     
   1.65509316446781     
  -1.06651125582531     
 -0.192273033721724     
 -0.568889194616905     
 -0.142053673336220     
 -0.286854403462756     
  0.496196011459516     
 -0.323618181279480     
  0.151892012735530     
  0.735711843069970     
  0.241333304795220     
  0.199927571815370     
  0.809806069990129     
  2.081167205278814E-002
 -0.577751809798378     
  0.256894872037128     
 -0.281779035802254     
 -0.207817240233978     
 -1.775724235643683E-002
 -9.887294250201108E-002
  -1.09481797625356     
  -2.23138498515371     
 -0.480292201709390     
  0.370329922362722     
  4.331287836996780E-002
 -0.708499509073723     
  0.356292586045791     
 -0.455848954743934     
  0.130302880343357     
 -0.119963856728165     
   1.33087844159349     
  0.640943844562721     
  -1.17697787632752     
 -5.701366966118099E-002
  0.974399837785223     
  0.520514764775511     
 -0.676878276893770     
 -0.440812709482080     
  0.871226727696355     
  4.382221039886773E-002
 -0.527438046952007     
  0.341242850297626     
   1.53261778441003     
 -0.431175109674779     
 -0.199302873826044     
  -1.03055882083719     
   1.19086908529598     
 -0.197739967430370     
   1.08633635025193     
 -0.100958440378364     
 -0.728782525243236     
  0.602824001675897     
  0.133268790094674     
 -0.135253571503767     
 -0.533955622956379     
 -1.533126444095919E-002
  0.192683735301302     
 -2.385848980524596E-002
 -0.201137319958581     
  9.311758727790594E-002
  0.336612979906814     
 -6.934047389675321E-002
  0.210712215538761     
  0.430491999421425     
  0.264126089063522     
 -0.639873965399182     
  0.290558603391993     
 -0.829853289974773     
   1.03141562041468     
 -0.291088517670414     
 -9.822010514757010E-002
  0.330506949425110     
 -0.822665075684143     
  0.652456956486137     
  0.559659081807470     
  0.615245054801933     
  0.443452267238314     
   1.32905519184037     
 -0.378038537373620     
  0.549025675971379     
 -6.057384986958873E-002
 -0.218831180795612     
 -2.140845209669071E-002
 -0.598510957946517     
 -0.378546798810060     
   1.03726593172490     
  0.569825230017460     
  0.873655038014684     
  0.706406144961657     
  1.027379198411024E-002
  2.199311749567667E-002
  5.291940968746763E-004
 -8.626697133478134E-002
  5.072026578422754E-002
  0.430833437525383     
  0.332548265707565     
   2.23825791938678     
  -1.12679383203649     
  -1.03340821794130     
  8.500572118281956E-002
  0.110336897212693     
 -0.413042296434460     
  1.099932941107032E-003
  9.684484889132552E-002
  0.674962592854807     
 -0.589949132207649     
  0.421852668577298     
 -8.306602048810208E-002
 -0.405284130718092     
 -0.691851256432613     
  0.509952130532193     
  0.310943193353988     
  0.130210789407604     
 -0.222948071413380     
  0.138301796970448     
 -0.361745897334873     
 -0.627875422246476     
 -0.587908882104823     
 -0.592535335289640     
 -0.552480228617920     
  3.208851494574089E-002
  0.920337928604655     
  4.371518187595688E-002
  2.652393324357450E-002
  0.249377479552082     
  0.349454303168437     
  -1.25251488242008     
  0.800556868070661     
 -0.471522572678895     
 -0.740436156680339     
 -3.472892513068977E-002
  0.705767683892613     
 -0.204210599557949     
  0.554923755596330     
 -8.130396663675336E-002
  0.203448246115047     
 -0.643583862285434     
   1.32456933690043     
  5.904776268098373E-003
 -0.677323162312175     
 -0.282906712905654     
  0.656833614889327     
  -1.53915662412945     
  0.167093089503840     
 -7.697480312937735E-002
  0.735173971146961     
 -0.635199159179050     
  0.621826132091065     
 -0.587052316173903     
  0.290024444714534     
  0.428050041596606     
  0.653483505962428     
  1.546410110204686E-002
  0.883486294054910     
   1.76941074128871     
 -0.515915075667666     
  0.596639832514265     
 -0.629447554133748     
 -0.180050332935749     
 -0.722583682927636     
 -5.060216974518027E-002
  0.683979572647749     
   1.08961391787915     
  0.516718628875767     
 -0.195713243559912     
 -0.784527864631132     
  0.865742273559857     
 -0.973102367784119     
 -0.446301642311494     
  0.469581638048330     
 -0.685582568924035     
 -0.116146681165260     
  0.432989760839550     
  -2.16354727648694     
  0.418919440620897     
 -0.375014281210983     
  -1.20114183984207     
   1.03214329808243     
 -0.283936708020092     
  0.712294716391043     
 -0.124162158193298     
 -3.639419185427316E-002
  0.569590665505256     
 -0.849748266909810     
  -1.36144373027140     
  0.858748528508998     
   1.62724195160273     
  -1.38523243903746     
  0.676884788231810     
 -0.510529127300411     
  -1.90744682755945     
  0.214420404535541     
  0.373239792119741     
  2.317046909448193E-003
  0.110352308588369     
   1.15203849187264     
  -1.28582189575004     
 -0.721742770213061     
   1.04081677902699     
  0.248457921526182     
 -0.167389547698290     
   1.33018966988396     
 -0.613841600655057     
  0.152473977073736     
 -0.224426098473123     
 -0.275328662743403     
  -1.00708171455539     
   1.24916476934404     
 -0.549406051454031     
  5.554165946912592E-002
   1.24699212612555     
  0.603457276568591     
 -0.214599334388113     
   1.15957506583539     
  0.127305962259381     
 -0.363873595564608     
  0.129986345683782     
  -1.02296129495336     
  0.297220438985419     
   1.16861979638332     
 -0.233959437775344     
 -0.189308045978319     
  0.120852243392123     
   1.28345076369163     
 -0.396764456442675     
 -0.294603181877251     
  0.683061508911685     
 -0.245307629472192     
  0.602124639273226     
 -0.104042496327314     
  -1.29766392566716     
   1.15854750430644     
 -0.314358184096803     
  0.779805935167020     
 -9.747592106059330E-002
  0.212847407900003     
 -7.588231648840932E-002
  0.132093278994436     
  8.379465432375657E-002
 -0.979215012402073     
 -0.581877248448369     
  0.388135149483257     
 -0.432100303577423     
 -0.978627629954101     
 -4.950503376254001E-002
  0.290702118423937     
 -3.974236956405563E-002
 -0.654673053114668     
  0.339845655125810     
 -9.632388811915985E-002
  0.493181434807223     
 -0.528615849324998     
 -0.393433100093833     
 -0.311033126837343     
 -0.455227294208071     
 -0.176289728253404     
 -0.101799341442916     
  0.367437332470557     
  5.710970817233992E-002
 -0.346818629531292     
  0.851199466679291     
 -0.792360483755024     
  0.186742101320640     
   1.52992164464225     
  0.323939484923390     
 -0.853570673862240     
   1.05514351257761     
 -0.784545059345985     
  0.811145742535600     
  -1.07548042902328     
 -0.236865713445256     
  0.451731565168588     
  -1.19956689576348     
  2.999843658504280E-002
  0.433946535995840     
 -0.159110293401710     
 -0.368253989276044     
  0.521603908451460     
  8.402562963987860E-002
 -8.595171258721500E-002
  6.570409854533070E-002
  0.228024060945631     
 -0.652773366380819     
  0.236432087375605     
  0.130457851978896     
  0.520008196254658     
  0.454819225723944     
  0.755961992531472     
  0.514777729154904     
  0.199541052205900     
 -0.341076925620458     
  0.133333432174191     
  0.141533655434114     
 -0.193818469346767     
 -0.738186754620766     
   1.35174392526776     
 -0.623583006176655     
  0.276740338276209     
 -0.196261547233700     
 -0.568246755631522     
  0.387669209255226     
  0.683335758710190     
  9.366668925228432E-002
 -0.363317322540535     
  7.518092993054550E-002
  0.287520568321435     
 -0.113179252510351     
  -1.20784226723306     
 -2.993381513588793E-002
 -0.232628368961514     
  0.488765792297274     
 -0.253224228037550     
  0.589978109838357     
  5.138377363213144E-002
 -1.169727788834314E-002
  5.278199761658826E-002
   2.01713590652499     
  -1.08659343261540     
 -0.150974231602384     
  5.392259638778195E-003
 -0.180626147598337     
 -0.793240608977192     
 -0.847658275433225     
  5.605783044805970E-002
  0.122808974287937     
 -0.654695300544580     
  0.143921245616863     
  0.539498380023791     
  -1.36269964106306     
  0.363912357160719     
 -0.358356940368474     
  0.567776777036958     
 -0.352562214484646     
 -0.431882717023701     
 -0.887895353325739     
  0.573494236471730     
 -0.482087869121033     
  0.262648666673164     
   1.48342261547490     
   1.08691824671083     
 -0.633584425458900     
 -0.204723660505541     
  0.398880791840064     
  0.145704353347908     
  0.448405074715489     
 -0.536736701170030     
  0.642092962841384     
 -0.444360863802077     
 -0.136982799008282     
   1.33825966330758     
  -2.03365888352642     
 -0.944316129284469     
  -2.22194980680838     
  -1.89246317357144     
 -0.148824695495480     
   1.12646779236713     
  0.606872445886976     
  9.495076269202782E-002
 -0.271498630678577     
  0.611916798537939     
   1.67336627952802     
  -1.55437130883164     
   2.58478210741663     
   1.89545680487667     
 -0.731574008225373     
   1.07246843771117     
 -0.593641558733010     
 -5.361547264432311E-002
  0.793760016430636     
 -0.583296490928744     
  5.399680099927814E-002
   1.17354386848879     
 -0.793041499220675     
  4.469811483336272E-002
 -9.258736065395813E-002
 -0.531799498064471     
 -0.102558801844423     
 -0.105874086132165     
 -1.244541129846216E-002
 -0.293210299765214     
  5.310120811384824E-002
  4.298942811307887E-002
  0.226510699209504     
 -0.509996052159842     
  -1.13136028334492     
  0.340976990772341     
  0.249006863192240     
 -0.389800677138202     
  0.195309569082663     
  0.232768303349842     
   1.11303235670599     
  0.355301040772926     
 -0.209675253077397     
 -8.540834864619555E-002
  0.940665659700357     
  0.585718521227320     
  0.495446873108341     
  0.474073787326705     
 -0.564918810894855     
 -0.452811135408518     
  6.815271885603857E-002
  0.539267401027410     
 -0.130914885494994     
 -0.411788497570321     
 -0.623803868069099     
  6.371201507487130E-003
 -0.999812948335419     
  0.736000728521054     
 -0.443145398434318     
   1.43326417681950     
 -0.616930770322424     
  0.783886387863635     
 -0.320858380367915     
 -0.224690029232568     
  0.505500391195842     
  0.277327185569980     
 -0.459596739498127     
  -1.77993994408316     
   2.64929620647583     
  0.231494425251031     
 -0.636986689214225     
  -1.58681327167269     
  1.972552049753181E-002
  0.599307628075080     
   1.11771168238498     
  -1.32213051089553     
  7.329195221637262E-002
  -1.01311738575036     
  0.464539213604361     
  -1.40794489393440     
   1.76214406672482     
 -0.710196496565158     
   1.03439499480559     
 -0.126163306356129     
   1.17763003564152     
 -0.158285560736335     
  0.489648404833571     
  0.532858980975682     
  0.658123947957627     
  -1.68274766162718     
  7.548053404371885E-002
 -0.806133910548169     
   1.29235376653879     
 -0.106537725386327     
  0.759255074973773     
  -1.09931675731561     
 -0.799761699703667     
  0.214030971072158     
 -0.630803451918459     
   1.57722477747550     
 -0.147315566505841     
   1.74186636908298     
  0.390525368149651     
  0.343695111555332     
 -6.757346021763710E-003
 -0.428347285705293     
  0.386962509273357     
  0.107445388059671     
 -0.130278163305021     
 -0.577782974823150     
 -0.171267839454171     
  0.118462581760430     
  -1.51083004963451     
   1.27084933063694     
 -0.184503600449241     
   1.03606676162819     
  0.349243124812398     
 -0.643769002787236     
  0.666447637946726     
 -0.387043986437576     
  8.545169529470358E-002
  -1.33897176881678     
 -0.178420853574383     
  3.303049006897509E-002
 -0.688045038083577     
 -8.842899410764349E-002
  0.307493640715237     
  0.397004025510153     
 -0.262991291037035     
 -0.689937963514662     
  0.164172351503072     
  0.334136516335185     
 -0.971754918099481     
  -2.18453565869333     
  0.297564821058124     
  0.349919370564793     
  0.679139832034360     
  0.536472357668980     
 -0.522493434108938     
  0.509632723990910     
   1.72191882688145     
 -0.746668766571708     
 -0.548825053711570     
   2.19642511996109     
 -0.106600722460405     
   1.18670278838433     
  -1.14338359322867     
   1.48744002824930     
  -1.21250876807340     
   1.26415639154809     
 -0.408762559049893     
 -0.924323531573950     
   1.04406477518270     
   1.34627284030212     
  0.804566724528716     
  -1.05487075193341     
  8.851160454718600E-002
 -0.583360736709612     
   1.40241306235982     
 -0.312163354669079     
   1.13907095844068     
  -1.13604336132939     
  0.709166407198389     
 -0.730634919998518     
  1.552324125560574E-002
  9.915408033038613E-002
  0.732587439892795     
  -1.62396982843913     
  0.365757823681575     
 -0.143945345966671     
  -1.77557507091058     
  0.302555537965813     
 -0.289424714755980     
 -0.430876950324738     
  0.834799595162571     
 -0.282108514342111     
 -0.134943601928086     
   2.33052465595990     
 -0.472204312543493     
 -0.690761993008890     
   1.56677069384447     
 -0.427094178238720     
  0.451114322962419     
 -0.366808258174363     
 -0.295649669386596     
  0.177614716027137     
 -0.452581430771206     
 -0.281109465653495     
   1.96474467737846     
  0.515922836294224     
 -0.553232365920448     
   1.54160224440317     
  0.580060861495221     
  0.521479551848617     
  0.119130184074479     
 -0.228816929002824     
 -0.427922493192096     
 
 -5.615872601654198E-002
  -1.06785700519987     
  0.363369307752090     
 -0.187507901403040     
  -1.91199687983374     
  0.210933752082383     
  -3.09046932690094     
  -1.85956968892924     
 -0.782402393394267     
  0.405572256917429     
 -0.892773454358578     
 -0.518908749231060     
  0.918102940794547     
  0.497766439641818     
  -1.07753670550707     
  -1.64121631525070     
  3.698810495007508E-002
  -1.05673118913658     
  0.969612016997117     
  -3.17576355673276     
  -1.04955153248247     
  0.525285937027957     
  0.329404495136423     
   1.06617458477417     
 -0.665380440390685     
   1.16550604617909     
  -1.79194094566617     
  -1.47760280987275     
  -2.10072605600461     
 -0.317330684091729     
 
 -0.274519800581299     
  0.283134666767478     
  3.680222610874268E-002
  0.808234980732823     
 -0.136772743345442     
 -0.896284476837533     
  0.152508420062586     
 -0.409158625843972     
 -0.510911937321181     
   1.09687194548225     
  -1.27241012122553     
  -2.16018033057224     
  0.844427555828078     
  0.770894920165109     
  0.866550714711775     
   1.04949963949037     
 -0.420650910833007     
  -1.62520886947107     
 -0.523913070420398     
  4.988223484814894E-003
   1.81138476224983     
 -2.179168980119007E-002
  0.469592771847994     
   1.16786971505126     
  0.167511263937402     
  0.938310243467892     
   3.82371679737573     
 -0.379723520644961     
 -0.478599797781437     
 -0.150686604251934     
 -0.776182725753929     
 -0.327954543476903     
  0.814835468195840     
 -0.143201156017313     
  -1.30081396527683     
   2.04369505786187     
 -0.420852482631786     
 -0.435286623874253     
  0.155131774720647     
 -9.748782097503923E-002
  0.786409559547918     
  0.643581589261401     
  0.734657512648220     
  -1.23077319578972     
  0.528671078784187     
  4.200733468875333E-002
  0.681164897324769     
  -1.13039150310506     
  0.530004453577507     
  0.109461469035867     
  -1.38335746764991     
 -0.144825572846418     
 -4.066705497791977E-002
  0.627714144202734     
 -0.280826112872583     
 -0.773990858268167     
  0.386679064448925     
   1.43848202184465     
   1.07289009246669     
  0.970844880094553     
 -0.965146752368814     
  0.660675590710265     
   1.47067017484071     
  0.338624308206514     
 -6.174000371165842E-002
  0.115249976061775     
 -0.731710502644727     
 -0.848909602890101     
  0.502399739586698     
  0.887008327798746     
  4.756380302207086E-002
  -1.99691504657165     
 -0.615856360840981     
  -1.44975918075145     
  0.356997486837322     
   2.26330141232169     
   1.05756909840147     
 -0.185980580253202     
 -0.415470604682945     
 -0.144663814604202     
 -9.511262812955255E-002
  0.826529144805796     
  -1.40581864108523     
 -0.589174341291038     
  3.568784464882891E-002
 -0.476485855673146     
 -0.760997713051519     
   1.25583607360292     
 -0.474929575253436     
 -0.516712322247840     
   1.48060194306919     
  0.582778547873960     
  -2.88195404908838     
   1.78420203972951     
   1.29072243703341     
  -1.11877822598241     
   1.63880496936529     
   2.20244963180120     
 -0.597434107112956     
   1.09374282199590     
  0.378609922257794     
   1.07280210458536     
  -1.07748152394318     
  0.310564120756053     
  -1.41048603634860     
 -8.981474824126898E-002
  -1.29881360914412     
 -0.758472673165771     
  0.816897322445386     
  -1.15633321328001     
 -0.430394070424273     
   3.50941322525700     
 -0.933729479426943     
   2.44376615837020     
  0.254287192068897     
  0.193742727814630     
  -1.45917423605271     
 -0.159225824119987     
  0.559766524283725     
  -3.06966706093199     
   1.34947653024379     
  3.249064831742144E-003
  -2.77359583208269     
  0.212313405062982     
  8.782317172957600E-002
 -0.137549658965439     
   2.69566188822984     
   1.28727690588768     
  0.291813447195256     
 -0.197870208246409     
  0.425201710963359     
  -2.16746960616852     
  -1.45020412260184     
 -0.153916149604341     
  -1.23381999645112     
  -1.70777181261483     
  0.245597755384052     
  3.781149337399502E-002
  0.284728128951357     
  0.141163582616622     
  -1.07496511710614     
  0.653095485328566     
  -1.26213613059752     
  -1.25698526874241     
  0.102569162536986     
   1.05192862341247     
  -2.91174493591604     
 -0.675322922506124     
   1.04327511670808     
  -1.30972824217643     
  5.948377843292617E-003
  0.914137336057527     
   1.09151392803449     
 -0.663458541447265     
 -0.107459258053232     
  0.938210909755895     
 -0.826041293294306     
  -1.48273754584894     
  0.386200039520416     
 -0.447412241544556     
   2.28284885070194     
 -0.766605118932024     
 -0.310748924852165     
  0.418364540985492     
 -9.902976135713046E-002
 -0.677916152427291     
  0.732959872261498     
  -1.38429219709261     
 -0.126209207579516     
   1.32465891702030     
 -0.262681510187637     
 -0.390595069532365     
   1.26702068049993     
 -0.467005903349124     
  0.102983763545646     
 -0.817608025614643     
   1.50459668460990     
  -1.17354144743027     
  0.229827658858298     
   1.30364845980027     
  0.536348022553353     
  0.198676598581015     
 -0.751859742990724     
 -0.393455907806896     
  -1.04998486712276     
  -3.09444579711921     
  -1.24093721029256     
  8.228592006883835E-002
 -0.401985087494897     
   1.71455443942653     
   1.84234978100612     
   1.41767702631147     
  -1.47486439909543     
  2.199228646116586E-002
 -0.102105876319887     
 -0.782731338204682     
  -1.26791009484488     
   1.47129306167170     
  -2.29394793790998     
  -1.25462798756715     
 -0.494722473269991     
  -1.49543348363672     
  0.795856350994960     
  0.615976124727985     
  4.364918053119562E-002
  -1.96841122798479     
  -2.50316330734545     
 -0.481707480196636     
 -0.101924304049954     
  0.918922497978386     
 -0.419244167231483     
  -1.55107682110374     
   3.29095472517944     
   2.17322702178566     
  0.941996578354457     
 -3.537394695984116E-002
   2.29894138891618     
  0.658025622537536     
 -0.715146269490410     
   3.93277422785357     
  -1.13520264834089     
   1.95730168518649     
  -1.85640836164684     
  0.633825919344504     
 -0.843307533727005     
 -0.342695701363608     
  -1.57610828444774     
  9.502842601444157E-002
  0.229612693015532     
  0.147535685060805     
 -8.902047437780437E-002
   1.67584587659285     
 -0.155031027059294     
   3.30243923043704     
   2.55383820813895     
  -1.10216314493693     
   1.38443780148439     
   1.40490608456494     
   1.13299360535959     
  0.301461543883408     
  0.171128021392086     
  0.769798972185614     
  0.506152766560369     
  0.911365696093470     
  -1.34592654319734     
 -0.608068963751335     
  0.421899827720422     
  0.502276814545025     
  0.618081019814315     
 -0.255396706080992     
  -2.11848260643384     
  0.110500255051471     
   1.62488533256603     
  0.322811843413595     
  0.880201712177804     
   1.89550938414468     
 -0.104269954169009     
 -0.287062206983748     
 -0.954637526498217     
  0.264914179617405     
 -0.848320216862815     
  1.561555871426056E-003
 -0.310277921920533     
   1.09884268180849     
 -0.230383713604074     
  0.359622608371660     
  -2.13595737513130     
 -0.365735637004613     
  0.205520542101075     
  -1.77471215460353     
  -1.74705645949982     
 -0.314038225740118     
 -0.402648495004317     
 -0.350711716431834     
 -0.196664739258723     
  0.684143274106379     
  0.595280302811992     
   1.38744278737296     
  0.782375207766045     
 -0.228966507777163     
  -1.83545384248813     
   1.27937692287681     
 -5.570560197101661E-002
  0.116375638735996     
   2.37746766566466     
 -0.653403914814273     
  0.174530688574391     
  -1.18528443565786     
 -0.109503055208491     
  0.672689400795778     
 -0.736576781891462     
  -2.51266173907734     
  0.571619563384229     
  0.573827794195609     
 -8.491552598346623E-002
 -0.452333519556879     
   1.15179713488795     
  0.207428947334359     
   1.03883525565839     
  -1.70461942431615     
  0.128895019873659     
  0.807040186548327     
 -0.182225504315645     
 -0.316827457130182     
 -0.795360039831865     
   1.03498588927290     
   1.45729422653888     
 -6.438938327181412E-003
   1.25717059957323     
   1.10875595477694     
  0.403399301463450     
   1.54507642453189     
 -0.254988868961926     
  -2.49550966105823     
 -0.678345593469769     
 -4.953628287606434E-002
  0.923619762625019     
   1.32317753061570     
 -0.174285782597107     
  4.003619305101108E-002
  -1.97091308604916     
  -1.97085585235836     
  4.360851455636686E-002
  -2.60900330883258     
  -1.65222496386841     
   1.52667107608114     
   1.86722179161699     
  -1.42101714628718     
 -0.360882803825154     
  0.736873775729810     
  0.353446295969966     
  0.303520681388184     
  0.421221470980215     
 -7.457583660555217E-002
 -0.221924778167185     
   1.48111784115963     
 -0.539805603306704     
 -0.461216481858349     
  0.720011170679256     
  -1.11610087937430     
  0.292884069671620     
  0.206210407878693     
   1.05922461379066     
  0.398714531474266     
 -4.109960095416297E-003
  0.849085428638725     
 -0.315275695946789     
  0.162142223485826     
  0.589602572868022     
  -1.23332741570981     
  0.774383586562409     
  -1.08563012454866     
   1.83629952729481     
 -0.841636122272870     
  0.443239458031257     
  -1.39712127213688     
  0.283195449502867     
  0.375996201897927     
  0.694732038030529     
  0.528565914888803     
  0.701235761111943     
 -0.156266117190583     
  0.382138500015840     
  0.986761124408932     
  0.505351884852224     
  0.906355871165726     
  0.597444762503758     
   1.13467799193561     
 -0.460514588931777     
 -0.201164982687159     
  0.400249817382120     
   1.55718374444969     
  0.299716105029692     
 -0.425444870451787     
 -0.693073342704297     
  -1.20740805826738     
  7.581706548242064E-003
   3.64198290109310     
 -5.089330752425589E-002
  -3.10219571124639     
   1.96994641262880     
  -1.73984985735597     
 -0.197576822695797     
 -0.424565884334504     
  -1.20904986679165     
  0.724677695001605     
 -2.267759364170450E-002
  -2.06021381638856     
  -1.10625524824685     
   2.26914670667386     
 -0.907939926885576     
   1.39468843519972     
   1.80670531290282     
  0.453452722314613     
  -2.58742576828821     
 -0.948351193188969     
   1.07348113902112     
 -0.348616603613017     
   1.30227409212804     
  0.149265390051451     
 -0.159692797449410     
  -1.58106743160205     
 -0.895778737776651     
 -0.819545282272566     
  0.994286060007911     
  -1.01643321182254     
  -1.22903255581697     
   1.68054620507871     
  0.574809223636173     
  8.359013252269619E-002
  -1.17768446563841     
 -0.304886109268059     
   1.16307237566637     
 -0.532748720285180     
  -1.30081072010623     
   1.71011348303947     
   1.41202698995707     
 -0.290665322292828     
 -0.990226186748574     
  0.709562627021099     
  0.784543525356050     
   1.12068090780079     
 -0.620951785789913     
 -0.970964993549199     
  0.121867503383957     
   1.82246738469414     
 -0.612210198899463     
  0.411640777218946     
   1.87203519283108     
  -1.30652945845011     
  0.575235814004715     
   1.11017273724016     
  0.705471435680006     
  -2.45197042426732     
  0.742048425655774     
 -0.716857691945821     
 -0.506560963367272     
  -1.90381646563616     
  0.244633315085374     
  -1.35576984917570     
  -1.10377732045370     
 -3.860086432986467E-002
 -0.187345532385096     
   1.94885255514323     
 -0.177681366293620     
   2.34345597906145     
  0.365678867847955     
   1.31576154905103     
  0.978138478052385     
  0.275798774184274     
  -2.73271514843686     
  0.380498110684636     
  -1.83086359881867     
   1.18955624220850     
 -0.503508655847752     
  0.743851256543576     
  0.201726191166582     
  0.405603372171194     
 -0.622336371534612     
 -0.509835708616442     
  -1.23610059996869     
  6.745529543741503E-002
 -0.939160015546965     
 -0.361829493526487     
   2.20729000805333     
   1.82767508261943     
 -0.683337588770434     
  0.999828198885504     
  0.620974738579364     
  0.823494557773490     
  -1.73968172468677     
  0.808706759636148     
 -0.568460642997266     
  0.194069715329151     
 -0.976616906564345     
 -0.112645873333626     
   1.20576464716503     
  0.836691135266884     
 -0.852624560721337     
 -0.461052764034973     
 -0.570983736471660     
  0.569855577091436     
 -1.969530336442333E-002
  0.108783176471070     
 -0.987202710454715     
 -0.643257313274417     
  0.125771496384993     
  0.436027700678907     
  0.218524337255718     
  0.284102827475101     
   1.09137539344812     
  0.859189784668083     
 -0.542078897660528     
  0.345272172324373     
  0.551210035435850     
  0.612950166162939     
 -0.797744286372264     
 -0.798995316343433     
 -0.759076092290333     
  0.706047153436249     
  0.871681024186729     
   2.15754394713823     
  0.241754526579470     
   2.10886334502532     
  0.208516787402255     
 -0.667462689336532     
  -1.83360092699815     
  2.804232097168151E-002
  0.281922006367303     
  -1.63462564736691     
 -9.480504495904302E-002
  0.536817223316008     
  -1.91398231596098     
 -0.596385889371400     
  -1.03183413436140     
  -2.22842695642949     
   2.42873539032004     
   1.39157121011878     
 -0.616357584432410     
   1.59270639408415     
 -0.704279606845717     
  -3.16016199662350     
 -0.348473817188961     
 -0.995774382953329     
  0.317073873836401     
  -1.11647991006598     
 -0.942315101197983     
 -0.562889501196831     
  -1.73144214294106     
 -0.167335844012843     
   2.30441449626563     
 -0.446480911408175     
 -0.835390876810698     
   1.15565205040777     
  0.697486110783500     
   1.87540064785784     
  -1.41316408444563     
  -1.55936320305599     
 -0.976211473295086     
 -0.237044389235122     
  4.223397720625186E-002
 -0.407457542292200     
 -9.718946644852934E-002
   1.24112728273494     
   2.25352305342034     
   1.28391134357456     
  -2.22801290778746     
  -1.00626432181558     
  0.542254271753730     
  -1.25380870150102     
  -1.33778545415117     
  0.366401986150798     
  0.828521536567524     
  0.600285161213880     
   1.02317521571997     
  0.933196783240465     
 -0.154974018062618     
  -1.96277059414297     
  0.527532276441307     
   1.48025336253743     
 -0.447401464485941     
 -0.780420563504845     
  0.944029893346451     
  -3.15212095671571     
  0.675912709105354     
  0.782145004770458     
 -0.743484234012662     
  -1.30468174038194     
  0.198969487658669     
 -0.320902645803269     
 -0.235805391312062     
 -0.241127872229663     
 -0.378026504022696     
 -0.347989138772295     
 -0.527586067705288     
  -1.88041315236148     
  -2.02875283893554     
  4.067142051634649E-002
  0.612672906722200     
   1.11110398013010     
  -2.17197800166095     
  -1.44858202387190     
 -0.388471924407592     
 -7.965053949982533E-002
 -0.313462414577443     
  -2.54422471152398     
 -0.645429517374173     
  -2.73661405937933     
  -1.24067163151573     
  8.608916199106545E-002
   2.15150805534387     
  0.700337456857527     
  -2.78091183472918     
  0.252300648874708     
 -0.259293915235546     
  -1.75351054139404     
 -0.386499257782595     
  0.900043673782457     
  0.122805902503829     
  -1.20958294004321     
 -0.795870240629025     
  -1.56535121161923     
   1.06080091083366     
   1.39984313474750     
  0.141754230623666     
   1.13756093137185     
  -1.88969372436535     
   1.26267719844134     
 -0.389191771509599     
   1.10487231860750     
 -0.109660964416456     
   2.29781946900647     
   1.02474198834638     
  0.518825841896176     
  0.390978306849534     
   1.69642833756511     
 -0.925213488817182     
   1.30125262458759     
 -0.727217340608926     
   1.40389336447855     
  0.250318478585324     
 -0.434464632684947     
   1.39965568682868     
  0.826102894766383     
   1.81959375401408     
 -0.527906526822768     
  0.298328552263787     
  -2.57594606607805     
 -2.087661739236352E-002
 -0.382662746749291     
   1.22912324101416     
   1.38014094742949     
  -1.91067501163905     
 -0.595122159539073     
  0.202365469029732     
  0.722549482900958     
  -1.06175823388914     
 -0.435292550749435     
   1.01239830606632     
 -2.008623658581253E-002
   1.35650782005781     
  -1.95688394209217     
 -0.584574877078816     
 -0.980411476038649     
 -0.962274432174050     
  -2.59976439881189     
  0.923322179842673     
  8.790791416543124E-002
 -0.804214764976773     
 -0.378098535137162     
 -0.113307633657709     
   2.42237171756257     
 -0.327435309748167     
 -0.957471710713174     
  4.378997231171191E-003
  0.776111081656308     
   1.69812204219717     
 -0.143181597206564     
  0.283483897645724     
  -1.25874124671236     
   1.50550064695201     
   1.44578729943735     
 -0.699560886992892     
  -1.17910418439153     
  0.258135021750540     
  0.879505658191225     
   2.17991408656107     
  0.254419556300614     
   1.38207857593489     
 -0.692294938042893     
   1.31464781486426     
  -4.37324159356112     
  0.543838153683106     
 -0.238258857133045     
 -0.318603717430989     
  -1.36474966982618     
   1.05242473208934     
 -6.632769003259718E-002
  -1.07989827687341     
  0.886404395191663     
 -4.894117591118261E-002
 -0.355584082458838     
   1.68614996038529     
   1.06292033030299     
 -0.452262605670135     
  -1.02049735536626     
  0.492572393000350     
  0.103542424864395     
   1.06415287692099     
  0.928826952863424     
  0.419166852806652     
 -0.862453746496683     
   1.28351443705375     
  0.305140295443684     
 -0.678537298349433     
  0.384315639582410     
  0.208309469608823     
 -0.555876925190793     
  0.502183960032998     
 -0.764724677320231     
  0.483755941225329     
 -0.530918724016359     
  -1.19484152471892     
 -0.346674359834159     
  0.298080067771857     
  0.711986882063505     
   1.08787600437515     
  0.581726718849695     
  -1.64095670647955     
   1.20375042255947     
   1.57189713752375     
  0.601484927973436     
 -0.144813696696669     
 -0.820190267048486     
  0.143682122557345     
  0.722513275609732     
   1.02505358382283     
 -0.784348555365186     
  0.347491636605892     
 -0.409453671280764     
   1.12514903503853     
  8.936094561046128E-002
   1.65710746148584     
   1.93301233766722     
 -0.355665729503158     
  0.241501142063555     
 -0.815480200051820     
   1.38009146982807     
 -0.905426752063543     
  0.656818941986586     
  0.486399811630127     
   2.54872925165321     
  -2.32388190141690     
  0.443888168089396     
   1.35688356976377     
   2.34501982728978     
  -1.86388527904709     
  0.855069607978218     
 -0.746260879354996     
 -0.824647400038107     
   1.00253230285731     
   1.03413432655932     
  -1.07786733205553     
   1.13500547318563     
 -0.473445130977710     
  0.456388868960683     
  -2.45094457905762     
   2.91497309017381     
 -0.867987364894003     
   3.45802027598249     
  -1.08964658895801     
  0.366580518305019     
   1.32496332240019     
  8.759953901921347E-002
 -0.727021341623852     
   1.72238724394690     
   1.90364658694178     
   1.39215608652960     
  0.593505286712501     
  -1.49858274469747     
 -0.439540735872898     
  -1.03287322331027     
   1.03104092318078     
 -0.607771648204498     
  0.348731290436523     
  2.038948805843957E-002
   1.38760995281389     
  -1.17537673431482     
  -1.40580687892437     
  0.701556917976779     
   2.11047053021521     
   1.16645152262262     
  4.262919967947468E-002
  0.836137136889173     
 -0.500389429694957     
   1.00853779039016     
 -0.990938878996960     
 -0.202463925710959     
 -0.117093601893408     
 -9.927982295157185E-002
  0.147458550033132     
  -1.05653414906744     
   2.26989755638122     
  0.146160770948629     
   2.22007224617659     
   1.57152991780055     
  6.016632368845722E-002
  -1.75292677185834     
  0.500838659583103     
  0.336256403150648     
  0.127852035309604     
  0.793760412465518     
  0.810186676204781     
 -0.313669876170414     
  -2.39016298275588     
  0.227670649587508     
   1.22362029202015     
   1.16614353280532     
  -1.48143597455747     
 -0.830712755887873     
  -1.40691485670876     
  -1.51933604693981     
 -6.313370378822326E-002
  0.498745096034512     
   1.03301155860159     
 -0.335115845937414     
   1.69798805951329     
   1.19906983719528     
   1.20885669114882     
   1.64085850460469     
 -0.548931687762691     
  0.505546166572681     
  0.778358957749890     
 -7.662470707532151E-002
 -0.811750542022657     
   1.32258439194974     
  -1.27146822921802     
   1.79414258784067     
   1.06648332412258     
 -0.596983264182619     
 -0.281175905097250     
  -2.08665523076013     
   1.19652804047602     
 -0.396916144565043     
  0.487029515046544     
  3.482786882360879E-003
 -0.358791783866987     
   1.30244561319281     
  -1.83305580676002     
 -0.545967062510446     
  0.825251248958535     
 -0.654535877984480     
  0.774462084829857     
   1.18779370102343     
  0.456635101553903     
  0.472390896848221     
 -0.481643842415584     
   1.51024595436599     
  0.328761290833548     
   1.24900611617122     
   1.04382623116300     
 -0.144964979621224     
 -0.726949992095506     
   1.11848247503125     
 -0.496151578199854     
 -0.409152701894050     
  -1.39062548707449     
   3.16949184053171     
 -0.245810026804468     
  0.797120723411042     
 -0.905778654522354     
  -1.68359646524353     
  0.733490953608723     
  0.143893029255939     
  0.509599136546990     
   2.10033470611582     
  7.763153323561590E-002
  0.436462091587330     
 -0.104299383479813     
 -7.040927063324508E-002
 -0.896229756566445     
  -2.24261227888238     
 -8.838868874159211E-002
   1.24957279493981     
  0.120682897596055     
  0.655444660676593     
 -7.543759539268360E-002
  0.562382005204911     
 -0.498150170257841     
  0.805203946589879     
   1.61318991797956     
  -1.12026293667642     
  -1.38250325753676     
 -0.789222920382322     
   1.01971078312799     
  -2.58147804022639     
  0.766054825546489     
  0.682085135026785     
   1.04184565475645     
   1.62670727609916     
  -2.36423868413327     
  -2.09230300170595     
   1.50749078958308     
 -0.455067718101015     
 -0.255459011492432     
  -2.65314752376811     
 -0.270377653325246     
   2.41151223597013     
   4.34921898893820     
  -1.19711428771876     
   2.75378672531103     
 -0.593325845368425     
 -0.395892289956254     
 -0.801434023197755     
 -1.484776670076489E-002
   2.08955236466688     
   1.13913138454897     
   1.27334514345037     
  -1.19446567773825     
  -3.58786689404655     
 
 -0.903907053005183     
  0.341133408921570     
  -1.54096266593451     
 -0.215705702901966     
  -1.77844236897071     
   1.27233273309023     
  0.506483484842628     
 -0.215297163618852     
 -0.478735499328236     
 -0.356095137685715     
 -0.643374337279476     
  0.829617515226579     
  0.402960726700803     
  -1.72188850942809     
 -0.327727709057937     
 -4.273070267933517E-002
  0.536356102207210     
  -1.24911417814598     
  0.250011818965344     
  -1.71152780149236     
   1.67640594960657     
  -2.06159877730422     
 -0.505603421901500     
  4.448013818019703E-002
 -2.924334856020822E-002
  0.140633875127369     
  0.348218088862963     
  -2.13726400857709     
  -1.07069738005212     
   1.58853178441809     
 
  0.357365192577223     
 -8.978921856474965E-002
  0.211920980782667     
  0.230114235981302     
  0.263690383160555     
   1.50738723688427     
  0.121985268336872     
  -1.18155499798811     
 -3.722819100247219E-002
  0.147241395021384     
 -0.183925134424164     
 -0.317127168469431     
  6.266845979334765E-002
 -2.620237362252911E-002
  0.125476764589036     
  0.157600168503581     
 -0.340258850157615     
  0.114373183866155     
 -4.376608910856328E-002
  6.208445380368069E-002
 -0.137853823258845     
 -0.125050380264989     
  0.106259996655186     
  -2.15308193495204     
   1.12605255932728     
  0.194949790951112     
 -0.275099628997144     
  0.325317694887654     
 -0.101711657466486     
  9.092981269660126E-002
 
 -3.939104761904762E-004
 
  tansig  tansig 
