     33 -    30 -    30 -     1 
rmse=  25.2205meV
  5.454066077334337E-003
  1.937652520869070E-002
 -0.294923623157192     
  0.179816999331509     
  0.166414765960985     
  0.820454354566746     
 -3.241317446592062E-002
 -0.336879940672669     
  5.038427671066395E-004
 -0.167731623016444     
 -0.112968590983281     
  0.577454797051314     
 -0.100928245620923     
  4.462317350376597E-002
 -8.595638597678465E-002
 -0.100964663080475     
  0.176764444961544     
  9.948486662442520E-002
  0.239632915689979     
 -4.340784231397755E-002
 -0.259687446888144     
  0.159094106057424     
 -0.411685182998487     
  0.157703666248811     
 -7.145189171326378E-002
  0.114763074950767     
 -1.736238057790941E-002
 -0.103134545203370     
 -0.555619353494759     
  4.649569312404365E-002
  8.749923883084642E-004
 -7.447205452967122E-002
 -0.395998141690861     
 -0.321351737290152     
 -0.297221733655611     
   1.09539135279672     
  0.569865317887478     
  0.439538460739113     
 -2.266284250660320E-002
   1.13615418096665     
 -0.498876223534261     
 -0.256247970183327     
 -5.561930123514711E-002
  0.838699280457965     
  0.449063273235685     
  0.317820081532887     
  -1.81705500209651     
   1.21415071773857     
 -0.315454958507132     
   1.08917220802902     
 -0.176747773460814     
 -0.392107824446728     
 -0.103562017937432     
 -0.355098995670212     
  0.126729866228099     
  0.756912110862636     
 -0.473191792572114     
   1.34137822838470     
  -1.08853007196558     
 -0.257841839503121     
 -0.774225232707223     
 -0.473938602743113     
 -0.837348338023115     
 -0.323690872645106     
  0.501330489683336     
  0.566624206750593     
  0.358710946915819     
 -7.440417074573227E-002
 -0.357389169177095     
 -0.168013608515832     
  0.185468160975127     
  0.274571298203622     
 -0.248295565628842     
  0.234129517677947     
 -5.110600033050867E-003
 -0.181998610040645     
  0.155540395967203     
  0.173629345439817     
  6.851509185102644E-002
 -0.106483435680532     
 -4.288495021259956E-002
  2.098843333192011E-002
  0.103349478140656     
 -3.575028888128350E-002
  7.163385748306346E-002
  2.221265478762990E-002
 -0.759925164439815     
  5.774192595877256E-002
 -7.872073269478844E-002
  4.536147637593239E-002
 -4.919948993219037E-002
  0.460656612181777     
 -0.338490895206286     
 -0.314549594184074     
 -0.494532790788944     
  0.144328835803302     
  2.132633017727524E-002
 -0.322527494169738     
 -0.115114669193627     
 -0.624865642237709     
  0.260975962849354     
  0.451091785854538     
  0.446153026379236     
 -0.249012962932799     
  0.217101589338152     
  0.192272905088223     
 -0.314187276113198     
 -0.228300535594279     
  0.296324486338985     
 -0.199700521482427     
 -0.341213352124330     
 -2.029184290831073E-002
  0.218632790631176     
 -0.339845078403804     
  0.933370755603883     
 -0.238673256934845     
 -0.555761943811241     
 -0.307783334494675     
  0.674479572259181     
  0.158021774591420     
 -0.536782838574468     
 -0.215968553760146     
  0.280710998291520     
 -0.173285133211484     
 -0.374097593076483     
  0.249860186125914     
 -0.903311713903481     
   1.15698122048882     
 -0.380362539012700     
  0.289311416074500     
 -0.165520691167735     
  0.252367034065241     
  0.170808380912034     
 -1.841831276300222E-002
  0.145027894748308     
  0.598717056922633     
  0.911919466641895     
  0.182077056060696     
 -0.279633389234014     
  0.144630737449545     
  9.673227376765986E-002
 -0.120864582649746     
  0.182479850021849     
  0.378210949900964     
 -0.182526958368293     
  2.068953152201435E-002
  1.635584840594662E-002
  0.426117771378792     
 -0.313508904691872     
  0.215637280697686     
 -0.337323894056870     
  0.535656945167475     
 -0.272592902421476     
 -0.334305938972458     
  0.101589372255715     
 -4.876135061033546E-002
 -0.394711298624920     
 -0.243923263824047     
  0.302950203314839     
  4.276351472072549E-002
  0.473596288639807     
 -0.240480377127034     
  0.123846941592147     
  7.655403125900652E-002
 -7.876168382392515E-002
 -0.166502238191041     
  0.307683234387396     
 -0.320952557199204     
  0.136173128728753     
 -5.814612566744724E-002
 -0.367193789750120     
  0.260687065229874     
  -1.40697461722744     
 -3.763341058868699E-002
  0.117392076307495     
 -0.334955025165145     
  3.045638249729539E-003
 -0.131650366096790     
  4.174653389169929E-003
 -0.177569338947670     
  0.506651652838137     
 -2.865117365252889E-002
 -0.144983089251454     
 -3.852771463367644E-002
 -2.503355381348436E-002
 -8.981926903356927E-002
  0.111756454310455     
  0.182748772334595     
  0.311764302979081     
  2.214483117447271E-002
 -0.852302923317823     
  0.652004357225704     
  4.024888036627652E-002
  0.584057366861997     
  0.431324577749174     
 -0.798470135051716     
  0.842235173557413     
  0.365433071817352     
 -0.208527273285684     
  0.319725842576979     
  1.502422927051736E-002
  0.154374474694147     
 -0.236687435305254     
 -4.135861268451634E-003
 -1.710749705017535E-002
 -7.649693410298081E-002
  0.366497075520723     
  2.451941969849851E-002
  0.427863608966592     
  0.345177524178852     
 -0.314769924014193     
 -2.890168718801278E-002
 -0.290760286574843     
  9.131286732907452E-002
  0.280607257657851     
  0.287199034148158     
 -0.222090381595155     
  0.116046938646336     
  0.149289290468401     
 -0.143529848968550     
  6.625169987667533E-002
  0.262823314579163     
 -0.105367010035175     
  0.424811661443299     
 -0.673593455084926     
 -0.515528783638835     
 -0.451529602998868     
 -2.431679572262219E-002
 -0.138128473581103     
  0.407320243633085     
 -0.301753722568672     
 -0.716875470509057     
  0.204084109505826     
 -5.395163838516539E-003
  0.170700306184833     
  8.079974164428808E-002
  0.459327508619272     
  8.171191787130183E-003
 -0.205307264600851     
 -0.280058853688659     
  5.293494119186357E-002
 -0.104539766284813     
 -0.420173975512977     
  0.355067165021024     
  2.914347159964354E-002
  0.173042658956536     
 -0.276700899201729     
 -0.252779208061249     
  0.294172381322594     
  6.229875043633843E-002
 -0.118825751882527     
  0.691874228047174     
 -6.550989636191060E-002
  6.231244591484190E-002
 -0.301082357030576     
  3.124588356370111E-002
 -0.269845605639355     
 -1.901017541798060E-002
 -1.969566168527470E-002
  9.300484228872186E-002
  0.275140812524215     
 -0.310656285040929     
  0.404779204022000     
 -3.705911069213317E-002
 -8.018652854215545E-002
 -0.477106528732738     
 -0.422059672755933     
 -0.387340197194316     
 -7.158421690823903E-002
  0.110921242575516     
  1.039324942965558E-002
 -2.138083448938896E-002
  0.276169369631169     
 -6.030099242710849E-003
  0.153595294204968     
  6.372345373632586E-002
 -0.226290657858968     
  0.133070259545756     
 -0.427340789943777     
  0.165842627211699     
  0.189871741014291     
  0.383071160320942     
 -0.149093516038852     
 -4.056281740287278E-002
 -0.174240954087176     
 -9.510934030487306E-002
  0.275065733305797     
  8.956864565319139E-002
  0.136575865300556     
 -0.412417198573799     
  0.337324105123080     
  0.134740890310817     
  0.188867971878400     
  0.177043841432603     
 -7.528279175968992E-002
 -0.128188699002453     
  0.506792001988574     
 -0.181619253472434     
 -0.354472502790782     
 -0.557752258854732     
 -0.150102548934280     
  0.768551587068109     
 -0.749162959123910     
 -0.126585925615314     
 -0.430844338755631     
 -5.005433614225073E-002
 -0.337437942190622     
  4.732681711736198E-003
  0.135601071360245     
  0.121940587374431     
  1.412539373376181E-003
  0.162163265416130     
 -0.397554001079938     
 -1.170425639492709E-002
  6.924303568316879E-002
  0.231012235919851     
 -0.209494254889242     
  0.449767939421879     
 -1.253297861196112E-003
  0.187283936735919     
 -0.102013113062369     
  1.032576785450846E-002
 -5.037422372016971E-002
  0.112154005886405     
 -0.206403374129904     
 -0.225193884600000     
  0.265794959921713     
  5.925051969927080E-002
 -0.117521377106697     
 -0.225883005798702     
 -4.472136380901806E-002
  0.214561956449149     
 -0.455755627022416     
  6.092373050212950E-002
 -0.752077139278421     
 -0.183702806707095     
 -6.774826887460907E-002
  0.134485365149178     
 -0.480025777005571     
  0.300903078555347     
  0.212808529223282     
  0.113727119366906     
  0.189821676109617     
  7.998021907493105E-002
 -2.255512751871327E-004
 -0.142042641379743     
  0.136808485339263     
 -0.164742861102180     
  0.232800380552222     
 -6.612521628534937E-002
  0.454795893742901     
 -9.715675315531358E-002
 -0.288198675005855     
 -0.623618552375525     
  8.699117101621977E-002
  0.175092117377724     
  0.534960487870707     
 -0.966298000920897     
 -0.100736674558901     
  0.108693653628048     
 -0.327816775535216     
 -3.707589287152690E-002
  0.314051061583831     
  0.205470482934001     
  0.466984012864145     
  0.483291440288922     
 -0.257265068719861     
  0.130602690198519     
  0.555131816336679     
 -5.727744845896503E-002
  0.699594421723701     
  0.416745144261241     
  0.429274994126392     
  0.173163376371331     
 -0.201478635370615     
 -0.204442699277236     
  0.137384789067044     
 -0.154207747605889     
  0.178416960771306     
 -6.593689209515331E-002
  8.076904161150289E-002
 -0.231066285675101     
  0.148382408566586     
 -0.435698636152771     
 -5.482112242215197E-002
 -0.338997324593150     
 -0.222488219783663     
  1.265853051049758E-002
  0.383123073850882     
 -8.567933465119397E-002
 -0.193917634480707     
 -0.402836485346963     
 -0.266082699901186     
  0.179040118322889     
 -0.257943972748690     
 -0.807212040407156     
  3.366708103365536E-002
  0.259029589093042     
 -0.464151835935088     
 -1.061471444035473E-002
  0.358747523522097     
  2.613943068502694E-002
 -0.171439570693351     
 -0.122311870666058     
 -0.258699660107378     
  0.291453855348139     
 -1.409652693363422E-002
 -0.432725275210689     
  0.342829365940757     
 -0.112818670847064     
  0.137725193481981     
  3.969325764908770E-002
 -0.140763926071778     
  0.358679488329410     
  1.758999084423726E-002
 -2.321437143003265E-003
 -9.464018775502975E-002
 -9.957913479699507E-002
 -0.291970379725323     
 -2.250465683259829E-002
 -8.017729535113652E-002
  0.235054972154021     
  0.115161857164608     
 -0.565030953754528     
  0.240793039358046     
  0.119679172352920     
  8.737203478814003E-002
 -6.124474564291761E-003
 -0.519935394914058     
  0.118099658740260     
 -2.370878537637723E-002
  0.440480465506360     
  0.128560893025247     
 -0.374152298391612     
 -8.591576059884306E-003
  9.238438204614263E-002
 -0.508536397422942     
 -0.793767770410564     
 -0.389020941611117     
 -0.103569950353755     
 -0.468712754159855     
 -5.525990068893939E-002
  1.182613943320020E-002
 -0.386691392429652     
 -3.179367961674771E-002
  2.964885507134268E-002
  0.591805917045245     
 -0.365334950448167     
  0.210808749776828     
 -2.629657649981196E-002
 -8.884249976122774E-002
  0.328054763510264     
  0.282719066788272     
 -9.168612781778226E-002
  0.446267139546379     
 -0.638817451573086     
  9.086055313203285E-002
 -0.399500723087072     
 -0.113650310554242     
  0.656084372716664     
  0.159765280544926     
  0.505838007484078     
  3.543672142877700E-002
  0.518206776988840     
 -8.395062828194411E-002
 -0.179451896980464     
 -0.796707983333371     
  4.904756057423913E-002
 -1.521336762480680E-002
  0.356601980423420     
 -8.924325351619598E-003
 -8.869231443827839E-002
  0.223061353778185     
 -0.263111767027947     
  0.192832938146186     
 -0.172030314130038     
  4.147986554912809E-002
 -0.251588194749172     
 -7.137110196913143E-002
  0.647713878903029     
 -0.158215088193213     
 -0.129546645038876     
 -0.124794697047724     
 -7.356710123465553E-002
 -0.194521327118683     
 -0.131599401583789     
  7.129270069599646E-003
  0.323061326224330     
  6.125569485409009E-002
  0.240939178415016     
  0.211342136018760     
  0.162837680353083     
  0.180846421425011     
 -0.105638399101386     
  4.920409302486517E-002
 -7.415711125006899E-003
 -0.102885835223906     
 -0.642189986769963     
 -0.208113678122742     
  7.354390478537250E-002
 -0.367252989030115     
  2.225062282497702E-002
  9.072881194259816E-002
  0.208051263994854     
  0.175958857071626     
 -7.729702685649760E-002
  0.177003757239413     
 -0.340545412410420     
  0.130170905082861     
 -1.523642557744141E-002
  2.269809442211505E-002
  1.421758634772414E-003
  0.169245018099857     
 -7.328280684513362E-004
 -1.363290895128105E-002
  0.149362786455604     
 -0.202343586961197     
 -2.562587407760143E-002
  0.302557706526318     
 -4.240864912052327E-003
 -0.150369852763844     
 -0.104260926528267     
  0.789040884538594     
 -8.313866338338560E-002
 -0.207015931387670     
  0.268256924110092     
  0.193023010595345     
 -0.517206347851239     
 -7.817637154577547E-002
  0.118874573953641     
 -0.187717286161687     
 -4.758531208904014E-002
  0.576301983460102     
  0.344526315681483     
 -1.617110839158350E-002
  0.586048682097928     
 -3.885163872821845E-002
 -0.132601282511933     
  0.190524745941003     
 -0.111363603435575     
  0.229014863219179     
 -3.183112706404569E-002
  2.049152792890054E-003
 -0.343455378850368     
 -9.809344359095037E-002
  2.882427101961464E-002
  5.800383262597213E-002
 -0.151986186749939     
  0.426257473244531     
  5.195682378317158E-002
 -0.133403021074293     
 -0.529021930543437     
 -2.438409236778375E-003
 -0.158635935356243     
  2.876161752975163E-002
  0.117374504960570     
 -0.115356181100729     
 -0.212917985981413     
  9.785144668259289E-002
 -0.150701699550835     
  1.349243809309208E-002
 -9.738310165377306E-002
 -5.385207202912660E-002
 -4.328581609747906E-002
  0.174476726286544     
  0.234999438810769     
 -2.158981994831539E-002
 -0.228253218860287     
 -0.626308929112186     
 -8.207759281466183E-002
  0.517017399085656     
 -6.656985137753355E-002
  9.673375654057394E-002
 -0.193603582720616     
  6.875832001593066E-002
  0.129349058069005     
 -0.222402003935858     
  0.234521710018966     
 -0.313946666349807     
  0.609919930261073     
 -0.234525899411283     
  0.502325574662102     
 -0.196082215526441     
 -8.123431606544662E-002
 -8.617616255873037E-002
 -0.116037637692825     
 -9.417707225929445E-002
  6.706263846456552E-002
  0.548983276037169     
 -7.521880032885539E-002
 -1.588579140790818E-002
  0.177615608337430     
  4.935259832161126E-004
 -0.107871472191910     
 -1.086926985920314E-002
 -0.673162655621250     
  0.681426918978499     
  0.561752522585552     
  0.383343254288963     
  0.173524408354606     
 -0.199556166882061     
  6.300384390923341E-002
 -9.558376072008402E-002
  0.222454855055354     
 -0.158847604141905     
  0.130454136962239     
  0.160760533717025     
 -0.159975551729447     
  0.315012698538338     
 -0.517188984567010     
 -0.141914609531085     
 -0.163895795788376     
  0.551507064543518     
 -0.330235442444586     
  0.560216135512460     
  0.191242709653592     
  0.516999772453708     
 -0.263240238132163     
 -0.147656762346185     
 -8.479492046680226E-002
  0.452744164654455     
 -0.335546720691610     
 -0.621419192300579     
  0.238102415998822     
 -0.175305017688832     
 -0.128344731770589     
 -0.150505796754317     
  0.464458165288447     
  6.565321632215937E-002
  0.249666485296255     
 -0.426982531795333     
 -6.564681279932162E-004
 -0.195150077004183     
  0.123267166375884     
  0.453131921871035     
 -5.559156705259266E-002
 -6.659848661267161E-002
  7.937506169290964E-002
  0.464618010469077     
 -0.155625302558575     
  0.121074847533832     
 -0.540546749308061     
  0.100921160593388     
  0.167395140916974     
 -7.709906860463361E-002
 -0.225906831399935     
  0.143193398447754     
 -0.481401317484553     
  9.248246082522163E-002
 -0.145008432935933     
  0.152789868389031     
  0.168257278263530     
 -0.238884737148298     
  3.572964026199878E-002
 -0.223443513445731     
 -0.446539118635194     
 -0.228198868848351     
  0.169425995484010     
 -0.336224323192162     
  6.533071420694450E-003
 -0.160981853907985     
  6.886790498508306E-002
 -0.371464822301927     
  0.241071273002180     
 -2.135679626848568E-002
  0.213760890102726     
 -6.678218201957874E-002
 -1.443890917367317E-002
 -0.135514511650446     
  4.187165547104322E-002
  0.179077210095212     
  0.566187451889065     
 -1.707721714918730E-002
 -6.132157919799923E-002
 -0.246715796961892     
 -1.787887465833563E-002
 -8.100580518359994E-002
  0.311242932170299     
 -7.398650885305123E-002
  0.164297160470332     
 -2.870874119578604E-002
 -4.345517252129952E-002
  1.421961088556294E-002
  7.339855384288131E-002
 -6.596291345552269E-002
  0.101124846545932     
  5.228270815808297E-002
 -0.671841640231632     
 -0.119462031633324     
  0.160489498047993     
 -0.253575030218387     
  8.088310389126555E-002
  0.341565346610409     
 -0.287807795254934     
 -0.401469255554430     
 -0.159475408693187     
  7.782964327302525E-002
 -0.252199379642888     
  0.357553603221281     
  4.179399505426605E-003
 -2.897413096708866E-002
  0.202659231846946     
 -2.465654090541029E-002
 -0.114656337923513     
  0.392061226690103     
  0.163648160541651     
 -0.149087343672993     
  0.418087713077113     
 -0.610235968796881     
 -0.134610626755371     
 -0.244407540652875     
  0.157349665173311     
 -0.211746347375179     
  0.193141230439365     
  0.212458370442898     
  0.453513179161736     
 -0.500202035099716     
 -1.514451236228599E-002
  0.508678093787384     
  8.420838307533700E-002
 -0.120281798466573     
  0.445830926765029     
  5.392357243698216E-002
 -0.178174434360082     
  0.127884318282908     
 -0.124623836422659     
  0.316795351911285     
 -0.986822411530933     
  0.271839231790657     
 -0.189715642239800     
  2.396236966204065E-002
 -8.184051243320762E-004
 -3.313179427085705E-002
  0.255966137016581     
  0.649503515736040     
  0.166177393487343     
 -2.830655473800740E-002
  0.253118161733545     
  0.165246702472774     
  0.230293512121408     
 -0.117126902115878     
  0.153772764566651     
  3.413289472629790E-002
 -7.351421994434790E-002
 -6.594690209372400E-003
  0.258646700104900     
 -0.303965305812925     
  2.853050617238316E-002
 -0.101133197507277     
 -0.433273337082315     
  0.178425236363669     
 -9.477309526848571E-002
  0.156991417295413     
 -1.907564575977856E-002
 -0.159010749139478     
 -8.270934730496692E-003
 -0.391494202189075     
 -1.047026216385439E-003
 -0.194708535425242     
 -5.334399477821762E-002
 -0.542308146861365     
 -0.244327445352965     
  0.203730050061665     
 -6.034365030052598E-002
 -1.778463871875492E-002
  4.655587953855943E-002
  6.619289216221153E-002
  0.108841225189157     
  0.274453128351124     
  0.156198398596965     
 -0.244067536419588     
  0.366245141574981     
  1.013480599551716E-002
  0.321527112736464     
  0.139587405349049     
  2.509956274511998E-002
 -0.291603605405822     
 -2.827670881028383E-002
  9.115440400975196E-002
  0.198922112946213     
 -0.411142841700873     
 -4.113643629596983E-002
 -0.360951046175921     
 -0.102510144020697     
 -0.140060667531370     
  0.183748602773139     
 -0.436959127979817     
 -2.527893046642208E-002
 -0.255027914146946     
 -0.115050494296020     
  0.179937410671793     
  0.257179341915165     
 -0.155965950511951     
  0.178918936502691     
 -0.383021899842034     
  9.794749606611909E-002
 -0.260466078943795     
 -6.442035022644547E-002
  0.919567542344517     
  3.004364407595825E-002
  0.260724694930544     
 -4.670726002683556E-002
  2.818072976846632E-002
 -6.186080429641302E-002
  0.854469301001421     
 -0.929365339948120     
  0.394332215342746     
 -0.425710373582057     
  9.487434935526445E-002
  0.427883558636248     
  8.261369300808857E-002
 -0.424624680821113     
  0.648967801625349     
 -0.126941454184050     
 -0.176604094848121     
 -0.424370071909553     
   1.03978353395307     
 -0.357805609846166     
 -0.454822804854544     
 -0.421557599853903     
 -0.822910109671386     
 -0.683226262208420     
  5.548112239395644E-002
  0.806877064046745     
  0.780334904092863     
 -0.396423005594136     
  0.645741935129662     
  0.570918933566748     
  8.725493356079536E-002
  0.276463831582809     
 -0.419509714336798     
 -0.117488180360622     
 -0.162843912961736     
  0.112876533330927     
 -5.900998895161265E-002
  5.663160320164366E-002
  0.106189750729674     
 -0.637338213416046     
  5.685716536469244E-003
 -5.050281536741223E-002
  0.146812740773902     
 -2.501479545460341E-002
 -0.131512550429976     
  0.111216262495257     
 -9.701954414106427E-002
 -0.102204063213848     
 -4.735929500065522E-002
  0.220835400074071     
  0.647363215378420     
 -0.155718700991630     
 -0.211121172134125     
  6.213028153014398E-002
 -0.311580131589099     
 -8.962312590043975E-002
  0.303704387046143     
 -0.296965336956724     
  0.250614428204636     
  5.676190727543823E-002
  0.183945777701137     
 -0.416182361154940     
  0.276395471998613     
 -9.679119340412637E-002
  0.636351603190839     
 -0.199966970328880     
 -3.008145909157682E-002
  9.089500561928546E-002
  0.384049140175822     
 -0.256481757155725     
 -0.131917776985254     
  0.209563098225469     
 -7.814738197146456E-002
  1.513303840227554E-002
 -0.292166660610884     
  7.349909821129440E-002
  0.209556903656624     
 -0.465322552601890     
  0.370129334987203     
 -9.198764842536773E-002
 -0.338938904933303     
  0.193759455641522     
 -0.223734925396025     
  0.554277884577929     
  8.055745698165180E-003
 -0.321707284488469     
 -0.446075575186688     
  0.457523685697249     
 -0.507121104241352     
 -0.149784460062133     
  0.174813975751060     
 -0.357387947335596     
  4.882589054986952E-002
  0.183019162451649     
  0.605199988979896     
  0.505271854999723     
 -0.159807263723308     
  0.459507462631584     
 -0.615705197965774     
  9.886269401821862E-002
 -0.507427511907492     
  0.733952155233499     
  0.822149170527037     
  0.120565718011000     
  0.275957193619700     
 -0.505934431074148     
 -0.109033580171442     
 -7.911773153497133E-002
  2.783343848595393E-002
  6.364538291827362E-002
  0.382751761793589     
 -0.187831415817622     
 -7.613988545162056E-002
 -0.472009806511659     
  6.829015879414835E-002
  5.127151964274865E-002
  0.438001791286002     
 -8.100964926190181E-002
 -9.377740887050035E-002
 -0.199742553360258     
  0.171405615556147     
  0.140762291284272     
  0.215563704736422     
 -0.383176122754296     
  0.190696168554395     
 -0.299395089840554     
 -6.240673119273745E-002
 -0.173079622919252     
 -0.464814489108826     
 -0.359945711219065     
  0.495848156524472     
  0.487882044485854     
 -0.101987339274021     
  0.398216282813376     
  0.167685343532740     
  0.391397296604914     
  0.419496826111514     
 -0.183340128600218     
  0.345941959875698     
 -4.629162388040690E-002
  4.719545021303160E-002
 -3.601712439552641E-002
  6.933453601908682E-002
 -0.165013218040319     
  3.164948544400464E-002
 -9.887355023950196E-002
  0.321126185372870     
 -4.744013185688323E-002
 -0.247413210779321     
 -0.404251677059060     
  0.137940682291612     
 -0.127879638416741     
 -0.442477047640606     
 -0.275162693748334     
  0.378513924760688     
  0.162692390496253     
 -0.321653893698719     
 -0.429912666634362     
  0.166476269610995     
 -0.568422505374627     
 -6.118878774470420E-002
 -0.468290383200392     
 -0.526208780446170     
  0.340240202998634     
  0.314611895943647     
 -0.211389933054439     
 -9.182078440616106E-003
 -9.044688893893271E-002
  0.100760434140187     
  0.233445976142421     
  0.478701788436441     
 -0.516064823975031     
  0.221707732224952     
 -0.243535910589429     
 -0.750808932492081     
  0.775447347072711     
  0.236128041007268     
 -8.692700002859688E-002
 -0.281128232355594     
  0.413921915338232     
  0.178341947641825     
  0.278851487486581     
  5.536731617021461E-002
  0.192687836912761     
  0.143687572388223     
  0.799087071040901     
 -0.169379329232706     
 -0.249811413928750     
  0.315773222028378     
 -0.132093835492906     
 -0.369496924772248     
 -0.469776776869222     
 
  0.315941421484719     
 -0.911815771872833     
  0.277086913677046     
  -1.29281463948888     
  -1.14126218756450     
 -0.855411013702409     
  0.655214129315985     
  7.715115953208145E-002
 -0.154666648662073     
  0.744174119852912     
   1.24183848392590     
  0.371218078948659     
  0.869783905880341     
 -0.188154036448977     
 -3.794325593031440E-002
  4.281063301915897E-002
  0.409012922695783     
  0.794863318578347     
   1.01402659253538     
  0.241926155638184     
  0.419334214921662     
  0.619912567563056     
 -0.286619982299674     
 -0.785381218600761     
 -0.169318784701808     
 -0.953239766480008     
  0.715089514071786     
  2.911514821752524E-002
  0.693615803662676     
   1.39740815664644     
 
  0.408043073273695     
 -0.245297983307310     
 -5.047119667651747E-002
 -0.181862095230656     
  0.278141796053827     
  0.406791499661489     
 -0.220416980090350     
  0.171045411158506     
  0.323443799217698     
 -0.398461613015481     
  0.437393219387475     
  8.747953527974492E-002
  0.414335548439389     
 -0.311205379815984     
 -0.376315738192551     
 -2.030825335930268E-002
 -0.351296829460727     
 -0.204201600000511     
 -0.130864559763549     
 -0.343670577619278     
  0.541338098250452     
 -0.136845658800523     
  6.503583738987891E-002
  0.257209207313389     
 -0.431319406255967     
 -0.244251619255123     
 -0.462234968757846     
  0.408418530556567     
  0.343009912770202     
 -8.431955131760085E-002
  0.174795516370092     
  0.207415845273537     
 -2.187881186385415E-002
 -8.120594977663619E-002
  0.682272327059487     
 -8.997911078482222E-002
 -7.470288772417667E-002
  0.259415308734807     
 -0.303178173795933     
 -0.392725092949065     
 -9.509777424763965E-002
 -0.153195290540581     
 -0.365850620530471     
 -0.121872993474129     
  4.835611034284391E-002
 -0.108591647586954     
  5.906670456942799E-002
 -0.149516660475442     
  4.676740382319005E-002
 -0.152596103639158     
 -0.274618246383238     
  8.825170136600698E-002
 -0.242431311787796     
 -0.422508378743122     
 -0.256384373158972     
 -0.344754251249570     
 -3.180395823973129E-002
  0.179068439160269     
  8.723536995607661E-002
 -0.259222302087430     
  0.253931867977194     
   1.11897577932698     
  0.187591384061510     
  0.113093004378393     
  0.190700047639792     
  0.119209285189322     
  0.204770020326329     
  0.513106041672058     
  0.194439072273118     
 -0.159957000533487     
  0.203675320328280     
  0.586018793094657     
 -0.185687650829520     
  0.174933834240778     
 -0.227903077350169     
 -9.398569480267155E-002
  0.213098508459427     
 -5.815769655011442E-002
  0.142329745199156     
  3.961785380886201E-002
 -0.556337796446991     
 -5.081583220976028E-003
 -0.147180540277259     
  3.668820073574394E-002
  0.176434472405176     
  7.102499345830371E-002
  0.223147017738683     
  4.944100367214843E-002
 -8.052976177963292E-002
  0.252500423965938     
  1.780538956957491E-002
 -0.495396452500174     
 -0.569816472303580     
  0.374384745717107     
  0.529629003653446     
  0.412838581915412     
  0.677585425887067     
  0.207943019852609     
 -0.539332513223750     
  0.273158580447792     
  -1.05332020956609     
 -2.288360093552064E-002
  1.394736670936681E-002
 -0.285664025693853     
 -1.017778586334660E-002
  5.761309287736407E-002
 -0.430790323119153     
  0.513249578130808     
  0.336052556483400     
 -0.354570145539881     
 -0.596354646756733     
  0.295977413215016     
 -0.949255981569774     
  0.373242852752023     
 -0.326379249795766     
  0.443378310500467     
  0.254781382180004     
  0.383592603496089     
 -9.833316436787330E-002
  0.412335818954047     
 -0.323175448954397     
 -0.633521652078190     
 -9.044042180986256E-002
 -0.385400187937758     
  0.212960746345782     
  3.043248258198759E-002
 -0.266320032814704     
 -0.431427398047637     
  0.119949979355886     
  0.362192212151357     
  0.985228686195746     
  0.212951076650559     
  5.178760683478423E-002
  0.423802022760429     
  0.288874392026706     
 -0.563338245936783     
  0.295051851144371     
  0.188854331941232     
  3.854438132748706E-002
  0.252119078708708     
 -0.572994895957344     
  0.154336109506176     
 -0.186933488189006     
 -0.260688967578584     
 -0.135165965758850     
  0.576968330220892     
  0.244718295350567     
 -0.575567989168247     
 -0.433891533675769     
  3.041496218682605E-003
  4.077374138400056E-002
  0.413630397349851     
  0.485735863230244     
 -1.348540791050851E-002
 -0.316427052019896     
  0.181077551174307     
  0.230918969587601     
  0.802313359394528     
  3.038081259070856E-002
 -6.768327384290462E-002
  0.523106289832004     
 -0.435470440082663     
 -1.342981233113768E-002
 -0.354030112483993     
 -0.117887280917324     
  0.135657959831259     
 -0.189514166719584     
 -0.364468363252020     
 -0.274873848193015     
 -0.105863061260621     
 -0.386374530158407     
  0.406902969737706     
 -0.273006882648725     
  8.449999583753828E-002
 -0.192347558832102     
 -0.176854781097426     
 -5.701366613105099E-002
  3.084746777031750E-002
  0.282448078538714     
 -8.215038532512543E-002
 -5.976870707387691E-002
 -0.133703332808048     
 -0.176756815426305     
  0.315596959605861     
 -3.342456974138877E-002
 -0.392574113539628     
 -0.407462438015664     
 -0.619871320539396     
  0.179494833978335     
  8.133137955593579E-003
  0.164025032978450     
 -0.262385855952831     
  0.304448882178208     
  6.934986187714737E-002
 -0.157377658142381     
  0.360384316687287     
  7.577417151291037E-002
  3.382707962926527E-002
 -0.542371188660245     
  6.535171273813586E-002
  0.367833747172690     
  0.313046101312394     
 -6.742692774100394E-002
  0.239977454984817     
 -4.073789970252261E-002
 -0.369750161310776     
 -0.168632166951146     
 -0.211636588673651     
  0.147812821344958     
  4.543552111266917E-002
  0.511574008501605     
  0.208205106623222     
  2.257065528282265E-002
  0.183607004642157     
  0.268351208855599     
  0.322865241034052     
  0.433495144399353     
  0.142720018832347     
  0.239680169926204     
 -0.315553057501037     
 -0.107449601887498     
 -0.797265271536500     
  0.248976928496050     
 -0.169756101532231     
  0.389766496278284     
  0.337019549505632     
  0.265595409850831     
 -0.534724066478941     
  8.024665684132783E-002
  0.418033045888056     
  0.710121448899049     
  8.220833662840583E-002
  3.573518458645063E-002
  0.193473155714195     
  0.488259405053845     
  0.269255883089144     
 -9.312467463227185E-002
 -0.435251850540954     
 -5.989387257228410E-002
  0.286753504250662     
 -3.719613625846677E-002
  0.136145877162169     
  0.223056022179540     
 -0.253420041604765     
 -0.388297036737914     
 -0.100437087279537     
  1.940914901477858E-002
 -0.294822017230573     
 -0.587370666669949     
  0.276754984765098     
  0.242851573914950     
 -0.337019241490513     
  0.190573698658219     
  6.758220971106556E-002
  0.276423315883308     
  0.302957437813171     
  0.376512857240063     
  6.171385142440917E-002
 -0.258282677705104     
 -3.901064458542304E-003
  0.273312340622052     
 -0.350405276777322     
 -8.347846074523514E-002
  0.143444398278705     
 -7.989840759895828E-002
  0.157570783919820     
 -0.196355771895698     
 -0.506041346640998     
  0.149344939942451     
  9.802004093477046E-002
 -1.251385800644508E-002
 -2.788315708621484E-002
  0.136461071724199     
 -0.184697103140815     
  6.487980617123792E-003
  0.369830474712024     
 -0.143836615431108     
  0.194511153676201     
 -8.506858677605114E-002
  0.489093302150845     
  0.832146516973387     
  0.809943872936296     
 -0.197461538090361     
  0.203427685178115     
 -0.249205505620212     
 -0.191908375780548     
  1.730400711705766E-002
  0.168137847393198     
 -0.587151398151140     
 -0.193931441948453     
 -2.144836325500907E-002
 -7.904344227019094E-002
  8.458035430307952E-002
 -0.472768393584851     
  0.670382694395463     
  0.289140802802802     
  0.215655964250795     
  0.286338324575266     
  0.232582873873717     
 -0.299596820029374     
  0.415816685625692     
   1.51136858655802     
 -0.250143488452084     
 -0.449633563925583     
  0.426625230759467     
  0.105905134825399     
  3.838069065852722E-003
  0.285410798449292     
  2.235985959836671E-002
 -0.452288123235211     
 -0.214636008652273     
 -0.200538223478950     
  0.295712517225385     
 -0.465356942264991     
 -0.408559508724075     
  0.289368581356468     
 -0.170698446625336     
 -0.289991248526672     
  0.118237181670454     
 -6.770203685886197E-002
  0.401762250525176     
 -8.113724747160524E-004
 -0.232891864474406     
  0.299145145653703     
  1.379391392519309E-002
 -0.193548526649480     
 -0.251780128235624     
  0.328796215599323     
  0.280404923518451     
 -0.422134010560495     
 -2.587277017070515E-002
 -0.151538766581759     
 -1.289409760727556E-002
 -0.347661601092530     
  4.773716833673436E-002
 -0.483720862804538     
 -2.204703114424611E-002
  4.791032696638909E-002
  0.119882152114610     
 -0.619259286640587     
 -0.142430067792277     
  0.100337870382166     
  0.241478104449244     
  1.289227433704348E-002
 -6.322870444522484E-002
 -0.160334745198191     
  2.627525451540705E-002
 -4.042514148029835E-002
 -1.454338481941098E-002
  0.102822046747672     
 -2.580977264849896E-002
 -3.748833758930348E-002
  0.291483471741293     
  0.282153435881933     
 -0.217938321627980     
 -0.122350362441536     
 -4.769430783331322E-002
  0.318893275441127     
 -0.203480001839405     
  7.959304894212678E-002
  0.154769206540985     
  0.159001020785082     
  0.452803596210809     
 -0.347146156755050     
  3.402687173529140E-002
  0.401933871007443     
 -0.299413259042055     
  0.286333631789259     
 -0.265932378802755     
 -0.524053298653610     
  0.325841911557386     
 -6.338865566702864E-002
 -6.054025598608544E-002
  0.131968117599008     
  0.419256870478045     
 -0.197361063055684     
  0.121850896296278     
  0.327535738617401     
  0.227190445588858     
  0.794489303336689     
 -0.211763480750339     
  0.116820375163677     
 -0.260504950315284     
  0.241161229198147     
 -0.462014487661274     
 -0.337144268224975     
 -0.271207955135913     
 -0.652051924721513     
  0.242297331327972     
  0.169735192156760     
  1.511810098239674E-002
 -0.298874626634069     
 -0.167353941056441     
  4.871845383373562E-002
  9.864182602376630E-003
  0.473081915895631     
 -0.106219959750993     
 -4.300890382432415E-002
  0.254436565652991     
  0.563437121819068     
  0.226986150027612     
  0.617212745142890     
 -0.249381164861003     
 -0.291380551216995     
 -3.635279365574452E-002
 -0.522157361455224     
 -1.339968964066584E-002
  0.434699434634767     
  0.173339270076430     
  2.171077120279128E-002
  0.319731269961583     
 -0.243626062095204     
 -0.167214504491173     
 -0.228123439745861     
  6.739770276697132E-002
 -0.110343715714722     
 -0.155823481358344     
  5.998045434099127E-002
 -0.270994969151469     
 -0.401237041589990     
 -5.046284289021015E-002
  0.136262484834894     
  0.612261223710058     
  8.407708990471806E-002
  0.436020278204284     
 -0.542170450154482     
  0.239984404573108     
  0.193721838147678     
  0.420106428779439     
 -0.237295058358783     
 -0.497920306048655     
  0.520438155545008     
 -0.565002515784519     
  0.271070500240371     
 -0.232721639688070     
  0.166959442657404     
  6.869172045167968E-002
 -4.942166181420943E-002
  1.123279551096959E-002
  7.821053532474938E-002
 -0.191035877022044     
 -0.137754217142559     
 -3.495187389608684E-002
 -0.377002079508667     
 -0.144236507895797     
  0.291947380452214     
  0.164953128979517     
 -0.338985292232443     
  0.560984936978437     
 -0.679598434141044     
  0.193125169515650     
  0.135888368633685     
 -2.592857428225664E-002
  0.210527147529635     
  0.352913230543647     
  0.159445763097835     
 -0.370720165962206     
 -0.171739686016619     
  1.591902930103305E-002
  5.734097651525064E-002
  0.510489398438731     
  0.267711567302257     
 -5.969960044959966E-003
  3.465940021269932E-003
 -0.344183911228546     
  9.747008296250601E-002
  0.233546501178848     
  0.267403817068394     
 -0.447619005090026     
 -0.173788266201417     
  0.294351567462441     
  0.199674482239606     
  0.119126412221300     
 -0.441915905956315     
 -0.451439702441981     
  0.159492999986534     
 -0.402527026445247     
  0.474286764079271     
 -0.155539397692541     
 -0.270968181710510     
 -0.370805120968992     
  0.120148996642793     
 -0.463865260676097     
 -1.982911079859997E-003
 -0.285555271278111     
  7.712967696660177E-002
 -0.196758824539745     
  0.192575665353333     
  0.329412443213043     
  0.111878825266507     
 -0.156129606683280     
  0.161035826878080     
 -7.882890680338199E-003
 -0.152308683658027     
 -0.176295890099347     
 -5.287101099845481E-002
  0.135176490659270     
 -0.167830060510164     
 -0.203797799984005     
  3.180844364813464E-003
 -0.243897218606676     
  2.839995693635209E-002
  6.873425633957786E-002
  0.177306331908387     
 -3.668364217762553E-002
  0.137899847009936     
 -0.474156926695527     
  0.206162358366076     
 -6.019261186174888E-002
  0.206857775130229     
 -6.707970446599160E-002
  0.112421924074610     
 -2.058993030448573E-003
 -3.771394782154840E-002
 -3.341829163481254E-002
  0.620389939823524     
 -8.578150970087549E-002
 -0.298612003382031     
 -0.137419286132128     
  0.265099185624341     
  0.135170732336634     
 -0.377367512035123     
  0.307510121399852     
 -0.102293671875098     
 -5.721014563835668E-002
 -7.231772548337342E-003
 -0.287074835549712     
  1.926337641969040E-002
 -0.256212027520453     
 -7.622987374026093E-002
  0.199100437210911     
 -9.019283465345307E-002
  0.144147511285109     
 -0.310244607332485     
 -7.266595127658697E-002
  0.120603652416930     
 -0.328295217614604     
  0.171774781699770     
  0.400878060880853     
 -0.271148795812692     
 -0.340221283721435     
  0.241534721954059     
 -9.214482746469667E-004
 -0.184079856289070     
  0.643759060480470     
  4.853305372937788E-002
  0.207503260102969     
 -0.183336028115607     
 -0.180616666713288     
  0.346312305404461     
 -0.154869472821453     
  7.917579484290752E-002
 -5.275321734627070E-002
  0.351465958562455     
  0.185234385655642     
 -8.894556611910071E-002
  0.434775664507039     
 -0.192086996767841     
  0.502124369010207     
  0.306280158375014     
 -0.674881998045871     
 -0.305104302606835     
  0.358377635546649     
 -7.082312457480257E-002
  0.403934102330245     
 -0.144863855049406     
  0.333482433225274     
 -1.719803772099991E-002
 -3.005666328889967E-002
  0.278824202345674     
 -0.658701835625436     
 -1.821798201051956E-002
  0.107728096543353     
 -7.487720119916998E-002
  0.686874614140817     
 -9.246805585465817E-002
  0.164144570009641     
  7.350602866946655E-002
  0.151606280412225     
 -2.536073092987670E-002
  0.485742404398066     
 -0.327075764414433     
  0.756607501483763     
 -0.585868995171649     
 -0.455167632672962     
  0.358911252054652     
  0.845491069739631     
  0.101503336312916     
  5.653519277771762E-002
  0.755679218798352     
 -8.294268090393707E-003
  0.419179500381619     
 -0.446733040205028     
 -0.422048675736125     
  0.554867760115932     
 -0.229567437100191     
  0.185983728518959     
 -0.325669146804268     
 -0.245132643742163     
  0.403547568532549     
 -3.621534646200777E-002
  4.759872697232755E-003
 -5.952303293918192E-002
  0.336201220398236     
  0.389829377811959     
 -0.377631777977303     
 -0.443558482374216     
  0.319698020795108     
 -0.254998833797463     
  0.165986098408796     
 -1.785333013235299E-002
 -0.263441461039813     
 -0.268475783938875     
  3.174821228933770E-002
 -8.669332200151857E-002
  9.767037096519397E-002
  3.570026810678949E-002
  0.169669246094598     
 -0.406004700613481     
  0.313210493244081     
 -4.405282262299717E-002
  3.656164910185085E-002
  0.120954777415844     
 -0.120766372398689     
  0.228328152497890     
  0.762753749683540     
  5.481469787264647E-002
  0.243917009842298     
  0.773008843055055     
  0.257248767163960     
  0.329734470903477     
  1.527034673180703E-002
  0.231151599424097     
  0.405159416683711     
  0.121663828772841     
  0.492748328670089     
 -0.346791004185973     
 -0.134837109262726     
  0.118327238118580     
 -0.309427430013496     
  1.142355859149618E-002
 -0.473948238626295     
 -0.292776904457892     
 -3.298822364406977E-002
  0.250315578690134     
  0.347636364660336     
 -0.236905781698203     
  0.337990448131040     
 -0.186378068916372     
  0.147933023024811     
 -0.190891804389521     
 -0.108911330924657     
 -0.417089889835772     
  0.291091265042321     
  0.217067540678503     
  0.398698066247835     
  0.166676681021130     
 -8.905339024801155E-002
  9.554483059763816E-002
  0.107031978994602     
  0.130492351237303     
  8.607687340147989E-003
 -0.448192956301827     
  0.532963540559574     
  0.112197505373827     
  0.116021834965146     
  0.472025383462434     
 -0.510257923537882     
 -6.772058151612831E-002
 -0.411493736873231     
 -0.121603175224390     
  9.973043209921081E-002
 -0.127775436434799     
 -6.872905646552070E-002
 -0.274436413489763     
  0.298466922140333     
  0.392180745726868     
  0.273698969020306     
 -0.534064864465391     
 -0.404224106358604     
  1.480528836123808E-002
  0.225714718292441     
 -0.226837055614473     
 -9.039248107771185E-002
 -0.221393599274625     
  0.583545011153944     
  0.614552454250510     
  0.255429506388922     
 -0.198641155700840     
  3.692897848562720E-002
 -0.352872705376009     
  0.166905942225734     
 -0.462346012768843     
  0.570572821678774     
  2.267782366839693E-002
 -0.445401061618896     
 -5.643732701895372E-002
 -4.437936804005344E-002
  7.867859850460487E-002
 -0.146785065704227     
 -0.230008483353198     
 -0.105645266891903     
 -0.185098124149321     
 -0.309440871807893     
 -0.429694802346419     
  0.150998855679756     
 -0.198170290366413     
 -0.149257731469659     
  0.333529516781282     
 -1.189991470100926E-002
 -0.101835934770372     
 -0.288795749461718     
  0.463234732318969     
  0.181599919419861     
 -0.175156044494143     
 -0.286771171177976     
  0.427736756603401     
   1.10992445772018     
  0.410383543180679     
 -0.133108022045317     
  0.457201248232285     
  3.310911724572417E-002
 -0.540558735666568     
 -2.710659831590221E-002
 -7.206949050803525E-002
 -0.158880427691619     
  0.735556260651103     
  0.370427281640982     
  0.320888670378875     
  9.071536115413166E-002
 -0.135497437742269     
 -9.339996023799958E-003
  0.331919177574147     
 -0.269571259845027     
 -0.367273389874744     
 -0.452870317887982     
 -0.416525731595613     
 -0.406785995737026     
  1.108584509888753E-002
 -0.335320172940091     
 -0.217456089384379     
 -0.594654322766259     
 -0.291530230418595     
  0.354644218010134     
 -0.483540508570913     
  0.294127003137065     
 -0.313429369856531     
  0.289401478297023     
  8.027541299510170E-002
  0.475927589267769     
 -0.394797081863930     
  7.724211635904972E-002
 -0.246895402099648     
  0.318619582127426     
 -4.319603834948095E-002
  0.862112718408761     
  0.348962752595224     
  0.284105109661097     
 -6.968357681558290E-003
  5.757985736801220E-002
 -0.164051885768365     
  0.521270601518188     
 -2.011791057580516E-003
 -0.168354364492390     
  0.237568385020119     
 -0.508399133527403     
 -0.329211573283280     
  0.424680964115650     
  0.420996232996224     
  0.435065950183485     
 -0.272363313223204     
 -6.635083702820115E-002
  0.582807050036459     
  0.275093732734152     
 -0.160417984071281     
 -0.374267887682711     
  0.101523206979707     
  0.565965465183673     
  0.356173548959256     
 -0.360639331301152     
  8.026607506741751E-002
  0.136870897421375     
  0.397621437208098     
  6.755564618059898E-002
 -0.376768839840855     
  0.568498769330807     
  8.850538897985372E-003
  0.367201569960913     
 -0.410299072540888     
  0.212779853308090     
  0.530443011023105     
 -0.449302794771398     
 -9.395488498108441E-002
  0.143762582471364     
  0.114672884679742     
  0.352134659280496     
  0.106058214696657     
 -3.683515739842769E-002
  0.106933527043165     
  0.201707792701332     
 -0.480907720551269     
  0.489196476714035     
 -0.289522450338149     
 -4.292804420561476E-002
  0.159426990948165     
 -0.293995748306982     
 -2.032548420694336E-002
 -0.171450851120286     
  0.101590654492080     
  0.256199157060672     
  0.801190262730096     
  0.252115372875362     
  0.443223731706778     
  0.164373517536591     
  2.258606914654436E-002
  8.297552285621243E-002
 -0.164207835587547     
  0.537970633568646     
  0.252476711973495     
 -0.692397094700625     
 -0.408410974943808     
 -0.185940032791795     
 -0.182252892982458     
 -0.255495430434506     
 -7.944824945476728E-004
 -0.277238878509271     
 -0.302450994502818     
  7.890581903383123E-002
 -0.272288875732812     
  0.211011912385762     
  0.213223478828255     
  0.205819407080922     
 -0.743865046794553     
  0.107864094836724     
 -7.989475242249248E-002
 -0.820848993989029     
 -0.586783578113073     
 -0.545960510715316     
  0.323073962315950     
  0.404847915049116     
  0.387370100267217     
 -0.664294589771484     
 -0.345533429676891     
  0.543699709047787     
 -0.749474647059957     
  2.226386078640120E-002
  0.696676673974068     
  0.170199635748100     
  0.606129510258329     
 -0.858152825942081     
 -0.115274352802396     
  0.135024237233633     
  0.171721318281310     
 -0.625632577917768     
 -0.397055245941426     
  5.544900213522040E-002
 -0.533997046797599     
  8.949600441685934E-002
 -0.401548315298211     
 -0.726657217827159     
  0.460580193694841     
  0.458762766103910     
 -0.412238702930074     
  0.206220425439917     
 -0.498914040291491     
  0.173123590290439     
  6.099974834116247E-002
  0.189396990647499     
 -0.644363343762594     
 -0.255153827732884     
  0.156110792152190     
 -4.626516552234735E-002
 -0.175065983032485     
  0.664281374573366     
  0.117284274727983     
  0.453208109218567     
  0.347900907732343     
 -0.138442630857332     
 -6.617519910753722E-002
  0.551751195450446     
  6.836795260440889E-002
 -0.372839178487334     
  3.177240004500681E-003
 -0.309248377058460     
 -8.501917929893518E-002
  0.357528624446132     
  0.229469569663246     
 -0.161295096790684     
  0.138015463463483     
 -0.395697853928686     
  8.368146325750885E-002
 -1.368037444810609E-002
 -0.287105925216994     
 -8.185233648620949E-003
  0.255490376538691     
 -0.394155573960931     
  0.118914223664858     
 -0.291811219417170     
  0.182508615065227     
 -0.335420540595353     
 
 -0.618454172415200     
  0.612824399835094     
  -1.12451768729240     
 -0.380103954803215     
  0.245274929513806     
  0.361216982881760     
  0.328440668821211     
 -6.231483608120097E-003
 -0.513758195534030     
  8.439090279164085E-002
 -0.836552116296390     
  0.184322376987953     
 -0.295749899333485     
  2.783458244709017E-002
  0.324337188608003     
  0.813887270157641     
  0.188575382864618     
  0.157227079247280     
  0.337550325380205     
  0.415751818318044     
  0.140122300942987     
 -9.833947790064709E-002
 -0.168410016010036     
 -3.043026533094554E-002
 -1.635005712172649E-002
  0.318995785969688     
 -0.176032615470364     
 -0.172573016985415     
  0.360650579815160     
  0.333816352784125     
 
  -2.22651407274559     
   1.77870630889897     
   3.34832804994661     
 -0.499154591910392     
  -2.15185787033006     
   1.43281611677758     
   1.74459372753320     
  0.225413010411306     
  -1.20820602318571     
  -2.35570504621889     
  -2.22065254475471     
   3.19920410747817     
   2.06645756571641     
   2.55221676567438     
  -1.13335014639498     
  -1.97546628132726     
 -0.143878949186963     
   3.14717174857254     
  -3.58263677709472     
   1.53095859766054     
  0.837958442519285     
 -0.792234738008292     
  0.947715599225519     
  -1.16815252028773     
  0.486364797686367     
  -1.56288191091862     
  -1.90768002813819     
  -2.97092095199444     
  -1.11379313103271     
  0.940984092240155     
 
 -3.939104761904762E-004
 
  tansig  tansig 
