 0.716832275807962604E+00
 0.320808045968729827E+01
-0.241848950139983199E+00
-0.110329413443516877E+00
-0.615019441931909314E-01
 0.190754898213082602E+01
 0.947311661296220797E+00
 0.241327820302198910E-01
 0.170961338591198962E-01
 0.131773273497454113E+01
 0.608921141903070895E+00
 0.506279659456657316E+00
 0.391116812246238343E+00
 0.563576168537768818E+00
 0.858654723751278270E+00
 0.263852977762456253E+00
 0.250741715623839234E+00
 0.733626042117618171E+00
 0.110823936064913031E+01
 0.770713897930336844E-01
 0.785495204480982229E-01
 0.158774665136900417E+01
-0.723745243602267885E-01
 0.549504930169901429E+00
 0.670348234977477087E+00
 0.387487601439633012E+00
 0.326216699508514507E+00
 0.509243099689383971E+00
 0.756896528526877166E+00
 0.126269837210567282E+01
 0.131767758956759162E+01
 0.135284714234298414E+00
 0.233803803946467159E+00
 0.171775781018170437E+01
 0.143272073520855581E+01
 0.169289030090698334E+01
 0.367808064477453156E+01
 0.187920468662414319E+01
 0.427982037704236085E+01
 0.392183493843713471E+01
 0.108050129118414571E+02
 0.503689619604047767E+01
 0.563280541396838164E+01
 0.175675781210743764E+01
 0.363047862320744152E+00
 0.265363132611502994E+01
 0.113322832992786093E+01
-0.372820773028503083E+00
-0.196724726856189719E+00
 0.878580933650217610E+00
 0.104085934048529838E+01
 0.105202499440463648E+01
 0.625900858378948044E+00
 0.124157721302983012E+00
 0.590052894030602681E+00
 0.752282790432674320E+00
 0.457345862259129599E+00
-0.144376012773500761E+00
 0.259989940098278527E+00
-0.745469375052499050E-01
-0.605888297565993841E-01
 0.259902009129327205E+00
 0.579356563698329219E+00
 0.925792220584166353E-01
 0.950469455179660944E-01
 0.795821935769833511E+00
 0.999533966308174537E-01
 0.206827284249979565E+00
 0.247310905745741993E+00
 0.609676427599083026E+00
 0.446391606976912880E+00
 0.284916668465105161E+00
 0.372827981073965808E+00
 0.584814280552156562E+00
 0.641589163814484720E+00
 0.495766819346302845E+00
 0.785172662061684123E+00
 0.970354582346556471E+00
 0.118222213889299377E-01
 0.844797065723057683E+00
 0.163204471644121596E+01
 0.179734347553313606E+00
 0.157035020135573933E+01
 0.134691474947392842E+01
 0.334415544485399030E+01
 0.444276318803507397E+01
-0.793712488938828203E-01
 0.146352867367653805E+01
 0.559458767510630395E+00
 0.887238518960930644E+00
 0.226731055137201531E+01
 0.121613042707849339E+01
 0.565390699822862941E+00
-0.310875752555556439E+00
 0.837299049644029680E+00
-0.176986067017454313E+00
-0.982621522666021485E-01
 0.288657678335188128E+00
 0.467408430895873250E+00
 0.250752997744418227E+00
 0.150019214587103822E+00
-0.337218194606373547E-01
 0.276337117718238434E+00
 0.382170762293201835E-01
 0.297153089383867183E-01
 0.344442426074473673E+00
-0.366593148757467846E+00
 0.870020614426450928E-01
 0.811063569963674791E-01
 0.758573688057271045E-01
 0.717630453008233082E-01
 0.107458086700102817E+00
 0.113129072628282590E+00
 0.161725130910460174E+00
-0.413131194775656421E-01
-0.723209955688141060E-01
-0.828085079208211311E-01
 0.226499198623395598E+00
 0.289906527710896700E+00
 0.140224990450675741E+00
 0.204991430298834737E+00
 0.221404279553349237E+00
 0.321992352485646449E+00
 0.228340573083020887E+00
 0.411722217108355160E+00
 0.262224451004495429E+00
 0.641778893971482578E+00
 0.765983987533670890E-01
 0.177769218164806814E+00
 0.764184312460533310E+00
 0.133936246371759204E+01
 0.000000000000000000E+00
