-0.156999729349978051E+00
 0.168047503752240357E+01
 0.168003914918956565E+01
 0.375841828389084531E+00
 0.219236649007699264E+00
-0.130252384672661647E+00
 0.218635096675376861E+01
 0.912541615493040331E-01
 0.638392589983353548E-01
 0.391713181264691124E+00
 0.667060282664299398E+00
 0.561441069465874132E+00
 0.421030961667815062E+00
 0.673182081608344196E-01
 0.650529769962097215E+00
 0.585094088821164759E-01
 0.515031696877759557E-01
 0.141579614351957028E+01
-0.942400918932450454E-01
 0.273261252808308597E+00
 0.295870203806467391E+00
 0.318569816567229658E+00
-0.350504322517364852E+00
 0.183456674720855001E+00
 0.239808610961812468E+00
 0.740992678022454609E+00
 0.291129251289680202E+00
 0.404825820169517792E+00
 0.583392013077192795E+00
-0.406755510067829007E+00
 0.163943892408511682E+01
 0.687214039703672452E+00
 0.116648712226521645E+01
-0.473507123419427911E+00
 0.434174437642319833E+00
-0.103577760975275671E+00
-0.227297859770556693E+00
 0.325779322833559926E+01
 0.255388222519272157E+01
 0.106413819926332853E+01
 0.299288073643052188E+01
 0.468649486026573570E+01
 0.906732605505797196E+01
-0.218986189154029676E+01
-0.391658865417688962E+00
 0.160283032271862136E+01
 0.151407498249695260E+01
 0.265432610446951378E+00
 0.153679084743956335E+00
 0.799995306834041187E+00
 0.934556821211977251E+00
 0.299480462847453166E+00
 0.161886146159680500E+00
 0.703277203913630800E+00
-0.215915621252900897E+00
-0.294289334125994173E+00
-0.181495145657139256E+00
 0.454984521334928005E+00
 0.747212659515875399E-01
 0.242121697644264028E+00
 0.193674604467446915E+00
 0.574564688580290195E-01
 0.297114597335521813E+00
 0.808491269528067297E-01
 0.863962476505407556E-01
 0.680302070393902780E+00
-0.353009362521324810E+00
-0.182057441782601914E+00
-0.205273564441053297E+00
 0.531420850411259416E+00
 0.232256792662696443E-01
 0.164460916142480235E+00
 0.213295418600229436E+00
 0.183434650926091236E+00
 0.589283881894695050E+00
 0.350871955841368488E+00
 0.570695394239408627E+00
-0.607602650971129865E+00
 0.400571789839902825E+00
 0.455543233345583443E+00
 0.968197620185872521E+00
 0.183941561788649000E+01
 0.792873185878192110E+00
-0.402989569406390691E+00
-0.103501652137866418E+01
 0.267700369185432763E+01
 0.193463104472033653E+01
-0.615391760873193583E+00
-0.266582569410529491E+00
 0.160959527917652956E+01
-0.168997734792827203E+01
 0.582491346130942000E+00
 0.248177856007817277E+00
 0.528532855889072728E+00
-0.552061210218831144E+00
-0.400939966617757312E-01
-0.181267978930707667E-01
 0.401160247199906450E+00
-0.521870960400042105E-01
 0.104568102391876513E+00
 0.595137633945764383E-01
 0.186687038651608156E+00
-0.352719081256359757E+00
 0.554943648135366660E-01
 0.425777620092159595E-01
 0.227555497571150595E+00
 0.523564233766653161E-01
 0.543548082007736799E-01
 0.467707827852374414E-01
 0.552824367280242562E-01
 0.749567064843969511E-01
 0.590939986472682338E-01
 0.616814555729873690E-01
 0.140532292630675959E+00
-0.121120679053759707E-03
 0.365638886044645020E-01
 0.456927563312028509E-01
 0.217901630156647541E+00
-0.162399572769061945E+00
 0.761376611091825334E-01
 0.113731801434133195E+00
-0.383010092900369506E-02
 0.177517710106938870E+00
 0.365592011743548799E-02
 0.731631080330299218E-02
 0.340293528304772483E-01
 0.428360280572752036E-01
 0.183227048488518646E+00
 0.434390444148150423E+00
 0.429828890620629234E+00
 0.121968378127606170E+01
 0.000000000000000000E+00
