     33 -    30 -    30 -     1 
rmse=  28.9700meV
  0.388038372379788     
  -2.00525778197156     
  0.936511711102400     
  0.145568983934799     
  0.790601713994722     
 -0.171987355322855     
 -0.351187896410679     
  0.417346782092610     
  0.366485283945692     
 -0.487547580389318     
  0.320000239904930     
   1.74157597803827     
   1.50668251120687     
  -2.27117968464394     
 -0.400585011260368     
 -0.426188912819008     
  8.582116741460565E-002
  0.493008261517826     
 -0.628497099153657     
  0.324038096643780     
 -0.742628625760843     
  0.819155125614633     
 -0.810415558986265     
 -0.418683055402843     
   1.55363899302597     
  0.131879773165751     
  -1.99078657518659     
  0.445604535499121     
  -1.43910134072071     
  0.717769430306612     
 -0.389426520007299     
  0.376795815328405     
 -0.818196236985931     
  0.417686067402928     
  -1.43240707003699     
   1.07534537846696     
 -0.543345423400566     
 -0.692537527346773     
  0.644794965336578     
 -0.608914024960287     
  0.447683358695363     
 -0.413930720127240     
  0.650597361409251     
 -0.460215848697075     
 -0.235009662992319     
  0.617611207258404     
 -0.318371841820014     
 -0.587827838566828     
  0.220125220581318     
  0.333304167283291     
 -0.211919120392736     
 -0.743559796744666     
  0.456260268556739     
 -0.440363060333253     
  0.619216163221368     
 -8.843927955872148E-002
 -0.178850969458163     
 -0.697477778824681     
 -7.604206910767425E-002
   1.09669469726273     
 -0.190531057676135     
  0.294885197959882     
  0.591659588035513     
 -2.740473903859418E-002
 -0.717929553050971     
  8.471209197997434E-002
  0.941578145814967     
  0.115026768598865     
 -0.238182068133979     
  0.849690565676265     
 -0.930221141880781     
  0.444032431687503     
  0.280071920619380     
 -0.162005038843522     
 -2.759934823119243E-002
  0.235441999779805     
 -0.150184340412887     
 -0.450144340136092     
  0.557842870412539     
 -0.133196957812102     
 -0.285141710706942     
 -2.820492346101263E-002
   1.10398635540391     
  0.667115766221852     
 -0.644150241014916     
  0.673694871478145     
  8.475084095803595E-002
  8.714924277991182E-002
   1.09397520329868     
  0.243736923481332     
 -0.300953998407044     
  0.385786239250157     
  -1.26382813681060     
  -1.17158245533530     
 -0.937130281070634     
   2.28119589639377     
 -0.375975165970773     
  0.820453630332415     
  0.235588777328691     
  -1.15140988204678     
  0.364605957815149     
   1.43344775520629     
  -3.25297406517338     
  0.399323778616685     
 -5.182607433855643E-002
  0.591519211328361     
 -0.767137447778742     
  0.815896770462525     
 -0.967312011743327     
  0.117779400242907     
  -2.82190996717290     
  0.351856557093615     
  -2.30846781622376     
   2.13014723303796     
  -1.90505732185704     
  0.439771871134549     
  0.222486783418427     
 -0.677190302227479     
  0.228266322575554     
 -0.146652811525090     
  0.359420881067274     
  0.477765042559599     
  -1.04417891082832     
  0.247893217001171     
  0.136527483090792     
 -0.554357644443459     
  2.714371945639543E-002
 -0.819543407864990     
  0.671681400722157     
  0.632460579856538     
   1.35544083882598     
  0.597345489725544     
 -0.425479759345962     
  -2.30432112866751     
  0.408253007908403     
   3.19851617107152     
 -0.111061439458151     
 -0.106004913215181     
   1.33116514580104     
   2.81700039407041     
  -1.05960492730966     
  0.499205231875354     
  0.350184947112642     
  0.927045841325053     
 -0.971362098491578     
 -4.881409467388275E-002
  -2.19552267507602     
  -1.81695965718836     
 -0.255938103687142     
  -1.55087686888125     
 -0.257872833791931     
  -1.37351429559321     
  0.252637944942697     
  -2.69507810426315     
   2.02922357534744     
   1.83714097712334     
  0.728288141302711     
   2.57461551577798     
  -2.79149807575815     
   1.14504638034663     
  -1.55857683371812     
   1.06673294108141     
 -0.775480578264998     
  -1.57311083375954     
   1.61573244437076     
  0.887171263663724     
 -0.803387377628545     
   1.37372050803750     
 -0.711889128370295     
 -0.719126809138839     
 -0.603448310846213     
   1.02035446085977     
  6.161000100144789E-002
  6.796456746327503E-003
 -0.306640939860606     
   1.05918347413581     
  0.498898397534763     
  0.292772145931248     
 -0.137045765958004     
 -6.779372027224602E-002
  0.928181363905261     
  -1.31017911827332     
  -1.03709672127235     
 -0.256275973986544     
  0.335982829548974     
 -0.474394026109058     
 -0.178534214759095     
  -1.05418142257620     
 -0.445034783823253     
  0.310621804611369     
  0.910168903412357     
 -0.514486866796859     
 -0.135798985321870     
  0.920516010937492     
 -0.196276033318718     
 -0.497839281582647     
   1.35032442419503     
 -0.329824367867558     
 -0.252381759079894     
   1.30635759993931     
 -0.495192935790456     
 -0.152895636178311     
 -0.929403096602580     
   1.00567392789260     
   2.20917525006160     
  0.332676894597902     
  0.438227423039036     
  0.274660190063980     
 -0.209332638550326     
   2.72425713009412     
  0.198432401715741     
  0.373300237482024     
  -1.34927676631160     
  0.269315084790425     
   1.17204395271555     
 -0.832433775871377     
  -1.30499683070260     
  0.216963298087629     
  0.931503565602145     
  -1.23218245991189     
   1.25293799372967     
 -0.752511783620436     
 -0.630740980046167     
  0.233580292014289     
  0.440427225398882     
   1.26109083665308     
 -0.624490591282037     
  0.362530613935211     
 -0.890886167296499     
 -0.408878061505639     
 -0.247047581793428     
 -0.225956283975477     
 -0.454729317166294     
  0.642933327489414     
 -0.302734202380978     
  0.535910002700636     
  -2.29438394522377     
   2.71557499069839     
  0.455492921456025     
  0.150385488935856     
 -0.202566723559599     
  0.625368065530543     
  0.490790583819087     
   1.23923739879321     
  -1.76399752692598     
  0.678231178304472     
 -0.728413201118862     
 -0.555956355564911     
  0.413652535662284     
 -0.920303054224970     
  0.242920342709879     
  0.572000844515539     
  -1.17889021577787     
 -0.914772527943665     
  -1.42357770833737     
  0.676961532714467     
 -2.171695344288407E-002
   1.38507914431726     
  0.651967316055331     
 -8.370210201845696E-002
  -1.87767462327393     
 -0.639905622794924     
  0.370288656818291     
   1.56273779125482     
 -0.338597482972390     
 -0.869799118789288     
   1.19588384476033     
  -1.06640409004937     
  0.887325578740650     
  -1.82970632249181     
   1.47196043435568     
 -0.788792866535747     
   1.17112656234735     
  -1.72606763573808     
   1.56227769854731     
  0.649876175014338     
 -0.328024355552020     
  0.968095354653510     
  0.133584653444008     
  0.247725521419791     
 -0.914970299467368     
 -0.748522325864979     
 -8.164286678549762E-002
 -0.250079156048338     
 -0.510005196856880     
  0.774487521248731     
  -1.18990989096822     
  0.144635498215747     
 -0.957215324937565     
  0.626763791812333     
 -0.201114591572934     
 -0.697512608342702     
  0.213515873704889     
  4.726561369585545E-002
 -1.010299293868757E-002
  0.627944162047622     
  3.091262196871587E-002
  0.849585567468890     
  -1.48293693054507     
   2.75508230013160     
  -1.76984732778906     
   1.21445331499753     
 -0.927773868679439     
  0.868364096998590     
 -0.763430292986219     
  0.873864115292052     
  -1.51428818784953     
  0.928556195471687     
 -0.125813645092505     
   1.47291812602520     
 -0.522162885659799     
 -0.770557734216787     
   1.28264879253495     
 -0.881459085803777     
  0.313676588630533     
 -0.268201899624964     
  0.500209356127516     
  0.163409098050162     
  1.206834708377962E-002
 -0.648791223935896     
 -0.362735063692619     
   1.00145355152389     
 -0.685517134843811     
  0.538698554294409     
  -1.94038570927347     
  0.184210160208603     
 -0.746563872105453     
 -0.226101258116897     
  -1.72041353137376     
  -1.68669158090598     
  0.869146907316804     
  -1.06648988056229     
   1.02430409977939     
  -1.18757444837368     
 -0.663447559983472     
   1.51882408094748     
 -5.656980578443355E-002
  3.908124646352672E-002
 -6.455415932194426E-002
 -0.281766127887670     
  0.671520152010000     
  0.476399790463724     
  0.415735043603440     
  -1.15557869958949     
  0.632864420783396     
 -6.857249664306311E-003
  0.141336379014862     
 -0.151694546425061     
 -0.451246248664288     
  0.626698677185408     
 -0.430364700562587     
  0.198670382164854     
 -1.465523607463947E-002
  0.195574993805212     
  0.778308880027160     
  -1.04408776774158     
 -0.545405921670534     
 -0.715741799602785     
  0.138664556521010     
  0.782336127577536     
  0.602171121670020     
 -0.369247685612269     
  -1.11553770831881     
  0.824711150355944     
   1.18653324230223     
  -1.80882606568904     
  0.646925540643387     
 -0.871369488596929     
   2.16999300652361     
 -0.929157175432812     
  0.207386304268025     
 -0.352640784209841     
 -0.139577842385786     
   1.01202274870359     
 -0.231187619674431     
 -0.457104028179118     
 -0.671411504335574     
 -0.248709559195883     
  0.470121761184239     
  0.561008454155449     
  0.783477792936610     
  0.819884541394062     
 -0.189401793012644     
  0.302844715393387     
 -0.887793688249490     
   1.31642415553106     
  0.287226757368513     
  0.646123638891768     
 -0.894851325676487     
 -0.425339594936990     
  0.233604806858738     
 -0.242624135821473     
 -0.391094336574823     
  0.573655782627455     
  -1.30772365525657     
  -1.49042025751109     
  0.243077834285743     
  6.466402152023058E-002
   1.40981681267932     
 -0.623688803807936     
 -0.527939814068413     
  0.799107987438267     
  0.372493973403404     
  0.272883255793786     
 -6.605650641244236E-002
 -0.517932567458245     
   1.24468531170529     
  -1.10697969440022     
   1.10620692061226     
 -0.206306923514514     
  0.111235199645778     
  0.720958141087989     
  0.105929281931478     
 -5.018761340401664E-002
  0.392129432076883     
  0.208502607887192     
  0.524762440403969     
  0.206781037138923     
 -0.546895252086739     
 -0.504453470410750     
  -1.39272985669893     
 -0.692194230617078     
  -1.47161496590870     
 -0.332999095201105     
 -1.509146033491115E-002
   1.46628969587800     
 -0.148588912586831     
   1.41473937739901     
  -1.31782367259958     
  -1.32538028609525     
   1.48602974806831     
  -1.72209411806374     
   1.25439440275146     
  0.314389798784701     
  0.756302767894863     
  -1.45724308812048     
 -0.298684740965697     
  0.468489325120137     
  -1.05415900621600     
  0.473352196910470     
 -0.310507108555066     
 -0.375649254264659     
  0.793468846063244     
  0.128675923332020     
  -1.51662457387363     
   1.61881504611650     
  0.632465965306403     
  0.379670563533493     
 -0.369761998953774     
  0.249924225856608     
 -0.339488354383525     
  0.951688123517220     
  8.627769592665206E-002
 -0.767242234791728     
 -0.356745457737039     
  0.675079299075453     
  0.820500341327958     
 -0.682337482385086     
   1.10550588412602     
   1.24199888242710     
 -0.850557631505378     
  0.261144940184269     
  -1.45838197348802     
  0.254173912071590     
  -2.39793739318715     
  0.961416372467480     
  0.183978092644395     
  0.269275589832738     
 -0.910166241516934     
 -0.300135358361881     
  0.449092775411109     
 -0.667064172616760     
  0.194701850145004     
  0.786299936200570     
  -1.83273005951508     
   2.26504042843422     
   1.14988879991065     
  -1.31297187046494     
  9.913247536505797E-002
 -0.430314909317674     
  0.641391039991895     
  -1.10806341590784     
  -1.03815269822460     
  0.358101367685043     
 -9.594231431441538E-002
  0.151117343923129     
  -1.35530522607596     
  0.278457469255890     
  0.165858591730564     
  0.637057516547542     
   1.55971802950004     
  0.681737066346717     
   1.53906422662804     
  0.509309987097919     
 -0.322403278215444     
 -0.374208651121772     
 -1.424178254868278E-002
  0.986620687997724     
  -1.05846720868527     
  0.814446732292152     
 -0.651694926710567     
 -0.126969361537353     
  4.972747809839420E-002
 -0.397760374808853     
  0.260805057358208     
  0.373248821537140     
  0.144379636526316     
  0.715732337851518     
   1.15328178173500     
 -1.509490855085542E-002
  0.340872216264415     
   1.22190920396497     
   2.15580434009527     
 -0.336172762781938     
  0.770209756982796     
 -0.385604289108619     
  0.135362275504780     
  -1.10094492862583     
 -0.547694133085032     
  -1.96997110425597     
  0.139711602239668     
 -0.737399194265577     
  -1.09998709676421     
  0.818173063665347     
   1.29551218485334     
  0.180683878494943     
  -1.31393497473662     
 -0.103481679511837     
   1.01946663907510     
 -0.189245646524075     
  0.404297078752628     
 -0.679188550646619     
  -1.38968799558485     
   1.88539841096081     
 -0.553780291559023     
  3.638311092258011E-002
 -0.478800266681196     
   1.08754916955815     
 -0.602228311691775     
 -0.277184431559502     
   1.10920698836422     
 -0.646261954629838     
   1.27003318638324     
 -0.469944716622434     
  0.674976195677708     
  0.283740913464070     
   1.82132041071837     
 -0.787734358989714     
  0.333068167975917     
 -0.663547835189744     
 -0.228862425394287     
 -0.362762440759055     
   1.05165276281310     
 -0.374574385997503     
  0.766483302917285     
  0.270443873372458     
  0.264795071373894     
 -0.238901244623377     
 -0.562351976207846     
  6.887753105540806E-002
 -0.626728731454941     
  8.309584026259435E-002
  0.533368340978536     
 -0.543156140984324     
  0.350214522353699     
 -0.502185183121175     
  0.911546397985600     
 -1.876692490339318E-002
 -6.644164868253785E-002
 -3.246994206284238E-002
 -0.315074777071748     
  0.451097722788114     
 -0.406708681119632     
  0.117299865719514     
  0.441291329080020     
 -0.135343968999603     
 -5.130814604210086E-003
  0.766920762569468     
  0.431162320780786     
  0.134990490943859     
  0.343653241897175     
  0.107940295204343     
 -0.233967798781171     
  4.655202250227929E-002
  0.320623616771883     
  3.107887141998701E-002
 -0.294452465641395     
  4.558821404758969E-002
 -0.464741843232207     
 -0.307641300503014     
   1.18419253956809     
 -7.534219278757897E-003
 -0.272160091087137     
 -0.558024767968830     
  0.637672929026373     
  0.558247761494103     
 -0.184659291253453     
  0.278227156265739     
   1.30821054005321     
  -1.07932787480354     
 -0.392179358784125     
 -0.477844202046259     
  0.542395517803707     
 -0.870560473476130     
   1.09355751391940     
 -0.503620521382665     
  0.224318815328161     
  0.995729482419218     
 -0.884211285941576     
  0.981365536788572     
 -0.339280377932921     
 -8.058306505949474E-002
  0.795891874081419     
 -9.595206740526749E-002
 -0.510262360311776     
  0.844895221869808     
 -0.388837683744994     
 -0.751820686275677     
 -0.551131804050212     
  0.390007882902926     
  4.926377260185603E-002
  0.340351479920789     
 -0.121033731761088     
  -1.07296360358522     
 -0.866939981700790     
 -0.287620272302381     
 -0.651892685476050     
   1.22805340092528     
  0.303510072756631     
  -1.49850212184010     
   1.47220544520898     
  0.279374797231266     
  0.167160656549615     
  -1.14998658831352     
  0.865818887186764     
 -0.545190959148812     
  0.282986734394281     
  0.699179919803582     
 -0.387463300320900     
 -0.800411809885245     
 -0.406814436728617     
 -0.201518890587701     
 -0.132127262009732     
  0.334852860193222     
  0.468253619736547     
 -0.210209633463570     
  0.610052642348721     
  -1.36963793771530     
  0.464075906602691     
  0.682430363307544     
  0.687607585225960     
  0.803012184946809     
 -0.150962869231301     
 -2.118588289918348E-002
  0.246558709492266     
  0.450044924896731     
  0.411378975067606     
 -0.286230645523888     
  1.437233871660324E-002
 -0.612707245222651     
  0.205428604820372     
  -1.10467572055282     
  0.598776306667041     
  0.794814606033878     
  0.365370156836802     
 -9.800644556342562E-002
  0.249593783653114     
  0.540876023244822     
 -0.922988823572769     
   2.70852543857428     
  -2.81668745804548     
  0.829854768424912     
  0.728184667692261     
  0.216361688283292     
  4.542194345881198E-002
 -6.487926629160060E-002
 -0.821676452942898     
  -1.06734224152647     
  0.529793093361378     
  -1.25153694643964     
  0.469610390769625     
 -0.327769733420848     
  -1.05872615668438     
 -0.391283373758870     
  1.997817370824006E-002
 -0.220144492867500     
  0.374127252293544     
  0.181873974389331     
 -0.503527881613088     
 -0.798452987050886     
  -1.12732745125171     
   1.78061085767473     
   1.28845966285138     
  0.591948380508797     
 -7.626892447912817E-002
   1.51047725722310     
 -0.275882851307509     
   2.45471945974417     
 -0.631848720069870     
 -0.478639808084739     
  0.872113929136346     
 -0.802086323709698     
  0.419418956632278     
  0.897402170065295     
 -0.851420061094755     
   1.37251186077623     
 -0.970383578848686     
 -0.134653678775510     
 -0.535543261767142     
  8.181124881810402E-002
  0.380292609862181     
 -3.316186450675702E-002
  0.293355262098515     
  -1.11253582355503     
  0.475904935502505     
 -3.536304635154627E-002
  -2.09026334294802     
 -1.427505783739421E-002
 -0.641143976877648     
 -0.566558596226412     
  0.748253715968546     
 -0.854651589982936     
   1.71234021567453     
 -0.606772834519552     
 -0.970896445814747     
  -1.36654202716806     
  0.166584098864342     
 -1.013278628449830E-002
  5.917471977458254E-002
 -0.124526337188093     
 -0.186944117154050     
   2.41268917838052     
  -2.75571397254082     
 -0.397975625522366     
  0.462654170882122     
 -0.973131604341788     
  0.336510773504541     
  0.325066393476505     
   2.33663549981845     
 -0.358468317672866     
  0.642974644492582     
 -0.114873184971896     
  0.588766825137063     
  -1.20340743667443     
   1.15750989029869     
  -1.39132997251528     
  0.728206141673078     
 -0.181331704019675     
  -1.80145758938917     
 -0.698162878831185     
   1.08433127968332     
  -1.61188627048677     
  7.733516219684873E-002
  0.736045287005158     
  -1.23160771135783     
  -1.93157311174571     
  0.889831276238048     
  2.035006706576634E-002
  0.200410834494495     
 -0.239513396391162     
 -0.613642584582559     
   1.08590267098267     
  0.346519615160687     
  0.803675984953280     
 -0.888945219864320     
  0.526631691856191     
 -0.572605658995982     
  0.684218601810580     
  -2.03692597425118     
   1.71181204052509     
 -0.274995627349218     
  9.744876413632696E-002
   1.30175489436451     
  0.373980517142784     
  -1.19821695478769     
   1.52918611987062     
  3.793999392628379E-002
  5.902772649948547E-003
 -0.304571138495124     
  0.152803714331018     
  0.346979140608656     
 -0.927108566860673     
  0.267062551589772     
  -2.05749289548682     
 -0.501989257685255     
   1.58619980494967     
 -0.594029418040198     
   1.04316527377958     
  0.901190228180714     
   2.03353084500665     
 -0.435311504504173     
 -0.956135717805274     
  0.428559338781893     
 -0.347104328219425     
   1.29127890573977     
 -7.558653119288751E-002
  0.113067499370996     
 -0.401913781768763     
   1.40255353942021     
  0.766956071862746     
 -0.340500658359321     
  0.593659606899844     
 -0.405437088830108     
 -0.869042141769282     
 -0.613710852935839     
  1.062500255818430E-002
 -0.100934776256812     
   1.74853017741622     
  -1.88953725098919     
 -0.381962384485419     
  0.303323122914705     
  0.249595765965858     
  0.694996596369977     
 -0.374129485200335     
 -0.233418627726966     
   1.58853650993053     
   1.19671881385741     
  -2.45501837608883     
  0.411633410394114     
   1.53651402464650     
  -1.61705034190402     
  0.602940089681538     
 -0.790963871119561     
   1.80626277594375     
   1.43273960498448     
 -0.160442682991977     
  0.961888699473118     
 -0.301914246240486     
  0.735590411795188     
 -0.164417139691242     
 -0.194400582386251     
  0.203709847692445     
 -0.565862267827274     
  0.863263655041963     
  -2.03579776929895     
   1.92013483289564     
 -0.412031650028887     
  0.283735339246073     
  0.331007088263394     
 -0.383078804291491     
  0.641200101747060     
  0.250136946908335     
 -0.117167924312286     
  0.840144194400952     
 -0.938928889855747     
 -0.221131965526314     
 -0.346662272895158     
 -0.417154883704849     
  0.110257367703745     
 -0.714326517732219     
  0.303089225713127     
  0.399295632282532     
  4.369976215623864E-004
  0.684479757357009     
   1.16227589195632     
   1.54014493044075     
  0.514607382796620     
 -0.367394022872299     
  9.053120142901097E-002
 -0.606506001375121     
   1.06571375310565     
 -0.111639152365583     
 -0.482407337560908     
  0.296684225611414     
  8.223121914361897E-003
  2.820396018339883E-002
  0.172983120122773     
 -0.103356636147008     
  0.553914869838043     
 -0.130012858172931     
 -0.784996777896441     
 -0.231537606798501     
  0.161752206374644     
  1.049571777134809E-002
  0.102931707279766     
  0.341358510079315     
  0.286992528039719     
  0.377186438643889     
 -0.655877162484214     
  0.592292446605061     
  0.420486451904053     
  0.182649305721388     
 -0.898607006841404     
  6.322477843061940E-002
 -0.782588570817247     
 -0.354342258225524     
  0.364241805173436     
  0.799009364934569     
 -0.231399073239529     
   1.16614861685163     
 -0.602184812161465     
 -0.361612552532944     
 -0.597875768049678     
  0.515795929942850     
  6.809831099423776E-002
  0.330485610169522     
  0.737126052904017     
  -2.04836019285883     
 -0.429889353017561     
  0.583328904052662     
 -0.366165405025179     
  0.152806167752471     
  0.538176507133876     
  0.850517364727045     
 -1.337872477016528E-002
   1.04922283571798     
  -1.81360339216395     
   1.02307975866444     
 -0.869818690112323     
   1.23587381606712     
 -0.821214814910540     
 -0.726445341856632     
   1.04692953806799     
  -1.23766447591934     
 -0.446933753573593     
  -1.00161326255780     
 -0.114963831638608     
 -0.771313093158158     
  0.336815304001078     
  0.285034715255322     
   1.23302170376571     
  0.282761569887922     
   1.31940327018018     
  0.652092458884316     
   1.08579867292669     
  0.257702277952556     
 -0.232438535743631     
 -0.281289878691719     
  -1.51014627408307     
   1.70563287238230     
  8.736276124146758E-002
  -1.47783590457596     
  0.727169635317998     
 -0.502358136743205     
  0.562549956684812     
 -0.308257409368636     
  0.228684389898182     
 -3.162546247469113E-002
  0.958790562667396     
  -2.25031983002470     
   3.22241499318125     
   2.34432625702572     
  -1.12851311791864     
   1.47984340751089     
  -1.81574133172502     
   1.02649066943391     
   1.30856770251382     
  -1.80437044173495     
  -2.02548009790981     
   1.85616977657140     
  0.289123093973045     
  -3.39520790913891     
   1.89599912917547     
  0.954319692407338     
  0.436674991102456     
  -1.36629596545708     
  -1.12940563376427     
  0.185800928265676     
  -1.53487340762984     
   1.46765879310444     
  -1.93422373901334     
   2.35225915941833     
  -1.19887384047884     
   1.55349978171871     
 -4.463698118844042E-002
  3.915839126492905E-002
  0.176380427616638     
  0.149526574760776     
 -0.176878752984534     
   1.10348434867537     
  -1.69547137586184     
   1.85120806581883     
 -0.523319969717544     
  -1.02552329104688     
 -0.450775621148602     
 -0.673194055389103     
  0.964674221958376     
  5.578449048408753E-002
  0.474802574007383     
   1.12582102087326     
  -2.32650232416462     
  0.699317049115353     
  -1.07956071685847     
  -1.38522306517923     
   1.20815760669909     
  -1.64370238354571     
  0.554737337648092     
 -0.923959370750947     
   1.25296546366507     
  0.652536334623707     
 
   1.71054068632707     
  0.593428630954764     
  0.297679047847242     
 -0.498161060565388     
   2.55936758734977     
  6.837486917448753E-003
  0.833615520372852     
 -0.856769226325750     
  0.799879669994869     
   2.64571590019857     
  0.229489884906257     
  -1.33948903510157     
 -0.786280074720852     
 -0.702923011842921     
  -1.49260332571357     
 -4.243850819900213E-002
  -1.15370994517855     
 -3.407982644250086E-002
  0.105763905585794     
 -0.817179865493181     
 -0.274071003765984     
  0.100025092816319     
  0.381615305773670     
 -0.381092439073908     
  -2.69715565537811     
  -1.02767761810148     
 -0.894904322764370     
 -0.277403644236718     
   1.00682911378218     
  -2.85609288371707     
 
   1.68911987083908     
   1.11254783649143     
 -0.906608108322846     
   1.02584095432525     
 -0.630429910272274     
 -0.744728307833292     
  0.136575946781065     
  -1.06721303566487     
   1.04594998327775     
 -0.410538809284972     
 -0.803645569547900     
 -0.686104125258878     
 -0.390048068389539     
  0.717501263530316     
 -1.054040513399811E-002
 -0.387731928741784     
  0.968144061136348     
  0.443120294962266     
  -1.15486825985303     
 -0.111971543258969     
  0.519002430389088     
  2.546958711437130E-002
 -0.406635647238388     
  -1.37102103560735     
  0.667107089048004     
   1.95414821263010     
  0.998157264966582     
  -1.01027996081534     
  0.371655119993099     
  0.912068604626693     
  -1.38453220305859     
   1.36464826019640     
   1.89939124342098     
   1.66496685776004     
 -0.248209349423147     
   1.57095413433182     
  8.526830175459284E-002
   1.04646923581229     
   1.61351929023129     
  0.883371223100456     
   1.69211609470797     
  -2.43147249792715     
  0.310647915512267     
   1.04639519783525     
  0.924392886610475     
  0.952801420064092     
   1.58490622754931     
 -0.684493331409594     
   2.06628251021071     
  8.778325161890732E-002
  0.391010992010231     
 -0.357447990275240     
  0.460152409246106     
  0.851111909744096     
 -0.402654309247287     
  -2.14641898539457     
  0.436241040547162     
  -1.40314174419329     
  -1.50301952895154     
 -0.790487404851486     
   2.78099193372216     
 -0.109672654361115     
 -0.349467839286475     
   1.24441031781157     
  -2.40222401855080     
 -0.688489163136017     
  0.110195737123966     
  7.900152649006498E-002
  0.314946282047993     
 -0.118097036608787     
  0.590384624255946     
 -0.275663360308630     
  0.382763805742667     
  -1.09910159911484     
 -9.787546539947634E-002
  9.175249345127698E-002
 -0.331884679297857     
 -0.472669092621754     
 -0.526795789213874     
 -0.402723635574552     
 -0.410946672150649     
  0.343540194776383     
  0.596512548028671     
 -0.168675133194202     
  0.260808089643505     
   1.84461357121041     
 -0.819667307176051     
 -0.179619400450228     
 -0.473475170819721     
  0.867082566308421     
   1.29291803612894     
  0.421253709471624     
 -0.356096257473444     
  0.218048286935847     
 -0.599644554917959     
  0.305441117988084     
  0.223717337202517     
 -0.159601654613474     
  0.864719500667766     
  8.829846662076614E-002
 -0.454004303029581     
   2.05756080447629     
  0.242397598247953     
 -0.578457216572008     
  0.258230086350277     
  0.519531930747762     
  0.463778724713611     
  0.381147261450613     
  -1.10307694583877     
  0.185944284626537     
  -1.06239887830035     
 -0.158681394834169     
 -6.542180019830226E-003
 -0.326561992778781     
  0.932563897442754     
  0.172167818090724     
  -1.79362653864412     
  0.885497716997341     
  6.846447679382268E-002
  0.708803203518448     
 -0.549254742701075     
 -0.424904528641606     
  -1.14114405701480     
  -1.69753101804767     
  0.572478649289444     
 -1.627761576107793E-002
  -1.13585499953280     
 -0.301455730581060     
 -0.749669042661851     
 -0.574505483496166     
  -1.32175757628872     
   1.16628450720927     
 -0.209947612185467     
  -1.25705048392133     
 -0.349655129549649     
 -2.133676251879946E-002
  0.639459539723857     
  -1.25291627108906     
  0.160938232780779     
 -0.911202477015041     
 -0.684381034224292     
  0.988347227463555     
   1.22445434565552     
  0.333622635719341     
  0.928337911528448     
  0.392306180327342     
   1.13924498884010     
   1.39682354062524     
  0.902497689032826     
  7.326680227650550E-002
 -0.619156368507332     
  0.347628116657061     
 -0.502002075276370     
   1.11856641674207     
 -0.354785000574961     
  0.188309064153848     
   1.29351620684393     
 -0.287692525443840     
  0.781269052371473     
  0.267570109316624     
 -0.953387087365257     
  8.704532571221639E-002
 -0.180868683063855     
 -6.025790748608985E-002
  0.358288009476477     
  0.498923614333482     
  0.185991684877231     
   1.02254617268707     
  9.135243737713573E-002
  0.268398146551156     
  0.693216249350449     
  2.158051305751711E-002
  0.439626225432732     
  0.234918694746266     
 -0.190614148724910     
  -1.00760947416407     
   1.44398485880652     
 -0.642286424778361     
  7.407696698016526E-002
   1.04539210914436     
 -0.563389946993473     
 -0.608052379557470     
  -1.67393376852992     
 -0.243125252885007     
  0.473501803391525     
 -0.740589925990244     
 -0.300180957708489     
  0.106117111377025     
 -3.650040948184938E-002
  3.629552693787327E-002
  -2.13854074717802     
 -0.563145203179953     
   3.73704301036670     
 -0.365483831082350     
  -1.75442540090099     
   1.67090711007986     
  0.378460218202438     
 -0.807820159683968     
  -2.57026343339879     
   3.49456270376256     
   2.86411220906815     
 -7.534923816967680E-002
  -2.23304179733319     
  -2.50043659027487     
   2.48229048493581     
   3.64967772083500     
  -2.55729403185530     
  -1.27026568744549     
   3.10126945155311     
   4.36179367360104     
   1.22988763010827     
 -0.305738356679468     
  -1.00232320015412     
 -0.462087467615951     
   1.25157687137470     
   1.96304181703296     
  -1.24090260878452     
  0.978062177938206     
 -0.221427052362483     
  0.997427603697317     
  0.129445425997236     
   1.34299903780031     
  0.315557580038621     
  0.607263215716736     
  0.253120766757211     
  0.358606006620179     
  -2.29257669650123     
   2.49669415847510     
 -0.528285731549407     
  0.126530624864452     
 -0.219912293699746     
 -0.977069390702239     
 -7.000456955980575E-002
  0.214111411171399     
 -0.226907933388136     
 -0.237771251942486     
   1.08224419239562     
 -0.655414803673356     
 -8.850404074909782E-002
  3.744548492755165E-002
 -0.488564658665598     
 -0.158079523110089     
 -0.464613100592188     
  0.978946231103572     
  0.885730712127736     
  1.406755289329481E-002
  0.871396626903296     
  -1.10838075411524     
  -1.20553026597343     
  0.326252821295994     
  0.928050476351195     
  -1.17555000533628     
  0.760395949296242     
 -0.143357802185414     
  0.211832203306269     
  0.892925567052415     
  0.758369819553215     
  -2.32879286805128     
  0.109850509437521     
   1.19653337951979     
  0.749981368855121     
  -2.52127780726970     
   1.12710939704453     
  4.373190881517509E-002
 -0.271285395558813     
  0.736223019199119     
 -0.891857153852035     
 -0.344703718066473     
  0.653876420795767     
   2.84327971141981     
  0.431173178652159     
  -1.44236540103158     
  -1.28190875446898     
 -0.214376737897898     
 -0.244427415191730     
 -0.487101886642369     
  -1.45325906074150     
 -2.829735761349580E-002
   2.22394514130714     
 -0.583235762255588     
 -2.811129035659236E-002
  0.617386292810397     
 -0.445129431383384     
   1.21175622647630     
 -0.915552671302114     
 -0.847159696060470     
  -1.77099476023937     
   2.56645789328039     
 -0.188930329382224     
 -0.268543829496119     
 -0.623926313313886     
  0.791514796096672     
  1.926869464968613E-002
 -0.261070139398080     
  -1.27839110092028     
 -0.526264318226011     
   1.09679187873927     
  0.374404318904093     
  0.726901615308231     
  -3.17861254488573     
  0.663671460161780     
  -1.03224297091167     
   1.80053723469055     
 -4.141815791848460E-002
   1.93150044728485     
  -1.97393208231253     
  -1.04839425761379     
  0.850170002012043     
 -0.274887072661615     
  0.355746083447486     
   1.19185640247482     
 -0.262153067423271     
  0.385177939675585     
 -0.586047924747913     
  0.596031121872675     
  -1.38789347448978     
 -0.557286395684786     
  0.920802170970678     
  0.844638167216623     
   1.65669396480565     
  0.244954782989929     
 -0.236942638081344     
 -0.303860256658347     
 -7.709852390785706E-002
   2.96891264657496     
  0.188717096770815     
  -2.17147064913155     
 -0.279018979752405     
  -1.77067456668189     
  -4.07147349916302     
  0.160803372397219     
 -2.929109641997733E-002
 -9.957127201030286E-002
  0.181160882583838     
 -0.177894846701309     
  0.930813353235194     
  0.227809970443410     
  9.586722622696475E-002
 -0.625646847602693     
  5.331216956441087E-002
  0.579410281702732     
 -0.594906194465429     
  0.269654309598611     
  0.581313462771709     
  0.371517487997284     
  0.969506401571092     
  0.419281011325056     
 -0.270619514097263     
  0.602940900305093     
  0.642146896519375     
  0.600186672293148     
 -0.556829756831589     
  0.451695454447958     
  0.536557508905986     
  0.858586007104906     
  -1.00132875522454     
 -0.166220347434332     
 -0.560876868782941     
 -1.420033976955013E-002
 -0.148107434498290     
  0.890143209275275     
  -1.05959045054307     
 -0.673486024186809     
  0.383638572166604     
  0.669120927483208     
 -0.618478339983735     
  -1.98106483350123     
  -1.83165926607019     
  -2.17155068902640     
  0.624103179500724     
 -0.625621594170714     
   1.32277232991740     
 -0.503977017288284     
  -1.07811353657057     
   1.37561290603352     
  0.956608068370472     
   3.62686120804157     
  -1.92047297900495     
  0.761015925812226     
  0.206824812222499     
  0.691751660542414     
 -0.544188717606870     
  0.547364182134785     
   2.86178301394545     
 -0.103751872997030     
  -2.36996569005462     
  -2.42355691642162     
 -0.172674335079606     
  -1.28131526372314     
 -0.553259837419930     
 -0.851694830162039     
  0.951024530452812     
   2.60319256660631     
  0.847705764884000     
 -0.604096471344607     
  -2.60094667998293     
   3.56681446268116     
  0.942047413879578     
   3.72756022288798     
  0.515294187091847     
   1.60888898360482     
  0.798830608569852     
 -0.327002870568461     
 -0.442917766690461     
   1.29400182984702     
 -0.634783281431652     
  0.796620900601045     
   1.53288646852612     
 -0.763922932790494     
  0.806282826424720     
  0.737835894250633     
 -0.795664671238594     
   3.30716123686885     
  -1.77183988960406     
 -9.728203589007023E-002
  -1.39829380626593     
  -2.56570978525996     
 -0.332912325188237     
 -0.428908950904519     
 -0.890618691418815     
  -1.66830698959548     
 -0.269102548718002     
 -0.337858060745168     
 -0.904681672238394     
   1.28146118109741     
  -2.13850479938742     
   1.77977891360453     
  0.810983963527008     
  -3.76796407018891     
 -0.546820909127145     
   1.61567925766398     
 -0.762386118816118     
  -1.18146034014387     
  -3.48675641480149     
  0.611949077592708     
  0.158365288481101     
 -0.193321646448140     
 -0.943534784557212     
   1.49021853142261     
  -2.41106691329880     
  9.896451741569572E-002
  0.694613168688659     
  0.902019905852712     
  0.122139533141630     
   1.09616970584625     
  0.950237068707814     
   2.82021605610969     
 -0.168768862021281     
  0.214766918882848     
   1.62555567251089     
  0.232365098678972     
 -0.538514899097686     
 -0.930174910531590     
  0.656515690845702     
  -1.07301461024221     
  0.762463590551144     
  -1.26742011289402     
  0.266076464145295     
  -2.48732988101023     
  0.176798872907391     
   1.77885672865673     
  -2.34459326094456     
   1.12420508394815     
  0.480047722661162     
 -0.554000684673300     
  0.547554495607488     
 -8.674454985205837E-002
   1.06195160772580     
   2.21085720657121     
  0.328462572781558     
  0.700497622620448     
  -1.02505391008913     
 -0.235144503823477     
  -1.14557921811495     
  0.717040279427429     
  0.440415881241017     
  -1.79643102021023     
   1.07297109277544     
  0.630685103496467     
  -1.26248164105342     
  0.217546032319835     
  0.367945412074959     
  0.157556587900226     
  0.419073313952506     
 -0.143123339467770     
   1.45858109960845     
 -0.347574484763154     
  0.495388459923695     
 -0.745105914289105     
 -0.122218731164066     
   2.16676554151350     
  -2.85727387789730     
 -0.217510940568286     
  0.683218544861979     
  0.183971243462564     
   1.66168349218918     
  0.896727223442240     
  0.760665330546114     
   1.94370139104973     
  0.302002290078749     
   1.04211892096467     
 -0.799349915673219     
  0.129930284272190     
  0.690447634318537     
   1.13582063836929     
  -1.47809018272078     
  6.348250465347263E-002
 -0.993749545461111     
 -0.798522337594914     
  0.167956809600659     
  -3.11813239447454     
  3.625704366646920E-002
   4.23933717330695     
  -1.25083503237556     
  0.341993319816957     
   2.36189860378793     
  -2.18898273801513     
  0.522231084969205     
 -0.315384017365522     
 -0.683673752065156     
  0.835670586341900     
  0.454774119872569     
  -1.88341048313532     
  8.270804974694081E-002
   1.06796778620614     
  -1.40267235755913     
 -0.675099595608237     
   4.65217418880095     
   2.11490969460051     
 -0.319827503251271     
  -1.18231355596551     
  0.839463496081424     
 -5.317712520868149E-003
 -0.438602157474826     
   2.97431435165089     
   1.42462981883189     
 -0.206654632200952     
 -0.511588115713137     
  0.265595801132413     
   1.90197623768945     
  -1.12550436683108     
 -0.765194037658589     
 -0.545441652201907     
  -1.35255853151611     
  -3.16649124913069     
   1.28140557403060     
 -0.302677044709974     
  0.552142159182349     
   1.08194915037877     
 -0.540389603864012     
   1.61385243944564     
  0.937246928724124     
  6.409485905252719E-002
  0.419312600472542     
 -0.540013557088202     
   1.33270513661301     
  0.681174885784114     
  0.193901680515790     
  6.155474088122599E-002
  -1.24475891699453     
  1.089380711062404E-003
  0.627263364929856     
 -0.177750163364463     
   1.03771637625495     
  -3.47094329642436     
 -0.917475800821732     
 -0.361677946275266     
  0.947445724983579     
 -0.791344387503965     
  0.706645961792900     
   1.51717810342809     
   1.56779049676537     
  0.910422086752102     
  0.777908919020423     
   1.06697422001799     
 -0.151922786751378     
 -0.488760158905819     
 -0.228315777134908     
  -3.07832183478106     
  -1.88328313332092     
 -0.847596215476426     
   2.53500504285087     
  6.770320536007252E-002
  -2.08587638438822     
  -1.04565641341748     
  -1.43282808724349     
  -1.07142354372162     
   1.29340207599269     
 -0.495165989761336     
  0.586647545779700     
  -1.80735006117887     
 -0.784413475072755     
  -1.91660859384249     
  -1.26154797338554     
   1.91589751813870     
  0.872203571523795     
  -1.96633315772145     
   1.19162567338100     
 -0.724108149797322     
  0.240256891565282     
   1.70420091713129     
  0.473184443062239     
  -2.04985617465320     
  -3.23841461302255     
 -0.546152728033747     
  -1.81122298077043     
  -4.25690124253928     
 -0.507484855831551     
  -2.68530146414187     
  -1.81035531593318     
   4.15649126134016     
  -3.63464428425505     
 -0.979218267268028     
  -2.42296953623898     
  0.937985778574246     
   2.26736129868088     
   1.28389936990167     
   3.45340797646617     
   2.73119822789256     
  -1.93489013863331     
   2.71226814687416     
 -0.363765131557647     
  -1.12862033736057     
  -2.79082134154704     
   1.43357405955995     
   3.87420359246906     
   1.48572133834966     
  -1.60106199991330     
 -0.532731232988736     
 -0.779000276481678     
   2.81695612386439     
   3.07797767959585     
  -3.18350194730308     
  -3.63399002326207     
   1.83791771220667     
   1.19565408170881     
   1.17894329730796     
 -0.770762777717741     
  -1.32507272019604     
 -0.422344857391225     
 -0.159486372714770     
  -1.06300586966406     
   1.47659448365230     
 -8.940774268861520E-002
  -1.15184638791221     
   2.61990893233391     
 -0.168266249351297     
   1.81320848962577     
 -1.990701044633675E-002
   2.09283892702833     
 -0.686966536960264     
  -1.20202818931094     
  -1.44998927904540     
  -3.25837543882418     
 -0.952609511557491     
 -0.515492303327275     
 -0.168438573278712     
   1.09024994080491     
  -2.65810691152900     
  0.646593498494546     
   1.33563725269887     
  -1.45424877387308     
 -0.895796235304598     
   1.06683976376080     
  -1.24802647834845     
  -1.62319558260075     
  -1.04747990628412     
  5.207824740639492E-002
 -0.287285559611568     
 -0.240724251178805     
  -3.00109948962641     
  0.462454100845241     
 -0.226029709161314     
  0.335902911910498     
  -3.17787408512204     
  -1.24993985645726     
  0.339988357220955     
 -0.961839630193833     
  -3.35698914693372     
 -0.295804660081437     
 -0.283592365250182     
  -1.16812824887433     
   1.56733621455322     
  7.488400020608718E-002
  4.947457541610266E-004
   1.56331211509807     
   2.12368228810997     
  0.285954777715730     
 -0.777631945581565     
   2.18583743754379     
  8.980668321451654E-002
   1.51766326148662     
 -4.719847726475305E-002
  0.471540699680312     
 -0.902877281460609     
   1.25352291342596     
 -0.561035403859546     
   1.93599968743732     
  -1.20620493812216     
  0.310158362282024     
   1.67103253319897     
  0.881224223084757     
   1.21876207182807     
  -2.49298063501254     
  -1.98171398633550     
   1.29623575362415     
   1.36459330424668     
 -0.479498868903621     
 -4.250091985548105E-002
  0.789401274751553     
   1.24013050509799     
 -0.113671549420249     
   2.76453392849367     
   2.86324747903192     
 -0.312362123406203     
   1.34399733157374     
 -0.301422459462054     
  0.647268780766459     
  0.207259587757043     
  -1.03897194206155     
  -1.87656177100963     
  0.393393502696568     
   1.10091807568501     
 -0.718899191240879     
  0.492638757474539     
  -1.29730028155918     
  0.714550846633879     
   1.20046343734486     
  0.806026099133890     
 -0.184740751094386     
   1.93792143085005     
 -0.342426119260662     
 -0.909733004645546     
 -0.577436142711941     
  0.593628453770087     
 -0.869636763434718     
  -3.18835320695607     
   4.47354580434132     
  0.541013958550375     
 -0.767278024745434     
   1.16625368508337     
  0.232793322083766     
  7.617552761472034E-002
 -0.312261565197501     
  -2.06594683757165     
  0.493633862213885     
   2.41065778152589     
  -1.26297360235466     
  -1.28200579951066     
 -0.657670540838148     
 -0.522850324492755     
   2.35172643620682     
  0.677284759276200     
  -1.84715055595603     
 -0.468665615608134     
 -5.113085376649940E-002
  -1.35154064415303     
 -0.229319735923749     
  0.165915872101054     
  0.785064611557508     
  0.539751095238910     
 -0.658775731191830     
 -0.313941064244480     
  0.367167096990017     
  0.381410214761995     
  0.380796032507298     
 -0.112347001158433     
 -9.011278536643229E-002
   1.27269425897659     
 -0.196395713437580     
   1.10023358152502     
 -0.574836979033880     
 -0.225343838857554     
 -0.180058144146433     
 -0.627816799312167     
 -5.346816428346899E-002
   1.93555681058723     
  -1.52155916204033     
 -0.393500100107609     
 -0.225946101113452     
  0.157665725918961     
  0.455437931682964     
 -0.524700968605031     
   1.58838673408545     
 -0.919554582827536     
 -5.781375824464756E-002
   1.72055316611990     
 -0.364368033315386     
  0.570196235438956     
  0.198041709067503     
  -1.10863624935046     
  0.549585323499754     
 -8.232392185083745E-002
 -0.632991530898868     
  0.137520671890396     
  0.473546327532958     
  0.390954001162805     
  0.616291224878137     
 -0.600951917665826     
  0.402030534113484     
 -0.137984468115795     
  1.775017230122269E-002
  0.589979959820566     
 -0.133747295156826     
  0.155292663944351     
 -0.309762005361545     
  0.728732625891703     
 -0.345013888887048     
 -6.137274944968598E-005
 -0.318729832696735     
 -0.268527486478830     
  -1.20461019495557     
  -1.91105535899861     
  0.242957354991667     
   1.57595685862071     
  0.934931758355132     
  0.713356128563365     
  0.257986481432329     
   1.60820395536961     
 -0.809021156691280     
   2.37109489880310     
  7.735926498398883E-002
   2.02789035305280     
  0.511885269588660     
  0.161407680051727     
   1.07916164030443     
 -0.160886944945029     
  0.809347705890440     
   1.83566566962331     
  0.968690495516608     
   1.47446308293712     
 -0.726639400487823     
  -1.30284866836169     
 -0.355147047208396     
  0.169064043893777     
  -1.64760824155079     
 -0.752385711700009     
  -1.04636350692174     
  0.190951847012579     
  0.567725013229239     
   1.29293589867913     
  0.384015533414491     
  -1.18381598417756     
 -0.913732324865448     
   1.72832959592163     
  0.675410844330428     
 -0.303472411545676     
 -0.279361245039997     
 -0.750347921110907     
 -0.590751202955433     
   1.14380134158351     
 -0.748354975171141     
   1.10673634148421     
 -0.558306920742544     
  1.052665351420970E-002
  0.532085926719528     
 -0.924801485693058     
  0.933302866280133     
   1.42435027267946     
  0.390312571939030     
  2.722665393507904E-002
  -1.20267540914073     
 -0.481852078721574     
 -0.608243970797327     
 -0.736081770914833     
  5.695331834976808E-003
  0.287330657115798     
 -0.828371609470526     
  0.321127854558117     
  4.176633114313095E-002
   3.22464834031532     
  0.136780108466423     
 -0.282652940838708     
  0.460061594296119     
  -3.11326995561775     
 -0.676918127024552     
 -0.906958400985725     
  0.270955398843438     
  0.970334943748323     
 -0.252621591729286     
   1.21294058103302     
 -0.411813035749851     
  0.416279810273021     
  -1.08959500841214     
  0.146092724110529     
  0.141421113507066     
 -0.476461267032801     
  0.282038088895959     
 -0.310784722309883     
 -0.848874802249151     
 -0.211027677642561     
  0.239560272118860     
  0.195240665679551     
 -0.267926020441137     
  2.997121410297606E-002
   1.91650661638163     
  -1.49009556702359     
  0.107525350066149     
 -0.627016627285477     
  7.847457716076103E-002
 
   1.57939366538702     
  -1.25996080910803     
   1.50049874879088     
  0.578888583822603     
  0.861263220859538     
   1.38163990593349     
  -1.20946584534332     
   2.18234389084579     
 -0.612965096212046     
 -0.980230871375191     
  0.596579359857265     
 -8.682578271965692E-002
  -1.65545031391132     
   3.11568966889107     
 -0.295481217177286     
 -0.718642975792313     
 -0.523826566792786     
  -1.96959558546326     
  0.795432998800446     
  0.875408531700936     
  -4.34292694096075     
   1.17249351879602     
 -0.918647603894146     
 -0.354413380024784     
   1.77188884073476     
   1.43144390429963     
 -0.153664791789069     
   2.60283419382435     
  -1.66629016410566     
  0.531088804881013     
 
 -1.812666463514313E-002
 -1.566457058974088E-002
  0.109579883725723     
  5.201375160071630E-002
 -9.268892860510608E-002
  0.113440019676457     
  0.119208063699045     
  0.121498673338825     
  2.488292747116139E-002
 -8.827688272966816E-002
 -2.486113929363627E-002
 -0.266410817598320     
  2.537055248398630E-002
 -6.916247447240170E-002
  9.663194131989672E-002
  7.919881281687748E-002
  6.205314811207700E-002
  2.949942274982563E-002
 -1.833365714339722E-002
  1.115067826985613E-002
  0.188238970488839     
 -0.814854020796298     
 -0.109930072486827     
  6.743779928996337E-003
  0.946307885048165     
  0.117803652929956     
 -0.137877783866780     
  4.746075839919885E-002
 -6.614333641467558E-002
 -8.585419497988456E-002
 
 -3.939104761904762E-004
 
  tansig  tansig 
