     33 -    30 -    30 -     1 
rmse=  22.8654meV
  -1.02824003579513     
 -0.679331644388695     
  0.586291686034316     
 -0.574801239475837     
 -0.396070747855842     
  0.979524320921714     
  0.999103660234483     
  0.401518872663553     
 -0.479348874463885     
 -0.271661724942775     
  0.402207464474105     
  0.159364154316652     
   1.04994895846713     
 -0.479590146662973     
 -0.149039203999313     
  0.269546235106547     
  0.710714642534182     
 -0.445477088687548     
 -0.516103127155923     
  0.539806590795848     
  8.567121579622139E-002
 -0.908169645244565     
 -0.481427239497516     
  0.481924478857396     
  0.428415004188234     
 -7.229809637140477E-002
 -0.379752151682068     
 -0.542017248796159     
 -0.297207304664799     
  0.169927812566137     
 -0.507626881742732     
 -0.239406878384831     
  0.502642560110609     
  0.366310497822695     
  -1.00215700493747     
  0.254964611173832     
 -0.412424895039334     
 -0.239115024481759     
 -0.446734759128942     
  0.800721225166671     
 -0.327575063290556     
 -2.131981082389691E-002
 -0.743581901283859     
  0.115661336354478     
 -0.139965436486009     
 -3.071972997470676E-003
  0.699881171361922     
 -0.412584521524571     
  0.629853685768056     
  5.915055437121829E-002
 -0.328666293798805     
 -0.390560741916930     
  0.902251956648226     
 -0.842425083147657     
 -4.629707201770401E-002
  0.337265312423198     
  0.223986542178551     
  0.230998867650266     
  0.151883843316619     
  0.272316563694891     
 -0.638827402226250     
  0.631778526904801     
 -0.124811719045190     
 -0.368264266509892     
  0.142404751059055     
 -4.684104429328712E-002
 -0.358464087176649     
  0.496124951609946     
  0.182636346569271     
 -0.228850207948866     
 -0.297142320142053     
 -0.715201634456529     
 -0.242017149566884     
  0.170524360792303     
  0.228287177154416     
 -0.555748590917196     
 -0.149878699532691     
 -4.154581070720734E-002
   1.12353183807507     
  0.582458997766055     
  0.506100529388178     
  0.673870140899625     
 -0.340834244711936     
 -0.266923176062017     
  0.823876119495896     
 -0.847283565809388     
 -8.438528248215378E-002
  8.395137782916152E-002
 -0.162950514021925     
  0.488068239557494     
  0.221346919719291     
 -0.273077626689753     
  4.540406111706750E-002
  9.794622460604360E-002
 -5.472019117960026E-002
 -7.363531067946090E-002
 -0.860158497143153     
  0.584438534737443     
  0.139439711295599     
 -0.179040937000508     
  0.235741390749023     
  0.285226133326549     
 -9.180334508636947E-003
  2.987563178037279E-002
 -0.473001093862439     
  0.417310836380272     
  7.344241219959628E-003
 -1.548240096053816E-002
  0.169866552165331     
  0.190881248521393     
  0.358516462058782     
 -9.183826364296115E-002
 -0.110140836502849     
 -6.426175447711949E-002
 -1.126202454293727E-002
   1.13442195081277     
  0.208098164238415     
 -0.777132496610940     
  0.157093577378747     
  0.521277489265777     
 -0.330188860596224     
  2.619398915479367E-002
  0.257630923219257     
 -0.346620546953141     
  0.278405292498439     
 -0.152139299281424     
 -0.185395851605103     
 -0.198497176770140     
  4.611181562976942E-002
  4.507111073268024E-002
 -0.389514447876366     
  0.101657713657620     
  0.670919176450557     
 -0.493586752174141     
 -0.321362266328964     
 -0.208454538285565     
 -0.952510854730684     
  0.813047050445090     
  0.742523478043309     
  1.939769748084377E-002
 -5.516082263904423E-002
  1.256314127963960E-002
  0.402473483326107     
  0.610186743619762     
  0.866553587778595     
 -0.233622802177149     
 -0.383683585475048     
  0.721826726421188     
 -0.616973087960127     
 -0.115234318439398     
  0.619689412039833     
  0.207428889313512     
 -6.541138762804137E-002
 -0.951168709323847     
 -0.206827645469612     
  0.961948838278931     
  0.171082576982065     
  0.613214301836789     
 -0.621494209678645     
  2.454506065048229E-002
 -0.436070442972331     
 -0.555017940269730     
 -0.577343569993611     
 -0.344790819199612     
  0.236365804791436     
  0.192214338482397     
  0.593422187803969     
  0.626660006448323     
 -0.353748961874484     
  0.449986376080386     
  0.364842309656722     
 -0.813009989152166     
 -0.859400706220721     
  0.277670398128156     
   1.08757686822799     
 -0.507596171650401     
 -0.592728746540643     
  0.317575213894101     
 -0.323328759803892     
  0.713611735003494     
  0.102637948607834     
  1.769770324346809E-002
  0.477866634401028     
 -0.146130336928937     
 -0.109795619071732     
  8.309256945693919E-002
  0.631335089552060     
 -0.486630075908030     
 -0.515931191507330     
  -1.97255420310670     
  0.719542801120726     
  0.397713259782508     
  0.499612822202420     
  0.445058754020710     
   1.18295123773861     
  -1.10343323789879     
  1.809424001814559E-002
  0.243250073971472     
  0.859112023909445     
  0.109876737318834     
  -1.55025063758065     
 -0.534798298666419     
  0.497901621787069     
  0.168995132974065     
 -0.808071572230190     
  3.656674568120012E-002
 -0.102962775790383     
  0.424101410506212     
  0.126768432385752     
 -0.281351137176767     
 -0.178465081511484     
 -3.424275417478528E-002
 -0.470782070643086     
  0.333154361582302     
  0.239392413157321     
  0.401191587175346     
 -0.161313695449695     
 -2.534126625130941E-003
  0.176229725512088     
 -0.408464467113580     
 -9.604599468043480E-002
  0.358017412946473     
  0.829252997261067     
 -0.627566248857210     
 -0.440626121348271     
  0.355997201711320     
 -0.252181825587660     
 -0.182470179133493     
  0.451612036714803     
 -0.285202832562084     
 -0.123172074910528     
 -1.868575304841256E-002
 -0.391974790318819     
 -0.368223211420062     
  0.817406387716261     
  4.067103206315131E-002
  0.499653232088062     
 -0.559255400305208     
 -0.231193314270571     
  7.995638489290754E-002
 -0.239494537268071     
 -9.189408699647916E-002
 -0.214674474512571     
 -0.235354751582914     
  0.129099907640299     
 -5.188713456041045E-002
  0.292095071423571     
 -0.928816105362131     
  5.161396541381133E-002
  6.315143632681926E-002
  0.295623683331299     
 -0.432384381339702     
  4.617614693763668E-002
  0.211944378867138     
 -0.293015728975148     
 -5.948627799026956E-002
 -3.144825801301934E-002
  8.499471699882537E-002
  0.199964897423078     
  0.418643645767681     
  0.150694154222759     
 -0.164146780866493     
  0.226853845361015     
 -0.124509219807373     
  0.989568374077974     
  0.895856887252733     
 -8.364090817800643E-002
 -0.396129103600091     
  -1.26985561990343     
  -1.11846990619187     
   2.92370429907709     
   1.00663791734900     
 -0.334408871078712     
 -1.998112250742572E-002
 -0.255489446622881     
  0.722600318635897     
  0.752280727620153     
  5.672592610597871E-002
 -0.682263415007736     
  0.284381910935172     
 -0.641578356146616     
 -0.882737898850710     
  0.150129768422271     
 -0.980157334756517     
  0.114556531392977     
 -0.677571988411015     
  0.146349896868377     
  0.592206697245564     
 -0.430425512779560     
   1.31088989632665     
  0.968583963923999     
  -1.84731225653651     
 -0.303666725512322     
  0.454175857972260     
  -1.15927126930332     
  0.717980056287831     
  0.458715829397019     
 -0.251648599368631     
  0.878400651350893     
  1.058691073501960E-002
 -0.298737896300491     
 -3.807631358672419E-002
  0.585489281056948     
 -1.275654959224188E-002
  9.084498778222797E-003
  3.885361804068082E-003
 -8.523252133410973E-002
  0.178973183205409     
  5.043836509351426E-002
   1.53739218242782     
 -9.591032218881565E-002
  0.374013860699212     
  0.361450885031649     
 -0.343923324496083     
 -0.617671255053942     
  0.673089221131383     
 -0.196287423215564     
 -0.292845042178479     
  0.566771351900560     
 -0.680589499018872     
  0.217743459645773     
  0.214741129316940     
 -0.218121312320017     
 -0.627538101319030     
  6.574078310453907E-002
  2.771989253366604E-002
 -0.394176500952474     
  0.191848254541251     
 -0.233234049575061     
 -0.455126101503549     
 -1.349157651548512E-002
 -0.327102570065470     
  0.419616150984134     
  0.607288574937011     
 -0.523971407962274     
  0.287961223704279     
  0.986757307190456     
 -0.146063716443811     
  9.674671328588011E-002
 -0.107300499109290     
  0.123083306374308     
   1.80275687493809     
   1.55994941715874     
   1.52110203293382     
  -1.07216328975547     
  7.665175368245195E-002
  0.892055995192677     
 -0.611977341265044     
 -0.126391069663944     
 -0.440887738611248     
 -0.110685200677901     
 -0.352199838988536     
  0.604325657352455     
   1.38279517257485     
  0.250864397156247     
 -0.249087204741460     
 -0.755015163434725     
 -0.295246888153636     
  0.342328004301332     
 -0.188974263275939     
  0.675064336995410     
  0.252994555021397     
  6.294408091086687E-002
  0.118961838092844     
  0.107576383718582     
  0.254470399603544     
  0.340844680218972     
  5.421591488436097E-002
  0.390943098892305     
 -9.833087485557086E-002
  0.217072827336884     
  0.188362426437897     
 -0.627911367129111     
 -0.126576460353659     
  0.768627892779664     
  0.591923656805307     
 -0.143763469652363     
  6.159923766034917E-002
 -1.344134661390474E-002
 -0.374581204852043     
 -0.626965634950601     
  0.481833557769870     
 -1.728667494308908E-002
 -0.667121996228266     
  0.545894788192005     
 -0.593689290810572     
  0.159337514299377     
  0.173936215600388     
 -0.294232469453702     
 -0.241925683022901     
  5.937674450228518E-002
 -0.224413563319465     
  1.682565080112331E-002
  3.936741469821303E-002
  0.463227142880990     
  2.813324528560375E-002
   1.24198106986659     
  0.347835820848867     
 -6.258056365952210E-002
   1.36636128358539     
   1.57505512098192     
 -0.678531308727841     
 -0.823536893871030     
  0.341392019291760     
 -0.576928012858213     
   1.88984525525635     
 -0.814223607818387     
 -0.562581430937031     
 -0.118863490566479     
 -0.840058763638935     
  -1.35552872832807     
  -2.03616718942573     
  2.701577308435774E-002
  5.578016015213309E-002
  0.346629997456504     
  -1.47403814779956     
   1.98952884232461     
   1.00456319432452     
 -0.694532927913042     
  -1.25418284114038     
  0.936285146592734     
  -1.00722379427297     
 -0.248922013637580     
   1.21140372771993     
 -0.596895383497266     
   1.04951783366804     
 -0.426314696737518     
 -0.394717861468180     
 -0.465251632216666     
 -0.876410072067871     
  0.617088948137901     
  -1.41777536947640     
   1.18656112336919     
  0.278282051691830     
 -0.708357493334134     
  -1.26850932117629     
 -0.115376049185571     
  0.294345734727707     
  0.390718950337591     
 -0.276672264031004     
  0.924157665675045     
  -1.15629608115543     
 -0.358079870071034     
  0.185428658197626     
 -0.627239682726172     
  1.574743700626630E-002
  0.144851210651921     
  0.161564452464669     
 -0.999360515726566     
   1.13640865380768     
  0.629672396452705     
  0.486165263555828     
 -0.348252860233821     
 -0.323130337449600     
  0.161659399599837     
  0.735478116385060     
  0.512388403478914     
  3.950563496417932E-003
  0.807292773963499     
  0.181699150227562     
 -0.187994715423609     
 -4.756656156160466E-002
  0.325589821638471     
  0.142884570318216     
  0.342311260103882     
 -0.822943300711828     
 -7.842819349746599E-003
   1.31131041768729     
   1.28388938530864     
  0.673968390330535     
 -0.936406428837926     
   1.58402991708153     
  0.130933097173586     
 -7.602366692915584E-002
   1.04732493498535     
  0.400359070936068     
 -0.341627349264323     
  0.349266625849143     
 -0.409814100563702     
  0.384041091171564     
 -5.197134601766401E-002
  0.293849106433365     
 -0.184850825205543     
 -0.813401584690596     
 -0.267500988027418     
  0.559258230424909     
  3.295989814752584E-002
 -9.491754475340036E-002
 -0.609869212525980     
 -0.570448501404620     
 -0.518603789810247     
 -0.692435778185736     
 -0.313386759912138     
 -0.375949782816631     
  0.331839484943651     
  -1.30645755240436     
  0.531912295312508     
 -0.710472612861524     
  0.660132450142798     
  0.273922638044874     
 -2.846510354616769E-002
 -0.495031446395583     
 -0.527054874697895     
  0.327825255945023     
 -9.455443324065625E-002
  0.262287025876629     
  0.463067930183508     
 -0.872742105932328     
 -0.193169821674996     
  7.381490478752148E-002
 -0.142431399241069     
  0.608245815140426     
  0.353931760216027     
 -2.285164612701841E-002
  0.275172500253601     
  2.079346746540981E-002
 -0.698516863631028     
  0.542366675563554     
 -0.338999547186959     
 -0.602696218524756     
  0.123195417851485     
 -0.254783427679989     
  0.401585838651387     
  6.345320332869998E-002
 -0.182300059871561     
  1.348746183443601E-002
 -7.529385995656319E-002
  0.249234781671831     
 -0.334655935329291     
  0.132867820428019     
  0.414376638023795     
 -0.140192837755999     
 -0.559943341466161     
 -0.214727229923752     
  0.310564670856206     
  0.136653543779698     
 -0.352770035224261     
 -0.129931496093985     
 -9.192138912393021E-002
 -0.733624552058495     
  0.568666610904731     
  0.221379246260356     
 -4.432898413387746E-002
 -4.617753266479922E-002
 -0.732814339092172     
 -0.776305347740906     
  0.815812027755273     
 -1.959827851897926E-002
 -0.215701328703150     
  0.341210070528472     
 -6.623185600520043E-002
 -7.378821506639265E-002
  0.455387997754809     
  7.190627392169849E-002
  0.417994495343650     
 -0.302563670229003     
  0.412912579001575     
 -0.349314271753444     
 -9.837711795733853E-002
  9.076094732843415E-002
 -2.565184569346474E-002
   1.13223065720300     
 -0.348139141025961     
 -0.301405727921974     
 -0.524317988953862     
  0.206779563107872     
 -0.155437793027007     
 -0.744396042226877     
  0.102100313663278     
  0.135757718642876     
 -0.160020992054846     
 -0.100088935910606     
  0.160806900174750     
  0.751911689120768     
  4.228901723684806E-002
  0.340579594055377     
 -0.595455714513230     
   1.11692237452031     
 -0.313174416544521     
 -0.562880683422248     
  0.272792496781199     
  5.391171746391724E-002
  0.210727880521914     
 -0.452383944475437     
 -8.408929075543728E-002
 -0.178107736227422     
 -0.246595466271710     
 -0.248695950921730     
  0.209352423745817     
 -0.125361341747598     
  0.152683081268628     
 -0.110763931015314     
  1.389100661738451E-003
 -0.518108198525630     
  0.397513355236808     
   1.97365894228985     
 -2.509358429017287E-002
  0.209469807761815     
  -1.30113752903816     
  -2.03601999482747     
  7.036322068605790E-002
  0.655899649937501     
 -0.496244150642991     
 -0.171515769730228     
  0.138620429564011     
  0.237620906276105     
   1.21043948742098     
   3.40736066314316     
 -0.119102271645528     
  0.427667331139154     
  0.600436127261038     
  -1.17543651144409     
  0.679515814837669     
 -0.421877609042182     
  0.359359546707968     
 -0.347756881034815     
  -1.91436035981624     
  -1.28314530728988     
  0.599315414373813     
  0.117004907646237     
   1.37495109540546     
  6.830231715032371E-003
 -0.520268980312448     
  3.463166079455150E-002
  -2.45070229386044     
  0.445502757372710     
  0.473259691754086     
  0.141399602386420     
  0.157369589964951     
 -0.333312623858107     
  0.283378210740275     
 -1.992903560084161E-003
 -6.293359462435102E-002
 -0.768933584727118     
 -0.136706250583187     
  0.140073879042871     
 -0.303356505096309     
  2.040192875356389E-002
  0.499201960930283     
  0.726547953418088     
  0.538840041220093     
  5.914879062916185E-002
  9.670605543903418E-002
 -0.169927098959258     
 -0.160158639652665     
  2.081815809773576E-002
  0.374276642839362     
 -0.320348374807105     
  0.525489268390563     
 -0.771456833632272     
 -0.174730516606118     
  0.220546113652668     
 -0.253492827163925     
 -0.189071660210421     
  0.408279311769592     
  0.142864980598932     
 -9.065243441417054E-002
  0.174149099400815     
 -8.919866315486859E-002
 -0.480760448393467     
  0.290579198341124     
  0.389979440503280     
  5.052265485068705E-003
 -0.134261141635215     
 -9.829918548333051E-002
 -0.614586037143373     
 -0.587016843537173     
 -0.118911565028274     
  0.235796015635321     
 -0.121603537366499     
 -8.392707559488144E-002
 -0.670515440478389     
 -3.616197792237542E-002
 -0.105715547524340     
  0.258494750557797     
  0.379528537343280     
 -0.903214550180670     
 -0.190039554295503     
  0.700893196614208     
 -0.725183795680549     
  0.508134569680232     
  0.209171177683772     
 -0.292908224020493     
  0.158803280963361     
  0.204776657731950     
 -0.166183429319537     
  0.374674766626486     
  1.830436052405463E-003
  0.239844186645411     
 -8.674895227236434E-002
  0.677085373383837     
 -3.089288889664067E-002
 -0.115159346281727     
  0.693438227355014     
  0.298373679352082     
  0.220449509526908     
 -0.449651045335434     
 -0.366871597674287     
  -1.03676135940752     
 -0.401170749238178     
  8.122987074421566E-002
  0.365662171728125     
  0.264677096224389     
  2.812203245043800E-002
 -0.483542523093760     
  0.348939195129094     
  0.379329284944356     
   1.19343880933115     
  0.889637073463395     
 -0.642538793790949     
 -5.219132361201801E-002
  0.403990488044689     
 -0.638262331232689     
  0.887688423296204     
  0.478811180494638     
 -0.231517583824404     
  0.426269083042238     
 -0.323846214704672     
  0.127931818222547     
  0.143625920987634     
  0.105906885642183     
 -0.411634791504540     
 -0.403529237764467     
  0.590633399088761     
 -0.502325609426774     
 -0.865966196439349     
  0.103284746784708     
  -1.20277908584594     
   1.12108704914897     
 -0.961415952879331     
  0.994952051267012     
 -0.257531401571164     
  -1.85337922937057     
  0.240882762749912     
  0.265480216902578     
 -0.124243806667351     
 -0.739388259389475     
  -1.28686120087778     
  0.170379957053008     
 -0.871849635439447     
  2.714793160828582E-003
   2.32611864827732     
  -1.00254446551275     
   1.85257018312785     
 -0.791743692702790     
  -1.18961892829811     
  0.886172874147820     
   1.48995802367395     
  0.739063920687599     
  0.841564389457553     
 -0.199698510490750     
  -1.14769405932487     
   1.13861371565247     
   1.25210916061374     
 -0.729536922817755     
   1.51160167318787     
  0.562135939342562     
  0.891458775511112     
  0.208309269928408     
  0.486418376666073     
 -0.522518145164296     
  -1.41080588241058     
 -8.456930762033325E-002
   1.34892353607259     
 -0.444054696447754     
  -1.25910079529614     
  8.928553622413124E-002
 -0.371270165145396     
  6.527421002060141E-002
 -3.484570510848438E-002
   1.01595063486513     
 -0.158044975473846     
  -1.23043627804232     
  0.623069276067642     
 -0.321492672070580     
 -0.879199244494611     
 -0.888718594839219     
  0.923539845356282     
 -0.475351325572914     
  0.478013937247162     
 -0.822616910404355     
 -0.306295621148452     
  0.167486354191442     
  0.682997663541242     
 -0.870392332102899     
  0.609663089771957     
  0.577417415315853     
 -0.120950767346766     
 -0.120918896078202     
 -0.226135862273605     
  0.322770367582904     
  0.750308167477874     
  0.597196615255946     
 -0.980086128310273     
 -0.354216562397587     
  0.403773007085576     
 -0.200239340617910     
 -0.751213371167234     
 -0.281113814084604     
 -0.194280898260581     
  0.714009364816468     
 -0.992752440628919     
 -0.260421560209298     
  0.278849877602575     
  0.530533714158335     
  0.580381541126563     
  0.189952984321313     
  9.183819848887657E-002
  3.745295521244682E-002
 -0.727069681261309     
  0.726076431259527     
 -0.801018500630225     
  0.267920243808767     
  0.117082212505563     
  3.283792098215401E-002
  5.064847541541651E-002
  0.123471912760427     
 -8.064300463356454E-002
  0.220925422841287     
 -0.121058449405893     
  0.297466877122747     
  8.393940287202728E-002
 -0.628234455720671     
  0.649417991303246     
   2.49925973686590     
  0.234588390368349     
  0.170047001960835     
 -0.329866917609512     
 -0.504619510180063     
 -0.158678054988161     
  0.326881801458276     
   1.13543247995025     
  0.311617320275380     
 -0.415245942296334     
  0.930409326343087     
  5.208313808837985E-002
  0.221584395236702     
  2.735272401691405E-002
  0.907451337455021     
  1.869794141789469E-002
  0.198447261280688     
  0.200465735026483     
  5.775234377809909E-002
 -0.145651301611532     
 -0.164324307466096     
  0.498852990152030     
  -1.23366197375432     
  0.348449151261394     
  0.424606743172709     
 -9.287607767489034E-002
  0.199491757578333     
  8.782435445765481E-002
 -0.306977327279101     
 -0.281740319092814     
 -0.436920038200908     
  0.791849112490015     
 -9.894078888913634E-002
  0.573205097347491     
  4.647284660423410E-002
 -0.676524503989589     
  0.630985919533636     
  0.618018925948080     
 -0.172537476699103     
  2.618132082998431E-002
 -0.666898913792212     
 -0.135603585958645     
  0.208435312369876     
 -0.562489378412167     
 -0.420381978504684     
 -0.673060899010828     
  -1.24571136427042     
  0.357847307816840     
 -0.626675556065010     
  3.862725007024237E-002
  0.381992549086401     
   1.30665911300810     
 -0.842802807159275     
  5.666292845226837E-002
  8.507662306297689E-002
 -0.909694472355912     
  0.464700246330645     
  7.894505233812833E-002
 -0.292769802759890     
  0.315067377070814     
  0.159884457114210     
  0.448655237647928     
 -3.357944265877728E-002
   1.11455921497686     
 -0.593570628545480     
  0.997708524225823     
   1.17365012616109     
 -0.149585637629702     
 -2.806123970514916E-002
  0.418973962584624     
  4.999419394290393E-003
  0.391598909717015     
  0.336243384800250     
 -8.644021693266955E-002
 -0.172470234152439     
 -3.691881937141080E-002
  0.149492350654290     
  0.154626824239342     
 -5.433905696973194E-002
 -0.784927769840111     
  0.360398397369363     
 -0.460740292439529     
  8.655414772710045E-002
  0.388102047122945     
  0.168202500514568     
 -0.432576787793156     
  0.776830553497358     
 -0.311325538865121     
 -3.875977594553504E-002
  0.239831455582039     
 -9.884699991021173E-002
  6.386655139865574E-002
 -0.352783887003158     
 -0.680453034550873     
  0.149621197420597     
  8.986895318060882E-002
 -0.532032330866241     
  2.434259183977520E-002
 -0.367825479402936     
 -0.528619939288228     
  -1.13123997808488     
 -0.157719711396715     
 -0.723055538658590     
 -0.545697431221731     
  0.109491324592430     
 -0.336058395656956     
 -0.469686394527460     
  0.251040784961121     
  8.742643033041784E-003
  0.513069522112003     
  0.346812426138704     
  0.616195009432183     
   1.20742014090505     
  0.296726531688477     
  0.559330947019714     
 -0.297256158519550     
  0.532422366090692     
  0.413206303395390     
 -0.922378169317112     
  0.162802662080139     
  0.266626990050863     
  0.522277801905137     
 -0.902478530383185     
 -0.268114554265282     
 -0.184807382510842     
  0.120762439488771     
  0.573961854529617     
  0.345150214314430     
 -0.327563551125663     
   1.03862568647783     
  0.424945369144069     
 -0.867390797343959     
  0.302353056508144     
 -0.170639629519893     
  0.637849889756411     
 -7.462104468776216E-002
 -3.207425382625035E-002
 -1.139263783838509E-002
 -0.344336213412016     
 -0.474968049625095     
 -0.532807542980637     
  0.207032257305591     
  0.127006583687944     
 -3.878153797852438E-002
  0.374451562944539     
  0.421228806071112     
  0.640779616488543     
  0.705081153743592     
  0.200383685997858     
  0.763496996730147     
  0.545065507061992     
 -0.714413170823774     
  9.536467581494258E-002
  0.365185938831020     
  7.133439223808730E-002
 -0.476692819755214     
 -0.248619561333492     
 -0.650297753874708     
  0.342895866140372     
  0.110215227488025     
  0.179934664185931     
  0.335606969650252     
  0.489233693237601     
 -0.107255878695764     
 -0.127253428989492     
 -0.150370371100991     
 
  -1.30933479016439     
  -1.22829563043397     
  0.752250988974689     
  -1.17272057738021     
  -1.90913393653711     
  -1.51301236612925     
   1.80688541167171     
  0.957699733249021     
  0.961673542735517     
  0.841010005025371     
  0.752749104194446     
  0.842203728844114     
   5.27405809492771     
   1.35150699724671     
  -3.29448857871118     
  -1.32714291662153     
  0.277939839772329     
  0.821403981589578     
  -4.06824079585302     
  0.377740205467117     
   1.41182128802423     
  0.833922484101992     
  0.487127385849388     
   3.34967312682140     
   1.82873279801231     
  -5.03499803469910     
  -2.02885022429083     
 -6.849881729311955E-002
  -1.91613543525897     
  -1.39777983281086     
 
 -0.404543542175570     
  0.527454804826256     
  0.279150006197215     
   2.41578050008865     
  0.317846261786591     
 -0.270599748538462     
  -1.69860270375839     
   1.61792703311117     
  0.130208058456937     
 -6.189692886127876E-002
  0.208281572119686     
   2.66639128324169     
  0.674476605050143     
 -0.748464824096413     
  -1.17778597659724     
  -1.82319136092693     
 -0.303372779343580     
  -2.43912304009311     
  -1.75031995886247     
  0.110754310896976     
   2.33074611199941     
 -0.122564240892377     
  0.142565089783825     
 -0.275106986725675     
 -1.113371586706129E-002
  0.747389892580096     
 -0.905766978640609     
 -0.895072414459413     
   1.80154789183294     
  0.190880715307811     
 -0.338328048727854     
   1.01411803697633     
 -0.287695854810606     
 -0.957305750532084     
  0.241918235852851     
 -0.114590370036957     
 -0.853321393351052     
 -0.525850699153621     
  7.701958116821472E-002
  0.543880434173904     
 -0.223020850412282     
  0.279187645894408     
 -0.372562726272305     
  0.838755421297890     
  0.291615921438470     
   1.41938208432964     
  -1.11877893333581     
  0.942322584168504     
  0.750637884342625     
 -0.463224776875542     
  0.359493192636142     
 -0.236803584567019     
   1.51589776901985     
  -1.38702070505879     
 -0.327710353434991     
 -0.294111866590960     
  0.756919688834659     
  0.521739541399468     
   1.30082501185366     
  -2.60570082915833     
 -0.324678368014144     
  0.348450943841999     
  1.705080718725312E-002
 -0.777495479379903     
  0.861305254608728     
  8.511809673245600E-002
 -0.136737543859385     
 -0.134719262066552     
 -0.354722615116002     
 -0.480154316383532     
  -2.33789891703064     
  0.466029044748789     
  0.169713603278737     
 -0.572843590564786     
 -0.410409576173863     
  0.187678066000056     
 -0.337166037845313     
 -0.128243001630659     
  0.848708098733824     
 -0.468344703800429     
 -0.644928187447938     
 -0.423217879142029     
  0.100301487016546     
 -0.220328807577437     
   3.20948154306238     
   1.95692630727781     
  -1.30994119938351     
 -0.854302888482727     
  -1.53065357960019     
   1.46550986593111     
   1.19160202017074     
 -0.795368702288851     
  0.285740361272437     
 -5.381856045535019E-002
 -0.803739220984734     
  0.102234165189458     
  0.173969306344133     
 -0.246364296089994     
 -0.315469168064602     
 -0.195163995520888     
  0.132223121511572     
  0.566388321729571     
 -0.921653331067224     
  5.815232755420320E-003
 -0.813266089190780     
 -0.747267954940104     
  0.723035351065126     
 -0.713103243505562     
 -0.336571466494293     
  0.213929530419685     
  0.609529897675019     
 -0.579068948354471     
 -0.615747176260917     
 -0.729828989013253     
  0.209630586924651     
 -0.180377834013507     
 -0.465166917744913     
  0.154948333222171     
 -0.464321835375863     
  2.566028904629182E-002
 -8.878355374824218E-002
  0.321802968221841     
  0.605406464643341     
  4.055434340613065E-002
  -3.31768894970041     
  0.671063773064488     
 -0.168586977730886     
 -0.970690145251544     
 -0.296742718205038     
  -1.09635460934975     
 -0.166568386310676     
  0.171698325193756     
  -1.48399539682580     
 -0.109443367551169     
 -0.557341633525058     
   1.21084705943509     
 -0.522770139572924     
 -7.250475534596559E-002
  0.945572700728091     
  0.988084919571977     
 -0.265741561805976     
  0.636861750478923     
 -0.689287012546509     
  0.422078192901182     
  -1.19307647076380     
  0.642223046319395     
  0.250231096197469     
  0.410963078372038     
  3.481413674632416E-002
  -1.06809458387443     
  0.433214742099485     
  0.154721713286096     
 -0.594490691040858     
 -0.923906838559566     
 -0.393313625548079     
 -0.537900350600906     
  4.294764131646594E-002
 -0.818210255548158     
 -0.471834682091107     
  0.184453670972142     
  0.352531718097205     
 -0.280442793574643     
 -8.342135455756433E-002
  0.113700651300169     
  0.763610935176706     
 -0.237767417639522     
  0.224170532016024     
  0.214163514201640     
 -6.287467637800559E-002
 -0.723576178478708     
  0.744046829738988     
 -0.643391801732526     
 -0.101998546695246     
 -0.564010277874683     
  0.994176056113622     
  -1.00133603203011     
  4.623851271462955E-002
  0.726437445984494     
  0.722638247628729     
  0.966684147983205     
  0.263341415229684     
  0.189609055813136     
 -0.368792472760809     
   1.80757375891056     
  -1.16692290364586     
  0.667968934584442     
  0.158770613437214     
 -5.577927779673949E-002
  0.401508962560090     
  0.543983304694324     
   1.50003202829080     
  0.576565872999644     
  -1.73463061401298     
  0.444718472933570     
   1.03431478399328     
   2.52203133391521     
  0.426821286984026     
 -0.539395644615372     
 -0.383654328120056     
   1.07006214038163     
 -0.954163278872488     
  0.736922628254974     
 -0.939209353554801     
 -8.857763064237126E-002
   1.80104615670610     
 -0.759841449750051     
  0.807602258093402     
 -0.631808368831944     
  0.273374273929850     
  -1.74953764317335     
   1.06106770268990     
   1.12085805920667     
  0.900403083700993     
 -0.986999558697542     
  -1.71343606546448     
  0.600769959238272     
   1.62061978646449     
 -0.353872626898320     
  0.730179516778072     
   4.69734035451393     
  -1.59634335653016     
 -0.130825020159076     
  -2.85970020712955     
   2.66094601729430     
   1.14315175596067     
  0.921794821406096     
  0.835414072898679     
   1.49279244545662     
   2.06851750384793     
  -2.64263218006379     
  0.362311652984395     
  4.799049753091510E-002
 -0.203356527678391     
   1.17419201318552     
   1.45115965388084     
   1.62532233212530     
   1.88468598512338     
   2.82623588953089     
  -1.86524571048716     
   1.05953549692083     
 -0.686345091185996     
  5.026845619141146E-002
  0.285169420259196     
  0.290459443367858     
  0.440879820986980     
  0.141239825447474     
 -0.256721982931937     
   1.01260412042224     
  0.213784453477013     
 -1.823411605784275E-002
  0.530053464234591     
  0.799152422517892     
 -0.875425475056491     
  1.418754675302618E-002
 -0.403493058662001     
  -1.35054166878135     
 -0.944888669934260     
 -0.331194642400645     
  0.252280335517663     
  0.527719653621796     
 -0.149138307928704     
  0.253226252064612     
  0.398099490576673     
 -0.205596701172777     
  -1.16168413011825     
   1.69912948281569     
 -0.471836495853160     
 -0.504112223753765     
  0.350581472298053     
 -0.393487855232111     
 -0.350470896053881     
 -0.307099479950903     
  -1.29094227451264     
  -2.92545898024482     
   1.13695892916694     
 -0.233078839178499     
  -1.06224267205867     
 -0.777116460444786     
  -1.40201628921305     
  -1.20934126461826     
 -0.720859827567565     
   1.44610732659134     
  0.525570852400109     
  9.871533953606693E-002
   1.03102945365596     
   1.00821581597182     
 -0.681631405408161     
 -8.957699157843242E-002
  0.260886299200256     
   1.13612358435412     
  -1.67377718378983     
   2.98397226614599     
  0.506527767261793     
  0.106694403804021     
  -3.12093666515739     
  -5.50823480407495     
  2.155545352158169E-002
   1.08656729232298     
   2.10888078599015     
 -0.900372548904115     
  0.247045946763906     
 -0.201582499993371     
  0.607315098794672     
  5.326202872504424E-002
  0.401895602247815     
 -0.149326889326296     
 -0.335650854961935     
  0.706264284410221     
   1.17371200842232     
 -0.322637934069781     
  0.526101070543837     
  0.856558236159371     
  -1.41338601454769     
 -0.125243202355590     
  0.975713299163017     
 -0.223017062089500     
   1.12549470279426     
  0.645138690109412     
   1.55835287018387     
  -1.20970124053707     
  0.201999727573219     
  0.220668856111826     
   1.34034071221911     
 -0.579355501972982     
 -0.362761495028473     
 -0.100724613635309     
  0.183383525968880     
  0.785632481738786     
 -0.636965524663446     
  0.414569628875570     
  0.675595163905420     
 -0.225701022903043     
  -1.24547625862816     
 -0.442751643462693     
  -1.87588217756715     
 -0.382521199696644     
 -0.580498978023420     
 -0.190471680610883     
   1.36395504286546     
  0.797015984499498     
 -0.435050924785266     
  -1.23982928376721     
  -2.98017757574232     
  0.197060190120814     
  -1.05967744464958     
 -0.520337061410713     
  0.511416827517495     
  0.275351197084718     
  0.933143110371629     
 -0.108256506804749     
 -0.533669531862549     
  0.175335012474421     
  -1.19582988221514     
  0.196978429433442     
   2.68955415218849     
  0.647989046336159     
  0.965835749023061     
  0.529679643626584     
  -1.77540427718564     
   1.40930648387350     
  0.976621165916045     
 -2.195638327404954E-002
  -1.90797501173955     
  0.696847760038226     
  0.344125120804096     
 -0.572228892759775     
  0.951335189200555     
   1.71094037089279     
  0.258071452540056     
   1.67039218374774     
 -2.102329402866591E-002
  -1.50939064856130     
  -1.14449722861620     
  -1.44691479012247     
 -0.555459097621920     
 -0.542330464908136     
 -0.141600805772446     
  -1.42042791534313     
  -1.28394980164971     
   1.22631781490002     
 -0.761258663739573     
 -0.320125055476623     
   1.30240912001330     
 -0.125985297116370     
   1.98594139442231     
 -0.457143229469200     
  0.827385421568694     
  0.260299289183830     
  0.494480732303968     
  0.725931077481638     
  0.828366692030357     
  9.060201438026316E-002
  0.643293722230123     
 -1.695205002086948E-002
  0.710824274980697     
  0.515082322311036     
  0.551072927353087     
  0.431731560003558     
  0.462154048299874     
 -0.435061814340021     
  0.659242316965858     
 -2.427783784285708E-002
  0.324998951261103     
 -0.199528945548840     
 -2.921848604906227E-002
 -0.432693817840747     
 -0.446684993581046     
 -0.834871380270057     
  0.160417404527788     
  0.729528371565822     
  0.615638499142896     
 -0.100001969438870     
  2.695918664039411E-002
  0.523698873207454     
   1.12919409744069     
 -0.636820480157153     
 -0.823418662844104     
 -0.903874369090862     
 -0.495545452850140     
  0.260362963086024     
  0.130157042673830     
  0.178295800959062     
  6.756212853405898E-002
 -0.168639887739416     
  0.518863565672557     
  0.493857394103366     
  0.309170808858569     
  -1.07276783909825     
 -0.331088450302275     
  0.117042776622622     
 -0.369626434871089     
 -0.216700904202559     
  0.648312522238765     
 -0.138302667972762     
 -0.833482069992825     
 -0.775209393302942     
 -0.290168515258126     
 -0.834539389384929     
  0.250460795110963     
   1.11142954578603     
 -0.249142247547139     
  8.247226846923418E-002
  0.487869928235297     
 -0.664561101259287     
  0.646775940310215     
   1.75326393280406     
  0.115906304974357     
 -0.736405377795636     
  -1.43831280704132     
 -0.467302242951866     
  0.173681378667808     
 -0.327526074165388     
  0.940597723414294     
 -0.288128323141700     
 -0.507894679250773     
  0.331851928950700     
  0.512137073100469     
  4.387229973860329E-003
  -1.09675737720608     
  0.383594097015287     
   2.54413752370995     
   1.36782143835348     
 -0.148857346806524     
  0.469872470225906     
  -1.03302413205716     
  9.948604883483739E-002
  0.580145822974612     
   1.29442745274195     
   1.17414594520318     
   1.01460303827634     
  -2.32288397907795     
  0.259261420934143     
   2.37731308845300     
 -0.518469725711373     
  -2.02865230467052     
   1.60863101766215     
  0.431485092124598     
  -1.12387937977630     
  0.966223622368955     
  -1.86185802970580     
 -0.301483993687428     
 -0.111893498932438     
  0.656943435221653     
   1.35168697294882     
 -0.218604613660328     
  0.676506769786517     
  0.357639784906300     
 -5.305188082923246E-002
  0.511856713130384     
 -0.575109170195848     
 -0.846369617575796     
  0.549496059401963     
  0.954096296706489     
  0.141161906904246     
  0.893938433966870     
  0.218574396322380     
  0.424995352333253     
  0.119715258439869     
 -0.862525833780264     
  0.455940063804891     
 -0.700957406443374     
  0.495051526138223     
 -0.831320696054739     
 -0.681933723500525     
  0.960275370700448     
 -0.270428522916870     
 -0.530952859492302     
  5.095402721589002E-002
  0.390760351168442     
  -1.21304024698515     
   1.54333365146880     
   1.01597304291633     
   1.92314281189036     
   2.08867633151040     
 -0.189321128852772     
   1.14024390451595     
   2.49070627093551     
  0.200495025344860     
  0.129459382691545     
  -1.84733795678795     
  -2.22140035362049     
   2.09092186487927     
 -0.646072957775324     
  0.682752608180180     
 -0.804958408755461     
  0.233798247764065     
  0.215437077751432     
  -1.16866692765489     
   1.12508428187961     
   2.29736621872736     
 -0.892080807547830     
  0.120302309540606     
 -0.668391745108398     
  -1.58074681060402     
  -1.11489221569091     
 -8.022448065269069E-002
  -1.13832449484547     
  -1.26896339062903     
  -2.86459388967593     
  -1.55649816346232     
 -0.697537355350822     
 -0.560665161279064     
   1.76980056953354     
  0.273747937795022     
  0.362376031334482     
  0.539981458230529     
 -0.356577075283206     
   1.74544515291685     
  0.156996406346197     
  -1.30236977944561     
  -1.22246095640146     
   1.01602173869539     
   1.86830174591323     
  0.591062438868441     
  -1.02404673611769     
  6.558756770984736E-002
  0.215981122890856     
   1.04476345277239     
  5.078653521647363E-002
  -1.56742209948758     
  -1.86271770918819     
   1.49425287179338     
  -1.73055835312291     
  0.405761790127162     
  -2.55781278758631     
   1.46277271457739     
 -0.458534109738981     
  0.190599773543577     
  -2.84728539311072     
  0.445988940706119     
  7.486314367419272E-002
  0.252959651117094     
 -0.167383413330071     
 -0.749728889797703     
 -0.940280848766271     
 -0.519620160262714     
  0.388976703238229     
 -0.384143212179474     
   2.11340467915933     
  0.303591698174339     
   3.09363590098229     
  -1.47533312743654     
 -0.684762775674506     
 -0.458721377483968     
  -1.39256714694377     
   3.45453617377548     
 -0.287937737770038     
 -0.453657233655355     
 -0.136522358224261     
  0.385904735801226     
  0.821956920704233     
 -0.461654560827196     
  0.607678782863895     
  -2.46642432500624     
  -1.60446461908007     
   1.73395329668768     
  0.238552485892630     
  0.321878537240403     
  0.782425946386647     
 -9.611062092057832E-002
   2.03487433099612     
   1.17601742905902     
  0.761712130100786     
  0.322041937523810     
 -0.249820713240026     
  0.460293660334840     
   1.08518577544317     
  0.596739508566357     
  0.703313372333906     
  -2.18631404864626     
 -0.926427258626476     
   3.28131958771482     
   1.23258344018864     
 -0.258272848784092     
 -0.923420524588263     
 -0.470272936002575     
   1.71533058819896     
   1.77375384066314     
   2.18073485595882     
  -2.04881246671738     
 -6.032088751270227E-002
  -1.21638303566100     
  0.511677688552265     
 -0.505699592345614     
  0.993655416987287     
  0.298452083206680     
  -2.40973941546832     
 -0.715511774497381     
 -0.302550079647426     
   1.91912464546117     
  -1.41271824314636     
  6.548148642990387E-002
 -0.802331906042406     
   1.14447906367215     
   1.13420123520740     
 -0.184554635639606     
 -0.942699245370412     
   1.20487864424176     
  0.240503606799018     
   1.41623399591982     
 -0.117572869414232     
 -0.533635988400972     
  0.399169824971825     
 -0.408334323891261     
  0.999590476261566     
 -0.282635879855559     
 -0.185080163380626     
  0.783234052154945     
 -0.428399491533120     
  -1.92483885942964     
  0.588393314163671     
  0.212917549239319     
  0.553635700613182     
  4.008676342323784E-002
  0.558632909746070     
 -0.875636203977870     
  0.597475454919029     
  7.078410329169699E-002
  0.348074124053722     
  9.879587961608645E-002
 -0.214271983405714     
 -0.158594187819878     
   1.22973316151717     
   1.68514383461557     
 -0.745491738927745     
  0.974197925276983     
  0.165258216938601     
  0.187104260179367     
 -0.347082767238573     
 -0.896183056700783     
  0.978959769071821     
  0.417440576935412     
 -0.695729918119593     
 -0.119596711951393     
 -0.347965066648203     
 -0.330576149561816     
  0.192814949057584     
 -0.239201089964571     
 -0.937542054932555     
   1.34681237106383     
  -1.03121702967858     
   1.00006215835620     
 -0.501095564994860     
 -7.851368269630152E-002
  -1.40847844658554     
  0.788590603309433     
 -0.477138734187741     
 -0.522883256851563     
 -0.190376629597222     
  -1.93163432802211     
  0.308624729874956     
 -0.479167730259845     
  7.512319170048673E-002
  0.380801531986411     
  -1.07836690702673     
  0.267124068247217     
  0.826102323213071     
 -0.464494522923281     
  5.102414111073492E-002
  0.134371448447668     
  0.841963197821760     
 -0.894740868964175     
  -3.34253235573556     
  0.426776178901110     
 -0.191495875252624     
  0.775730898419253     
  0.811760056209201     
 -0.600940470723918     
  0.644143646747746     
 -8.619785539940933E-002
 -0.663109689182304     
  0.773581012542674     
  0.412833711748885     
  0.818799512381354     
  0.593381641222715     
  0.346757250430578     
  0.523535372448067     
   1.57745574427950     
  0.460874116368146     
 -0.533148615297468     
 -0.916250178885098     
 -0.654406771367810     
   2.02832473831629     
  0.405167387168281     
   1.91681982864373     
 -0.698033839163797     
   1.91031584923177     
  -1.40750550805953     
  0.347531809784268     
  0.104672069012856     
  0.934273024698094     
   1.85308086655412     
 -0.873833246667263     
 -0.416834186155662     
  -1.11197101337043     
 -0.213934441001064     
   1.48621219923374     
  -2.15199133247862     
 -0.484069485590064     
  8.056348506128337E-002
  0.518682837405735     
  -1.55481018198511     
   1.91685221519172     
  1.571231945147945E-002
  -2.44411413412495     
  -1.81962163727640     
  0.449103261970071     
 -6.901666374370452E-002
  0.402377343752785     
  -2.56422385340659     
 -0.927768403581301     
  0.811174907740445     
  0.208048324730523     
  0.535413449245205     
  1.763552624538223E-002
 -0.100482138800202     
  9.903090803872408E-002
   1.39446192116657     
  0.505592946103511     
 -0.163009370594557     
 -0.594483061537923     
   1.01188255163327     
  0.338544036611464     
  1.786438355960587E-002
  0.804132397728200     
  0.531275377503293     
 -3.727358821228986E-003
  0.252389806148769     
  0.577176965394205     
  -1.10309336354217     
  3.209914229503073E-002
  0.283227305155977     
 -0.586813569234673     
  0.964316919326035     
  -1.49118508597967     
  0.654392669085833     
 -0.128430501023152     
  3.961280007441947E-002
  0.743830022238947     
  0.671845208918573     
 -0.854492218006702     
 -0.123095662627322     
  0.379338895097062     
   1.61560268286641     
  0.401241878259876     
  0.117465531061940     
  0.810263295324822     
   1.04849575700930     
  0.104878113055784     
 -0.946277836215840     
 -0.501907608534488     
 -5.598727447406691E-002
  0.851174021457609     
 -0.347580055198277     
  0.318018728101752     
   1.83413704893223     
  0.252669998611128     
  0.148677043553337     
 -0.255511237968508     
  0.127866501913290     
 -0.423941676099165     
 -6.943916795699336E-002
  0.934235930777550     
 -0.670134243136588     
  0.891528525617323     
 -0.240984907276341     
 -0.810536823747420     
 -0.367821048074868     
  9.307186104361767E-002
  -1.05353746000087     
  0.927097279174932     
  0.822067002112059     
 -0.275574693324964     
  -1.83119917706522     
  -1.79834101710656     
 -7.871729862202002E-002
  0.855983671310737     
  -1.38959510899252     
  5.883908216552348E-002
 -0.422470591856623     
  0.893753080917600     
 -0.814456518671249     
  -3.12673266720801     
  0.730118861774827     
  0.749628951475845     
  0.522267240818256     
 -0.142814448443632     
 -0.467938328971409     
  0.731452793935765     
  0.630794083574948     
 -0.635064401862481     
  0.284087496027633     
 -0.290793426065200     
  0.694564485624629     
   1.23690698052877     
 -0.310092978031985     
 -0.374000026776822     
  0.460378639443989     
  0.538565002887629     
 -0.387411200062160     
 -0.790774939234917     
 -0.347816748099410     
  0.244310858026428     
   1.91085721156198     
 -0.777159269908796     
 -9.955125570541182E-002
  0.662966689661583     
   1.54262181362254     
 -0.415310907503051     
 -0.922937245273115     
 -0.124318190527112     
 -7.350548662303796E-002
  0.548880985240006     
 -0.183408000581363     
 -2.293934829839366E-002
  0.321650075613441     
  0.481989109377320     
  0.421347575645974     
 -0.516301710840179     
 -4.330981949941851E-002
 -0.526091172906180     
 -3.200483847041532E-002
  9.299622516432213E-002
 -0.778828007585148     
 -0.291627374060986     
 -0.523675373497815     
 -0.583508989048095     
 -0.109699276902083     
  0.926579585265431     
 -0.955406519139648     
 -0.329192640640544     
  0.157703837164962     
  0.349852789219710     
  0.271874453374247     
  9.704801998766237E-002
  9.221768465532773E-002
   1.52998359118132     
  0.580516288512328     
  0.472005245475071     
  -1.15178546717685     
 -0.261908551905901     
  4.350376591238671E-002
  -1.95317465001854     
 -9.742288220291297E-002
 -0.560439946399082     
  0.631337444293138     
   1.14711504054590     
  0.604837650369755     
 -0.187347221579538     
 -0.703391378655505     
  -1.67354924384380     
  0.416452841629673     
  0.522053448816358     
 -0.550827233121105     
  0.477552546754780     
  0.458000166851044     
 -0.303377067301779     
 -2.559904894374851E-002
 -5.393609636652227E-002
 -0.380662605470868     
 
  0.224794454473025     
 -0.322553179732201     
  -1.87077210495472     
  0.937081933596979     
  0.381271310307881     
  0.155338374437961     
   1.49415327724619     
  -1.63633360160253     
  0.783672901097837     
  -1.76408695472449     
  0.500335819677568     
 -0.455664340518963     
 -4.992336130230389E-002
 -0.328246205244246     
 -0.344406686405650     
   2.84669618441282     
 -0.542688028381257     
  -1.08623941366047     
  -1.18225261678784     
   2.90895506303397     
 -0.230199260463479     
   1.88229779709572     
 -0.501555025934616     
  0.727506774469810     
 -6.008803032867956E-002
 -0.105813617019569     
 -0.438770477474195     
  0.730610695148939     
 -0.649358962183124     
 -0.374793247710653     
 
  0.621289211500629     
   1.01884041027179     
 -0.855888255426406     
  0.725966448162696     
  0.380608008544122     
  0.766370494335812     
  0.264882642784003     
  0.127657669452505     
  0.478477174734242     
  0.362946460849953     
 -8.548067499703635E-002
  0.150267001264897     
 -2.115389614370037E-002
   7.24807018651959     
 -0.382766839679615     
 -0.909364288638517     
 -0.467168974975266     
 -0.900381435275244     
  7.292586602008291E-002
  0.114116372436138     
  4.731593291878598E-002
  -4.61967932227538     
  0.500263889008775     
  0.309767004617025     
 -0.287692260429445     
   1.00484359143241     
  0.616703404535552     
 -0.403249728410260     
 -0.650920539266596     
  0.525264551971499     
 
 -3.939104761904762E-004
 
  tansig  tansig 
