 0.902808195128263602E+00
-0.183721466494955639E-01
 0.122522349006961728E+01
 0.871196424758672650E+00
 0.436043087513172167E+00
 0.138772094107330113E+01
 0.151381702099941812E-01
-0.334444869389350086E+00
-0.202700504523749048E+00
 0.232790150916497907E+00
 0.830021965696698283E+00
 0.374780697504004501E+00
 0.308079055737241037E+00
-0.116480013846043659E+00
 0.108747128554197908E+00
 0.659945049251160765E-01
 0.693082950360200817E-01
 0.647130119463397269E+00
 0.786700825778467561E+00
 0.156713151707785048E+00
 0.187053325864713654E+00
 0.567093583413495805E+00
 0.313227705033354009E+00
 0.153984821989989390E+00
 0.207574646074103558E+00
 0.554124891602970848E+00
 0.135369986288897559E+01
 0.437443514717688664E+00
 0.704467158405769456E+00
 0.346119715374144765E+00
 0.649998090359896863E+00
 0.213594284472532092E+00
 0.386554784697377196E+00
 0.179001978120198779E+01
 0.130442865635417271E+01
 0.117877521988456713E+01
 0.261074389390976958E+01
 0.248948685095322553E+01
 0.105718231754881575E+01
 0.215440228277702239E+01
 0.602593831126752022E+01
 0.901664078009613235E+01
 0.575995278536148625E+01
 0.313021505866964134E+01
 0.611551443032115949E+00
-0.122361767354687689E+01
 0.157389290470588850E+01
 0.848520772120879618E+00
 0.415879953398588242E+00
 0.134872615870947632E+01
 0.144210912414480752E+00
 0.621973189149778394E+00
 0.353803662605182589E+00
 0.582139344593053498E+00
 0.325221979414061613E+00
 0.157615512485985015E+00
 0.103803683962977955E+00
 0.646894583628300324E+00
 0.664102829912493475E-01
-0.121370646032671441E-01
-0.102229707422514197E-01
 0.287571425863348218E+00
 0.540660258029648344E+00
 0.146747125293748476E+00
 0.149611281560598580E+00
 0.373293179668118258E+00
 0.188279722752667036E-01
 0.192083448429355153E+00
 0.230102395859643677E+00
-0.199942899881214414E+00
 0.501118225966644015E+00
 0.943915201525368786E-01
 0.120725505680879516E+00
 0.493500876000133981E+00
-0.261345127746695827E+00
 0.120719250613665521E+00
 0.203633081348358419E+00
 0.270096713888302975E+00
 0.788594682900954025E+00
 0.395785754207793272E+00
 0.831366144776553240E+00
 0.191848616270590022E+01
-0.593292917322773672E+00
-0.676911297019812230E+00
-0.175458964808482110E+01
 0.313300459300680290E+01
-0.121986108828578788E+01
-0.762424322810998034E+00
-0.231017418948823355E+00
 0.148837353670087835E+01
 0.786274639936091368E+00
-0.191376281546155408E+00
-0.790788602739733310E-01
 0.104562082435107007E+01
-0.327055438530674425E+00
 0.120705331287475737E+00
 0.681307568263830043E-01
 0.124204765768221231E+00
 0.258945897914137080E+00
-0.112128930618727151E-01
-0.721645490317265881E-02
 0.201011021335295803E+00
 0.220225211281419697E+00
 0.897707419367549907E-02
 0.678965374197173545E-02
-0.217632556288280959E+00
 0.272220425628940776E+00
 0.582892743753756493E-01
 0.529809014793371641E-01
 0.687194740625953482E-01
 0.127610340812105649E+00
 0.819384756661630520E-01
 0.808211028294149314E-01
-0.392115288722009944E-01
 0.116992187729894670E+00
 0.312701249262792164E-01
 0.388264050252665055E-01
-0.226932119624480705E+00
 0.320237279445357181E+00
 0.642444902397080880E-01
 0.103463582329504228E+00
 0.180787589004817534E+00
 0.926969200024916479E-01
 0.794819428274920192E-01
 0.145754080373396183E+00
 0.112834418576737538E+00
 0.348779416393881991E+00
-0.190786369829920643E+00
-0.425987887545713428E+00
 0.114569015331435198E+01
 0.618476572432484495E-01
 0.123673622536231886E+01
