     33 -    30 -    30 -     1 
rmse=  28.9700meV
   2.24103133004690     
 -0.734464650974769     
 -0.207831318497564     
   2.44740703984829     
 -0.757207032585975     
  0.464434609908658     
 -0.305811343118730     
  -1.47919360888323     
  3.415197393795785E-002
 -0.828335632947464     
   1.38933500092726     
 -0.201051175662248     
 -0.533950206143604     
  0.914480544787744     
  -2.80479196478544     
   3.38247397567991     
  0.602927192294548     
   1.08668658396201     
   3.18519826556871     
  -2.85848365689977     
 -0.852525865463106     
  -2.76969337511018     
  0.263784986747911     
  -1.33188487248244     
 -0.887742786344099     
 -0.889546924204402     
   2.15026515902525     
 -0.274745283199834     
 -1.832972517876528E-002
 -0.594538109793205     
   1.72695284606577     
   1.73454355024206     
 -4.589714781831546E-002
   2.04219998219280     
  -2.62725611920928     
   4.61037448017125     
  -1.85141979550805     
  -2.12286839204028     
 -0.659503792688297     
   2.42640465460311     
   1.59798038291870     
  0.125394504996407     
 -0.823218509225934     
  0.142937279951748     
  0.747354726177719     
  0.340842910603094     
 -0.319364473317258     
  0.594579907188012     
  0.438404286147363     
  -2.84501323313893     
   3.16561794821851     
  -1.42195964758803     
  -1.81645549378676     
 -0.218427040392057     
  -2.13348668807391     
  0.177307230457131     
  0.427943586117185     
   2.03067373720248     
  0.387766521257310     
   1.13165964601763     
  -2.76162752498351     
 -0.855639895648714     
  -1.96042501409377     
   2.34490372028531     
  9.991682845667850E-002
  0.394987868100308     
   1.09829136820198     
 -0.467768416127543     
 -0.298151594130056     
   1.71827363483543     
  0.484360148627187     
  -2.24958144174618     
 -0.697426561780649     
 -0.869086156263665     
  0.885686244967851     
 -0.260835178798009     
  0.862040019186170     
  0.702107551084128     
  0.474197196950991     
   1.26136377486439     
  -2.09872511800655     
  0.282293237049386     
   1.94391321976221     
 -0.231688849332429     
 -0.205506047103942     
 -6.331131831855291E-002
  0.142059255173808     
  0.285105913651022     
  -2.84360562448804     
 -0.764346158631343     
 -0.856739637398986     
 -0.424289971638922     
  -1.10524763504303     
  0.500697298553475     
 -5.445741154000480E-002
 -7.019262372427172E-002
 -0.468536624399172     
   2.28394788811553     
 -1.408782974805743E-002
 -0.723056468267710     
  -1.55297908553799     
   1.92800711950458     
  -1.53458801667661     
  -3.35218852046286     
  0.880621589618463     
 -0.419877924598266     
   1.60487037918006     
  4.084469545806037E-002
  0.489397893788158     
  -2.25501292934095     
  8.356588221904714E-002
   1.07262592920978     
   3.43201366639383     
   1.05503888433419     
 -0.647967284547741     
   1.29235369163116     
   1.33731970757794     
 -0.183546550235738     
 -0.465498646183688     
 -0.286396611542069     
  0.839479018799193     
  -2.11577668075131     
   1.70024827594886     
  0.353436889601256     
   3.11161001652622     
  0.818721506574013     
  0.376052179230168     
  -2.07089737426885     
 -0.641996662827690     
  0.189657414952402     
 -6.186938952528165E-002
  0.652050186675171     
 -0.495947896146124     
 -0.542470719614750     
 -0.353460336063598     
 -4.699399420959967E-002
 -0.968586992689214     
  0.357596976600656     
  0.249899891870753     
  4.397048373047849E-002
  0.603895288381057     
 -0.534129309698706     
 -0.208258905155853     
   1.09786065588839     
 -0.374924310401401     
   1.33200279272949     
  9.274816211394069E-002
   1.64553355859468     
 -0.314276966439914     
  0.935781840470235     
  0.136955655990259     
 -4.784010171335929E-002
 -0.130065179444240     
  -1.08259640260692     
 -0.437078152857071     
   2.66093627783815     
  0.591349298713996     
   1.72167312462382     
  0.638514381824752     
 -0.789412128074543     
  0.108723484009405     
  0.204211816303525     
  5.043367520883586E-002
   1.27130228626466     
   1.57050393587465     
 -0.613849220368438     
  0.429803937953940     
   2.79677556043416     
 -0.553795763372559     
  -1.71436658462262     
  -1.17619726869249     
 -5.587969133267001E-002
  0.568407040630684     
 -0.149001694308864     
  0.552505774940814     
 -0.981669529298478     
  0.807285214847280     
  1.912110776186169E-003
  -1.59193619744325     
 -0.494325033105212     
  0.394740312697172     
 -0.347790764921500     
 -0.486342442499465     
  -1.18571809284578     
 -0.497173533361583     
  0.246779087432470     
  1.232727954927924E-002
  -1.90565645074329     
  -1.49659146568978     
   2.24058125356354     
  0.425320905160941     
  6.037812154890244E-002
  0.501675675736924     
  0.255848525019669     
 -0.613121143893696     
 -0.202866579193961     
 -0.692333264195239     
  0.424243204097747     
 -0.474840946861177     
   1.54344729060171     
 -0.647307895600028     
   4.43165560635853     
  0.746121168932711     
   1.19042505587965     
   2.24712716692072     
 -0.507760057154181     
 -0.349729700865265     
  0.226356288358550     
  -1.06503417411303     
   1.57745027548444     
 -0.535812401379347     
  -1.88482395494194     
  -1.55716587264872     
  -1.05418892646642     
   2.21086317947255     
  0.183531353298251     
  0.746427482349472     
  0.968245601789890     
  0.124832592788560     
   2.71468141434791     
  -5.42530276758442     
  -3.56668894029999     
 -0.625108071670312     
  -1.02735657224808     
 -0.917069722487027     
 -0.437676088030080     
  -1.30634424200215     
  0.368372041080892     
 -0.192765914954856     
  -1.65791941145046     
  -1.22847189920571     
  0.293064816520817     
   1.01759994306967     
 -0.537332049610208     
  -1.88495962497829     
 -0.203373648878472     
 -0.782710856962922     
 -0.546600741894872     
  -1.62052209913297     
  0.374318016315137     
 -0.835116063221364     
  0.153674147708839     
 -0.213310471357227     
   1.52968723413117     
 -0.128680025409707     
   1.84978401953602     
  -1.02747347187663     
   1.13587024349596     
  0.686978952143772     
 -0.418449407992938     
  0.377986949274402     
 -0.985271061893588     
  0.528634719689026     
   1.84361996684289     
  -1.28333761164272     
   1.44371473902561     
   1.03458407888331     
  -1.03013724864194     
 -0.709788776790819     
   1.53967076935358     
   1.41365436577018     
 -0.531842574661574     
  0.829720469525879     
  0.562339285502977     
   1.22170602697046     
 -0.523064400850927     
 -6.713000393460537E-002
 -0.899644865630519     
  0.788640135099871     
   1.05465718708769     
   4.17617485968879     
   1.41324126100243     
   3.34553242237048     
  -2.26072977206130     
 -0.808922622386627     
   2.36138066064504     
   1.43834928535308     
  0.218153546128816     
 -0.623882788313338     
  -1.43514773700443     
   2.17938166482828     
  0.837524638099937     
  -2.14699792443004     
  0.420789644101981     
   2.43577863630287     
   1.67108513079143     
  -1.13550519271572     
  -2.60509408189462     
  -2.78570811688624     
  -1.92277785459580     
  -1.60396808793850     
  -2.41145916208536     
  -2.62266608916652     
  -1.27015837218043     
  -1.30540679386141     
  -1.26070475316909     
   1.35967571048759     
  -1.32829047610740     
   1.45052378311107     
  -4.72683261410463     
   3.48265700342411     
  0.439298714036316     
  0.760977066421893     
  -1.72618399565062     
  -1.31208180910898     
  0.360142791540383     
 -0.139445382195668     
  0.649373479176111     
  -1.47480449062474     
  0.931352978661833     
  0.537203224716188     
  -2.81666152193818     
 -0.164546899860634     
  0.499474479782634     
  -1.21945834990082     
  0.246242897643601     
  0.557285763278782     
 -0.321712608964305     
  0.662601803463271     
 -0.530271049283724     
  0.129427847518896     
  -2.22774823922563     
  0.351332522588413     
 -0.437693078619775     
   1.84961769365376     
  0.446581936419550     
  0.752463716622434     
 -0.540803401828655     
  4.668983778371874E-002
 -0.253372058383620     
  0.636746143959010     
  0.117221055434156     
   1.81560475723934     
  -2.51098666634476     
 -0.441026408402408     
 -1.422547195173269E-002
 -0.234257753198182     
  0.524672047913278     
  0.404561969954246     
 -0.110360902070840     
 -0.214523864229931     
  -3.01542952711407     
 -0.477907520563850     
   1.54727300745860     
   1.83390432261826     
  0.259443697222781     
  0.617452299766264     
   1.36822685230592     
 -0.124925260914854     
 -3.406652015300762E-002
 -4.461785128536086E-002
  8.137523333751291E-003
   1.00406490107593     
   1.73981820960715     
 -0.747090700920063     
  0.751040813408803     
  0.493773551996939     
 -0.223044309338447     
 -0.387684772074548     
 -9.701821813305025E-002
 -0.201860483693904     
  0.580817283510539     
  0.521018809083073     
  0.381242648645449     
  -1.90345285274298     
 -2.693717385783478E-002
 -0.417811517898390     
  0.504938529666218     
 -0.946221988352312     
 -9.960000166225239E-002
 -0.259276868513755     
 -3.409161674940361E-002
  0.232511685020148     
 -0.582255237419812     
  0.980641198702856     
 -0.997738796032191     
   3.19948367792868     
 -0.152206269356730     
  0.232072147881799     
  0.223931167270126     
   1.04942029407265     
 -0.676140704607703     
  0.198102573687517     
 -0.227010041498086     
 -6.262959451788051E-002
  -3.06485155559891     
  9.161752306146018E-002
 -0.248920059653175     
 -0.829765891318641     
 -0.472889152710786     
 -0.183922896983559     
  3.147574821433581E-002
 -0.513777878748148     
 -0.186831378610717     
  0.235357493615737     
  0.744377015538613     
   1.29345020308558     
   1.66796495663989     
 -0.107073783170954     
   3.38025793362849     
  -1.76276516747584     
   2.41246299339287     
  0.497204828430380     
 -0.546525065730119     
 -0.805343873137675     
  2.026795002680623E-002
  0.983133138749798     
   2.87494360869726     
  0.198327228438231     
   2.53809602768450     
  -3.40994293734189     
  -2.29011822586794     
   1.99951563232307     
  0.758381840155446     
 -0.670352303113866     
 -0.480027561602793     
  7.300951979255003E-002
  -2.06027144766424     
  -3.00320609164107     
  0.876732665415663     
 -0.165403374579020     
   1.46456044217306     
  0.449683393291189     
 -0.599069550957315     
  -1.89863343124412     
 -0.267278756115500     
   1.58814867400625     
 -0.353856680634179     
 -0.906460285892989     
  0.510180555107147     
 -0.652795844301524     
   1.00229981381607     
  -1.79861334238690     
  0.310708987545123     
  -2.62591258491642     
 -0.717436883276019     
  -3.41950370636429     
  0.301949880739062     
   2.62660101023369     
  0.665524630035902     
  -1.03042761663294     
   3.48393559875129     
   2.60724702547252     
  0.553552899802770     
  -1.54010884225829     
   3.14194914956749     
  -1.22551247472349     
 -0.557302328238984     
  -1.19570737375924     
   2.27798512461694     
  0.833270420503901     
 -2.022760666476852E-002
  -2.74073555546389     
 -0.378305617764460     
 -0.845587568343399     
  -1.31935987454422     
 -0.507577463301230     
   1.13279820903592     
   2.65135476367877     
  -1.40914792870216     
   2.16615477660752     
  -1.32630026561563     
  0.201400434103383     
   1.95968293857043     
   2.26275508987406     
  -2.34995624836327     
  5.279155798791288E-002
   1.34524528906504     
  -1.73707488625651     
  -1.74412237484449     
 -0.340212731711408     
  0.648489453455377     
 -0.131541390055486     
  -1.84477473065844     
   1.01270238302403     
  -1.07475864077209     
  0.680479556579897     
 -0.961553384676061     
  0.981611211660011     
 -0.770306688183770     
  0.645451823607406     
  0.349904238295319     
 -0.154667206845820     
  0.529659623108171     
   2.52487255953500     
 -7.897916640149132E-002
  -1.79953848503144     
  0.951795589559241     
 -0.444268198834968     
   1.09977709755192     
  0.446516873000738     
  0.842611733227136     
 -0.390409139727413     
  0.668357080689452     
 -0.279856820464478     
 -3.654018208428877E-002
  4.702849309835931E-002
   1.53999933596496     
  0.962770030351184     
  0.359558386438794     
 -0.231773550889876     
   2.85250225067452     
  0.790407694776553     
  -1.01348104640293     
  0.364323266871609     
  5.226940621278101E-002
   1.49244560728973     
 -0.469493542713689     
  2.528376956440991E-002
  0.579884079393599     
   1.09327863471504     
  -1.59984917069533     
   1.79854547714026     
 -0.556629136495762     
  0.123706801153614     
  0.394646171295259     
 -0.425143685708016     
  0.571928597293080     
  -1.35666950855796     
   1.65747957843745     
   1.90831700641645     
  0.145186653249963     
  -1.33058069234269     
  -1.30915068146742     
  -1.21935698143070     
  0.961602968097536     
  0.391284314562744     
 -0.287147049311338     
   2.27886519902964     
  -1.46715816160030     
  9.027429950361723E-003
  0.423171180873990     
  0.595473895463548     
  -1.80923248947034     
 -0.500335804599531     
  -2.12757888950873     
  -1.70547009607934     
   1.40249227708557     
 -0.529534288144696     
   1.52981801538897     
   3.61546669169658     
 -0.384703593207040     
  -1.26598650601768     
 -0.656277636745143     
 -7.486219564326566E-002
   2.57858001172166     
  0.802034087696783     
  0.922209739759078     
  -1.15383736598322     
  -2.39121278651821     
  -3.33684333081604     
   3.26779804308124     
  -2.53197653851424     
   2.38660100347363     
  -1.16449443071173     
  0.477829440374961     
  -2.80319219001697     
  -1.14109184017088     
   1.26953314891847     
   1.52983496700995     
  0.694134872673237     
   2.09883076445271     
  -1.36393827069154     
  -1.94159959658903     
   1.64304827862709     
  -4.17211957898571     
  0.472709238207777     
   5.47986335789618     
 -0.645886962520375     
 -0.389425034244626     
  0.445735918713000     
 -9.928841304273900E-002
   1.04176829112640     
 -0.278225882352139     
  0.985741035394086     
  -1.05101051339002     
  0.270045899343355     
   2.94762674230970     
  0.943933812416049     
 -0.416135135665205     
  0.527177871887786     
  -1.51092860275394     
  -1.30630201672424     
  0.705254474051221     
   1.33940707521940     
   1.17324607907645     
 -0.140268130514601     
   1.73495196911287     
  -3.70261894559575     
  -1.84747251203284     
  -1.19243450146817     
  0.157281839618692     
 -0.500511747724749     
  2.455836568881221E-002
  0.828064086014769     
  -1.79230794893937     
   1.44322027143513     
   1.89595566139792     
   1.40996599303544     
 -0.130693391848412     
  -1.44725003056652     
 -0.921971011457439     
  0.617489987860719     
 -0.728139484297334     
   2.45921765902833     
   1.81519210841877     
  -2.70251613246569     
   1.82270544831237     
 -0.478086941645028     
 -0.648435147230009     
   1.59365210315867     
 -5.006442064354877E-002
 -0.838343861656869     
   1.18443502035009     
  0.203578998923709     
  0.262491429055705     
  0.886664208919394     
 -0.823288505689833     
  -2.29916858420659     
   1.45564171016835     
  -1.86499055343882     
  0.661762246200654     
  0.588591440781824     
 -0.139074364561792     
  -2.06453215603667     
 -0.633664447289358     
   1.83351246856690     
  -1.02534707412384     
 -0.678955784564511     
  -2.37729046803410     
 -0.785884975240735     
  0.754781519146858     
 -2.499570511946702E-002
 -0.805345551927263     
  8.547247544320766E-002
  7.971598960195379E-002
  0.679258424271245     
  -1.43532260918549     
   1.02831612082593     
  -1.18568097081569     
   1.21207747296053     
   1.48603229183371     
   1.50544746396363     
  0.153340132966882     
  -1.09398501955873     
  6.057468485115017E-002
  0.600364214930273     
  0.154140161171119     
   1.08612594071914     
 -9.017422819587635E-002
  -1.43090978524762     
  -1.68137001390037     
  2.283048314893306E-002
 -0.874315519530456     
   1.16102201125381     
  0.772576798518825     
 -0.467465730246171     
  -1.28266448371761     
  6.739706023674873E-002
  0.674733368059047     
  -2.51925204698586     
   3.71327453961950     
   4.25965472410325     
  -2.00870037410107     
   1.08309197611381     
   1.27940013770163     
  0.378934469710891     
  -1.44391308109074     
   1.87786699436860     
  0.105138382342920     
  0.910635034012679     
   5.28454049558936     
  -2.76971603589040     
   1.10934717222011     
 -0.308058288940137     
  -1.79870452425123     
  -2.09886709835786     
   3.94706367218586     
  0.806765327403236     
  -1.05892420184348     
  0.241623174093072     
  -1.43026453450754     
   1.02865416488973     
  -3.19849551366756     
  -2.99883229805689     
  0.653939574613361     
 -0.736468608372592     
  9.447689648849673E-002
 -0.621243450934058     
  -2.71805196891023     
  -1.21626259079106     
  0.411031803032186     
   1.21453908341848     
  0.260567424614004     
  -2.37694172465888     
  -1.09520908787716     
  0.190183938752603     
 -0.712249579322160     
  0.564345305426266     
  0.183759772159689     
 -0.613861787676716     
  0.318814444691312     
  0.287954685575295     
 -0.953564800541442     
 -0.972615521159529     
   1.23307482638042     
  -1.31821822666800     
  0.221403677314492     
   1.02309451224512     
  -2.22304991509022     
  0.263515315373038     
   1.47605492315559     
  0.488177186475703     
 -0.466101656716215     
 -0.227242578573389     
   1.88239915575193     
  -1.15088810304813     
  8.568524353189216E-002
   1.28382583305436     
  0.640972571288242     
  0.216645375942282     
 -0.193200677804266     
  6.041262384119440E-002
 -0.546767391997791     
 -0.191125438699475     
   1.27773040175885     
  0.380771121580896     
 -0.691229161303286     
  -1.25735607836859     
  -2.35394092136403     
   1.16873071867086     
 -3.444557236736547E-002
   1.04845805148614     
 -0.650221876887418     
  0.354727409780631     
 -7.213027368965361E-002
   2.57545831679922     
   1.02796301713956     
  -1.04493315702387     
   1.79236054669607     
  0.563882090455216     
  -1.18238442724268     
   1.45107876285256     
  0.267679159508273     
  -1.08086939239384     
 -0.630158895675894     
   1.00129197728912     
  -1.17138177209634     
   1.47197043947151     
  -1.45509647837199     
 -0.427061348893503     
  -1.63038547701982     
 -0.201130209771669     
  -1.76369551833943     
  0.331334516596320     
  0.154623154608656     
 -0.112519599443141     
  0.451903242617577     
 -0.526381341135638     
  0.315499409099602     
  -1.39507917240221     
  0.714526046755626     
  -1.26096167284427     
 -0.967358566400570     
  -1.31520729328572     
 -0.422512099143562     
  -1.00776071825567     
  -1.46032608386680     
   1.72132022976071     
  -1.07479457626544     
   1.89240468132211     
   2.54974370949159     
  -1.97172869932586     
  -1.09781693073545     
 -0.227656770020875     
  6.589589222558705E-002
   1.13309808317980     
  -1.57816548464258     
  0.345970313189769     
 -0.820675638424844     
  -1.13556763516793     
 -0.239230435722268     
  -5.05448491260429     
   3.67976347935905     
   1.15463864350029     
  4.653127493908298E-002
  0.242942298042565     
 -0.466237108450210     
 -0.940642364552436     
  0.145420875829609     
 -0.234164938976768     
  0.305626181536472     
   3.20175878283233     
  -1.49062885756538     
 -0.205064785389078     
  -1.08456012285678     
  0.736053963919096     
 -0.462254737266809     
  0.113209182473424     
  0.298337001476184     
 -0.790212119669397     
  0.777246147675405     
  -1.11183953179379     
   1.73179754202340     
 -0.707269626849189     
  0.676459925569821     
  0.967860077745804     
 -0.817555431581821     
   2.23742793141062     
   1.26071045948952     
  0.677869418459440     
  0.575396372135439     
  0.710480953654222     
  0.323423695165699     
  -1.39724571656290     
 -0.259141014960497     
 -0.302061691273886     
 -0.399567512057322     
  8.473795735884439E-002
 -0.506860656367718     
  -1.83588637199103     
  -1.12581128535757     
  0.530280573136066     
 -0.615365054743403     
 -0.733960005776863     
  -3.21312177721959     
   1.66863280259101     
   3.19192972616445     
  -3.32216763921989     
   2.50640462052291     
  -1.27638202556828     
  -1.26619091599365     
  0.631479496263724     
   1.83065430071415     
  -1.86432634616055     
  -2.27594392973671     
 -1.010556316345357E-002
  -2.14564895103781     
   2.30842999409746     
   2.86095010088801     
  -4.12850081569035     
  -1.65847070389086     
   1.39150656659979     
  -1.25633037342533     
  0.771775622853404     
  -2.46385282230424     
   1.99571142579465     
  -1.09764629973401     
   1.76894119531525     
  0.260312763557210     
   1.42285355929214     
  -3.13329472140368     
   1.69792403173768     
  -2.93131944520059     
   1.14016627929515     
 -0.266684639952717     
   1.68928108240977     
   1.50542928550810     
  0.475638722208822     
 -0.856756448310252     
   2.27862826074953     
  -4.05636875363998     
  2.653912551168304E-002
   1.23168733266388     
  0.640483037560780     
 -0.129876192144228     
  0.212289018152605     
  0.110120096177731     
 -0.836723812504826     
   1.95910719568867     
 -0.607277662659270     
  0.499440582565572     
   1.23434806522472     
  0.237601422851795     
 -0.957345455883590     
 -0.389683462093155     
  -1.34019974846621     
 -0.491524835687909     
   1.70372706701989     
   1.77580539795582     
   2.01941161046083     
  4.592554257943567E-002
  0.745733165168209     
  0.541360654598829     
 -0.877752121219610     
 -0.835187192339003     
  0.962526801599974     
  0.413641422034691     
 -0.597080069760363     
  0.155130755420936     
  0.435670910253767     
   1.01412424265845     
  -2.32790898664644     
   1.63412025979209     
  -3.18827545153988     
  0.314831653798366     
  0.190837421470806     
  0.789867301793147     
 -0.354332995065088     
  0.325393201227495     
  2.615467503080296E-002
 -1.345109714550063E-002
  0.969286993736516     
 -0.508928683906787     
   2.50606360869544     
   1.43556541680050     
 -0.399067715721242     
 -0.947874693785910     
   1.26062209547648     
  -1.33062093119748     
 -0.612231136096370     
 -6.681473852055209E-002
 -0.843366779607994     
   1.69336644055486     
  -3.51791513628292     
 -0.168818914291292     
  -1.01129309844828     
 -0.463451356705874     
  -1.65519547117648     
  1.419102971382861E-002
  -1.04456108716434     
  0.349150058515134     
  0.216301176465410     
  0.614351586642163     
  4.674317193289760E-002
 -0.334776529207394     
   4.54250056812196     
   2.86811736395120     
  -3.45618446403041     
  0.114453975991140     
 -0.863572784796088     
 -0.347748047872136     
 -0.457018849451850     
 -0.167018555869060     
   1.02616944093497     
 -0.924227896287885     
  -1.08605530427071     
  2.680282845383129E-002
  -1.63101248681771     
   1.73192603124309     
   1.45110313769594     
  -1.17191840618312     
  0.522032772290189     
  0.106808958580289     
  -1.78827307499956     
  -1.19686410238615     
 -0.275528950779765     
   1.08356024741205     
   2.50588543105856     
   2.81641623058733     
   1.50124679940070     
  0.384697432495503     
  0.833335657475206     
   1.37648608598028     
  0.199848565950168     
 -0.457993086211081     
 -7.209988970690165E-002
   1.94929257671646     
  0.822565273230124     
  -2.60599705903658     
   2.08015252486596     
 -0.914638111690343     
   2.84367813997900     
 -0.589403870573366     
  0.332586589056901     
  -1.00018898001038     
   1.69119480713565     
  -1.54520030272267     
  -1.83831362962225     
   1.43432335261107     
  -1.72444541224067     
  5.772957651737461E-002
  -2.31557942037059     
  0.599755380112647     
   1.03330133389884     
  -2.72298263451515     
  -2.55240280879513     
 -5.862147529372055E-002
 -0.124372417380061     
   2.02262989459213     
   1.50030537508124     
  -2.69431212261298     
 -0.815448629580068     
   1.66102701078949     
 -0.740472064049248     
 -0.262803514310553     
   1.42098919419215     
  0.827619804584069     
   1.87361352950188     
 -0.663524557112874     
 
  -1.94908793631632     
   1.44003607169496     
   1.34533282751737     
 -0.724850501706103     
  -2.02678276876887     
   1.14196559643179     
   1.02215894495771     
  0.856837932179196     
   1.80383477742603     
  -1.04203118636452     
  5.094114166385773E-002
   1.02223356738398     
  0.354085311893149     
   1.23002721321760     
 -0.182985538729215     
  9.274122532986641E-002
   1.25367954453639     
  -1.57088098539666     
  0.281420036586734     
 -0.650424222974375     
   2.36846112167659     
 -0.677652541644775     
  0.751652946350437     
   1.87366499845925     
   1.53943971364126     
   3.12917416000686     
  0.635300615986764     
   1.73348904725027     
  -1.90209148913621     
  -1.36058570687302     
 
   2.67535495197729     
  -1.62584185556923     
   1.74595596630579     
   1.67542004204181     
   1.85635378689825     
   2.67145106946381     
  -1.33934947037151     
   2.22328803957495     
   1.86074490961607     
 -0.789056953912722     
 -0.720394413997543     
   2.05207422279286     
  0.722636646402311     
 -0.294127305514566     
   1.71926808467747     
  -1.04467437451691     
  -1.21120924234924     
 -0.902223668045430     
   2.36057734818146     
   1.00819391086762     
  -2.23575721820370     
  -2.48263188589955     
 -0.296551618618517     
  -1.34148871683473     
   2.08798939046973     
  0.945599480168540     
  -1.62920433784917     
  -1.50916609421824     
   1.99818565170944     
  0.222989454534656     
   2.40470967881316     
 -0.744486286866893     
   2.73923464454759     
  0.150591630715377     
   2.33940660827105     
  -1.07109609887390     
  0.809259198076049     
  -2.76642337122784     
 -0.899858660285740     
 -0.594689400698944     
  -1.62072413304208     
 -0.520018144534275     
  -1.42613172055522     
  -1.53916711891384     
  0.426334444869767     
   1.15544731370148     
 -0.354923117863706     
  -1.54455183168651     
   2.28355876855530     
   1.31111649850930     
   1.57378087793435     
  0.146830032266714     
   2.53979966302041     
 -0.135885629978917     
  -2.89400398855978     
  0.510170852161286     
  0.762233400391334     
  -2.64409561492864     
  0.727237475320856     
  0.255445041198179     
  -2.46678709225100     
   3.99212976162083     
  0.531775516010315     
  0.714129317185569     
  -1.83571316135678     
   1.03962190307708     
   2.21357608816906     
   1.04116093886043     
  0.491563480128057     
   3.11772192698137     
   1.89170607445175     
   1.88601613343976     
   2.47600162272212     
  9.286985996244174E-002
   1.29213485977201     
  -1.36993179594063     
  9.371675016149998E-002
   2.09620906015581     
   1.51902905912661     
  0.493792051716672     
  -3.49646943576055     
  -3.28693883924342     
   1.37683151264965     
   1.27218874247390     
 -0.174397824376380     
   2.48637925960839     
 -0.967506046074979     
   1.55451975219532     
   1.35084984804663     
 -8.237924352638314E-002
 -0.325316023709592     
  0.754619123367808     
  0.832544300647158     
  0.906485464587760     
 -0.550421341659671     
  -1.93686007161863     
 -0.645457076077677     
  -1.80352016815505     
 -0.628794323711346     
 -0.791399554782143     
 -0.394778737576820     
  -1.15884638748480     
  -1.06315369582105     
 -0.338595177907913     
 -0.684660791107327     
 -0.580478540487742     
  0.375893319828972     
   1.74173140402414     
   1.84789044833526     
  0.707967141103056     
   1.38482625964329     
 -0.857564160756071     
  0.699797924211512     
 -0.348975696547642     
   1.19025274041835     
 -0.588347664277777     
   2.39719259066282     
  0.177906263249795     
  0.908357173710089     
 -0.767830201157421     
  -1.91244051716525     
   2.18365614350682     
 -0.416832587906816     
 -0.707709236384962     
  -2.90900318509615     
 -0.945618798907262     
  -1.49391549773738     
   1.38789793013912     
  -2.82188055948940     
   4.18632654051771     
 -0.784237012199208     
  0.389916298209972     
   1.40951116248709     
 -0.514227354398609     
  0.743743185812641     
 -0.234248639540677     
  0.112590379623050     
 -0.652952052244159     
  0.501758351269277     
   1.29626982360523     
   1.57049475108084     
   3.07178839550974     
  0.636161868103760     
  -2.09636570515558     
   3.22809582909326     
   1.36427855015158     
   2.08216318200733     
  -4.38813073193639     
  0.240513241582402     
  0.531568108262933     
  0.350761632956629     
  0.993712724983181     
  0.111044130165329     
   1.73470987584465     
 -0.553822146907101     
 -0.834500723178413     
 -0.702204790693618     
  0.536845557517786     
 -0.144010106904229     
   1.83356406356934     
  -1.63569631910119     
  0.507256021518869     
 -0.521904405171243     
 -0.170584693028132     
 -0.335417056398188     
   1.00650369127360     
 -2.691489154692226E-002
 -5.737012813457101E-002
  0.324250238844180     
  1.436345366214867E-002
   2.16362015407221     
  3.867995632887142E-002
  0.803033104238297     
 -0.107126711197489     
  0.263691620575788     
  0.425859952909391     
  0.430425704854586     
  -1.36677992433092     
  0.128901074889848     
 -0.243062211940339     
   1.93505462228480     
  0.410372543372374     
   2.50716347536844     
   2.83273524937209     
  -1.35485243859829     
 -0.761323017602394     
 -0.448689880225543     
   1.76833492741980     
 -0.244293265132907     
 -0.803746589970582     
  -2.71770310838876     
   2.02976742731567     
 -0.579349824377374     
 -0.222226656382764     
 -0.693104240178489     
   2.26440765886018     
  -1.26738945640228     
   2.47799536654158     
  0.837144756069965     
  -1.19998518217405     
   3.90315747496555     
  6.433483874585887E-002
 -7.464316530965340E-002
  -1.07352937005196     
  -5.62985718158278     
   4.20068800030472     
   2.38894314715122     
  -1.39331062613416     
 -0.221794520242480     
 -1.208324998130637E-002
  -1.36061566666560     
 -0.344799853480880     
  -2.10104928217330     
 -0.565857742893389     
   1.03232242732490     
   1.88784147264314     
  0.236104891795339     
   1.89469450179302     
   2.53791461726307     
  0.404099324718794     
  0.326279594953127     
  -1.91842915850378     
 -0.157878381730649     
  0.572337868255152     
   1.41769983729674     
 -0.922383947151114     
  0.290674632376592     
   1.71073873927108     
 -0.221530205750461     
   1.47907095262949     
  0.642011268128554     
 -0.683357504970507     
 -0.994971399142726     
  -2.63787995906175     
  -2.70190631815901     
 -0.112771215771710     
 -1.922404197449789E-002
   2.03098331616331     
  0.728205426128115     
  0.196503892967083     
  -2.13054642945109     
  -2.29194281845865     
  -2.88267136741751     
 -0.516424666044916     
   3.73374905598047     
   1.87270535878093     
 -0.890221256345873     
   1.62502899065752     
   1.23798433139020     
  0.380860866817473     
 -0.214390457618467     
 -0.166931378051363     
  0.799377322746633     
 -0.309339449396425     
 -0.145858719134807     
  0.141187921103969     
   1.34187036545292     
  0.712447195081115     
  -1.71153478040636     
  7.936556721909727E-002
  0.661977587835330     
   1.38233348313007     
 -1.970488564750850E-002
 -0.119325606476212     
   1.17623922977976     
  -2.06953052204324     
  -1.36041050831860     
 -0.769187587106704     
   1.00466137238663     
 -0.173209914924394     
   1.50056238166558     
 -0.457626237523909     
 -0.419957670816423     
  -1.95317349123022     
 -0.216765414559654     
  0.741464451141208     
  0.519282825016673     
 -0.993659034985783     
 -0.218783546007231     
 -0.829383126272466     
   2.28013627096213     
  -1.75509591099365     
  0.445657945105243     
  0.361396025795869     
  0.851170993339676     
 -0.551950375831970     
 -0.344414095246226     
  0.500643872254015     
  0.391842442500744     
  9.067998863453253E-002
 -0.195974638378986     
 -0.585973333565345     
  -2.09808165912271     
  0.273292922361007     
  -1.30020255722529     
   1.96115365859365     
  0.629068291130413     
   2.61464978823569     
 -0.599228671817549     
  0.856471950493738     
   3.33191220761005     
 -0.276417724451524     
  -1.77578168220062     
  0.460558586669150     
  0.938675200700800     
  -1.25896266902607     
  0.251697508977010     
   1.30281212910156     
   1.78100470242784     
  -5.04415831455683     
  -1.07633949959823     
   3.29134878371860     
  -1.10194534317151     
  4.600550132411629E-002
   1.73446422416691     
  -2.07064599834733     
  0.263161468435943     
  1.885879401794695E-005
 -0.426780443283746     
  -1.89712826423199     
  -1.03640517686736     
  -1.02326352369500     
  -1.46001448067392     
  -1.09130342227147     
  0.787621721022496     
   2.05190404306632     
   1.31204314597296     
  -3.48905524432927     
  0.471345820138629     
 -0.739839762451073     
  -3.12573757798367     
   3.35129979992875     
  -1.49324842156921     
 -0.940892830310919     
  0.600625396687717     
  6.644981566718643E-002
   1.23032245709781     
   1.12114935532724     
 -0.844632848049872     
 -0.338420260696416     
 -0.393502426600611     
   2.93621775921030     
  -1.40112861349512     
  0.174403140935760     
   2.93444066071349     
   1.49819202948728     
 -0.810028195200457     
   1.31655304399783     
  0.214881948535592     
  0.627564980574969     
   1.06791275998140     
  -1.15224200137869     
  -3.26243004441862     
  -2.52428499449034     
   3.09874943218060     
  -1.49470618063598     
  -2.33036127438159     
   2.85002470269795     
  -1.68201181167244     
  -1.95114040286307     
  0.859356422874628     
 -0.965717045277215     
 -0.967045453485349     
   1.74265178183455     
   1.10263956344578     
 -0.294424794276850     
  0.597579016740855     
  0.405174993842553     
  -2.71783689489503     
   2.68016972912346     
  -1.32330252421699     
  0.259205784912621     
  0.585062646233046     
 -0.291479079502009     
  -3.22438920195075     
  0.475857221726730     
  4.585335374832653E-002
  0.309863548882971     
   1.05004998241895     
  0.422939225374745     
  -2.69895044846534     
   3.40145023325113     
   2.02223575670741     
  0.957894335945307     
   10.7884311170731     
  -3.00726522076720     
   3.77095588194559     
  -1.46733970094673     
  0.204839121120988     
   1.51445179703734     
   2.84126333114435     
  -1.10828580018851     
  -2.28890733343465     
  -1.35276076071789     
   1.99851078435850     
   1.86359315541287     
 -0.986895688854872     
   1.72484180043812     
  0.795622435159913     
   1.64524889783061     
 -0.157231477722293     
 -5.786017579341508E-002
   1.56861257824400     
  0.654709037090563     
 -0.876121738020838     
   2.84890030777650     
  0.751692653763264     
 -0.261499705036637     
 -0.373280364873046     
 -0.279493743722608     
  -2.49635423047890     
   1.51382818600718     
  1.457263951414627E-002
  -1.28685874693334     
   2.22336750738970     
   2.04896120852364     
  0.468097556499996     
  -1.24031439299893     
  0.626678489744471     
  0.290796817456017     
  -2.98064133160400     
   3.04563637986158     
  -1.78788622147238     
 -0.642472719826042     
  -2.47293269181585     
  -1.26622169422985     
 -0.326836399863697     
   1.71642292655421     
 -0.767123402998582     
  -3.15651568932087     
   1.30919645912285     
  -2.70776460690002     
  0.451284768636782     
 -0.728681192309365     
  0.853905611812200     
  -2.49940631439082     
   2.47965590959310     
 -0.715034441576470     
  0.442701794008314     
   1.19349836737216     
  -2.73361393168554     
   2.35493523374779     
   1.70930232291725     
  -2.98514162394754     
   1.51596505558972     
 -0.454381510337292     
  -1.63247651799798     
  -2.85504971958618     
  -3.28719268764247     
  -1.37915651036291     
 -0.812612560694254     
   2.15176041652619     
 -0.193162573520195     
  0.774450661078285     
  -2.49549640591797     
  -2.79103741330782     
 -2.601683550891826E-002
  0.406339298032533     
  0.104883722227960     
 -0.228990433195266     
  -1.74480986375684     
   1.60538565528703     
  0.201886788515309     
 -0.744100929184317     
 -0.700876460562694     
 -0.832107983110289     
   1.00611591536762     
  -1.93144485583215     
 -0.168152120557511     
   1.98471578971994     
  4.059700625870653E-002
 -0.790359519085072     
   2.47844572119708     
 -0.469243239659030     
 -0.618734413799585     
  -1.28169279388791     
 -0.175752451705515     
  -2.38459268309543     
  7.413381146772531E-002
 -0.262951135012695     
  -1.80133813821495     
  -1.45494990759084     
  -2.31484604744426     
 -0.390270564383527     
  0.437545894189774     
  8.607693037977980E-002
 -0.497242865826464     
  -1.18257885106398     
   1.16562258262021     
  -3.66147208778464     
  -1.18230172856038     
   2.16796875570239     
  0.920256798842654     
  0.337465822443062     
   1.14953355840014     
  -1.22577683430775     
 -0.301308772986518     
  3.259327927072322E-002
  -2.99629344731934     
 -0.570964074095008     
 -0.285036962055919     
   1.84643804982374     
  -1.04570847153400     
  0.810141790688043     
   2.22283446039168     
 -0.928223778078940     
 -0.305069372512463     
  2.023164461263622E-003
 -4.166529650364063E-002
  0.895956752099607     
 -0.706842717077440     
 -0.591948767577843     
   1.39821099555618     
  -1.60101968362526     
  0.722572237321395     
  1.500074332489056E-002
  0.532086818518982     
   1.64217155680842     
  0.287117043680640     
  -1.52612701346432     
  0.692772733654095     
   2.13075334634606     
  0.255374332366772     
 -0.487073466719662     
   1.83713738725332     
  -1.65999246535325     
  -1.21229101577890     
  0.567355120946606     
  -1.78319604119749     
 -0.705040793414806     
  8.825776173827724E-003
  -1.17170605587052     
  -3.15060678273393     
 -0.661336630289751     
  0.727959048335273     
  -2.58800620541896     
   2.41602384454133     
  0.520869672409528     
 -0.393622140462334     
   1.21617195474899     
  -3.61474717405888     
 -0.880424148751252     
 -0.572256219771496     
  -1.20990663092703     
  0.846199731386354     
  0.677722695395582     
  0.501137994112963     
  -1.15545633058266     
  0.947589511935966     
  -2.55908612839015     
 -0.513014287939643     
   4.01132755901278     
  -1.18963018619539     
  0.444494235593787     
   1.51318653950978     
   1.26140294475159     
  -1.87019318279784     
   2.84085348034253     
 -0.980201013115447     
  -2.59399689823073     
   1.47089586482032     
 -0.259841187552243     
  -2.89133659021753     
   4.33515251514870     
  -1.46871477799138     
  -1.15280825061374     
 -0.660265971636396     
  0.486358466041705     
  0.614616081360305     
  0.306773943550140     
 -0.254135038840353     
 -0.281320939618188     
 -0.957048443743502     
  0.585038527722363     
  0.930107753619305     
  5.799105924202733E-002
 -0.371080387425177     
 -0.256101513922097     
  2.085604167566878E-002
   2.17926742592095     
 -0.774526382039362     
   1.56237693221404     
 -0.675552406620281     
  0.285534582972377     
  0.442465632256456     
  0.208298888689868     
 -0.294972963403688     
 -0.781374833008175     
 -0.696531186239951     
 -0.570507189486872     
  0.999145190446695     
 -0.851777204473346     
 -0.700988545952287     
  0.835109221135481     
  -1.27440368920351     
  0.277618489259875     
  -1.13019535900602     
  0.282823212574876     
 -0.654199035715750     
  2.870420629123583E-002
   1.03277684105396     
  0.689477460667542     
  0.224963211023737     
  0.976577939440738     
 -0.876592629117285     
 -0.768574521039743     
 -0.411234637879523     
  -1.55595905954414     
 -1.218282551793122E-003
  -1.95707806213052     
  -1.17029213708913     
  0.329324143063818     
  0.393735171273047     
  0.236162438188172     
   1.12431989345475     
 -0.223531736060274     
 -0.355153732236993     
  -1.75255140174049     
  0.212446857318361     
  0.592919070103250     
 -0.130884826697460     
   1.03691795015538     
 -0.756990653348999     
  0.472673279135112     
   1.48071791716812     
 -4.693290207206911E-002
 -0.975872607096966     
 -0.778090373116414     
 -0.250598734007385     
  0.123719031965744     
  -3.16461349103644     
   4.10042742357658     
  0.633470002561800     
   1.14339536875758     
  -3.61645231297227     
  -3.39652107452510     
   1.37721336166851     
 -0.627773157705433     
  -1.46475850799572     
   2.41763522788653     
   1.24898085089413     
  0.566079125641381     
 -0.239843418891037     
 -0.479464356757545     
   2.52031605992073     
  -1.07297959282717     
 -0.823380102696221     
   1.75039986675086     
 -0.450967541207730     
  0.385104005276824     
  -2.31731866410328     
 -0.268910714561750     
  0.120792747484065     
   2.57238477631095     
   5.89751052906557     
  0.519176370858711     
  -2.53649196579561     
   1.32791001403510     
  0.675403742273156     
  -2.52346984833804     
   1.34220142259545     
  0.791299065406534     
  -1.26141915083074     
   1.38374126152152     
  -5.04829175164539     
 -0.504342551615538     
  -2.80567232322638     
  0.823297686987694     
 -0.313845497911415     
   4.32284167808578     
  -1.93916023848894     
  -2.22289807295620     
  -1.10505059071025     
  0.691773484664485     
  -5.50217062728050     
  -3.22112821826387     
   2.03643405447219     
   3.15852338565282     
 -0.446142652170393     
   3.49454856924601     
 -0.869347777975457     
  0.372050580033286     
   2.55048933192863     
  -1.02233593010290     
   2.12836309770971     
   1.96169331226427     
   1.70077409859680     
  -2.01407275788780     
   1.21537187194693     
  -3.25424397935535     
   2.43631367155142     
  0.439578774655787     
   1.45571006785439     
 -0.707420148952762     
   2.15391024789537     
  -2.66421323798299     
  0.114076978341905     
 -0.892480540435216     
  -1.79395197238387     
 -2.839397252581505E-003
 -0.225503994409203     
   1.37992764922970     
  -1.88992638799244     
 -0.197974538513260     
  0.158058362794321     
  -1.53159645968362     
  -1.95606902246988     
   2.20191654724216     
   1.34658370178685     
  -1.75791621656955     
   3.60069664982072     
  -1.95331830064353     
  0.682499006863371     
   3.34305841266680     
   4.50519218235903     
  -3.74270255540931     
  -1.96187778933404     
   1.04743689093844     
 -0.482176395398908     
  -2.37083368765975     
  0.591635569728207     
  -1.99094718431029     
   1.44308762347515     
  -3.30838529090810     
  0.983109163228501     
   3.06433500933403     
  -2.63101853765252     
   1.71147740842676     
 -0.271169375771536     
 -0.367175142695968     
   2.36528822421591     
 -0.438030632502347     
  0.730292950490912     
  -1.04817762564495     
  0.532117015630963     
   1.64579447761204     
  0.519025353470779     
   2.30634503673038     
 -0.499109868809293     
  -3.79847184980599     
  0.812565666411301     
  3.743694841535404E-002
  -1.58712483478171     
  -1.35270304298890     
  -3.35931069976713     
  -4.53953953404655     
 -0.463267464928839     
   7.50802538616641     
 -0.567232063969497     
 -0.511223655481201     
 -0.980412470635017     
  0.702321511469958     
 -7.930671908346527E-002
  0.480397895252291     
  7.726217632635594E-002
  -1.14964154536675     
 -0.298017875205723     
 -0.783584442883810     
  0.157483104440915     
  0.883393557302830     
  -1.26508507031801     
   2.07888106969759     
  -1.20073721889733     
  0.117282218778733     
  0.940010476796967     
  -2.09653759317426     
 -0.399443918545564     
 -0.874633926609598     
 -0.401055279725071     
  0.802132857720245     
   1.15495764506275     
  0.113495485361282     
  0.150447447442510     
   1.10693672291677     
  0.981158491711326     
  0.659376289474282     
 -0.581622334154300     
  -2.01339669191169     
 -0.246949490093019     
  9.395983490191847E-003
   3.32630058150190     
   2.63282508544512     
  0.182600711193962     
  5.353833985283940E-003
  -1.83817737877177     
  -2.57270130367544     
   3.10455183608233     
   1.21465919936350     
 -0.911058493833036     
   1.68472424884650     
  0.709131936472144     
 -0.385820821968815     
   1.02050458990318     
 -0.223049734935052     
  -2.77967801104981     
 -0.235859206154359     
  0.915081894576438     
  -3.11647054819694     
   1.70730563535279     
  0.170688819505615     
 -0.679394473175571     
  -3.09137771595258     
  0.643465965968308     
 -0.668689046398037     
   2.59618189373384     
  -4.47223041763333     
  0.998514007399530     
  0.500924218077462     
 -0.737111885163950     
  0.626878354334223     
  0.947408618656592     
  -1.37138690371107     
  -1.87061403009523     
  -1.08874689453682     
  8.415425803896059E-002
 -0.104875126340535     
   2.12559718114670     
  0.824097707469567     
 -0.108445466586146     
  0.262414899095286     
   1.85984443693147     
  0.445376725002421     
  0.266233319344669     
  0.200383613101039     
 -0.755906526765251     
  0.900975013582082     
  0.323098657331026     
   1.53863878765766     
 -0.436507550176959     
  0.242072923019891     
   1.84962729418216     
 -0.932646601293157     
   1.46158677167053     
   1.31454646768061     
  -4.42590308875155     
 -0.250518510409656     
  -1.00024834295304     
 -0.512999360241225     
  -1.95651999907967     
  0.347147152810453     
   1.17589961399175     
 -0.342383204845323     
 -0.731111522796177     
  -1.03647651690611     
  -1.50984318958996     
  -1.40988260444242     
 -9.785415727010280E-002
   1.46378472596264     
  0.603849005811700     
  -3.06216331686165     
   2.27174959089086     
  -2.34372774193843     
 -0.751687481629233     
 -0.368392056770627     
  -1.17673878355200     
  -2.87511193956124     
   1.21243037620602     
  -1.90121231536454     
  7.545288051972344E-002
  0.942619546515245     
   1.60407237369405     
 -0.931015422187211     
   1.72813074110896     
  0.253170923961021     
  0.516295890303377     
  -3.64295243280207     
   1.28759098247154     
 -0.439475659315119     
   1.05454417243048     
  0.387056529519075     
  0.759670357316848     
 -0.486947426986770     
  3.737062491149790E-002
  0.198959283390131     
   1.52946660644630     
  -1.74466269582650     
  0.192830003427476     
  -2.53724589828404     
  0.618065798534842     
   2.04204738737322     
  -1.97585445074261     
   3.39447021720798     
 -0.102312611699147     
 -0.391965153511423     
   1.08642697196585     
  0.678367782988256     
   1.16369940031046     
  -1.55103011351491     
   2.05723233568665     
  0.910875997785765     
 -0.465388709611099     
  -3.03347174265106     
 -0.799509110598893     
  -3.04056909238145     
  0.296037470746448     
  -1.37843991097121     
   3.28951244660416     
 -0.640837133713529     
  -1.43736322013963     
   2.84028843948987     
 
  0.172851036965160     
 -0.129725258454841     
  -1.44305205584321     
 -0.976712651538023     
  0.893334671873856     
  -1.57484159857866     
  -4.10443926132288     
   1.41982104905743     
   1.87718583919976     
  3.794411510182638E-002
  0.521398480289657     
  0.669828090763953     
   1.77128773889445     
  -1.20440902912394     
  -2.69847768947624     
  0.574511044245578     
   2.66406690993387     
  0.265679349824584     
 -0.949200451094730     
   2.98062863910278     
  0.437325177842493     
  0.209299749433608     
   2.10302445234899     
  -4.47801516364322     
   2.24637115976584     
   2.03397341022074     
  0.532945789041688     
  0.368923021764442     
  -2.58560787079497     
  -1.90024415236874     
 
 -1.950869992129803E-002
 -0.247139898537878     
  2.237710712554768E-002
  8.791551790233797E-002
  4.573115568416307E-002
 -0.381130594817700     
  9.511305056386075E-002
 -8.692030155626990E-002
  0.199607814084924     
 -0.190048796097128     
 -5.578628546563492E-002
 -0.118070046427580     
 -3.957657888609258E-002
 -0.317704402655723     
  3.039639595935428E-002
 -0.150725147893442     
 -0.151124742384302     
  4.233206554650733E-002
  8.523756577145283E-002
  0.252208449225484     
  0.221099630193587     
 -3.798660123504359E-002
 -0.289126180190492     
 -9.968850621833202E-002
  2.405920541118145E-002
 -0.201032232342982     
  8.242899981891835E-002
  4.847427254416147E-002
  9.242799152493945E-002
  0.161274090500580     
 
 -3.939104761904762E-004
 
  tansig  tansig 
