     33 -    30 -    30 -     1 
rmse=  40.8268meV
 -0.118859431711901     
  0.963528232449325     
   1.52470048486038     
  0.396801403872892     
  0.353301700224751     
  -1.74924111589823     
 -0.289572971046733     
 -0.411811763246949     
  2.554767994782534E-003
 -0.196484076489593     
 -0.617331334288902     
  -1.56965228718603     
  0.897585468077865     
 -0.407549220224018     
  0.266235099200135     
  -1.10603444765485     
  0.512645291836673     
  0.945460162515878     
  0.194045797984171     
 -0.390687242861908     
 -0.496978319902066     
 -0.198300537574951     
 -0.163390379553249     
  0.816542926963065     
 -0.767304764735739     
  0.988505256191770     
  0.154038062008777     
  0.525726015274206     
 -0.285813386484126     
  0.213266120024749     
 -0.825847107264247     
 -8.471684550227979E-002
 -0.269843471773182     
   2.35281900398509     
  0.956144655836493     
 -0.204777635422863     
 -0.851594833352173     
   1.15494927925007     
 -3.092473863035843E-002
  0.360383463228212     
  6.788010015658223E-002
 -0.150221350787296     
 -0.173538494503149     
 -8.984768918470468E-002
 -0.335349824847536     
   1.93990709308602     
 -0.249271965302325     
  7.297833374150108E-002
  0.855425526749831     
 -0.537466891034339     
   1.15812528284569     
 -0.130334608054709     
 -0.499552945726401     
  0.402335281206134     
  0.662379484965745     
 -2.836925962061620E-002
  0.810153268057422     
 -0.174844538659899     
  0.260565766086293     
 -0.442358444166806     
 -0.644669768964568     
 -0.808636976357405     
 -0.164405525442774     
  1.685977439947817E-002
  9.441233338896697E-002
 -0.690825282142343     
  0.810791443943825     
  0.667348726150733     
 -3.905504908320447E-002
 -0.598795281777994     
 -0.219336889244468     
  2.899055483791919E-002
 -0.660416965441944     
 -0.125124438420381     
 -0.253778243196861     
  0.121721005380191     
  0.540698078497765     
 -0.134179254509550     
 -0.256790522505682     
 -0.859906771960973     
  0.180814127879262     
  0.618229959449885     
  0.328468628285328     
 -0.132554381355541     
  0.386946991190398     
  0.340101433257563     
 -0.349663645096498     
 -0.368662983466811     
 -2.920777179460725E-002
  7.427484735853428E-002
 -0.902232585075900     
  0.667039236855344     
  0.220393459172163     
 -0.891489272630857     
 -0.447644175285649     
 -0.175864205308312     
 -0.604813822784941     
  0.109749579750580     
 -4.434280911811048E-002
 -0.371220504867493     
  -1.02869589642419     
  0.666586471135257     
 -0.504677399766705     
 -0.924309227737624     
 -2.476597454238386E-002
 -6.373756540824563E-002
  8.369509924511899E-002
  0.276391982840990     
 -0.201181423316565     
  0.183638887540519     
  0.874818307814678     
   1.94186772584131     
  0.389651574173525     
  -1.79569378175423     
   1.77409380047832     
  6.284527946476760E-003
  -1.15851647864382     
 -0.600116165743911     
  0.132776147124179     
  0.784021806910303     
 -0.565307946368900     
  -1.43827105762145     
  0.451987243053430     
  7.688578924700584E-002
 -0.138095283211877     
 -0.324847722972965     
  0.397263580504840     
  0.348518773955051     
 -0.435163734509556     
  0.213953235273200     
 -0.749750811331474     
  9.368118901585948E-002
 -0.615791495128368     
  -1.32700063818125     
   1.33864686590156     
  0.679875446008327     
 -0.136395341704163     
  0.728219744596217     
  3.999241139872673E-002
  0.237253674450747     
 -0.781863018493158     
  9.626170914593999E-003
  0.701110766593489     
  -1.02943888822633     
 -0.107905478792570     
   1.74646907174195     
  -1.09761276695087     
 -4.326427962046153E-002
 -0.489361877442385     
  0.337351302332583     
  0.380771711077647     
  1.318580784127469E-002
  0.205969997535453     
 -0.293851219600924     
   1.16327577902598     
   1.44808524936844     
  4.869660891052841E-004
 -0.657250630017413     
 -0.792764889820640     
 -7.016480424013594E-004
  2.781649917202579E-002
 -0.338669361113282     
  0.316671732396048     
  0.133150794825253     
 -0.548263674498527     
 -0.578430879343939     
 -0.108422666842721     
  0.940482114857413     
  0.693725866299464     
 -0.629151041699481     
 -0.347012900950505     
  5.662286195892181E-002
 -0.200899062120874     
  0.664361166430795     
  0.164328146893350     
 -0.378810382542216     
 -0.441609331339514     
  -1.33835260280690     
  -1.42078127630255     
  0.262956195782701     
 -0.897701629168274     
 -6.005958698905198E-002
  0.388475493733802     
 -3.849146785526254E-002
  0.784776667455727     
  0.476320614954898     
  0.138562736253657     
  -1.12876399368684     
  -1.54820695979925     
  0.122958335472334     
  4.425427060493983E-002
  0.258735349975310     
  0.545824049015777     
  8.840917942235181E-002
 -0.117827452098708     
 -8.422023058469506E-002
 -0.595712546877336     
  0.290568223293429     
 -1.260901444867828E-002
   1.07074501230157     
  -1.54672430526304     
 -0.230490922742562     
 -0.861794710377604     
 -1.049163515010951E-002
  0.277222940898547     
  0.383460840072715     
  0.217440104685383     
  0.277293782346979     
 -0.284921016563882     
  -1.11771319806129     
   1.44085789341003     
   1.19993593115302     
 -0.499756980508143     
  0.398179523954479     
 -7.935507256168287E-002
 -0.166741696668173     
  0.395463514294011     
 -0.161475292750293     
 -0.291250291842465     
 -1.649374523504182E-002
 -0.290835664902494     
  0.351074642354469     
 -0.315909595900840     
 -0.377062868217763     
   1.02703866307741     
 -9.227543261781646E-003
 -0.254593028429398     
  0.517509343326545     
  4.972151440110890E-002
 -0.319933984989118     
  0.471822259840318     
  -1.94708481456432     
  0.131971507073705     
  0.686242291223765     
 -0.443358012836527     
  0.136757140871609     
 -2.503471388855789E-002
  0.448849464760850     
  5.398372765135424E-002
  0.593859908827204     
  0.545558798012791     
 -0.126269757685604     
  0.140601500944082     
  0.133479569158305     
 -0.390213608699739     
 -4.090177106629478E-002
  0.245911775266676     
   1.23102935709185     
 -0.292253799189521     
  9.272587857714707E-003
  0.165032788684140     
 -0.720075799565128     
 -0.676367666660899     
 -0.839804114475696     
  0.901340224630195     
 -0.615250996620525     
  0.738658437191746     
  0.718388246834049     
 -0.255880208529806     
 -0.356578485082602     
  0.241137416422764     
 -0.246245718051067     
 -5.359544995325820E-002
  0.597697732210783     
  0.284729907106203     
   2.43077352987714     
  0.140320808921029     
  0.701092552018543     
  0.414950676972413     
 -0.212712171070255     
  1.762176968738911E-002
 -0.348456684983778     
 -7.050410974272912E-002
  0.214479864945038     
 -0.283315890857662     
  -1.86463320054424     
  0.149936912865975     
 -0.799346423906260     
 -0.889435208901360     
   1.00586291225557     
 -0.753394743908666     
  0.837999181025357     
 -0.503809533210178     
  6.888133489357115E-002
 -3.898604403277979E-003
  0.783078210803852     
  0.307310519416966     
  0.652962291192461     
 -0.853876574659865     
 -0.663696153132658     
 -0.212920057612573     
  0.111823300564584     
 -0.453483337361432     
  0.205291440369936     
 -0.299026092756945     
  0.510066107153742     
 -0.497767392329455     
 -0.913594536475922     
   1.62500166918819     
  0.414378635283765     
 -0.230233993274480     
  0.181170132425859     
 -3.194695650628793E-002
 -0.245384371767762     
  0.190444911470472     
 -0.227436639190366     
 -0.541293125640529     
 -0.234747103527413     
 -0.544536817088927     
   1.32126054621014     
 -0.609067369022522     
  -1.37909102277168     
  8.489239867412560E-002
   1.43859752178897     
 -0.517250001875659     
 -0.138589946461214     
 -0.580082420767760     
  0.266890894473741     
   1.15640770762805     
 -0.877834468839096     
   1.39621122062621     
 -0.164995561398194     
   1.07506190010742     
  0.734720763574220     
 -0.510350966358183     
 -0.619327024355877     
  0.430522080793866     
 -2.502662921025314E-002
 -0.195977673680184     
 -0.933596626587448     
  0.521351315688938     
 -0.624367324083611     
  -1.61970054497496     
  -1.24693765253454     
 -0.308870635903241     
  7.355713392363590E-002
  0.476992922535849     
  0.105036945600088     
  0.463850520066904     
 -9.102038114621883E-002
 -3.839012051295029E-002
  0.216565663521087     
  -1.72440317432322     
   1.50613091252828     
 -0.118125007440607     
 -0.869660960528944     
  0.195660407847079     
  0.735092569296858     
 -2.054197164853738E-002
   1.24463867035811     
  0.201069491794383     
  0.141582871787937     
  -1.82111658956541     
  0.679274649793124     
   1.48249986069172     
  4.363042789993340E-002
   1.39600549157635     
 -0.566694952803572     
  3.869435520076102E-002
  5.347600144588570E-002
 -8.816261159541371E-002
 -0.429882419781519     
 -0.231353486575305     
  7.963861226342957E-002
  -1.54824976170987     
 -0.397691547282063     
  0.721444035973232     
  0.235492272425384     
  0.532567000039416     
  0.535888625405946     
 -0.276762159637655     
  3.619317937834604E-002
 -0.416143312069175     
 -0.668972242489988     
  -1.54346950669410     
 -0.863097248452852     
  2.410572058734683E-003
   1.05857536163753     
  0.297714713261610     
 -0.324228094410561     
  7.038859916882687E-002
  0.641942311891776     
 -0.368432257984045     
 -0.161427483973344     
 -9.634637553910508E-002
  0.191505841508796     
  0.580306467999907     
  -1.25802971615060     
 -0.460569852524643     
 -3.666437903884955E-003
 -0.455613216785837     
 -0.394848090375257     
 -0.532677513069085     
  0.210886279911653     
  0.144634407127162     
  0.608361044955375     
 -0.442750145491288     
  0.924515331541479     
 -0.550509109836240     
  -1.09371858846706     
  0.193441280567719     
  7.005355559460798E-002
 -0.309691167600008     
  0.213916331945771     
 -7.798082257567633E-002
  0.634256322052207     
 -5.364354801628612E-002
 -7.649585888723623E-002
  -1.12351082627208     
  0.394757312105574     
  -1.00750169418054     
  0.129007328560478     
 -0.222764526007805     
 -0.403915330418126     
  6.776418342344942E-002
  0.468937865704142     
 -0.140704516233220     
  0.235151721814807     
  0.186435518326856     
  -1.21369693541712     
  0.904753434488177     
 -0.147396095787063     
 -0.714738423190752     
  0.605699337700249     
  0.131372815014535     
 -0.141253152061746     
  0.139618065430433     
 -0.108182119852290     
  0.102075175463654     
 -0.945890448509864     
 -0.294312983895793     
 -6.917336804848387E-002
 -2.576288841830043E-002
 -0.902686236630342     
  0.364393644429816     
 -0.194759961518707     
 -9.088246082584654E-002
  0.465766556399641     
 -0.219655568634504     
 -1.115443146460596E-002
 -0.848125340862582     
  0.192139444123933     
  -1.01689599741719     
  0.247916549495245     
  0.670064897954384     
 -0.620834461312017     
  4.877608599391636E-002
  1.324764077900134E-002
  0.675893635595213     
  0.234004701930381     
  0.336867111858488     
   1.13258260115382     
  0.876072335167639     
 -0.160070370482427     
  0.401098209057847     
 -0.235298012746884     
  9.485794075761897E-002
 -0.101684110706033     
 -0.288793284123007     
 -3.971591932605565E-002
  0.308234027465248     
 -0.133657174416239     
  0.775432011851878     
   1.19496263029174     
  -1.00376541196978     
  -2.85092023299375     
  0.183743425173691     
 -0.195695000424122     
  0.170232456730315     
  0.434952659848914     
 -0.216752224899290     
 -0.138816373644942     
  0.166433306319458     
 -0.676692973515135     
  -1.98066904585081     
   1.56827238519099     
 -0.595655770932715     
  0.489373987209703     
  0.663303027083776     
  0.303007299005750     
 -0.985400092178037     
  0.209767849806998     
  0.449463579817736     
 -0.126340745213598     
   2.28288070617559     
  0.224250583629809     
   3.26781044094877     
  -1.25247153799407     
 -0.774114124236094     
  0.205378394286056     
 -0.116448769904172     
  2.472100795264442E-002
  0.546675862692910     
 -0.373823939102528     
 -0.159124533029596     
 -0.151270903372476     
 -0.340430665199955     
  -1.52416127741223     
 -0.320827344132506     
  0.971983615935434     
 -7.359682189405463E-002
 -0.236315086074892     
  0.102465070738597     
  0.158668142064561     
 -0.158796769225460     
 -0.341588552152598     
   1.48096906188308     
 -0.186785093955599     
   1.28048689756281     
 -0.158360112889128     
   1.66840290782979     
  -1.17891823490029     
  0.348463847964424     
  0.256793351570004     
  0.689997595897895     
  7.259382722768491E-002
 -0.107170805158531     
 -8.135886441243280E-002
  0.638963923984450     
  0.133075682860987     
  -1.18862055387492     
  6.769537580970364E-002
 -0.312847933302180     
 -0.134260502580353     
  0.363115815309179     
  0.257228348942096     
  9.646560110036241E-002
  0.428137047609420     
  -1.05275412274766     
 -0.495511258272019     
  0.640397555584379     
  0.994487427453233     
  0.508264886787485     
  -1.05692894195862     
  0.301759336791650     
  1.918704009845798E-002
 -0.411278544889998     
 -0.283700227680145     
 -0.469017590745273     
  0.153409991533710     
 -0.558590744831430     
 -9.676138279473046E-003
 -0.866223622001559     
  0.840003222061697     
 -0.240036922764153     
  7.602424732216352E-002
  -1.04969567971921     
  0.324421960154055     
  0.693654502061822     
  0.802472634932306     
  5.699662599315947E-002
 -0.961978932292697     
  -1.69273262777602     
  0.223135080729101     
 -0.172738537449527     
   1.18455856246386     
  0.390912893420653     
  0.143132024607418     
  0.251551389073885     
  0.538435727760029     
 -0.412780929855681     
  -1.37414223616389     
  0.345321711080177     
  0.772679162182883     
 -0.445609514923593     
  0.398189464252778     
 -0.422754892298998     
 -0.425792807337394     
 -0.368615842904007     
  0.297529287888413     
 -6.409278478700946E-003
  9.015598352566430E-002
   1.14040454124014     
 -0.209021089137983     
 -0.128194655628228     
 -0.153494927740176     
 -0.142374815231142     
  0.674082543689996     
 -0.309960485704464     
  0.204489229642185     
 -7.281322465388844E-002
 -0.121619633866220     
  0.209171735432035     
  0.988224865143163     
  0.881477460628520     
 -0.318549253647936     
 -0.226952389969752     
 -4.765412424325360E-002
 -0.418894900761580     
 -0.788380718141335     
 -7.103084829754769E-002
  3.667141378278599E-002
 -0.144148253241373     
 -0.680720444457301     
 -0.580019325163015     
   1.34208547303731     
 -0.665617527058776     
   1.73537089865361     
  0.372828854196698     
  6.215485335327287E-002
 -0.513984291996961     
  0.127066528079921     
 -0.420627583818125     
 -0.381316837192318     
  0.247747497669666     
 -0.276860290338103     
 -0.691012939099874     
 -0.855430044230736     
  -1.28652955363273     
   1.38174226836155     
  0.492912164865999     
 -0.570625664648852     
  0.249446909811624     
  0.318020518198787     
 -0.580762465999363     
 -0.419220929935942     
  0.619399151620948     
 -0.407344950831017     
 -0.856132710457655     
 -0.159411969870750     
   1.66453246658870     
  -1.38468018689830     
  0.479375206772759     
  0.621461070136992     
 -0.521883068919342     
 -0.608280061943098     
  0.171297008304377     
 -7.485795512586080E-002
  2.713377663585641E-002
  0.568861149795675     
  0.950728072637429     
  0.539349491088187     
  -1.06396078206522     
 -0.200003755039855     
 -0.127109469755737     
  0.666044682666909     
 -0.435828494788244     
 -0.603639453119070     
  0.159908633349067     
 -0.113221484221443     
  -1.04390236812555     
  0.167059833424166     
  0.784316013990164     
 -0.733339021810294     
   1.12291331022980     
  -1.03670585102857     
  7.489023847711498E-002
  0.241564661833793     
  0.847581405377829     
  -1.36090113323818     
 -0.626104373506021     
 -0.963868766995276     
   1.00112924345475     
  0.354168382517517     
 -5.311308873561391E-002
 -0.291590315292433     
  0.107095337713886     
 -0.865227829833987     
 -0.134340014250227     
  2.849503831282405E-002
  0.502068418144290     
 -0.447191588364367     
 -7.337323707356794E-002
  0.117584800658428     
  0.433908481636078     
 -0.435329860107789     
 -4.571890417526248E-002
  0.168133603417902     
 -0.482801859192603     
 -8.964764484718925E-002
 -0.149566520063994     
  8.150608289438518E-002
 -0.754437218849446     
 -0.775080935997770     
 -0.368765268521164     
 -0.317095903540272     
  3.236382649667867E-002
 -0.450838742412565     
 -0.163006024737330     
 -0.366265985500760     
 -8.569610406244649E-002
 -0.148643213531662     
  3.081165089499973E-002
 -0.133949770167134     
 -0.295865420064315     
 -0.303210196835470     
 -0.327251768447689     
 -7.685356155606121E-002
  0.647896382058129     
  0.271952923831240     
  6.471137335134347E-002
  0.285560257975911     
  0.247172275739452     
  0.220148217229392     
  0.303478513714964     
  0.303109079838312     
  0.842834683305016     
  0.393989097985874     
  0.642221781023091     
 -0.324466503297914     
 -0.268295465275171     
  0.163630141523276     
 -3.461160208572554E-002
  0.491510605388267     
 -0.195438729690826     
   1.56433337195613     
   1.23753504942926     
 -0.909014305071062     
  0.102848543444439     
 -0.141445659470260     
  0.155902682441611     
  7.259696940570214E-002
 -0.464879552491873     
 -0.684818122026273     
  0.228009324424513     
 -0.880647248898889     
 -8.429343655877303E-003
   1.45482801568703     
 -0.115791129623638     
 -0.277062003706648     
  0.595513631620100     
  0.419642504956031     
  0.358495705369799     
  0.112135243732272     
  0.342818249360556     
  0.372524178544823     
  0.438974909427142     
  0.529710810586358     
 -0.272534793012959     
 -0.225018534017498     
  0.537146460968177     
 -0.302894012327711     
  7.471696756183650E-002
  9.646866286545741E-002
  9.565232296616318E-002
  0.101990464084039     
  0.154063137044466     
 -0.809527004957943     
  -1.07491390673163     
  0.219117730920611     
 -0.606894880124655     
 -0.942449987269194     
 -0.300832404192954     
  0.430468150008911     
 -0.237939319347196     
  0.679708742166480     
 -9.116287365208502E-002
  0.636629005271163     
 -0.545321281413038     
  -1.48708013076242     
 -0.404832676991353     
 -5.306361321473042E-002
 -0.876383145497187     
  0.770710021042813     
  9.715324597990992E-002
 -2.502722760599581E-002
 -0.564041073093544     
 -0.459460176481713     
 -0.313858402193622     
  1.446366662811081E-002
  0.166057806500508     
   1.69862928422887     
   1.25781114482375     
  4.183531536907491E-002
 -0.385350508341420     
  0.309575506253375     
 -4.502368695374166E-002
 -0.222361459943747     
  0.247009004994064     
  0.167548168906324     
  0.288036024524036     
   2.73072548766221     
  0.305559389862668     
 -0.159825216112000     
 -0.519885693119237     
  0.183853354384014     
 -9.519753501387501E-002
  0.330697686558570     
  1.212447522036553E-002
  0.463174400291758     
  0.117943046734638     
  -1.22575650434725     
 -0.458529461726733     
  1.685476508830286E-002
  0.890426248304281     
  0.280640706545311     
 -0.374888570054051     
  0.608710849169758     
  0.266074925443511     
 -0.418042835171773     
  7.836751632772954E-002
 -0.305602015408990     
 -0.456555607086444     
  -1.03588699472956     
  0.422737749834609     
  -1.32913146640828     
 -0.553118608690115     
 -0.367379460932716     
 -0.291139789362530     
  0.262021529290061     
 -0.108108973744838     
 -0.142065932337776     
  0.433042868922591     
  0.817095409049644     
  0.413202526686985     
  -1.32662851215826     
 -9.330340834275384E-003
 -0.364971940475008     
  0.541936509077998     
  0.122114574475809     
  0.439496265658123     
 -0.450098224609518     
  0.256429976128213     
 -0.132305264991837     
 -0.940786980387519     
   1.13830834229431     
  0.698627265985734     
  0.981209859722304     
  0.442055935534262     
  0.209456821176484     
  0.117292526150738     
 -0.737588419730248     
 -0.718650004571297     
 -2.421687950519323E-004
 -0.518685123604926     
  -1.25332516186511     
 -0.979663563822401     
   1.74895480411519     
   1.16508521817447     
  0.146287398836748     
 -0.503341696893084     
 -2.711344573540927E-002
  3.828703914232262E-002
 -0.511604267220667     
 -7.568474534058467E-002
 -0.838754628604244     
  0.982041486449097     
 -0.950636117327989     
  -1.06518779527268     
  0.244805403944876     
  0.184442269956410     
 -0.636641365279435     
  0.840755582735288     
 -0.271561938424565     
  0.374054676288166     
 -6.278507195999448E-003
   1.80763046806954     
 -0.245918450458086     
 -0.428849496961477     
  -2.63851970123009     
 -0.356014598577525     
  0.352257099290297     
  0.701065645261021     
 -0.664634606087425     
  0.370086115359699     
  0.234740165397117     
  1.042733920446555E-002
 -0.427506060671582     
  4.576973493882496E-002
 -0.527718724045308     
  0.242707932016649     
 -0.199630732609164     
 -0.546718727723314     
  0.472035068622923     
 -7.265863599114944E-002
 -0.162028135221561     
 -0.321865994875133     
  0.331752778323332     
  0.456473521633258     
  0.543952611485684     
  0.756217866678854     
 -0.471881311925046     
  0.338043921574173     
 -0.951117134223408     
  0.454027950595311     
 -0.761876349187792     
   1.03057273821363     
 -0.516627960886647     
  6.673601437789839E-002
  5.816377121045362E-002
 -0.318412048620633     
  -1.56217889191020     
 -0.480717500867913     
   1.21483858308904     
  0.207655252407736     
  0.286945901833709     
  0.720497812939013     
 -0.256459551773674     
  0.300010002864273     
  3.322924643355624E-002
 -0.345967209119269     
  0.523199197715464     
 -8.518394339570884E-002
 -0.334551822140144     
   1.10661558141267     
 -0.167106755288658     
  0.915664620177414     
 -7.647804484156623E-002
  0.151531113215254     
  0.176812108029413     
 -6.205825719618767E-002
  7.977093031379676E-002
  -1.01333163227060     
  0.902440025936728     
   1.51033077584967     
 -0.431650743434594     
 -7.878978994215011E-002
  0.432125672184170     
  0.686942798115067     
 -0.246000453443692     
   1.42649923969293     
  0.365517055055174     
  0.923739624564583     
 -0.934394244099236     
 -0.379257810066884     
  -1.13359344694713     
 -0.501463778521899     
  0.175453135295365     
 -0.926006281223879     
 -0.797551494673668     
  0.120927280266673     
  0.523649333375641     
  6.931693566464289E-002
 -0.485360452750060     
  1.313917720388858E-002
  0.241492616455014     
  4.671977941192230E-002
 -0.808942950074191     
 -0.461004335937668     
  0.740599437600280     
  0.553823142524946     
 -0.104876999551445     
  0.458866320654477     
  0.398400174759588     
  0.453503068719668     
  0.868180904698248     
 -8.894946049861213E-004
  0.207222033464797     
  0.518530989499613     
 -0.442662431066792     
 -0.147988215293502     
  9.884257446999556E-002
 -4.109947676221373E-004
  0.262758627771421     
  0.570860911982911     
  0.678187020263442     
   1.13517669578344     
  0.330499335503443     
  0.997062858240299     
  5.500010785551256E-002
  0.532494966849848     
  0.414482664462002     
  0.109814902296528     
  0.150784217219731     
  0.359826622508692     
  0.344445613870350     
 -0.128322453518627     
   1.49529754233136     
  -1.73594702889034     
   1.57288571642712     
  -1.01030984144803     
  0.451703135014698     
 -0.227567673026753     
 -0.155947582114214     
 -0.370057791909989     
  -1.02785416235698     
 -8.185962269336411E-002
 -0.363832523991041     
   1.64173455862540     
 -0.402340105380063     
  0.357416173909470     
  -1.54746502362065     
  0.762096643659322     
  1.886674318586033E-002
 -0.122761055521958     
  0.394062677184819     
  0.194668156195819     
  0.687257032168259     
 -0.145419411785187     
   1.94854873978484     
  0.973031975303730     
  0.235016355145555     
 -0.224079818963009     
  0.172905540494016     
  0.483053671424398     
 -8.587786473251438E-002
  0.760510624834579     
 -0.101289158088127     
  0.640584221352455     
  5.681084705266239E-002
 
 -0.322771378214227     
  0.397719900855034     
  -1.25737945732621     
  -1.11624584758657     
 -7.301350634334947E-002
  0.557079482382987     
  0.274399626418474     
  0.990916617853551     
   1.14237902116968     
  -1.10163015926173     
  -1.85514354464531     
  0.476199614691676     
  0.164888194613020     
  0.502195766265798     
 -1.682524502450599E-002
 -0.607753955962407     
   1.23082895232196     
 -0.255074430885730     
  -2.79910426017400     
 -0.101065713847754     
 -0.602836682477610     
   1.30572353843798     
  9.137029842336308E-002
 -0.691635608873176     
 -0.387536538944786     
   1.45171571618905     
 -0.179356586113981     
  -1.24335897224602     
  0.130218236961045     
 -1.664022951555201E-002
 
  0.325370550269376     
  0.181766903347615     
  0.101505921741172     
   1.27745924233726     
  0.387889075044893     
   1.31147583299257     
  0.555134737722063     
 -0.456081403098483     
  9.048144453784707E-002
  0.458533603742711     
 -0.956367078176941     
 -0.718738775656749     
 -0.157967035097005     
  0.609089639640026     
 -0.545220578236000     
 -0.197392580286228     
  0.765122200961856     
   1.12618177447367     
  0.119569062996155     
 -0.411709282721393     
  0.368323111470268     
 -0.465700439033142     
 -0.630538365880138     
   1.19148925828256     
 -0.478037024696740     
 -0.681031739416693     
  0.545957830486926     
 -0.679094806416673     
 -0.572358209518934     
   2.38086394958363     
  0.128195975087294     
 -7.123734181628741E-002
  0.179514978594662     
  0.456280308950951     
  0.273239579666519     
   1.24719993371708     
  0.527813738071265     
  0.878671206065399     
  0.117111183522299     
  0.407432526869154     
 -0.102489558574361     
 -4.337806779958452E-002
 -0.276057668615085     
  0.228929378774102     
  -1.05254533478490     
   1.88735031421101     
  0.498228905392247     
  0.676807392289076     
 -9.946493850195753E-002
 -0.247981250009749     
  0.311078916052394     
 -7.691727972530960E-002
  8.274928281759035E-003
  0.674999988823286     
  0.811997132759642     
 -0.959642890564168     
 -0.219215036883419     
  0.187727092946926     
  8.008766217822691E-002
 -0.546336456849687     
  0.482487093899569     
  0.357886682350445     
 -0.102702006228961     
   1.29157477596195     
  8.515582612040264E-002
  5.344844080441952E-002
  0.732232887635138     
   1.05694972356630     
   1.20036336823308     
   1.18435469488613     
   1.78474183199935     
 -0.496125466743195     
  0.587556583624496     
 -0.173959371977561     
 -0.419349985819564     
  0.774476508741462     
  -1.06650106737686     
 -0.119279242978251     
  -1.29019260755943     
  0.869804527288616     
 -0.632200984254393     
 -0.538135552188189     
  0.369746450031522     
  0.859724695051532     
  0.407445891157191     
  0.172785898584819     
 -0.243098168203997     
  -1.11233192385953     
 -0.174777433691537     
 -0.728105825285594     
  -1.14818944075758     
 -6.030816063303523E-003
  3.156906653340508E-002
  0.734423181974140     
  6.757878056309229E-002
  0.351440531437047     
  0.276092220914742     
  0.636587982910106     
   1.76939316144043     
 -0.377087650648410     
 -0.367356130482279     
  0.350499144103397     
  0.707937473277668     
  0.848658453963062     
  0.514110503512847     
  0.275189884358236     
 -0.189697646321367     
 -0.254012469454805     
  -1.20871541893081     
 -0.418780542524045     
  0.222142270074480     
   1.19232774927336     
 -0.697849074549946     
  0.310149174461376     
   1.21496464115957     
  0.143412764358941     
  0.627573631592680     
   1.52086505746517     
  8.183219355737487E-002
  -1.34972629234834     
  0.999577430427905     
   1.31001054080958     
  0.563383657497075     
  0.385107392305858     
 -0.870007338994172     
 -8.784919153385511E-002
   1.30910726284233     
  0.559859907476204     
  0.574202747458549     
 -0.580006487148286     
  0.609164028313378     
  0.560547697761831     
 -0.210594803510999     
 -6.244414034351786E-002
 -0.461558307240528     
  0.137972708513880     
 -0.158397545089708     
  0.240174673442859     
  0.240074573532455     
   1.66307013181327     
  0.788175001056018     
  -1.19598879599350     
  0.426096155858603     
  0.357608681106026     
 -2.252834389121365E-002
  0.274562710684063     
 -0.235606112927991     
 -0.333069272209993     
 -0.361411959391485     
  -1.02991099236783     
 -0.410021687539956     
 -0.111837875227652     
 -0.622483315377239     
  -1.62487425735154     
 -5.351853376410654E-002
 -0.876900051252093     
 -0.596020303441191     
  0.161888364888312     
   1.57833362041343     
  0.217322417933850     
  0.310237990565079     
 -0.623297287882538     
  0.133964846039323     
 -0.382024210701322     
 -0.505697779263224     
 -0.227858739936674     
  0.107459895774966     
 -0.550080228919947     
  0.687786401301399     
 -0.387414000103491     
  0.156944025354979     
  7.547522584193583E-002
 -0.471698190160737     
 -0.366599958780079     
  0.926666029125842     
 -0.580175267504578     
  0.638105304746655     
  0.804126961274032     
  6.272155307185630E-002
  0.306021118014745     
 -0.633315048110907     
  0.224182510786548     
   1.12700380113394     
  2.797637880319034E-002
 -0.232950846564477     
  0.732537601374664     
 -0.116765882490304     
  0.734927874504686     
 -0.392338723416791     
   1.15570589349880     
 -0.925278249814368     
 -0.422256588601788     
  0.233317928076410     
  0.253623138967373     
 -0.472104915659338     
   1.41910200238548     
  0.553359091701629     
 -0.289820903254857     
 -0.120071728122021     
 -0.197810279672714     
 -8.650947035242926E-002
  0.276731516167286     
  0.156584500745912     
 -0.710231340281327     
 -3.023514832928561E-002
 -4.465926835341790E-002
 -0.578153485965570     
   1.16124434550559     
 -0.269491926229452     
  0.291002286653588     
 -0.836950207993372     
 -0.223944976234560     
 -0.548874648290848     
  -1.56406826814029     
  9.061398022402742E-002
  7.297696779256038E-002
  6.349078475692514E-003
  0.176005986869086     
 -3.741646825558592E-002
  0.559623525914039     
 -0.752004696587756     
 -0.192049002721259     
  7.337587441632980E-002
  0.230332317045039     
  0.179242844079953     
 -0.421130525565902     
 -0.202587065497664     
 -0.166659907015302     
  0.387710288832969     
 -3.755844873056895E-002
  0.608468376510646     
  0.704610245754881     
 -0.521536420016285     
  2.335437794675355E-003
 -4.111158488490944E-002
 -0.327766741032634     
 -9.130079593981164E-002
 -0.833741414403981     
 -0.147897872911030     
  -1.16370032244890     
  -1.43826494551778     
 -0.259311104997315     
 -0.558012871443025     
 -0.727933584576709     
  0.571205282720351     
 -0.310672375996622     
 -0.373602048611596     
  0.939827941678089     
   1.17931146903871     
 -4.272213190589361E-002
 -0.861896758026219     
 -0.165861899169190     
 -0.125358931142596     
  0.247506341647504     
  -1.62476644450256     
 -0.142781264963274     
  -1.63254800579648     
 -0.188116240834660     
  0.473792855722065     
  0.944951190885774     
  0.319707660641872     
 -0.236315363062462     
  0.672147642324685     
  0.112796608013988     
 -1.609287509872793E-002
  0.305046676243423     
  0.228333638735158     
  0.785728355681065     
 -0.639591592580497     
 -0.400656075736591     
 -9.235090176232080E-002
 -0.350379907674088     
  0.281054151907161     
  -1.66118617995236     
  0.554791771759883     
  0.448800540227061     
  -1.50108616544736     
 -0.932608192310363     
  9.481523856128710E-002
  -1.25288040228361     
  0.619422583903725     
  2.147131817673299E-002
 -0.521250337098202     
  0.544702300341946     
  0.427946620199508     
 -0.564516274334053     
  0.936120022683412     
   1.36398558799455     
  7.243020710677502E-002
  0.223631002652621     
  5.468901950246779E-002
  0.162054347237236     
 -0.368039222471855     
 -0.208821908110695     
  -1.24368363329780     
 -0.104202664232336     
   1.46756941074947     
  -1.47828907991084     
  0.188167622079239     
  -1.00930505091473     
 -0.697349100715067     
  0.755826572640497     
 -0.977668409177556     
  -1.68544309413175     
  0.626847524693289     
   2.35465933977776     
  -1.23021493486266     
  0.146016858514316     
  -1.32484230396587     
   1.85950454056926     
  -1.60585088527154     
  5.653877051989373E-002
 -0.129422004952561     
 -0.944178992473266     
  0.204214858698945     
  0.110716610411043     
  0.233709107364967     
 -0.484669299481725     
 -0.211164368578357     
 -0.114657893509060     
  -1.10748408964017     
   1.10678979733626     
 -0.883084738700928     
  -1.35198677866544     
 -0.297283546371534     
  -1.50036897722773     
  0.326459281355532     
 -0.695208873732920     
  0.931689201284962     
  -1.49640450767044     
  8.834565520946630E-002
  5.258748015378332E-002
  0.149452389599146     
  -2.24617005682150     
 -0.166611506069550     
  0.156764704398716     
  0.476661288551458     
 -0.839234792197813     
   1.10124190764320     
  0.224833617552118     
  0.271339895588781     
  0.893081795428714     
  0.499508384720174     
 -0.105560309535434     
 -0.460422399145498     
 -0.838620370611696     
 -0.257047798550352     
  0.333626587827370     
 -0.674075905595997     
  0.745019443106066     
 -0.246671942403348     
 -1.933009935804126E-002
 -0.752389058090726     
  -1.39482309590205     
  0.793208947767687     
 -0.846092856522936     
 -0.783117674950762     
 -0.927226097378524     
  0.264981482848625     
  -1.36894052740116     
   1.14749403910746     
  0.146497569216227     
  0.767296703156489     
  0.438935329342874     
 -8.687123519827530E-002
  0.425728460690323     
 -9.588143668694095E-002
 -1.634437572770321E-002
 -0.404062410886372     
  2.270401544269429E-002
  0.299762568557903     
 -0.582745241042404     
  0.230489686302840     
 -0.323795935049811     
  0.276249820820352     
 -0.381826766851491     
 -7.712918070599133E-002
 -0.142953702901987     
  0.472316853326628     
  0.409831570397941     
  0.774251220011124     
 -0.934101286285082     
  0.412638729606478     
 -3.657282219211232E-002
  0.720398460023623     
  0.124890037354592     
 -8.662946336916359E-002
  0.831425217364650     
  -1.26320249426019     
  0.399254796023611     
 -4.408433069318116E-002
 -8.177330612842473E-002
  8.574466536436450E-003
  0.713371460203012     
 -0.116625115176517     
  0.292756730478054     
 -0.611131091616073     
  -1.20863949998452     
   1.28129319633497     
  0.681918712272232     
  0.594493422360399     
  -1.75710315335353     
  1.118679205341185E-002
 -5.966398994343089E-002
 -9.823362351269088E-002
  0.374403802960233     
 -0.632263315685146     
 -0.877291972955628     
  0.482541795347685     
  7.803175928871066E-003
 -0.361999775797097     
  0.856426957402065     
  -1.48533003628110     
 -0.811398849243674     
   1.40665733861040     
  6.147320993016449E-002
  0.292886645744306     
   1.08099306515869     
  0.287797521232697     
  -1.23935250854373     
 -0.217404001877219     
  0.486218119486445     
  0.445084440973300     
  -1.15958272190284     
 -3.911571192884480E-003
  8.842738310344983E-002
 -0.274495730070477     
  0.225050175301305     
 -0.280401012942323     
  0.175155535172253     
  0.130398751727396     
  0.219046963722837     
 -0.553228381233714     
 -0.121513823532582     
 -0.242422694093235     
  -1.09700639908885     
  0.250962504113420     
 -0.328646975522498     
  0.358604153297443     
  0.248487412900489     
 -0.583347926413749     
 -8.049478075793035E-002
 -1.528062513880096E-003
 -0.565320091050279     
 -6.462473223358685E-002
 -0.691893265567683     
 -7.108400791821912E-002
  0.833847941059099     
  0.480815375318131     
  0.858574688331129     
   1.29933909171642     
  0.753764292755594     
  9.449907490509338E-002
 -8.502750014941492E-002
 -4.510001855314388E-002
  0.111585612076800     
  5.862875332758984E-003
  -1.05740841226525     
 -0.252421394695457     
  0.593980479794393     
  -1.07196582877240     
  0.865027265249041     
 -0.668099396405586     
 -0.202568838423334     
 -0.702382741688420     
 -0.335869624889539     
   1.04537750671505     
 -0.735158465604863     
  0.748361274774151     
  -1.05142585896433     
  8.665139446659995E-002
  0.580958207207430     
  0.112273636086813     
  0.324875899495318     
 -0.251851340231099     
 -0.225303815686915     
 -0.624491365306918     
  0.140709415998968     
  0.184736861071136     
   1.06859626348749     
  0.122657546098889     
 -0.276563328657101     
 -3.257908669673117E-002
  0.614474423594681     
 -0.158193099805230     
  0.510628161331246     
 -0.181627367550638     
  4.715952462114447E-002
  0.256581074135722     
  0.422264331130357     
  0.229212414222718     
   1.03079582309527     
 -0.235881767364310     
 -0.270618193043206     
 -0.421241932953121     
  0.661884819580209     
 -0.939589606869226     
  0.712868670212285     
 -0.457264463384044     
  3.922487752681098E-002
  3.739796241288158E-002
 -0.401071863566578     
  0.258135920429927     
 -0.149232225034605     
 -0.109687448479513     
  0.529617319885782     
  2.444267839676410E-002
   1.21974772554734     
 -0.139041560267228     
  0.205880256290515     
 -0.736861342143645     
 -0.591617934202941     
 -0.124384503721405     
   1.72423184422921     
  0.407173999355599     
 -0.233820083853861     
 -0.754262046734464     
 -0.940531795876382     
  0.115301138729520     
  0.482568285888844     
 -0.555295448553076     
 -0.335081630803322     
  -1.33326909608265     
 -0.119451254280418     
  0.849729375781936     
  0.950177330079365     
  6.553425999270156E-002
 -0.375893967662793     
  -1.05098287793277     
 -0.476852285277517     
  0.586170782823389     
  0.311947450587669     
 -2.696062294139374E-002
 -0.843170664910294     
 -0.587789638954004     
  0.820591226026837     
   1.43485238418399     
  0.509437511321993     
 -0.960102732637670     
 -0.315312141724708     
  0.292488995899677     
 -0.173926682836943     
 -8.601028795242223E-003
  0.489366388850212     
  2.315761164792629E-002
  0.828406479764735     
 -0.415403868963945     
  0.761241592108871     
 -0.435302301059932     
 -0.689345562593622     
 -1.702013460619537E-002
  4.577235110256522E-003
 -0.633652262628713     
  0.459775673849611     
 -0.139635104245482     
  0.286196373242746     
  0.322660079856414     
 -0.310745269890338     
  -1.22290717349428     
  -1.00385480725091     
 -0.218237886238600     
 -0.166287253237990     
 -0.367707031456686     
 -0.471014191323445     
 -0.479941826858931     
  0.676790210593125     
  0.772026513540941     
  -1.13934778474034     
  4.784436346219433E-002
  0.750459256429112     
 -0.461841145628683     
 -2.723647005194747E-002
 -5.655732782141328E-003
  0.684497899455337     
  0.414466148393828     
 -0.293178936675086     
  0.563316265482204     
 -0.316099426196939     
  0.369465687720725     
  0.147614474406862     
  0.455780981668228     
 -5.731521412424004E-002
  0.471979093163342     
 -0.553758092234915     
  0.650101526747660     
   1.53775843968350     
 -0.604564014123521     
  0.145221770615540     
  0.751818006652929     
  0.441217209136132     
  0.170501811557386     
 -0.356044853188491     
  0.364013139373896     
 -3.261071908759952E-002
  0.261833264093512     
 -0.135280871387995     
 -0.124872664279371     
 -0.200279566979788     
 -0.262074405992812     
  8.520839983840474E-002
  0.264248527055956     
 -6.458536242295673E-002
  0.465010520623511     
   2.00511989684102     
  3.576550907415584E-003
 -0.836282932170554     
  0.608081447591804     
 -0.117251890267961     
  0.612066648699371     
  -1.28296608940604     
  0.430650647735003     
 -0.373432969904138     
 -0.354687967323504     
  0.105388200250338     
  0.578395728635449     
  0.688318972996283     
 -1.571943607583218E-002
  0.221000033736012     
 -0.493370260272683     
 -0.600269311503408     
 -0.121452055772577     
 -0.850969277089955     
  0.829675638697204     
   1.03317109285066     
 -0.403163433315058     
  0.333010348116380     
  0.905832487067920     
  0.109122501964325     
  0.435815753671041     
  0.362873955604417     
 -0.453562752419308     
 -7.059151262479153E-003
  0.765300826279498     
 -0.932839059156997     
 -0.423265345681178     
 -0.548939613032392     
  0.644271714665938     
 -0.255084006923659     
 -6.948766367057829E-002
   1.35482664025314     
 -0.718071507608082     
  0.292239786050381     
  0.198138719647262     
  9.734254260082081E-002
  0.130265372808770     
   1.51639620719946     
  0.729940377063813     
  3.608442469509218E-002
  6.826672665212773E-003
 -0.723381886895715     
  0.384741724534146     
  0.852132685414638     
  0.611467116741789     
  4.563090836801057E-002
 -0.522894732340790     
  0.429313464092396     
  9.506170330786240E-004
  0.571781572163062     
 -0.609147690227048     
  0.253081476371023     
  0.428933109482739     
  -1.71327310934327     
  0.738024453919353     
  -1.76265340191854     
  0.115481864318911     
 -3.143231850336030E-002
 -0.188368439921503     
  -1.61191982909696     
  -1.74392288772006     
 -0.248096853474243     
 -0.609499007540235     
 -0.326076433236156     
 -0.705507959703135     
 -0.455630690096393     
  0.350706864805186     
  0.657295303095929     
  -1.17026690477093     
 -0.565252553165628     
  -2.69495322712941     
  0.168995000936526     
  0.373589633566893     
  0.143324557228716     
 -0.515758686316311     
  -1.36726246459023     
  0.243996263874752     
  0.882851646876408     
  0.458731823740180     
  -2.77546426893451     
  0.830426419283730     
  -1.12994339611530     
   1.28682807477247     
  0.433564098414048     
 -2.264942325650525E-002
   1.33129643663956     
 -0.644990300371643     
 -0.508982107074088     
 -0.634755566503484     
 -0.776989310389808     
  0.684152797243367     
 -6.898502158934827E-002
  4.910903316724941E-002
 -0.521632521536930     
 -0.272478057693020     
  9.716351190379743E-002
 -0.585591081425996     
  0.160905669675409     
  0.384683950293820     
  0.989945944874951     
  0.428497446772926     
 -0.174853192301812     
 -0.238375248393342     
 -0.217909385958028     
 -1.991139018049244E-002
  0.227613844929372     
 -0.167113485711657     
 -0.170743123602417     
 -0.475437691711193     
  5.839744638168144E-002
 -0.207337664443069     
 -4.431362789005671E-003
 -0.131925973857681     
   1.73046809937044     
  4.716124468401164E-003
  -1.02568214937293     
  -3.10464514547264     
  0.417803987506762     
 -0.311424765331361     
  -1.16629289830206     
  0.977111034901904     
  0.765037634641050     
 -0.653318905196144     
  -1.54697061121014     
  -2.00020467480314     
  -1.75191441806353     
  -2.68682364548243     
  -1.80071333609369     
  -1.72440047610362     
  -2.65081203248363     
  -2.02389456356650     
  -2.05494840444705     
 -0.194871895688590     
  0.619327576030256     
 -0.197273781293773     
 -0.317161752412737     
  2.040285223749702E-002
   1.06074238751437     
  -1.56480664989398     
 -0.120357514280233     
  0.252515795376693     
 -0.467048148372011     
  0.848694229210274     
  0.325858174347256     
  0.501960525695930     
 -0.434069794346847     
 -0.268088859938144     
 -0.675130888234104     
  0.697166483220258     
  0.999644732999078     
   1.78063789169103     
   1.50419645031166     
 -0.671937102138120     
  0.237573572185269     
 -0.636294346009996     
  0.252683824884442     
  0.498595782549603     
   2.33734917226939     
 -0.192354120238043     
 -0.308420940047850     
 -0.442311775845122     
 -0.903542246072065     
  5.639593581314892E-002
 -0.996272074241330     
  0.745464110988156     
  0.628807513723428     
  0.168421120754992     
   1.07002910034936     
  0.294974607204928     
   1.19411528802271     
 -0.308364419195698     
 -0.344427294006497     
 -0.195824998542978     
  0.555471201278023     
  0.205093322095404     
   1.20448078957244     
 -0.164767067103554     
 -0.441920388460105     
  0.141602418139622     
 -4.513084202028564E-002
  0.713280525983200     
   1.17768948731508     
  -1.06702851148104     
 -0.285682971220250     
  0.684441407807603     
 -0.541643310009719     
 -0.678597684954166     
  0.355087364845690     
 -3.480042956368994E-002
 -0.227147007112988     
  -1.12202350387653     
  -1.46420986074665     
  0.489280325355135     
 -3.987750950653948E-002
  0.201168403585991     
   1.05093370807797     
  0.557813787106683     
  0.636667764081946     
 -0.726884780006746     
   1.42206743411266     
 -0.833636748070950     
 -0.337700108780086     
  0.268796411440533     
  5.362379956374243E-002
 -0.848287759312665     
   1.71953662644638     
  2.303703814872153E-002
  0.816620251832952     
 -0.840725411907037     
 -0.422565337287046     
 -0.206620541747381     
  0.149829199446051     
  0.497344243849829     
  0.175155521532199     
 -0.299974708355268     
 -0.433878864034942     
  0.106259470360642     
 -0.566775688835858     
 -0.309584058195521     
  0.142689940803700     
  -1.58085590574888     
  7.940220899284209E-002
 -0.921972719169115     
  2.966951982996233E-002
 -0.702288011708251     
 -0.453983244074103     
 -0.704867586989970     
 -0.511295714542662     
  4.019056987464642E-002
  0.271513408176407     
  0.589431523426081     
 -0.442185127533781     
 -0.764374443123164     
  0.597013328931378     
 -8.194164573050874E-003
  -1.58279918940352     
 -0.861764553414673     
   1.24660233221274     
  0.100452638398245     
  0.501412667361269     
 -0.182681410488356     
  0.115439051251746     
 -0.589685130039978     
 -0.341845430666546     
  0.235563387380716     
   1.40737837245917     
 -0.191968345903751     
  0.562990241524897     
  0.626760717495578     
 -0.543974879007934     
 -0.285068897359060     
 -0.316007255884149     
  6.293672252603867E-002
 -0.358605314624445     
 -7.791165787727544E-002
 -0.190796063876118     
  0.128129833720836     
  -1.80631007290864     
  -1.12696645913767     
  0.981299648785014     
  0.136702700254656     
  0.309357002511819     
 -0.229756044718408     
 -0.350257479400450     
  0.209842357869484     
   1.06109264972016     
  7.735626709138316E-002
  0.902977350980413     
  0.625574115398737     
  0.475038767692015     
  -1.31701127997281     
 -0.147952642162738     
 -0.250432290241307     
  0.143830240243037     
  0.341819857475431     
  0.462193453613210     
  0.141503824148234     
  0.910638759106371     
 -6.790857147258519E-002
  0.483734443702791     
 -0.361438157897918     
  0.676721549086209     
  0.227891339834357     
 -0.287685454805425     
  0.784006972974294     
  0.303031638266240     
  0.246926140579226     
  0.718766336726811     
 -0.839223674844890     
 -0.754451375436624     
 -0.421876833037870     
 -0.537160465170085     
 
 -0.387152449563235     
 -0.387680414067448     
 -2.006377189395329E-003
 -0.398271510971186     
 -0.294945311063578     
 -0.246592819451400     
 -0.127637793141496     
  0.319908310150613     
 -0.252911306280413     
  0.251742316267666     
  0.819494935987497     
 -0.380423996416622     
  2.801926708478941E-002
  0.597152042803228     
 -0.218467835505372     
  0.926853173380238     
  0.106663885976903     
  0.253932267168427     
  0.293678320028108     
 -0.537595074959161     
 -0.800225215672118     
 -0.110395129365552     
 -7.091338739812809E-003
  9.873922381554120E-002
  0.332505981954893     
  -1.18244410515830     
 -0.176805464536826     
  0.533306218101769     
  0.285832413391294     
 -0.538087102676398     
 
 -5.504778431002892E-002
 -9.207746166320149E-002
 -0.133663706567469     
  1.213186478713616E-002
  0.599979445350545     
  0.364266325355954     
  0.163057677504272     
   1.45462556960229     
  5.901242944095258E-002
  0.113436801746595     
  -1.44575453008552     
  1.205873310531821E-002
  -45.6418331512844     
  0.136259810724152     
 -0.360884050420039     
  0.210773033592696     
   2.66941511185565     
 -0.168818077950346     
 -9.029869927803422E-002
 -0.140386155398029     
  0.162103592986597     
 -0.233243336505374     
  0.381695951742122     
 -6.887470141825884E-003
  0.940562125470328     
  8.117382768986818E-002
 -0.187280692037199     
  0.315131353357675     
 -0.334771490898150     
  0.319051210772934     
 
 -3.939104761904762E-004
 
  tansig  tansig 
