 0.637518850394899084E+00
 0.213224537012250526E+01
 0.215146690087317749E+01
-0.537947340370831917E+00
-0.325072975373010997E+00
 0.778217058317490551E+00
 0.201456707578927174E+01
 0.457310689285698624E+00
 0.217734021353577584E+00
 0.137825690512413024E+01
 0.235781956497498751E+00
 0.228485937547956236E+00
 0.145689575166812080E+00
 0.383573778371452623E+00
 0.723465321402868122E+00
 0.610383680874778456E+00
 0.456530553558793684E+00
 0.130156989018651081E+00
-0.612028399051694344E-01
 0.298699035081023245E+00
 0.299184469653171969E+00
 0.489929180327559832E+00
-0.915690561070671705E-01
 0.208901973396876189E+00
 0.278154734192712028E+00
 0.751602944595906819E+00
 0.552368740613227382E+00
 0.455053641990772695E+00
 0.707248399252658921E+00
 0.659500391751132065E+00
 0.383752983429647629E-01
 0.291300475879610277E+00
 0.523515615021869718E+00
 0.165159737125404082E+01
 0.197974713977066652E+01
 0.419602384065946521E+00
 0.850163732357764323E+00
 0.159349456925191690E+01
 0.294118844822549619E+01
 0.251542219693522995E+01
 0.611740948363651249E+01
 0.572282752717839838E+01
 0.243897129367988486E+01
-0.999403524587847203E+00
-0.555298167232931128E+00
 0.332179438811694183E+01
 0.269681333345238450E+01
 0.122815518681551961E+01
 0.686386011702927568E+00
 0.171038205669833276E+01
 0.104067526440598002E+01
 0.679982671996748889E+00
 0.396625901523354030E+00
 0.104340550563438872E+01
 0.503708874519840366E+00
 0.510976458946225454E+00
 0.341859180961855913E+00
 0.353692388675998504E+00
 0.796276976436509631E+00
 0.233225300167075655E+00
 0.159313308427237565E+00
 0.508774704478034301E+00
 0.386519748934489482E+00
-0.442884417514266340E-01
-0.405382786233508749E-01
 0.690857928356189310E+00
 0.340339783661685324E+00
 0.994205682456439366E-01
 0.112983615599128562E+00
 0.920120120013065868E+00
 0.147969911871443260E+00
 0.317335019066648460E+00
 0.431681919690087068E+00
 0.906369004847251691E+00
-0.490374388460146082E-01
 0.457845996804577382E+00
 0.665719242236379016E+00
 0.844236066016880171E+00
 0.937711371713232045E+00
 0.346852216817018610E+00
 0.680065577151327427E+00
 0.308276059347302223E+01
 0.112692898751401249E+01
 0.115346044426159988E+01
 0.293734750912486309E+01
 0.123038768500088835E+01
 0.370828665613063180E+01
-0.101344310366133936E+00
-0.512231710830409678E-01
-0.108437389309049692E+01
 0.311902155441448681E+01
-0.777335084121701519E-01
-0.252281512719244733E-01
 0.574200071281663948E+00
 0.981553016298301828E+00
-0.145270821985043680E+00
-0.586716528226605694E-01
 0.678886876725743327E+00
-0.182056792974667786E+00
 0.283296749695138905E+00
 0.152198458226006306E+00
 0.275081997992903560E+00
 0.726844815310659920E-01
 0.197926394827556446E+00
 0.139697957665682160E+00
-0.181595345452938116E-01
 0.107110078772783834E+00
 0.611959735455911077E-01
 0.540931996250935271E-01
 0.232887383118336427E+00
-0.163281704250989486E-02
-0.687091109361531813E-02
-0.708364345844366382E-02
 0.227006911826739238E+00
 0.141869078165071105E+00
 0.460881760164086399E-01
 0.587258247551127460E-01
 0.111101968115610961E+00
 0.221105181973905107E+00
-0.452949941769999545E-02
-0.628464533828883200E-02
 0.485591575638543049E+00
-0.460130465760714494E-01
 0.129912841496250708E+00
 0.223310801093456329E+00
 0.310063202209904965E+00
 0.189659215517140850E+00
 0.139078313126292208E+00
 0.310666139124949447E+00
 0.101940218920649639E+01
 0.644276346739435790E+00
 0.934283517493145532E+00
