 0.589916879555580365E+00
 0.369996106822271109E+01
 0.239914505862117711E+00
 0.184792625668681443E+01
 0.111667228639330296E+01
 0.146571830051755092E+01
 0.776599462514837247E+00
 0.285175749487887820E+00
 0.135777413874808489E+00
 0.183760536715741329E+01
 0.133604226464031778E-01
 0.666239514149441159E+00
 0.424814554529872823E+00
 0.548790874483482516E+00
-0.180064041177739720E+00
 0.741832650013164036E-01
 0.554846535007503597E-01
 0.867880445190684080E+00
 0.251450730306365611E+00
 0.566201298043163548E+00
 0.567121467352686426E+00
-0.152292909201556498E+00
 0.705847623816448222E-01
 0.207348867812538251E+00
 0.276086761047412865E+00
 0.623829002112089137E+00
 0.892912142761311256E+00
 0.519648335795084515E+00
 0.807642044259990977E+00
 0.218185530443838954E+00
 0.543608630643256707E+00
 0.495710670773182926E+00
 0.890874880650653900E+00
 0.257886649620768171E+01
 0.250844209382521666E+00
 0.948876087260802303E+00
 0.192253444337887958E+01
 0.529485650690818233E+01
 0.276999079159980899E+00
 0.183965382582329262E+01
 0.447396694455955934E+01
 0.133545454493635223E+02
 0.663617864460920881E+01
-0.143731931324550488E+01
-0.798617135858987859E+00
 0.323421158539818787E+01
 0.364038218341832653E+01
-0.323428848519192069E+00
-0.180756503565623589E+00
 0.897923831676835760E+00
 0.278173212147300619E+01
 0.861296057642169766E+00
 0.502383868603154093E+00
 0.143318248697073414E+01
 0.455009648092281116E+00
 0.306456752346762229E+00
 0.205029121250612817E+00
 0.120245806064599914E+01
 0.114549438718295399E+00
-0.190017324833142681E+00
-0.129798476648866484E+00
 0.810746692882488462E+00
-0.414932999249495227E+00
 0.957218640931498527E-01
 0.876165302616373487E-01
 0.283316289802672594E+00
 0.628331179560680964E+00
 0.172652444399492261E+00
 0.196205853119702262E+00
 0.577762953992738582E+00
-0.403650541362570947E+00
 0.152051838319324423E+00
 0.206841431025004630E+00
 0.102644082425635896E+01
 0.848626582779634986E+00
 0.327817973318550615E+00
 0.476655325834901333E+00
 0.184635447753596660E+01
 0.908659403114323916E+00
 0.422961728977133355E+00
 0.829291837801637843E+00
 0.236773163452688040E+01
 0.227746554662579870E+01
 0.896774202535809861E+00
 0.228368253386640241E+01
 0.273839376033092496E+00
 0.576124993146555120E+01
 0.466489612248887464E+00
 0.235781141835774782E+00
 0.370000421560769066E+01
-0.814781885481343116E+00
 0.152742963898140367E-01
 0.495722202388215131E-02
 0.850501503061200537E+00
 0.110195057150315523E+01
 0.552004699246645192E+00
 0.222942416296169427E+00
 0.536497755178063085E+00
 0.708398531004850451E-01
-0.868939925436308797E-01
-0.466829630360197506E-01
 0.358297358870556582E+00
 0.236072630331580074E+00
 0.738231632233863622E-01
 0.521049511345494654E-01
 0.238142442811518668E+00
 0.108969388570832895E+00
 0.636567047575834766E-01
 0.562683235256036668E-01
 0.146541772820798888E+00
 0.173430457413318362E+00
-0.236203388737243197E-01
-0.243516553582766374E-01
 0.239957950905822365E+00
 0.130024108345780764E+00
 0.201142179864156612E-01
 0.256296547760066495E-01
 0.294958121083373714E+00
-0.205799780176058350E+00
 0.896938076895386141E-02
 0.124449463039266305E-01
 0.251752883638824088E+00
 0.347388365049865366E+00
 0.117484773204778625E+00
 0.201947848407267011E+00
 0.403336632629705427E+00
 0.360579176479624008E+00
 0.120123023506274712E+00
 0.268324766772390921E+00
 0.176449774876476040E+01
-0.425652356611057672E-02
-0.148579038262266344E+00
