     33 -    30 -    30 -     1 
rmse=  27.3102meV
  -1.35473767312750     
 -0.303259054266551     
 -0.177794293105005     
  0.749914523249313     
 -2.771651722492745E-002
 -0.777628862160987     
  0.533863016336910     
 -6.152784497423482E-002
 -0.384443113208316     
 -0.140402978326073     
  0.455209250700896     
  0.428060830504666     
 -0.172152010130802     
  0.104739087313116     
  0.378260525208083     
 -0.414419550331665     
   1.03517784192419     
  0.680443147133256     
 -0.349225488454516     
 -0.454479061531940     
  0.271826192067858     
 -9.589968646575452E-002
 -5.168973355622269E-002
  8.230257561025248E-002
 -0.717286853775528     
  0.185321324831824     
 -1.232687830731686E-002
 -0.499490469190123     
  3.287635780520026E-002
  0.426206577649664     
  0.172151502575874     
 -0.411291531177367     
 -0.585932932516638     
 -0.340936137919611     
 -0.470434962963318     
  0.990933291376744     
  6.621321253779158E-002
 -0.235530285597447     
 -0.945533488260326     
  0.108358299470598     
  0.853664919933754     
  0.486849916733520     
 -0.251467984026771     
 -9.197441410396516E-002
 -0.234512937749698     
 -0.943967026414502     
 -8.037102990499043E-002
  0.543678527762546     
 -2.873012837571910E-002
  0.509883740803327     
 -0.435517341812673     
  0.261765822575416     
 -0.413255454904907     
  0.371965412076420     
 -0.404928067842516     
 -0.260960477516413     
 -0.233754438980748     
  0.221408757812882     
  0.127151943220854     
  9.772108106950905E-002
  0.333238605434117     
  0.292382873239824     
 -0.569446858081139     
  1.945088092770849E-002
  0.180234916347391     
  0.610369540805232     
 -0.613884550709956     
 -0.436509593222803     
 -0.838392192950511     
  0.387149457602908     
 -0.204393528620836     
 -0.775968414711672     
  0.387722301033292     
 -0.548026337338582     
 -0.235401431853018     
  0.710140044022092     
 -0.446767632752223     
  0.287014676108802     
 -0.205050530876763     
 -0.402521455625770     
 -0.438781224253090     
  8.274716345840522E-002
  0.190836397171913     
 -0.563316087529876     
 -0.349711389404637     
  0.313969460209532     
 -0.476181005777984     
 -7.392168999378747E-002
  0.356956507374786     
  0.283198660207288     
  2.510151179820468E-002
  0.145100815365098     
  0.410580556174472     
  0.163818044777077     
 -0.386734878496293     
  0.351754623258953     
 -0.172898018719070     
  0.236693226765567     
  0.547441825280612     
  0.522874456244066     
 -0.746697098024361     
  0.148073107030899     
  0.798342129024750     
  0.274521407421816     
 -0.203282949596438     
 -0.922545884216659     
 -0.442910770277613     
  0.666462375968570     
 -5.318013484231694E-002
 -4.832566253954405E-002
  0.193076269565414     
  0.253938361397300     
 -0.543508255320484     
  -1.13805285547152     
  8.040790839233813E-002
 -0.195246656293705     
  0.822945156164565     
  0.906561260851781     
 -0.611078655219997     
  0.652913002537947     
 -9.784147725174869E-002
 -9.941160654720871E-003
 -2.235136803017866E-002
 -0.101618814441354     
 -0.222518532688562     
  0.301016660113327     
 -0.103466705402820     
 -0.172850469518768     
 -0.334539953693636     
 -0.238495691544189     
  4.478932936415554E-002
 -0.162014125747005     
  2.266397154625095E-002
 -0.164867078059854     
 -0.417649856630284     
  0.132817960876057     
  0.392088737808218     
  0.210273812267031     
 -0.344249064685367     
 -0.236393532728570     
 -0.165089754781443     
 -5.542831094094669E-003
 -8.016757733807455E-003
 -0.285968099646817     
 -0.285556686202946     
 -9.888227011025839E-002
  7.922853295299934E-002
 -0.596814435939174     
 -0.104288579156411     
 -0.410338651321197     
  0.418493702946513     
 -4.835835420856187E-002
  5.317159780765245E-002
 -0.487855916087445     
 -0.675773383325235     
  0.312316199254064     
 -0.678044087304196     
 -2.834587667805006E-002
 -0.567319156135656     
 -0.263279609078597     
 -5.133127129643210E-002
  0.370708644481657     
  0.374898986122532     
 -0.122715080432739     
  6.023234789973656E-002
 -0.307160294947374     
  0.378499178871917     
  -1.14810438163666     
 -0.981800707788038     
 -0.133891208149131     
 -0.372479580065898     
  0.561801206623597     
 -0.245297833351676     
  0.245265875975789     
  0.304969296366227     
  0.243822206547825     
 -5.065500126547468E-002
  0.701131022189630     
  -1.20890428695923     
  0.719219417232548     
  3.652475782104671E-002
 -9.965523868066634E-002
  -1.20463304714335     
  8.457818623354331E-002
 -8.884951799449162E-003
 -0.249108210508957     
 -9.357004081855014E-002
   1.27078730149018     
  0.869119060867586     
  0.928327529459342     
  0.564250914009123     
  0.132271836245821     
 -0.299402591737506     
 -0.249268178237834     
 -0.574975921155092     
 -0.207511457113827     
  0.400945063146547     
 -9.252900566844958E-003
 -0.802862412714033     
  0.165375041750955     
 -0.236341692526502     
   1.23911682561084     
  0.305192660709575     
 -0.636559870588210     
  0.433714941283311     
  0.615190317533100     
 -0.167997668984659     
 -9.674780151650328E-002
  0.130942025048737     
  0.422942392270427     
 -0.193404989777195     
  0.229223769047053     
 -0.470785210950439     
 -0.535490310620398     
  0.418285580122146     
 -0.240829834331258     
 -0.657032871443811     
  0.378301105465929     
  7.229707428218378E-002
 -2.271931388447055E-002
 -0.316093465759237     
  -1.29474853827928     
 -0.733830014208972     
  0.629739420844439     
  0.277737914955268     
 -0.430764458668033     
 -0.170244624373534     
  0.357289829905109     
 -5.958254763468208E-002
 -0.173285916567514     
 -0.201822468495910     
 -0.343657309037853     
  7.325198190749820E-002
  1.631767926269188E-002
  0.790046793868659     
  0.248622884264275     
 -0.390977807301073     
 -0.677272940832678     
  0.129829083648119     
  0.673417697490630     
  0.203438369875140     
  4.584321071193384E-002
   1.98300867619283     
  -1.08147277952821     
   1.12061129793409     
  -1.20245075392742     
  0.750364875836914     
   1.03536182525930     
  0.641582050089518     
 -0.125202416064900     
  0.274146739734049     
  0.178111405828280     
 -5.057839667082875E-002
 -0.432048017052607     
 -0.875309988648438     
 -0.164574118600812     
  0.123200661810464     
  0.294113007460707     
 -0.505768038683710     
 -2.845298989769428E-002
  0.218243599064322     
 -0.694574395498836     
 -0.340990581849824     
 -0.453175441994613     
  0.102346896092581     
  0.263784648257332     
 -0.321976240734208     
 -0.670631346965118     
  0.276112264729463     
  0.521915759595150     
  0.316656149108694     
  0.271795629609196     
 -0.577341187543045     
 -0.101958749898260     
 -0.107629289382637     
 -0.577656356720221     
  0.748103246522639     
 -0.306704792890615     
   1.13948913594880     
 -0.582114220824857     
 -0.831931456553143     
 -0.332748073942950     
 -0.372392729241122     
 -1.899114590129003E-002
  9.404960050980572E-002
  0.277415740019062     
 -0.429968451004787     
  0.206731607015981     
  0.308623064390904     
  0.223177558165532     
 -0.586694026085348     
  0.429886772972539     
  0.567827648960825     
 -0.298546242958042     
  0.507148204002353     
  0.131204512669170     
 -0.192669268604549     
  0.408902301566836     
  0.647121335178743     
  -1.22559937452970     
 -0.876681082261961     
 -0.389415579284980     
  6.009748179586848E-002
  0.607875726993316     
  0.529545021298975     
 -0.116023497930398     
 -0.124702481915568     
 -6.022916184466676E-004
  0.190938338414370     
   1.38891793411928     
  4.125629697515133E-003
  0.912384767081248     
 -9.441873919474179E-002
 -0.599734826831837     
  0.531935294715857     
  0.304362549701338     
 -0.463535084967938     
  0.594341322103524     
 -0.325497493123975     
 -0.257295069688231     
  0.710461633972827     
  0.892560143140279     
 -0.563932345132876     
 -0.206014922346781     
  0.428086929543140     
 -0.290990925098366     
 -0.256371404829683     
  0.206886898542337     
 -0.342957418240786     
  0.137387272011590     
  0.193322758224042     
  0.534307127767575     
 -0.443267491372910     
 -0.505075611130111     
 -5.780373329054476E-002
  0.713833673891518     
 -0.427474833695209     
 -0.566905267688535     
  0.258067608231228     
  0.243978471983290     
 -0.194664959527560     
 -6.890089525004159E-002
 -5.424107381475042E-002
  0.719833574157429     
  8.364269978213902E-002
 -0.175146758348529     
 -5.795567646944452E-002
 -0.341258456513397     
 -0.730933659747502     
  0.352743109716623     
 -0.109792360375552     
 -3.530840682440495E-002
  0.362725258403343     
  0.570993026468599     
 -0.625925100936715     
  7.585166070229862E-002
  0.242581951869326     
  0.522560589916186     
 -3.353834921088929E-002
 -4.766890082959497E-002
 -0.330155142185361     
  0.359882283257800     
  0.328338066767408     
 -0.447888000792521     
  -1.63868567086193     
   1.56822681282290     
 -0.803601062224902     
  1.082493791900469E-003
 -0.604193084393018     
 -0.246392799516041     
 -3.613579780263387E-002
  0.563786754107356     
  6.798688594337191E-002
 -0.143789561466396     
  0.181082931686129     
 -0.146173014623092     
 -0.115017538589519     
 -6.874963048440126E-002
 -5.963828337861492E-002
  0.417256858669280     
 -0.562636326192861     
  0.315991690342731     
  0.215527644940874     
 -1.881587797285610E-002
  7.129120867217009E-002
  0.542072917648735     
  0.486505058004066     
 -0.711894127501827     
 -0.149673248475981     
  0.708721112210912     
  4.637757646821521E-002
 -0.396845615222149     
  0.111503267646901     
 -0.390658307420954     
  6.158066688175398E-002
  0.247350377363411     
  4.652658532337375E-002
  0.757502545510330     
 -7.976069460623542E-002
  4.656791045117152E-002
  0.548509094275305     
  0.774273977771200     
 -2.659139321045544E-002
 -0.257667358848332     
  3.447490349092810E-002
 -0.515675138145602     
  0.360879417510860     
  0.590376501756895     
  0.666350770025212     
 -0.733175163329171     
 -0.245911563132955     
  4.275164133960028E-002
 -0.387677880658588     
  0.858456922291007     
 -0.300770861672902     
  0.468530640233951     
 -0.208742533880461     
 -0.231527246501203     
 -3.559651781089123E-002
 -0.450427472249048     
  0.389878990328162     
  0.159750608395010     
 -0.547176497815747     
 -0.714157916217535     
 -0.223110625623816     
  0.403070315742836     
  0.228810858913830     
 -0.650670025887149     
 -0.168949894873556     
  -1.36439795062150     
  0.250355833027397     
  0.154817097804692     
  0.725853994425102     
 -0.517924962966652     
 -0.447125585995539     
 -0.315372139262426     
 -0.117891892115406     
 -0.213130998191271     
 -0.182368999691731     
  2.918695859310838E-002
 -0.495846407436947     
  0.288870462855223     
  0.965453532682717     
  -1.00023609399957     
 -0.638843206568127     
  0.803647461675167     
  0.669734012675757     
 -3.574741153309966E-002
 -3.885322013372356E-002
  0.154323287834031     
  0.303844622629849     
 -0.104141288346260     
  0.327582985729623     
 -0.547146989948651     
 -0.330145987523363     
  0.580316578101651     
  0.132499613285176     
  0.434179120737364     
  0.104077647493274     
  4.978640911992498E-002
 -0.329850477251595     
 -0.674185399139909     
  0.672594027733725     
 -0.451544192492681     
  6.986950188337264E-002
 -0.340913836672347     
 -0.127466218545419     
  0.595559067590676     
 -3.255009809167848E-002
 -0.279782903244907     
 -0.418351786993150     
  1.796763553071689E-002
 -0.120102247851547     
   1.25165520265697     
  0.366382412452394     
 -0.374023167687588     
  9.254743570188068E-002
  0.334749705419363     
 -0.845402647195149     
  0.820899395111155     
  0.973876176030009     
 -0.465108869393125     
 -0.282603926978327     
  0.458988135544944     
  0.291934205395115     
  0.280737050936958     
 -9.377162211649206E-002
  0.294510242314751     
 -0.334442840277677     
 -0.364501267275037     
  0.319688994199994     
 -0.397080352644632     
  0.413885071440273     
 -0.149351240310833     
 -0.327266041709826     
  6.761589717022277E-002
 -0.145203084411341     
  0.186782605930002     
  0.558513527256199     
 -0.250176615060872     
  0.937407136583558     
  0.506484368753374     
  0.177488641834632     
  2.567599785982914E-002
  7.748752696872063E-002
  0.362709178965206     
  0.131077235570857     
 -0.184849926664079     
 -0.662718054531162     
  0.217224983580364     
  7.750254589504507E-002
  3.176516405920708E-002
  -1.32625620561243     
  0.345750405319779     
  2.970924459509763E-002
 -0.736828055826980     
  0.442854225117232     
  0.421052837597012     
 -0.694266815264585     
  0.709784252481606     
  0.259744268535621     
 -0.557649397366916     
  0.316922445681758     
 -0.428481632984745     
  0.264344509987363     
 -0.184239484568878     
  0.255385227409753     
 -0.448771724064279     
  0.326655174682034     
  0.540483746937003     
 -0.335004625377252     
  0.217699584727152     
 -0.122679788252942     
 -0.463270351104928     
 -0.230362164251930     
  9.960636891305064E-002
 -0.492913446795487     
 -0.260303385966339     
 -0.166233167592248     
 -0.475102552137041     
  0.699757166966398     
 -0.489585889070041     
  0.335293075317357     
 -0.183044563461255     
  0.392740942202268     
  0.534440917771546     
 -0.174371274104023     
 -0.252880345227239     
  4.925735345763251E-002
  0.226131254608327     
  0.276747250168163     
 -0.468020313716764     
 -0.409901429615270     
  0.564389502013587     
  0.110164741851602     
  0.146465182733398     
  0.586361295603906     
 -3.466370472507280E-002
  0.594699776751000     
 -7.338043327392547E-002
 -4.026424926226543E-002
 -0.816629648727957     
 -0.180059076145126     
  0.902681014124070     
 -0.720412212340389     
 -0.540458186306270     
 -0.283478467846534     
  0.656364911603996     
 -0.723364642468265     
 -2.607592256902429E-002
 -0.396359563237814     
 -4.437168610429496E-002
 -0.777087005790039     
 -0.142544027214547     
  0.378766993587466     
 -9.102774663890718E-003
  1.454104450118356E-002
  9.206521753989401E-002
 -0.586049164939169     
 -8.366107792800240E-003
 -0.223611576271068     
  0.447144386941966     
  3.964027696219012E-002
 -0.478027052603444     
 -0.539254279686404     
  0.395723241847692     
  0.635013170054422     
  3.738107507163210E-002
  0.411182334026960     
  6.628703657071126E-002
  0.233026102451868     
  0.283995457495435     
  0.336315712321542     
  0.155103974704512     
  0.365862639915024     
  0.317795424750093     
  0.298291008798288     
  0.267346345569054     
  0.137410543840581     
 -0.348476694716934     
 -0.474351846617418     
  6.179006198374697E-002
  0.347218631447734     
 -0.683465937178826     
  0.142150698560616     
 -0.799043837363721     
 -0.440266967652848     
 -0.377784574276541     
  0.187795052106667     
 -0.271686681660891     
 -0.606315682149136     
 -6.009928285757991E-002
  0.784378998312993     
 -0.388820176745673     
 -0.152834480879051     
 -7.626679324769355E-002
  0.527324552158691     
  5.585803053951399E-002
 -0.530557029991933     
  6.423160634582183E-003
  9.324547801624265E-002
  0.352849102533133     
 -2.947337242151412E-002
 -3.693561724061837E-002
  0.588890886195579     
 -0.101543324004506     
  0.244253899119125     
 -2.308234737666174E-002
 -1.087670157218306E-002
 -0.942933186570708     
  7.387067229423339E-002
  4.065235480090454E-002
 -0.629550310872753     
 -7.146164317313838E-002
  0.303445585323045     
 -5.979814515210294E-002
 -0.339612826347660     
  0.266780192238964     
  7.098590106420966E-002
  0.289305315081750     
  4.732026571727000E-002
  0.182590140352524     
  0.397033477930184     
  0.490664368746886     
 -2.613639936606012E-002
  0.507629082085740     
 -0.449839121441309     
 -0.119827283523750     
  0.160153564527318     
 -0.351288440308564     
 -0.955452670410642     
 -0.271418306346556     
 -0.410841797806404     
  0.407583145073764     
  2.122184382198563E-002
 -5.427751290809527E-002
  0.647529077024800     
  0.223871488254449     
  0.323503442086908     
 -0.368766485026037     
  0.501944222944730     
  0.913686847624199     
  0.103401097417268     
 -0.185580004450182     
  0.403226425408588     
 -0.363723396702629     
 -7.907392035946777E-002
 -0.109214341423133     
  6.568525423282461E-002
  0.147599719429818     
 -0.340848610285282     
  0.488963337323676     
 -0.408818905608306     
  0.329719000051761     
 -0.786307161321312     
 -0.482264047242616     
  0.901888447028078     
 -0.334332527941336     
 -0.671159668038256     
  0.865726361625423     
 -0.824132602098446     
  7.816426145367471E-002
 -0.605634385145186     
 -6.699109884627724E-002
  0.316506779036357     
 -0.399272951328529     
  0.367392781122523     
 -7.327502484201887E-003
  0.294062620422846     
 -0.146155192007379     
 -0.347364184642249     
  0.764660803033788     
  0.207811531728429     
  0.419906010533762     
  0.371179730630200     
 -0.167241367073819     
  0.350556568846005     
 -0.247595657742018     
  0.330081323450947     
  0.595130098541577     
  0.331829440346620     
  9.196091716423996E-002
 -0.104438361661428     
  0.343249862651815     
  0.172374782398782     
 -0.150614721064839     
 -0.167830519506330     
 -0.193844681572246     
   1.32466487421740     
  0.989849577487168     
 -0.842451354363877     
 -0.538605031919853     
  0.796248146643087     
 -0.707435250965328     
  0.263388911740336     
 -0.433634005786155     
 -0.668481903025744     
  0.470353711703444     
  0.425621639863799     
 -0.437411161916240     
 -0.883531885796173     
 -0.289727879624924     
 -1.667222481123285E-002
 -0.198108447148920     
  1.629955558869903E-002
 -0.145756234264308     
 -0.909317693917918     
 -0.433165933287516     
  0.473998366788105     
 -0.362242246525769     
 -6.164161552553441E-002
 -5.285585839240056E-002
  0.633678568694581     
 -0.321767761084872     
 -0.289990845478145     
 -0.267744909763887     
  0.202130119203562     
 -0.165523574479451     
 -0.584446878659608     
 -5.205326432932786E-002
  0.313146481962482     
 -0.362457316790141     
 -0.633224178524288     
 -0.877804401413665     
  0.442767161851299     
 -0.351768137309808     
 -4.155908730655092E-005
  0.424528511057225     
 -0.260131953564507     
  4.750779498618068E-002
  0.253645152528933     
  0.173303802771273     
 -0.220610568724267     
  2.450026204731943E-002
  6.737331364810606E-003
  8.704124051745460E-002
  0.440156875261256     
  2.057607362092827E-002
 -0.346338627877526     
 -0.606969285784638     
  9.123308770882130E-002
  0.791495512634380     
 -0.771366368020846     
  -1.06649043560447     
  0.855704475723018     
 -0.220172992527491     
 -0.309648221215164     
  0.117521730222311     
 -0.147482289766720     
 -0.503721256276974     
  9.886240854523379E-002
  0.454393189214079     
  0.995621779429382     
 -0.655899312302276     
   1.10148337570064     
  0.398858293120523     
  0.842867928513827     
 -0.110647121084962     
 -0.357675917104362     
  0.601563017218261     
  5.159982664558121E-002
 -3.255828441297032E-002
  0.169748353812662     
 -0.507093863307209     
  0.449889963500636     
  0.193277607701499     
 -0.842164568083826     
  0.500812171394726     
 -0.302968855992103     
  0.216151967299764     
 -0.130246878801296     
  0.249374242914376     
 -0.267812046095797     
 -0.302204099992351     
 -0.386621353944868     
  0.856018343823554     
  0.240834796771980     
  0.146406996918179     
  0.408308050484887     
  0.513673556110472     
  0.364796164027266     
 -7.403397065622369E-002
 -0.362440737792909     
  0.270407253709644     
  0.225154269802345     
  0.341559237287335     
 -7.279109763323797E-002
 -0.635683211207664     
 -0.513208807314331     
 -6.245222495409286E-002
 -0.947657655882977     
  0.359531448872905     
 -0.227586505287690     
  5.975164898680300E-002
 -0.242760098084462     
 -0.213816495515555     
 -0.319905101137618     
  9.513939826162400E-002
 -5.577020785808665E-002
 -0.194254621180681     
 -0.407401231285577     
 -3.378760437199069E-002
  0.189678549315189     
 -0.238525599040212     
  0.751494093875376     
 -0.223291099643083     
 -0.124839735546792     
  0.382089561847232     
  0.397853499887026     
  0.105621579042894     
  1.654118649471785E-003
 -0.101114991609273     
  3.250199550098949E-002
 -6.358674122143802E-002
  3.246884468669554E-002
  0.123051292795406     
  0.338039270368656     
  0.608447868161781     
  0.380105227131502     
 -0.311670361008364     
 -0.447276540008324     
  0.256122916223864     
 -0.124307981945428     
  9.320463758090425E-004
 -7.333618277591962E-003
 -0.102667289500920     
  0.232107529087017     
  0.774853640360981     
  0.591464164879609     
  0.367706377806552     
  9.093771993494777E-003
 -0.472237592258368     
 -0.245583054926809     
  0.109656079854412     
 -2.994017279142260E-002
  9.057728991537897E-002
  0.141796949503953     
  0.174764472930392     
  0.239385091842891     
 -0.705584348792055     
  -1.11711187841995     
 -0.409311949417495     
 -0.335233056320618     
 -0.128209503604798     
  0.589251941936868     
  6.345602393450225E-002
 -1.530167807709247E-002
 -0.200816958612345     
 -7.776764208861217E-002
  0.899229535120179     
  0.659668332552371     
 -0.239008338703452     
   1.37955024376332     
 -0.144713123772321     
  -1.08445099243684     
 -0.153786131187904     
  0.760729936257092     
  2.336600245196552E-002
  0.178561234363391     
 -2.065693014876043E-002
 -0.245591996853882     
   1.29284850909798     
  0.350376550761363     
  -1.75895551075374     
  0.109336116514479     
  0.708175647816246     
 -1.163853571705811E-003
  0.147304439378246     
 -9.478647087268707E-002
 -6.184452902525587E-002
  0.318672843905244     
 -0.718691724994766     
  0.840287827568345     
 -0.161100887247518     
 -0.191283480092902     
 -9.920086303772984E-003
 -0.129199459710305     
 -0.590951254999999     
 -0.832851150517296     
  6.012875094732247E-002
  4.977231746385984E-002
 -0.168270847692400     
  0.259143164787681     
 -2.576130214247339E-002
 -0.138270238522604     
  3.000894241887181E-002
  0.787611657209705     
 -4.601671705140534E-002
  -1.14048683098162     
  0.114750272667385     
 -0.195110482355842     
  0.414870856586024     
 -0.398417221171953     
  1.007180622145092E-002
  0.252501816811141     
 -0.277340856167783     
 -0.382368586028309     
  0.125949170604624     
  0.348251392706074     
  0.433998704020096     
 -0.260259971718313     
  0.121461629658078     
  0.200370095924694     
  3.929916818122926E-002
 -0.384346206638844     
 -0.188905993399387     
  0.280259692134089     
  -1.13815712177937     
 -0.463495051926144     
 -7.438028025504935E-002
  9.774815604080178E-002
 -0.640620316293867     
  8.471851025407665E-002
 -0.162949427316996     
  0.180768480230629     
 -0.727651341438262     
 -0.128785154469463     
   1.09754420891440     
  0.472737534726949     
  0.327685127050918     
  0.537954828717794     
 -0.373388440461983     
 -0.365395473926502     
 -5.597816825277933E-003
 -3.415806346241697E-002
 -0.321132703585333     
  0.169815604774104     
  0.421977869067272     
  0.671477095608760     
  0.581301071463940     
 -0.231154483002843     
  0.156112581913238     
  0.453991168124798     
 -0.135445966321537     
  2.064614659701361E-002
  0.499647055478421     
  0.478722039779308     
  0.529447055984128     
  0.462367243470949     
  4.452215011436771E-002
 -0.443992477906970     
 -0.322659160300832     
  0.652900704148953     
  3.257017300710080E-002
 -0.148274289655379     
 -7.793387132566035E-002
 -0.257200535167901     
  0.123429012926005     
 -0.186085566091663     
 -0.495014890947562     
  0.556960479554225     
  0.315201400269532     
 -4.801462342380746E-004
  0.387979306841423     
 -0.415619681114651     
 -0.628402068327154     
 -0.130407259947626     
  8.314243962382800E-002
  9.492022080730239E-002
  0.359633144369572     
 -0.749666267402330     
 -0.421107621722036     
  0.268779925280602     
  4.755831153132829E-002
 -0.514290947995897     
  0.265597124260820     
  0.161092467287746     
  0.169768991143491     
 -0.222909408685595     
  0.157645891607096     
 
 -0.457163832659738     
 -0.452420871234847     
  0.542383369412482     
  4.743554161219991E-002
 -0.411259818814070     
 -0.237101886638285     
 -8.588909991489382E-003
 -0.131090001239069     
  0.804600054205926     
 -0.810722204340210     
  0.405134675660450     
  0.787276344786739     
  0.609202183385113     
 -0.999532497839702     
  -1.05029243501161     
  -2.17587119707187     
 -0.125166893142572     
 -0.632530797478981     
  0.518360918464454     
  0.217280131880216     
   1.58833954433506     
  -1.14811785399726     
 -0.551720709199545     
  -1.82014033821558     
  8.257178540983222E-002
  0.207310902686427     
  -1.58699071886652     
 -0.634830035052320     
  0.484527776583691     
 -0.430521740542680     
 
 -0.653295448761698     
   1.03068882442819     
  8.737297583819725E-002
  0.534660721554029     
  2.528503883047179E-002
  0.236493707230644     
  -1.21544210519799     
 -0.109971649554630     
 -1.344268032657794E-002
 -0.646905325843652     
  0.239336583908527     
  4.234617993278282E-002
  0.228323723394443     
 -0.248383799804586     
 -0.712232670811145     
  0.446529894123901     
  0.862240688551744     
   1.03263938745634     
  -1.82278487059376     
  0.294860399217020     
  8.511220155885329E-003
 -0.682835713762956     
  0.360105506279308     
 -0.334647434660060     
 -0.475121514943797     
  0.303481053808333     
   1.36961007950067     
 -0.121497985338800     
  0.129761632411607     
  0.467235590359785     
  0.340197221655192     
 -0.703048275581940     
 -0.711133162090629     
  0.280042092639938     
  0.125992038976373     
  0.482296622674677     
  0.757744594353868     
  0.140621074809152     
 -0.916117077128499     
  0.604242406741400     
  -1.12007284867593     
 -0.612059265361759     
 -0.777614276912986     
  9.009594415528462E-002
 -0.750995991514880     
 -0.817846151869882     
  0.711263298269433     
  9.406227654447362E-002
 -0.565557148569798     
  0.557751750317995     
  0.761916705289921     
  0.780908350799251     
 -0.150513627756228     
  8.305947138629280E-002
  3.189856290745006E-003
  3.122759908852033E-002
  0.269251617558096     
 -9.003943080017339E-002
  0.697054043071468     
 -0.749978445974022     
 -0.437894391599090     
 -0.117477912889150     
  0.659850555994500     
 -0.320742090041299     
 -0.232072567400960     
 -0.218802121173921     
  0.695218410708603     
 -0.393737305503103     
 -0.322118182940149     
 -0.172010481327330     
 -0.865145409659303     
  0.396201705341979     
  0.924397840211859     
  0.800715011018958     
  0.430649220515896     
  0.395339145834842     
 -0.479854252356460     
 -0.352614098253125     
  0.133168592471260     
 -0.775951024353908     
 -0.364698024399382     
 -7.305249075593087E-002
  0.392397342626182     
  -1.00036510277843     
  0.334529122803791     
 -0.370097401971281     
  0.118174416597361     
  0.278328806848960     
  0.669181195137695     
  0.360676835570339     
 -0.678476817495814     
  0.369781630529539     
  3.324386968404827E-002
  0.114502128259386     
 -0.799173849685638     
 -0.220237742944657     
 -9.926210079505565E-002
 -0.270217088967512     
 -0.334522868825363     
  0.656043999096358     
 -0.809103888296622     
 -0.430964421474646     
  0.512050827181869     
 -0.536198006700332     
  2.358917173228935E-002
  0.294927899252947     
 -0.398526691090795     
   1.08089809801344     
  0.571481466015870     
 -0.187634244788163     
  0.770990502280619     
 -0.244279399371341     
 -0.673601218927058     
  0.408236511725438     
 -0.283942882668845     
  0.254583571140309     
  0.729696673058414     
  0.500833730134086     
  -1.17345520839415     
  9.379285867011047E-002
  0.362802666898471     
 -0.170636100587728     
  0.119788110729105     
  0.565610951696487     
 -0.957880971659396     
 -0.784431499266711     
  0.247958971031292     
 -0.581724150049732     
  -1.58943831117562     
  0.336705273385963     
  0.806577588442546     
  0.607214963003681     
  0.117745882851811     
 -0.176136355557540     
 -5.828286920124759E-002
 -0.590917922976042     
  0.709265847475628     
 -0.565275043297266     
 -0.266143402900584     
  0.126062254647737     
  -1.48466462858858     
 -0.499394988066857     
 -0.422926928814334     
  0.434264467350497     
  0.217845751758191     
  0.269574699326917     
 -0.739186724167723     
  0.658854691661788     
 -0.946774012967804     
 -0.980168029270229     
 -0.831114465467173     
 -0.927733882304222     
  -1.43364012496597     
 -0.222369457259178     
  9.245683601917390E-002
  0.237013921390648     
 -0.880828951230512     
  0.461281488363873     
  0.567410994268281     
  -1.54616005060860     
 -0.833861689294973     
  0.359268396632000     
 -0.406327065525058     
 -0.196530864059429     
  -1.18384712820381     
 -0.381204044594298     
  9.237347324359146E-002
  0.304477233256286     
 -0.933636197231813     
  0.614571697188716     
 -0.194375586137579     
 -0.164713575688344     
  0.832589033310149     
  -1.13012215519137     
  0.816232288254792     
 -6.411948917414001E-002
   1.14141486257684     
 -0.346619317923824     
  1.717130288865718E-002
 -0.229854283476836     
  0.674411040050748     
  0.105182003716863     
  0.435676627352676     
 -0.140913788153614     
 -0.168268090320693     
 -8.544753922643408E-002
  -1.25830330940894     
  0.610403648717236     
  0.907075862734110     
  0.541040792127731     
   1.03029575401534     
  0.906240185651274     
 -0.224874426222391     
 -1.524879252919499E-002
  0.853526376562540     
  0.237579575312178     
 -0.312079599069074     
  0.683622311101535     
  2.337938571787362E-002
 -0.483736018213182     
 -9.431442582480186E-002
  0.355147829596659     
  5.953312447516147E-002
  0.428659402970470     
 -0.530929244026722     
  0.207233215772782     
 -0.661801401245655     
   1.05143695545085     
  1.592971098711157E-002
  0.958218105187697     
 -0.958550657457586     
  0.755693627562663     
  0.116849039363558     
  0.137823385092174     
 -0.107122262327669     
  0.410325472893671     
  0.327646243550980     
  0.441882918613342     
  0.172406873115447     
  0.371392030682023     
  0.965725656959250     
 -0.390123724797932     
 -0.318384348636373     
 -0.468450390405383     
  0.265308111579615     
  0.745368125026776     
   1.00109401174204     
 -0.591103028037325     
 -0.151842894290454     
  0.561335011792504     
  0.946132165125372     
 -0.270384326955290     
  0.701783992839877     
  0.170301703316776     
  0.586425150115172     
  0.671176268351822     
  0.345139364230455     
 -0.113842173694736     
  4.051071935811894E-002
 -0.863172797008546     
  0.668966776242875     
  0.397325906381006     
  0.613074853065683     
  0.300792559920709     
  0.120683190620481     
  -1.16803739694740     
   1.64696431659630     
 -8.469671195852604E-002
 -0.957208316831290     
  6.355424893474333E-002
  0.395575781832472     
  0.540694894903237     
  0.530633599150388     
 -0.166758719985609     
 -0.449956738033565     
 -0.988327808250739     
 -0.870604553846710     
  -1.44099634412875     
  0.368940594784633     
 -0.416559549281299     
  -1.27546339398462     
   1.34923729437553     
  0.113090774347130     
   1.78183196430495     
 -0.665495101241791     
 -0.363819297309785     
  0.991426333087237     
  -1.82480769965534     
  0.806262004152337     
 -0.125353999995985     
  0.376954211033824     
  6.627780578174050E-003
 -0.592532679610385     
 -2.263671661395348E-003
 -0.361524596986022     
 -5.828980766999653E-002
  -1.18619374314063     
  0.438716019817372     
  0.750374397847475     
 -5.667023549284841E-002
   1.00938625423734     
  0.679338870618291     
  0.449115022016704     
  0.391648263032848     
  8.208317407422955E-002
  5.891048945365742E-002
  0.234125977465200     
 -2.175862099827720E-003
  2.671051594897170E-002
 -7.519395758952567E-002
 -0.292267622709991     
 -0.183969997001277     
  0.149414659543287     
  0.643063440408390     
 -3.547900618962463E-002
 -1.640274546746306E-002
  0.663245012852076     
  0.712305953407278     
  0.540934045758221     
  0.244930543025985     
  0.348936046562337     
   1.41492928653262     
 -0.903931019289850     
  0.967572918593808     
  9.624288464993459E-002
  0.288947744611785     
  -1.25045213441653     
  0.516637044167576     
 -0.825743592179202     
 -0.984668135001800     
  6.920088024965200E-002
 -0.169275648431874     
  0.667706194701912     
  0.216197621269077     
 -0.455259114125524     
 -0.716412998234971     
 -0.530423631098475     
 -0.684694486512964     
  0.473131272275496     
  0.183669627595707     
  0.397128826873127     
  0.183274116827644     
 -0.118182474698352     
  0.514326570353594     
 -0.248615338653946     
  4.735553140116410E-002
  0.543323456603057     
  8.764000445050871E-002
 -0.130745517374184     
 -0.346729302767388     
 -0.207473152816413     
 -0.883576839408807     
 -0.817547859394583     
  0.364197607500880     
 -0.353595085450133     
  0.133359800771691     
 -0.915303830388264     
 -4.179378941757587E-002
  0.866831156982019     
  -1.11592084811373     
  0.468271288780214     
 -0.839479785859245     
 -0.766310685137248     
 -0.409061626510289     
 -0.175266876438434     
   1.76233175805529     
  0.853358564689540     
   1.11928893495616     
  -1.47606316310714     
 -0.120304452981455     
  0.734965579393557     
 -0.862532613271880     
  4.829229077423773E-003
  1.044020592053657E-002
  0.366218826116884     
  0.277273101412656     
  0.226600577315399     
  0.545636700837756     
 -0.104070852689244     
 -0.125539166152061     
  0.556540056855682     
 -0.217252333724595     
 -1.975385205076930E-002
  0.704362384085855     
  0.289227751563941     
 -5.535373993292925E-002
  0.230435285581950     
  0.232165626832727     
 -5.170739019525332E-002
 -0.176627972070787     
 -4.868306245481241E-002
 -7.759269134387844E-002
 -3.268939308362449E-002
   1.27798603597188     
 -1.082228211357877E-003
 -0.291958629774700     
  0.550047146814223     
 -0.176749801106367     
   1.52106072508399     
 -0.364849682316311     
  4.723711826725598E-002
 -0.492206077225609     
 -0.626151639621292     
  0.928058127265626     
  0.557842224763873     
 -0.412848165620286     
  9.223702912634132E-002
 -7.313603152408146E-002
  0.242287439615022     
  0.501215259503660     
 -0.138099642859447     
 -0.267079875452864     
 -0.394301235876054     
  0.205327530792768     
  0.999297595426204     
 -0.618881690755897     
 -0.866850137949516     
  0.245603540887351     
  0.484658928101786     
 -0.130807534158033     
  6.719593376133060E-002
 -0.566302304754431     
 -0.367309724270362     
 -0.876932051163294     
 -0.333000887569081     
 -5.350254378364418E-002
  0.325569562667321     
 -0.685394988901392     
   1.32905753995489     
 -0.326748052572164     
   1.14784224700407     
  0.231011622851603     
  0.332776014744192     
  0.169655484057003     
  0.282532146318959     
  5.464908789791102E-002
  9.983411912202994E-002
  0.601052141249471     
 -0.743891744219066     
 -0.165247629872564     
 -0.460856782405655     
  -1.03806529840708     
 -0.884384859861547     
  6.921378015545294E-002
  0.344762085920028     
 -0.111603666696057     
 -0.209957251383436     
 -0.343056143172203     
  -1.37612991229619     
 -0.285514494148724     
 -0.656050092439858     
  0.508811108883033     
  -1.05684570025456     
 -0.353026607102135     
 -0.688375098241774     
  -1.08095151890808     
  0.291715032843446     
  0.498917724722144     
   1.10913481772608     
  0.268931203170487     
  0.547229238142308     
   1.02234236203527     
 -0.281440519100872     
 -0.469356340241804     
  0.905376633129847     
 -0.221303418286067     
  0.843498517786656     
  0.233027907170822     
   1.34936314243921     
  0.154215886758322     
  7.269947555735409E-002
  0.211529478485042     
 -0.110620589680542     
  0.454747889668667     
 -0.165614838176191     
  0.414847383096571     
  0.174962938694804     
  0.496648352280033     
  0.635644877203634     
  0.640891523921895     
 -0.328785210529032     
  0.339562919290616     
   1.43265574636101     
 -0.180110148261548     
 -0.119169242157249     
  0.675524780511924     
 -0.378109928931888     
 -0.652368141101972     
 -0.311735864827337     
  0.472311979978697     
 -5.075405029513426E-002
 -0.244972946810880     
 -2.553588434445977E-002
  0.713217385486265     
 -0.613857806496212     
  0.216123846494042     
  0.962533352396311     
  0.186251882023830     
   1.18541072869069     
  0.354863697867506     
 -0.931839082198116     
  0.112417984695113     
  0.127711069443822     
 -0.752937542291295     
 -0.248887075429549     
  0.459142399131968     
 -0.742659122339579     
  0.939849416248744     
   1.74607107355699     
  0.145281146462281     
  0.272392860015907     
  0.814469846660392     
 -0.160873129782846     
  0.934330111528702     
   1.77629923634552     
   1.61743722437234     
 -0.623519875251438     
  0.399724151563789     
 -3.537724043230434E-002
  0.547354106678764     
 -9.500996952197546E-002
 -0.302716588635783     
 -1.468274584004908E-002
 -0.957191969065175     
  0.356413677871356     
 -0.382738782650362     
 -0.178250359113853     
  -1.12111118373873     
  0.237569901562984     
 -0.126584386779822     
  0.320429477682343     
 -0.124815974697519     
 -0.800871921252621     
 -0.472957152828046     
  0.536244147650387     
  0.457960298336804     
 -0.486181394116647     
  7.241993034929309E-002
   1.05722941221346     
  0.521400912416198     
 -0.124229931853368     
 -0.170929461457774     
  0.564205089567759     
  0.190464984617251     
  0.461070502297779     
 -0.401169685272719     
  3.230760184876127E-002
  0.578533377660876     
 -0.358263221593501     
  0.207235728671929     
  -1.46554263510418     
  6.513799028833253E-002
 -0.490969330896447     
 -0.820937631871256     
 -0.153877589197780     
  0.346776446944186     
 -0.756999490796261     
 -0.459386759003488     
  0.153231707372706     
 -0.453252678276605     
 -0.984675882624292     
  2.656201882367019E-002
 -0.184198326913829     
 -0.777014792851093     
  0.270600063756345     
  0.181726844091841     
 -0.360308105137570     
 -5.174686184709793E-002
  0.469174243535471     
 -0.312108205366203     
  0.474934652389761     
 -0.165939334005087     
 -0.187065049708114     
  0.824651144346947     
   1.52968013973927     
  0.246098993533101     
 -5.023720375993907E-003
  0.458164359076742     
 -0.795898548695358     
  2.870398076567467E-002
 -0.381087492586841     
  8.838364223295859E-003
  0.280227765213471     
 -0.582034454479168     
  0.285696705182513     
  0.317072213625705     
  -1.00154861860716     
  0.268306319731727     
 -0.271324306496017     
 -0.692655374876085     
  0.179543010249164     
 -0.310399508527956     
 -0.334265931714615     
  7.698594212285621E-002
  2.309649370378140E-002
  -1.03669639451882     
  5.488012773479553E-002
 -0.311041427526832     
  5.297116431973718E-002
 -0.756042555706440     
  4.493551713360226E-002
  0.427304015321544     
 -0.108271262481364     
  0.168745317170932     
 -0.827205620221550     
 -0.549126633243804     
  9.010546795668588E-002
  0.356393969918220     
  0.505999754365700     
  0.186662632614922     
  0.316946897038051     
  0.428515029273296     
  0.131669435462750     
  0.577585345207794     
 -0.470561241882631     
 -0.484648689143372     
 -4.942058955313226E-002
 -9.086399267123764E-002
 -0.802585038481146     
  0.227718410838431     
   1.40218018689152     
 -0.315383508269518     
  0.986186362404862     
  0.928995478585487     
 -0.266167617618268     
  0.463687645935970     
  0.160687534123574     
  0.573043819869418     
 -9.743700468700336E-003
  0.424388940026282     
  0.368440475672760     
  0.254759702076199     
  0.758048440666171     
  0.511862922193396     
   1.47756509734089     
  0.951493901251099     
  0.511735890861357     
 -0.110922206869510     
  0.155160192087685     
 -0.339241072978986     
  0.531185601680982     
 -0.718753231259792     
 -0.433605958405526     
  8.980072042246900E-002
 -7.978329479775909E-002
  0.279241740765249     
  0.331267840519874     
   1.04462209487686     
  0.668250387351679     
 -0.787954867929228     
 -0.672310218771337     
 -0.330233448776402     
 -0.252018244298876     
  -1.23396653734384     
  0.136162132050163     
 -0.188515751171034     
  6.423039761640242E-002
 -0.219451235635546     
 -1.882925416399230E-003
  0.160454247146074     
 -6.833654881537191E-002
  0.174550856549028     
  0.209035567717541     
  0.790102236607512     
   1.24935792336979     
 -0.161910288347470     
 -0.563328009900217     
 -0.346747685797423     
 -0.269250436091010     
 -4.717492790414016E-003
 -0.245089731307050     
  0.430533731178512     
  0.846784808493532     
 -0.679365555697165     
 -0.531576516938744     
 -0.453322191131316     
  -1.01019078154919     
 -0.963214849706546     
  0.183404267571899     
 -0.771333809083880     
  0.894518022364810     
 -6.808345521985446E-002
  0.506824784533463     
   1.10196379172198     
 -0.476017643104338     
 -0.387073165571610     
 -3.210318951921409E-002
  0.633665643658665     
  0.488372039187489     
  0.121573921236000     
 -0.984289687957938     
 -0.194869879160206     
  0.647349355353693     
  0.446674397138866     
 -0.999333321472244     
 -0.915092763289898     
  0.282591235292183     
  0.136187906406317     
 -0.332526803033000     
 -0.422742550056920     
 -0.178936803620449     
  0.143164446857185     
   1.00042593143863     
  0.319834280472398     
 -0.166835146277983     
  0.615257634331832     
  0.739378399322225     
   1.59611778412377     
   1.22453882005131     
 -6.807129674992668E-002
  0.142065334687030     
 -0.193296354060389     
 -6.690319320770778E-002
 -0.940645819669305     
 -0.223527808190491     
  7.300262599713495E-002
 -0.771715683026893     
  0.390484555889471     
  8.116552780881385E-002
  0.754175934814319     
 -0.651269036312948     
  0.268093835974570     
 -0.242831785705849     
  0.399047854580965     
  0.909331344024207     
 -0.114787353994667     
  0.544963088497672     
  0.395196525806686     
  0.115201353061751     
 -0.920797198866521     
 -0.857227694430068     
 -0.370634016455418     
  0.170802653272281     
  -1.40774062703883     
 -0.388096497885545     
 -0.407551605595357     
 -0.574750541728534     
 -0.518059122507121     
  0.183912301153029     
 -0.308615430308272     
 -0.231379478123038     
  0.294240082918191     
  0.714819878920623     
 -0.270822750502282     
  0.435300346058894     
  0.326058862609524     
 -0.380760895838745     
  0.129377760607483     
 -6.893296919172948E-002
 -0.418782471381860     
 -0.933982108659765     
  0.903723184848012     
  0.839640512067030     
 -0.547827471732303     
 -7.602185014944290E-002
  -1.15271788477408     
 -0.683233028116822     
  -1.25566529115669     
 -5.776794700985584E-003
  0.412021834659272     
  -1.16409779458539     
 -0.263758076547499     
  0.688817602014294     
   1.20713868903066     
 -0.356395554555426     
 -0.145611439049369     
 -0.221253141519601     
  -1.25347719915737     
  0.703550952423596     
  0.732249388304928     
 -5.351325496035800E-002
 -0.160464292015712     
  1.976937493680184E-002
 -0.169735925179200     
  0.617158157856057     
  0.479608075195139     
 -0.239825346248808     
   1.52610401304047     
  0.598153899552977     
 -0.591230780653100     
 -0.138620918547613     
  0.153752927233412     
  -1.03789662551705     
   1.32896930267552     
 -0.893849683134325     
 -0.707051534926951     
  0.405205065227581     
  0.279698436887845     
 -0.240359741264673     
 -0.114561053235708     
  0.737318274611176     
  4.169243435246543E-002
  0.755340523839385     
 -0.628214600993196     
  0.414845459561794     
 -0.573654344678274     
 -8.741726996672605E-002
  -2.04514876676116     
  0.191609159505029     
  9.696673832912407E-002
   1.86411136287828     
  0.700754878024422     
  -1.32186299200276     
   2.10597151618926     
  0.443585149718815     
  0.464135373656164     
  0.705693735120016     
   1.84207689884138     
  -1.25779421832096     
   1.73795599772442     
   1.77451975927721     
   1.18489879533525     
   1.14914619337757     
  -1.67670551326425     
  -1.33966218879320     
 -0.281050911071823     
  -1.59517098186165     
  0.403759143484606     
 -0.236601860993258     
  0.311861599161300     
  -1.23322636616757     
  0.562472577023219     
 -7.922694120503722E-002
   2.72737126204606     
 -0.650120425472004     
 -0.319594982279875     
  0.265960733229125     
   1.72543635169308     
   2.50344152180501     
  0.118090013731388     
 -0.340332172647164     
 -0.232293863513357     
  -1.62428952703876     
  0.730254057463777     
 -0.492130455396071     
  0.415761439730585     
 -0.993062800905471     
 -0.390047003644394     
  0.743024637890198     
 -0.740199604837579     
 -0.777551717432550     
 -0.665615658951367     
  0.201646439052630     
 -2.761663218817666E-002
 -0.343661793937202     
 -0.318898806841068     
  0.197014364772267     
  0.336587365701963     
  -1.45183439973761     
  0.607391730094200     
  -1.26037766836594     
 -0.441404177347323     
  0.179836170992829     
 -0.362624325580538     
 -0.991830249960852     
  0.422556947286990     
  0.927567858780969     
  0.153407480458281     
 -7.744582299589624E-003
 -0.489034087575464     
 -0.152923518935776     
  0.608005660623397     
  0.115032894161648     
 -0.371220737779738     
 -0.187794085093868     
 -8.369086658550884E-002
 -0.233409916191654     
 -0.480789725055029     
 -3.449830163611733E-002
 -0.831953243602980     
  0.215402507204916     
 -0.295103389647641     
  0.496104090361060     
  -1.03607690507093     
  0.141952692899490     
 -0.377371212421548     
  -1.61961034695549     
  3.950224601853706E-002
   1.40028773384274     
  -1.17186434469352     
  0.143205565573121     
  -1.32275956804419     
 -0.761302868074327     
  0.725731631838403     
 -0.492896506549634     
 -0.335822439435617     
  0.623752831120614     
  0.547759527011627     
 -0.922085746581203     
  0.425559593477749     
  0.219142121746679     
  0.607104227527639     
  0.331202938990643     
 -0.225319648566300     
 -0.773076611162395     
 -0.403492458665516     
 -6.300372759289026E-002
 -9.040795721735649E-002
 -0.461206357636387     
  0.348899487737882     
  0.430510420012774     
  0.357707151111815     
 -0.326618417269891     
 -6.751903833516670E-002
 -1.857254290755831E-002
  0.445005396412412     
 -0.288153610242513     
 -0.548407235233034     
 -0.245625179030637     
 -0.305316894381985     
 -0.897260245037243     
 -0.500990195493725     
 -0.342915828224833     
 -0.557419921677328     
  0.443450944775922     
  0.153279353799415     
  9.594655711702087E-002
  8.886608127353746E-002
  0.471042464255411     
  0.165361698232222     
 
 -0.168227183414063     
  0.145809680645947     
  8.750597049650899E-002
  0.669942329646486     
  0.395891302225950     
 -0.194615123340660     
 -1.369939647118045E-002
 -0.714675634900905     
 -0.506828263685525     
 -0.405493326748671     
 -4.058471320447161E-002
  0.789436674259041     
  0.291222809727046     
 -0.133924681154060     
 -0.528365380217046     
  0.444897147058526     
  3.053579786741924E-002
 -0.710706134506762     
  8.656531035734787E-002
 -0.188411077363347     
 -4.175682556401285E-002
 -0.342590770934380     
 -0.440572953432037     
 -0.526361471220285     
 -0.545580409027747     
 -0.511963457955617     
 -0.409806464555168     
  0.288815793993621     
  0.495242000999187     
  0.504911981440636     
 
 -0.270977444171412     
  0.838036228085435     
 -0.508822300710544     
 -0.139428429025975     
 -9.570142483502525E-002
 -0.154902935435795     
 -0.395255240733705     
 -0.825286007349246     
 -0.430849893666163     
 -0.343686643035300     
  5.561180324735897E-002
  0.497675208179959     
  2.482766410318275E-002
  0.143584084090182     
  0.253529041335387     
  0.510570458394512     
  0.197727444791470     
 -0.374851863241114     
  0.931548466343210     
  9.041124108051538E-003
 -3.929630236486002E-002
 -0.692220548583370     
 -0.232483694919125     
  0.469460482093744     
 -0.132068770067392     
 -8.255805058460162E-002
 -0.677634425699262     
 -0.169300717572924     
   1.82699668710221     
  0.415643108445549     
 
 -3.939104761904762E-004
 
  tansig  tansig 
