     33 -    30 -    30 -     1 
rmse=  36.2217meV
 -0.214596158311279     
   1.11592615590459     
  0.292927078865196     
 -0.361023558137573     
 -5.423936125031884E-002
 -0.594435066723086     
  7.493549592696026E-002
 -0.125517858498974     
  4.468661757242853E-002
 -0.248636808795079     
 -0.169301988188702     
  0.263761517999181     
   1.19312509614799     
  0.108815208960784     
 -5.972763633634808E-002
 -0.644899975467425     
 -6.325844609127899E-002
 -7.997197443634442E-002
 -6.055125070336309E-002
 -0.107626810874172     
 -3.913431789743648E-002
 -4.129632037103076E-002
 -0.294040705617399     
  0.345922649085713     
 -0.389271504593272     
  8.167192251865908E-002
  0.482124843545067     
  0.396696115327055     
  0.311130321366132     
 -0.732778646642039     
 -0.173004761164280     
  0.183846689225875     
 -0.183747869149044     
  6.364523985252399E-003
 -0.309948140726813     
  0.621043544573478     
 -9.714911029453191E-002
   1.55337023681030     
 -0.488192560638543     
 -4.449332379511767E-002
 -0.150544063236595     
  0.120669080130278     
 -3.397271638338563E-002
 -0.144368181121606     
  0.537905701373981     
  0.322672001059966     
  -1.38065308295904     
  0.156357600599518     
  -1.18490960372657     
  0.957317593715046     
 -0.272908901205948     
  0.249693427919205     
 -7.088251938828520E-002
  0.195649289740794     
 -7.614185121713662E-002
 -0.761007614339379     
 -0.147081241027718     
  0.321689502271197     
 -0.538446440874405     
 -0.430912750543082     
  0.238982934595590     
 -4.385133518848691E-002
  0.390551255153679     
  0.327914313453936     
  9.529283765237595E-003
  2.545226067889728E-002
 -0.555728857216197     
 -0.200308747012045     
 -2.031119150834993E-003
 -0.275430039360124     
 -0.257074394728227     
 -0.643152200991307     
 -0.164034413396844     
  2.871188881733638E-002
  0.205769291824506     
 -6.398351992311868E-002
 -9.266386651385877E-002
 -0.189184189604089     
  0.135833416353099     
  0.393512529689291     
  0.103352780876938     
 -0.124022803621200     
  0.200935929049152     
  0.354443020694438     
  0.139314710611731     
 -0.106825008607858     
  0.121701644558722     
 -0.343801684688044     
  0.152138543543743     
 -8.197630672896429E-002
 -0.345630100094714     
 -0.177082531338884     
  0.253609487566928     
 -0.222967841365817     
  0.131509211799981     
  0.260751442543482     
  0.295298258136649     
  0.185322476017159     
 -0.178119443364178     
  0.122503694035372     
  0.249156871870405     
  0.342375554724854     
 -0.345940322782123     
 -9.503686303610270E-002
 -0.263689355406917     
 -0.360463349556389     
 -0.600387877668540     
 -0.220589639408069     
 -0.348247603475212     
 -9.931686212478848E-002
 -0.517914792578707     
 -8.152059253505409E-002
  0.413049033066851     
  0.833303313419386     
 -0.134303831130110     
  0.422348144149803     
 -0.490715328581124     
 -0.238922696343589     
 -0.326697764370882     
 -0.113825911695177     
 -5.507291401207663E-002
 -0.805397082370817     
 -0.408022589994920     
 -9.120072714890022E-002
  0.175685857470155     
 -0.539390231631443     
  0.395433364750220     
  0.395910461636704     
  5.907519741099596E-002
  0.198944241068452     
  0.308854519750205     
  0.310511536743543     
  2.214965219989479E-002
 -0.143413746831565     
 -0.199439330123217     
  0.179576509909622     
 -2.283174877860950E-002
 -0.165967095516389     
 -1.302355732900786E-002
  0.108074243277849     
  0.233497006505436     
  0.113621128997405     
  0.120597397185198     
  0.567577782456254     
  0.702957483134459     
 -1.104698196990254E-002
  8.731088610007250E-002
  0.500387465508850     
 -0.189734873348102     
 -6.372967464472815E-002
  8.073560724510723E-002
  4.787477609941013E-002
  7.844271630240235E-002
 -4.308332742729220E-002
  9.834685215127656E-003
 -0.204194140398198     
  0.815504432576281     
 -0.274175388093516     
  0.313516918640281     
 -0.330344688199906     
 -0.219153181796387     
 -0.129657080983384     
  7.058769542630577E-002
 -0.359079736575288     
 -0.213715058287192     
  0.275707185526176     
  0.423525147815360     
 -0.419360833870554     
 -0.639437404614422     
 -0.277249293449187     
 -0.528796058927891     
 -0.523112093587497     
 -0.445934713784342     
 -3.515998922694363E-003
  0.297010508543237     
  0.172793658385726     
 -3.173569205468438E-002
  8.943992302544758E-003
  0.943121406920722     
  9.586595126334431E-002
  2.640651350561165E-002
  6.977181708056253E-002
  0.102772101299789     
 -0.296993850579119     
  0.353176865370861     
 -3.444235309929688E-002
 -0.388775729586787     
  0.746015839771314     
 -1.842644037808080E-002
 -0.216654651400099     
 -0.132414959517790     
  0.408677809296207     
  3.526918788495934E-002
  0.288769086185183     
 -4.569270257274915E-002
  5.722856914622453E-002
  0.317480438432141     
 -6.811611574649712E-002
 -2.957229457249507E-002
  0.272633892380876     
  0.395013750958622     
 -0.266904156718701     
 -0.423788463449234     
  0.130540683293675     
  9.497215032267221E-002
 -0.135338098370434     
  0.100621907403149     
 -5.576014658567398E-002
 -4.340854112174344E-002
  0.523968030295126     
 -0.766178745008632     
 -0.231883741369785     
 -8.410405379032410E-002
  0.544698825551710     
 -6.270892449424628E-002
 -0.439109357825373     
  0.346687694140855     
  0.102575684052527     
 -0.122173954933990     
 -9.886571271662811E-002
  0.114747213776490     
 -0.293033494168188     
 -0.437125848197021     
  0.467902068695494     
  0.355066101375268     
 -0.363841530425944     
  3.811797946186544E-002
 -9.574263906038186E-002
  0.279494539395083     
  0.123933298208140     
 -7.605574800195475E-002
  2.925463058388285E-002
 -0.121909651679356     
 -0.635822597903360     
 -0.924020427020380     
 -0.411694691890746     
 -6.575777533846745E-002
 -0.194960637980480     
 -0.100871572180073     
  0.144030524282967     
  0.108114097542533     
 -0.176761685550761     
  0.647156112237255     
  0.349202421957618     
 -8.045095411179398E-002
  0.186928788192568     
  0.697715886662630     
  5.126361358163584E-002
  8.808407435577863E-002
  0.196802427940691     
 -0.131471155201082     
 -0.105599952918061     
  4.937368447510537E-002
 -0.451732873770367     
 -0.869562174358990     
 -0.140789010441296     
  0.721473628776016     
  0.644095961241084     
 -0.402251990539831     
 -0.404963290961488     
 -1.591330402026836E-002
 -0.119326399851243     
  0.322393252814916     
 -0.356030972593213     
  0.532773983124582     
  0.333644226803920     
 -0.441165188754400     
 -0.220218457064612     
  0.373300510407163     
 -2.557189167400331E-002
  0.343489971082107     
 -4.886277912670280E-002
  0.214170343972751     
 -1.745323681718952E-002
 -0.340196489712701     
 -0.275000604843630     
  0.340513571174242     
 -0.380824359689425     
  0.430866612450032     
 -0.516388888307378     
  0.776785097521685     
 -8.196485832881485E-002
 -2.766946693625639E-003
 -0.169426437717365     
 -7.041527140670686E-002
 -1.161705656395923E-002
 -0.805139792654691     
 -0.148577401450464     
  0.279335907712301     
 -0.507689218699286     
 -2.945018729715713E-002
 -0.136427635213532     
 -0.369183933822691     
 -0.234111292443582     
  0.397881500351149     
  0.412213989245289     
 -1.102878014824639E-002
 -0.461865959251614     
  0.349037826463956     
  0.541936466157293     
 -6.527287155032088E-002
 -0.589174848050216     
 -0.152935474338802     
 -0.214628844499001     
 -0.303322671953811     
  3.502941637385763E-002
  0.257583215644130     
  3.803705021681951E-002
 -0.971643071293418     
  7.673738304515321E-002
 -0.606359025327265     
 -5.030072741407469E-002
  0.681757048658082     
  0.364416560830049     
 -0.207328137356312     
  0.225363244221789     
 -0.107213518135077     
 -7.950482360713641E-003
 -0.100545058546810     
  1.871534581935870E-002
  6.058952364631139E-002
 -0.800919280433279     
 -0.268295461818508     
  0.492560610724404     
 -2.716112214604929E-002
 -0.461149696859612     
  4.904677438124966E-002
  0.353715810989186     
 -8.874680491705796E-002
  8.304741529264881E-002
 -0.172129620768733     
  0.440202275976604     
  0.838309818557194     
 -0.687963874609948     
  0.655400696232252     
  0.337731081793862     
 -1.451906858209144E-002
 -0.318185395739920     
  0.129749150082670     
  9.846440964203985E-002
  7.926193095886097E-002
 -0.531918165293810     
 -0.217007073421855     
 -0.268225354300431     
  2.022658899283860E-002
 -0.191334490580451     
  0.465681857791563     
 -0.242479420440469     
 -2.395531408309296E-002
 -0.105099909110022     
 -3.653634972790754E-002
  7.818443821325205E-002
  0.518989958076591     
  0.476763441063466     
  3.311225877761811E-002
 -0.244816367484489     
  0.199399511199692     
  7.900822488417905E-002
 -0.150191065337260     
  0.149897003922120     
  1.485866687516033E-002
  9.570707083843917E-002
 -0.387142120597857     
  0.660669826481566     
  0.482077777796503     
 -0.221603520302693     
  0.419836371035355     
  0.654700192264198     
  0.310222890816403     
 -0.102246151598935     
 -6.393198104042061E-002
 -0.241486434875489     
  1.496936762772711E-002
  1.941141850896324E-002
 -0.455111742081273     
  -1.60917023931559     
 -0.425779518111304     
  0.772857714638751     
 -0.367218274503667     
 -0.402333731807545     
 -5.194951283987555E-002
  0.206390383692957     
 -0.243466766255726     
  2.463751049690557E-002
  5.748011257028294E-003
  0.516091457935506     
  8.120294853645652E-002
  1.257352518095817E-002
 -7.511598101544080E-002
 -5.140656077177556E-002
  0.122755253343805     
  0.163384466579489     
 -0.168233741485188     
 -0.484594501666573     
  0.186218519758768     
  0.157705679452258     
 -0.175364191021041     
  0.349703176733170     
  0.296254437841891     
 -9.988176938509020E-004
 -0.353213978064493     
 -0.415087225608905     
 -9.393946530247266E-002
 -0.124641934726886     
 -0.155395112780360     
  0.122948716937732     
  3.807295465949267E-002
  0.544033986751552     
  0.238793431348768     
 -9.053895797684992E-002
  0.497169093865477     
  0.273422368418906     
 -0.230240107397668     
 -0.101177760919792     
 -0.237083118932909     
 -4.383005414643780E-002
 -0.388335796710726     
 -0.479495996454264     
  7.378907398136629E-002
 -0.313669388744105     
 -0.336144934793238     
  0.365895616879929     
 -0.127854651303559     
 -0.117075121124060     
  0.188427574696816     
  0.150062455516402     
  0.391554594016526     
  0.387929113901674     
 -2.501475315372051E-002
  0.376862647312672     
  0.145743458615215     
  0.545340685028367     
  7.382252307136138E-002
 -0.122601226282897     
  0.490164304886269     
 -2.672634281874865E-002
  8.858588812274023E-003
 -0.326393969809855     
  0.199416048597245     
 -0.257266196797193     
 -0.573109799278317     
 -0.137793889222082     
  -1.21577609387362     
 -9.580113474158493E-004
 -9.327484397228597E-002
 -2.472677919449355E-002
  0.156531403359127     
  4.557556185461006E-003
  2.406761205993812E-002
 -3.786098842347067E-002
  0.365049110353768     
  7.856040242239019E-002
  0.118176169964088     
  0.425511031062857     
 -0.362072176086257     
  0.172601920006396     
 -9.845181326427295E-003
  2.546181018360678E-002
  0.445825742157834     
 -0.457482435120508     
  1.249877860054417E-002
  0.253285057623355     
  0.489633170394470     
  0.273117392337979     
 -0.781272018681481     
 -3.739680084168858E-004
 -0.122560798841170     
  6.826472835939268E-002
 -0.193125326749409     
 -0.212146003384854     
  6.290287269285771E-002
  4.949802410202431E-002
  0.244234968320395     
  0.510344922060970     
 -0.201990214635918     
 -0.458834374533176     
 -8.270416059467109E-002
 -0.266432143236916     
  7.261817876622645E-002
  1.010471033773648E-002
  0.583346637106227     
  0.133549611029022     
  1.324622265498788E-002
 -1.518622465273205E-002
 -0.117418726918934     
 -0.132414978326099     
 -0.255508296533811     
  0.188236177742674     
  2.186537748577142E-002
  0.109957529366050     
  0.245614393998377     
  0.427513323392133     
  0.220430870988462     
  0.150762012398238     
  0.608998044724589     
 -0.721119449784627     
 -0.485904810786864     
 -0.403955670060656     
  0.202557523080871     
 -0.364975687151867     
  0.392479234812836     
 -0.219668055867434     
 -0.463057007401481     
  9.048270150635082E-002
  0.284421463424002     
 -0.267383473249131     
 -0.417983236172124     
 -0.496664367554101     
 -0.658261711525087     
  0.328768615277713     
 -6.176578266546191E-002
  7.427116436969078E-002
 -0.324908244436339     
  0.252237573837971     
  7.683852607869919E-002
  0.322888699914753     
 -7.835146352595217E-002
  0.555476108138076     
  0.337265294495348     
 -0.150515016897374     
 -7.961089720477972E-002
  8.960654012572299E-002
  0.185186924402868     
  7.830682513086068E-002
  0.426097432837072     
  2.013620975850500E-003
  8.221735964238117E-002
 -0.597237087439915     
  0.344033970052236     
  0.298234700312716     
  0.155025081741116     
 -8.494332297277003E-002
  0.272861722995740     
 -0.109937910402881     
  0.388093923117849     
 -1.728846274529417E-002
 -4.643363987931411E-002
  5.395291581410452E-002
  0.249259983683491     
 -0.131726249426831     
  0.343547590875211     
  0.325332293517718     
  0.185510545184056     
  0.397584119596175     
  0.318154354410503     
  6.197091143670670E-002
 -0.359994465566368     
 -0.300167686103632     
  0.130164731052234     
  0.432375455616491     
  0.371770818332273     
  0.391828077155310     
 -9.002911299538791E-002
  5.791501195372083E-003
  0.390589877427882     
  0.240495380607849     
  0.125547895922210     
 -0.152587525806199     
 -2.730895831256651E-002
 -8.487077206730662E-002
  0.576659003162948     
  0.425738255568710     
  0.465771185339083     
  0.214656591520288     
  0.330785266346037     
  0.107012073082443     
  0.144587796673639     
  0.207731838141999     
  0.256888415430016     
  0.324869928027001     
  2.761237374756677E-002
  0.206741140684825     
 -0.189650936987801     
  0.488566030671683     
  0.255141088362088     
  0.124531377308923     
 -0.138637790831988     
  0.407939670088594     
  0.464172956657895     
  0.532162487259926     
  0.111742491303260     
  0.174458880489826     
  0.356076366048092     
 -7.456098896238661E-002
  0.416000007860827     
  0.408654590313356     
 -0.127986972637776     
 -0.343613288751483     
 -0.183208812756918     
  0.309931865664631     
 -8.585235485372045E-002
  9.961566986824885E-002
 -0.123455822725217     
  0.108083031438084     
  0.585555626332758     
  0.675275649217539     
  0.347291381326881     
  0.320106519321837     
  0.400851966255163     
  8.233852422850479E-002
  0.255287591594837     
 -0.140384650008684     
  0.198187347921201     
  0.348757210459078     
  0.417220271502683     
  -1.09472488724009     
 -0.432399569873079     
  0.351465726884050     
 -3.804988221207996E-002
 -0.521524205617055     
  0.215706860465565     
 -1.812012272600871E-002
 -0.112515531502996     
 -0.290114256910856     
 -0.179753103443363     
  0.243289509940128     
 -0.102223731025057     
  0.375406698878890     
 -0.370385471624324     
 -0.122747632846095     
  7.519529205943630E-002
  0.195336767328172     
 -0.407960466806739     
  7.294609311627129E-002
 -0.135939452561185     
 -2.529751308013860E-003
 -0.148106960400244     
 -0.324373735426051     
 -0.252637864005700     
  0.793374232665150     
  0.430984493743382     
  0.458639494027884     
 -0.160942359574925     
 -0.225774501865052     
 -0.169373758668991     
 -0.139234003815545     
 -0.295517582461076     
 -0.125175058933541     
  -1.02375275752178     
 -0.480262592776019     
 -0.400898883607106     
 -0.383951879936444     
 -0.252627461245319     
  0.100121556279571     
  0.579256163908034     
  0.267200367445637     
  0.288909255484443     
 -0.288972077894116     
  0.413736636826629     
 -0.313837585302969     
 -0.183864160019241     
 -0.567507686738060     
 -0.461763898069693     
 -0.310156798150830     
  6.719077407001432E-002
  0.198403188584284     
 -5.968385132948985E-002
 -0.240178846455895     
 -0.395810383714319     
 -1.423883224562572E-002
 -0.264512426310200     
 -0.608819683435726     
  0.831071085936646     
 -0.545681918151516     
 -7.141246580161846E-002
 -0.113877511989373     
 -0.238713210216683     
  8.148093509859000E-002
 -0.414839794585670     
 -0.280486931804264     
 -0.316565552197693     
  0.641523044345371     
  0.675594738807144     
  4.886844502973317E-002
 -0.592856507051380     
 -5.716700599902862E-002
  0.367045963156046     
 -0.383151594032554     
 -0.113185945371625     
  9.405898140965522E-003
  0.103658005105302     
 -1.479276990712039E-002
  0.819233337778165     
  0.345214923310036     
  9.274840320426112E-002
  0.202268239076370     
  0.137910127882183     
  4.508359203466773E-002
  6.431059531799658E-003
  0.128133340034920     
  0.178896487499963     
  3.208343300706560E-002
 -0.564130572569385     
  0.459236803895106     
 -0.247343654851624     
 -0.521035381427332     
  0.115163879876937     
 -0.115091871849922     
  2.006829718189211E-002
 -0.437471300507503     
 -0.363676165048399     
 -7.341628970618141E-002
 -0.133834806300871     
 -0.141840905939373     
  0.239194465709580     
  0.411525163174452     
 -9.007569354208411E-002
 -0.219579747314357     
 -0.526480603853906     
 -8.121349246264017E-002
 -0.126631523978881     
 -0.411069994094696     
  0.473971614105735     
 -5.307292479571356E-002
  9.217653687450229E-002
  0.275668192456873     
  0.375054276621130     
  0.349753833200054     
 -0.310125475342093     
 -3.640200440873727E-002
  0.472448254326125     
  0.247587164326712     
 -0.371752175103436     
 -8.414489117684024E-002
  2.885577011263146E-002
 -0.171827567973706     
  0.298043870697674     
 -0.491067836454344     
  7.755299017711734E-002
  0.963002237699001     
 -0.152796931586669     
  0.370466738852263     
  1.383473755057292E-002
 -0.320088958674414     
 -1.271230204067554E-002
  0.244431814424157     
  2.828023213715150E-002
  0.101523904729143     
  3.620708416907266E-002
 -0.560849396364298     
  0.646563353491347     
  0.451770378496268     
 -0.191950345253078     
 -0.161497071596689     
 -0.423893058957227     
  6.822621415056783E-002
  0.339217787448867     
  4.797474753088036E-002
 -0.338462464598473     
 -9.498033608044815E-002
 -0.518177130259757     
  1.974097146572935E-003
 -0.212770298202875     
  0.292145036888485     
  0.273691345045021     
 -0.347612153588052     
 -7.871347014071632E-002
 -0.272747515392148     
  0.639813714265641     
  0.388138820473300     
  0.754958162908231     
 -6.029117980937628E-002
 -0.329017093401532     
 -0.469799094556236     
  0.116784370126948     
 -4.666532727352430E-002
 -0.160677455833900     
 -7.354955760102164E-002
  0.181875285003114     
  0.164390951612313     
 -0.289550710880300     
  0.420052981629484     
  8.206145824496311E-002
 -0.218126615209633     
 -0.204275133392179     
  1.280340317954599E-002
 -0.230374760721034     
  0.138567696768754     
  0.228356433705923     
  0.297021681744675     
 -0.167755736603785     
  0.763276462663278     
  0.381373363532183     
 -7.268330342163842E-002
  0.278129694470198     
  0.732174858023532     
 -0.318918006304076     
 -0.372424023719279     
 -0.152722639365583     
  0.133014397654389     
  0.101532451859295     
 -0.131866703947889     
 -0.400199016024595     
  0.391670607067963     
 -8.610331519048048E-002
  0.333387367153158     
  0.613438548096504     
  0.422990389838496     
  4.355876180683134E-002
 -0.279166737051320     
  0.165629642803824     
 -0.143208836421478     
  3.188900296866776E-002
 -0.104578998762477     
  0.214571713822345     
 -9.194742015450404E-002
 -0.262162474355250     
 -0.294408166379609     
 -0.489060952451271     
  0.127510846452478     
 -2.972312145682854E-002
  8.857926282196023E-002
 -7.342614248255348E-002
 -0.239477341254290     
  0.662821270699923     
 -0.421716608654383     
 -0.570178509486699     
 -0.130708023186648     
 -0.452308188797018     
 -0.257775646325804     
 -0.122837448096536     
 -1.323141299386931E-002
 -0.212855462269054     
 -0.115239215185955     
 -0.204042517730605     
  0.963777738065629     
 -1.644669282169088E-002
 -0.213815515677901     
  0.173669369303622     
  0.639337090083416     
  0.566768390814248     
  0.553229856119400     
  0.598254112217243     
  0.282913485423442     
  9.099206751167205E-002
  0.188006269796059     
  0.453847778547652     
  4.540551605022085E-002
  5.278602575724028E-003
  0.136360177971385     
 -0.218871936303364     
 -2.702498447968772E-002
  0.458773780038959     
 -2.525442685202226E-002
  2.292419764788024E-002
  9.772752011283790E-002
  8.479454450579212E-002
 -0.457186112254709     
 -0.376994786673220     
  0.566055858320172     
  6.016832006753604E-006
 -0.408518348476131     
 -9.097850940329593E-003
  2.176558768773146E-002
 -0.303116620642708     
 -0.100611241387148     
  0.148499985291996     
  0.647620664336024     
 -0.100829190844040     
  0.350112094431792     
  0.489616506692882     
 -3.356534647388834E-002
 -0.339199681006141     
 -7.170875692923960E-002
  0.308724894946296     
 -0.148532328102095     
  0.152824311034931     
 -6.658479373436960E-002
  0.201170390805069     
 -0.530768866595043     
  0.306783733262735     
  4.173018220468374E-002
  1.588969053997420E-002
  0.284521501431760     
 -1.860193050641645E-003
  0.100550453706738     
  0.374849217517507     
  0.107991051821030     
 -0.231886397502296     
  9.999934820368547E-002
  0.824010277860046     
  0.310676375761430     
 -1.556557287049718E-002
 -0.118281753202308     
  0.477594179034862     
 -9.261921386709471E-002
 -9.539120360693666E-002
  5.397837436430146E-002
 -0.114214954645462     
 -0.234163197640135     
  4.409899294526987E-003
  8.683700548040245E-002
 -0.269873590487142     
  0.170485232859476     
 -0.280602909511392     
  2.837868771388688E-002
 -1.909879808848985E-002
  0.249889291884032     
  9.516022146405421E-002
  0.297682527659845     
  2.530156207764904E-002
  2.383204664954924E-002
  7.197099349546257E-002
  0.418229058962812     
  0.190658775838744     
  0.440896677895174     
 -2.039466839741635E-002
  5.080059947630150E-002
 -0.147537035600428     
 -3.971266044218498E-002
 -0.199456331847304     
  2.472103944268387E-002
 -1.244073472469971E-002
 -0.825941800011225     
 -0.770859241244044     
  5.966357795896846E-002
  6.938959633625796E-002
 -0.184726977215765     
 -1.586472106944600E-002
 -0.416374305449125     
  0.133557728999627     
  0.103562903560290     
 -0.143515408439171     
 -5.142216259948251E-002
  9.403213621878974E-002
  0.234467930891549     
 -0.597862299158170     
  0.137538783477016     
  0.493919808702426     
  0.309495702174084     
  0.266544311992772     
  4.814292577138106E-002
 -4.635675225522102E-002
  0.140864781233101     
 -0.314973556669135     
  0.216407661261890     
 -0.512153590582249     
 -0.855317908609372     
 -0.157706464125630     
  0.354096479048769     
 -0.167793786908843     
  0.338343830374163     
  0.105072116855190     
 -1.992643824735667E-002
  0.152505384463890     
 -0.156419591361610     
  0.554558712709134     
 -0.378364962534378     
 -2.179085868165431E-002
  0.244500242254049     
 -9.736184877350681E-002
 -0.864726601416340     
 -0.303344394402295     
  9.128795859368632E-002
 -0.185118413128187     
 -5.398432092739461E-002
  1.335676017743690E-002
  0.527733316817624     
  0.133017632814458     
  0.431642368734871     
 -0.909686157394029     
   1.03226307328648     
  0.553039120772610     
 -7.307940725820375E-002
  1.686085968574304E-002
  0.123984112012007     
 -0.251660828055732     
 -7.310975198758507E-002
  -1.03085059764574     
 -0.549864345262195     
  -1.78850321162698     
   1.43837873075985     
 -0.916635988322842     
  0.375576182745828     
 -0.495640904121513     
  0.151503616480823     
  0.180599169891228     
  0.206678585332955     
  3.571087744466669E-002
 -0.415224318354923     
 -0.237955476790347     
   1.51713642581432     
  0.398068172080668     
 -0.779245052380791     
  0.124765125809265     
  0.406638194275356     
 -0.286805483428364     
 -0.365538389342488     
 -0.367966793033647     
  0.399631471191469     
 
 -0.174144791197166     
   1.65938331315268     
  0.148335681186590     
 -0.458934220448818     
 -0.397310791000836     
 -0.598116718498242     
 -0.754637575888782     
 -0.780974280926235     
  0.256195363335230     
  0.466702205392231     
 -0.306053367771696     
  0.691853450196238     
 -0.365198363036535     
  0.527225055346903     
  0.330760885389123     
  0.690429881974309     
  0.337498684740216     
  0.659666880060948     
 -0.163458504682101     
  0.502904431290368     
 -0.518255083972849     
  5.488749478631012E-002
 -0.207725269066351     
  0.153748405638522     
 -0.528827026656787     
  0.101242088333708     
 -9.048904817824847E-002
 -0.134651720287833     
  0.107368049625159     
   2.65611605022434     
 
 -0.179237628781286     
  0.237252377490680     
  0.333295607922877     
  0.185773509209997     
  0.261525999437751     
 -0.361470643457156     
 -0.115992396120514     
 -0.378794251624263     
 -4.587857619890624E-002
 -0.548404771206137     
  0.423276424413790     
 -0.308122964899167     
  0.417520529351562     
  0.343030353382028     
  3.028145211404661E-002
 -3.456927987907497E-003
  0.106285422718340     
 -0.233279959580709     
  5.858718369839754E-002
  0.330378374118680     
  0.127613427262634     
  0.220554867734019     
 -2.578595531156740E-002
 -0.218998550488496     
  0.416016950848327     
 -6.123776510065121E-002
 -0.100175232541365     
  0.761684922175027     
 -0.260834035679414     
   1.10488781583022     
 -0.388136532622431     
  0.158751687645163     
 -0.114093409618139     
 -0.583716484006362     
  0.114899085785479     
 -5.028963559508621E-002
 -5.009733202439859E-003
 -0.461810351443408     
 -0.281705142456715     
  0.472957298902297     
 -0.205131067265579     
  0.667146282920559     
  0.103206479636025     
  0.619703728547956     
 -0.230481210579322     
  0.199408521356549     
  0.108165401891441     
  9.294020616148745E-002
  0.646799835284131     
  0.234188563254752     
  8.750124062290693E-002
  0.345612205444680     
 -0.208331254387900     
 -7.664568474730359E-002
 -0.236146998526031     
  5.468836584831592E-002
 -0.215224129145640     
 -0.182281917029094     
 -0.206294133523610     
   1.05001634110607     
  0.415597487048230     
  0.227674903281114     
 -0.160300456239723     
 -6.667767340805526E-002
 -0.414359576715038     
 -0.215996543349400     
  0.320679761189548     
  0.406528028291345     
  0.512355024579838     
 -0.127212838632081     
 -8.599968377573597E-002
 -0.301704927993866     
 -0.256291642023837     
 -0.444000222355358     
  0.164828076956324     
 -0.344179874293389     
 -0.184965121980810     
  0.346188622444885     
 -0.119525615141754     
  0.137113378925182     
 -0.195065615695081     
 -0.592682249632201     
  6.225348193437769E-002
  8.378977451359700E-002
  0.149329802419856     
  4.629118190220120E-002
  0.168125200569450     
  3.220743423175101E-002
  0.216974508593306     
 -3.501744557634028E-002
 -0.451466791007997     
 -0.292009825770081     
  0.246144617777295     
 -0.476326025495198     
  0.647065762779239     
  0.225289622358320     
 -0.131297177583834     
 -8.496144454751844E-002
 -0.400321092720124     
  0.534328927120163     
 -7.076211564906845E-002
  9.515048529852267E-002
  0.156328372311982     
  3.594639714687783E-002
 -0.284479894964772     
 -0.298141671541267     
  3.844161763854104E-002
 -0.107834190312379     
 -6.345528817647664E-002
 -0.222844480482450     
 -0.249004452102976     
  0.354614552900727     
  0.306341997339070     
  0.223643366657610     
 -0.500672635555672     
  0.594721811497525     
 -0.542794244697144     
 -0.754072045796658     
 -0.570830717163262     
 -0.264050745939809     
 -0.729914816711534     
   1.91660403800809     
   1.40310570312812     
  0.160207691004404     
  0.215149856099782     
 -0.488136427062192     
  0.589653182964030     
  0.106499077590701     
  -1.86060334747286     
  0.558271802631742     
   1.62239625860907     
 -0.154758128756883     
  0.574200899616847     
  0.554846371556758     
  0.838416405414255     
 -0.549659382494108     
  0.129201133938350     
  0.176236420979357     
  0.867035641665845     
  0.569032736570091     
  0.437849379836392     
   1.03606454528163     
  0.535680696239527     
  0.293466309772923     
 -0.432338518251479     
 -0.521596469154318     
  0.359523508110758     
  0.282736277146396     
 -0.660908665402633     
   1.42309744560924     
  0.346862776855591     
  2.989013016512256E-002
 -0.157401219705254     
 -1.524441623969583E-002
 -8.901238016885285E-002
 -0.198812734895572     
  0.334185982288090     
  0.293410077897456     
  8.650087549964504E-004
 -0.158314892076584     
  0.482804566324897     
  7.993191259909037E-002
 -1.779192724273093E-002
 -0.439291404948779     
 -0.411910589158786     
 -0.377313644595540     
 -0.102176136655841     
 -0.334668229162998     
 -0.191495453483914     
 -0.315766347382958     
  7.569883712822303E-002
 -0.173264520133628     
 -0.406910672864817     
  0.484356052050946     
 -9.661907166189257E-002
 -0.314966742420903     
  0.369293033204906     
  0.195537937395466     
 -0.181668994473937     
  7.911913321850908E-002
 -0.159475230217264     
  0.533523039650995     
 -0.132412075070737     
 -0.386069514927663     
 -0.458447867104246     
  6.688556267744306E-002
 -0.547909757202054     
  0.144580044085777     
 -0.255584341386108     
 -0.409990787238336     
  0.381890868254140     
  0.331854873225573     
 -4.175651626112536E-002
 -0.270118578089732     
  0.320031677586657     
  0.166285066309664     
  0.382432373583855     
  0.221974126632335     
 -0.200183068776343     
 -0.164489020829961     
 -0.246270437384299     
 -0.122638423183277     
 -4.891524009783794E-002
 -0.127379955160062     
 -0.131315751090368     
 -4.268124094272298E-002
 -0.235390262533091     
  0.456003444534321     
  0.295166563622742     
  0.107431530610746     
  9.294371359057510E-002
 -0.105143832009440     
 -4.942126787676610E-002
 -0.178095747665344     
  0.193703833833200     
  0.635164004958356     
 -0.479031421897655     
 -9.192710127073658E-002
  6.583634630242785E-002
  2.703843070476226E-002
 -0.158238244269966     
  0.146842654683732     
 -0.886537387237244     
 -0.383946524874699     
  0.200769364057672     
  0.217294024400200     
  2.176704551201306E-002
 -0.327682359025815     
 -0.658104781566570     
 -0.329741092077515     
   1.10353034813629     
  0.324762926173332     
 -0.275606933571823     
  0.286334604027829     
 -5.287234426880113E-003
 -0.147103430432345     
 -9.280127010239599E-002
 -9.134381527277118E-003
  4.720819748252802E-002
  0.352655166680759     
  2.690508271480906E-002
  0.380594516138965     
 -5.120157433618051E-002
  8.626873932500820E-002
  0.509039846436077     
 -0.793344095625449     
  0.266209761509246     
  0.278688341172696     
 -0.690445632827107     
  2.875564301968102E-002
 -0.112941848136403     
 -0.327862845806139     
 -0.224011706171655     
  4.051896202873406E-002
  0.494432329484094     
 -0.430358585599008     
 -0.111751466458581     
 -0.235929180456597     
  0.549718129440687     
  0.508294756352776     
 -0.354509535100922     
  0.310073159214405     
  0.877162874537821     
 -0.303924240126980     
  0.172070696313049     
  0.553005261774212     
 -0.212455366381674     
 -0.130297577196044     
 -0.274242885910907     
 -0.428150967955746     
 -0.235914090987074     
 -5.463438543862492E-002
  9.665911888712156E-002
  0.463351414483761     
 -0.439039080382117     
  0.168843480977323     
 -0.557825155732660     
 -0.405640974071809     
  9.064566874057316E-002
  9.255056734416273E-002
  0.327467464550187     
 -5.976710497477988E-002
  0.465848142791125     
 -0.846760392516514     
 -0.358821104278873     
 -0.696766178810600     
 -0.130591006149281     
  2.526498598052704E-002
 -0.582776251416252     
  0.110195760747612     
 -0.383792466719179     
 -0.107912958940355     
 -0.502860126181771     
 -0.112920356980112     
  0.111595042565547     
  0.300288007097068     
 -0.298992848304336     
  6.930313461798951E-002
 -0.228608284886567     
  8.509225573229338E-002
 -0.158344373227762     
 -6.227528996700771E-002
 -0.442659046714709     
 -0.206093952861035     
 -0.803404150619168     
 -3.747409499818401E-002
 -0.735033928610159     
 -4.084879253048355E-002
 -0.503981290497151     
  5.709280916727151E-002
  0.334620645593536     
 -0.330226400704306     
 -0.601724418807785     
  2.990452265180197E-002
  6.167091645019318E-002
 -0.588204094343477     
  0.116455352818558     
  0.682560151370350     
  0.422813900948596     
  0.440179769322160     
 -0.509720814386537     
 -0.334858617227588     
 -0.190867600838992     
  6.650535391469287E-002
 -0.117099270625373     
  1.049421903076480E-002
  4.012351902049062E-002
  8.746679396661716E-002
  0.108696981278088     
 -5.947523124737405E-002
  0.241442188196909     
  9.988130008273390E-002
  0.334740012989350     
  0.203623810683945     
  0.154073090849310     
 -0.218600631089439     
 -0.439529421247488     
 -0.553160212005334     
  6.812903667387882E-002
  0.527322948402279     
 -0.602290368308180     
  0.115499795469741     
 -0.101351421710267     
  4.160555924471047E-002
 -3.765879495539486E-002
  0.193191750844709     
 -0.101039319675101     
  7.106336998561687E-002
 -0.233315825863527     
 -0.438012752454742     
  0.638671371212765     
 -0.663302417099889     
  1.625009738535757E-002
 -0.447867548591222     
  8.150928120603877E-002
  0.274766030623348     
 -0.247981232845854     
 -0.218439132108268     
  0.691970791188098     
 -0.346700043396613     
  0.110380218067812     
  0.278223765322891     
  0.140034761902780     
 -0.298928671053549     
 -1.454155654563571E-002
  0.121359964040644     
  0.382187069471724     
 -0.170434046689568     
  0.300766368762402     
 -1.174998373597619E-003
 -6.711741014543496E-002
  0.339610256123974     
 -1.342309424606075E-002
 -0.459477828113357     
 -0.346705402995875     
  9.894011088492613E-002
  0.725611474611542     
  0.245450247642170     
 -0.439792526910393     
 -0.107321900663000     
 -0.202885201050226     
  0.120806011058619     
 -0.133606761544236     
  0.514776917062251     
 -0.141165273591259     
  0.315744179257804     
  0.310950427452748     
 -0.254389863720607     
  0.160147270369454     
 -0.252827368919113     
  0.150778541704757     
  0.390696292042830     
 -0.393762251644084     
  0.172238868468726     
 -0.684235955780529     
  0.437211216381852     
 -0.424637166907661     
 -0.306143452927372     
  0.280196563379705     
  0.204021340726639     
  1.014404940205621E-002
 -0.521816721539753     
 -0.785121718636611     
  1.098920171509891E-002
  0.577373551742305     
 -9.660275647394269E-002
 -0.103982291040518     
  0.185382707015531     
  0.116714188517375     
 -0.471664772143759     
  0.149032244953246     
  0.419226911664411     
 -0.436253762810137     
 -0.191997896451360     
 -0.523227406560143     
 -4.994357134278544E-002
  0.434151939435604     
  6.442698241356296E-002
 -0.102444572617017     
  7.974940166581695E-002
 -0.184159868085384     
   1.08606341719881     
 -0.278765361269955     
 -3.742567653971296E-003
 -0.210707803945703     
  0.184813746104555     
  2.718881036079912E-002
 -0.197564231669188     
  7.038616200970162E-002
  0.636728095108698     
  6.633051596918974E-002
  0.269317864041814     
 -0.117912628596024     
  0.817193458964222     
 -0.291316467205947     
 -0.427203049893158     
 -0.272298772826804     
 -0.121941276859678     
  4.864061218423858E-002
  0.425241895371509     
  0.218219197546989     
  5.376084690666182E-002
 -0.632077965559377     
 -0.436375610047601     
 -0.148921796308071     
  0.508884800501577     
  7.257612893915368E-002
 -0.140728346801047     
 -0.303338506573320     
  0.852009924759024     
  2.553500493593161E-002
 -8.581874804252441E-002
 -0.338367030973104     
  0.204673110296546     
  7.455973918143535E-002
 -0.542905956660190     
  0.271638280769634     
 -0.198647310558358     
  2.397667545759551E-002
  0.297796854733777     
 -0.529214723139249     
  0.226255943253118     
  0.147680274560758     
 -9.531918830612661E-002
 -0.207039655267322     
 -2.554511542337552E-002
  0.546866608508751     
 -8.704948536671379E-002
 -0.165078321639549     
 -0.179011844553114     
 -0.172603441236825     
  0.271150192356950     
 -0.250356331754636     
  5.739333971255145E-002
 -0.127925950449593     
 -0.338920943040766     
  0.118862367164005     
 -0.203870596839485     
  0.552608814942678     
  2.334573010088388E-002
 -0.340199264963484     
  0.301735599955108     
 -0.300579878083515     
 -4.972445976351575E-002
 -0.178383496843808     
  0.137901837722244     
 -0.508285302387292     
  0.115898699541802     
 -8.706202735528676E-003
 -0.707684470200354     
 -0.245614822051770     
 -0.275187954743193     
  0.574945295487908     
  0.827307675296248     
 -0.243439338814030     
  0.287424678407695     
 -0.325091596181996     
 -0.192310087155861     
  0.313997698867222     
  0.194111247135646     
  0.232437570060864     
 -0.309970769419023     
  0.234479073763766     
 -0.288146606001562     
  1.200211026190092E-002
 -0.319140722069618     
 -9.943680079792820E-002
  0.355997745642957     
  0.363003859524983     
  0.199571421900840     
 -0.288792014703152     
  6.214387607546448E-002
  0.109353820201976     
  0.449958244888298     
 -0.703348110361696     
 -0.190945329595087     
 -0.305179114896635     
 -0.367744767317856     
  0.332871705852171     
 -3.801908742936810E-002
 -0.387079702736616     
  0.400443241639794     
 -0.256882871448845     
 -1.107744649054199E-002
  0.271644791759633     
  0.325919323751634     
 -2.071482675510251E-002
 -2.190779848185729E-002
 -0.232700302991325     
 -0.274781304125414     
  0.258387416737818     
  0.157131570736918     
 -0.414595381338447     
 -5.349795937840730E-002
 -0.409828778212476     
 -0.140350865239415     
 -1.607652671907043E-003
 -0.156460436252560     
  1.693350484795183E-003
  0.536522512213750     
 -8.314785298094032E-002
  0.287695285494227     
 -0.695095255662948     
  4.917514305656424E-002
  0.235352661806923     
  0.315195656023192     
 -0.663886542501421     
  0.178650774187227     
 -2.164666325783736E-002
 -0.596774879566973     
  3.387305844155251E-002
 -0.736094721167295     
 -0.123463296934487     
 -5.423359298233640E-002
  0.407734779914715     
  0.680355280129078     
  0.173131876052003     
  0.148569716775362     
 -0.305109838256735     
 -0.194697313924887     
  0.778407750045706     
 -8.273940599203938E-002
  0.619947122477440     
 -0.179727845184627     
  0.370945921890600     
 -9.213413380400939E-002
  0.163711980449579     
  0.363052475188896     
  0.200033391505497     
 -0.590732599145594     
  2.150291606379040E-002
  0.682202798232389     
 -2.853813204883622E-002
  0.470838297700471     
 -9.437782629007956E-002
 -0.681828900079830     
 -1.590003159754488E-002
 -4.526449491168839E-002
  4.582389311333018E-002
  0.706695919916587     
 -0.343603089574086     
  9.928427484494676E-002
  0.234044658501651     
  0.418135630483613     
  0.208917142194722     
  0.480251547272952     
  0.297151444511225     
 -0.365477166264431     
 -0.455331619331229     
  2.405197653558895E-002
  0.897531970000412     
 -0.299956946983811     
  0.353591430781269     
 -0.492051910076220     
  0.221703897616015     
  0.270440960748249     
 -0.102822037020488     
  2.028169835139023E-002
  0.754052777813970     
  0.266503095467953     
 -0.385370308481391     
  9.342005978383798E-002
 -0.119651745182530     
 -0.267352029189522     
  4.136008234523964E-002
 -0.648480441712664     
 -2.970621647856260E-002
  0.306057960828217     
  0.342209937682826     
 -6.917906295671296E-003
 -0.190399417660012     
  2.847217705525426E-002
 -0.222203312773666     
 -0.389240800728424     
  0.422114164973886     
  0.144778623739458     
  7.340036024751144E-002
 -0.181274831168765     
  0.168402966882231     
 -9.968155185534756E-002
 -0.479560546813416     
 -0.203328978868039     
  0.255427561058738     
 -0.164649117706667     
  0.373337565838720     
  0.506004949253193     
 -0.282520922316166     
  0.149642990572948     
 -0.263279490113232     
  0.407946051628087     
  0.384006104483470     
 -4.302653787634364E-002
  8.931987931558305E-003
 -2.296369901723515E-002
 -0.357757190326660     
  0.123841609678161     
  5.900144153906292E-003
  0.178063396027644     
 -5.469650352568894E-002
  0.261868104680315     
 -0.548714288655113     
 -0.378968711887040     
 -5.037115586610882E-002
 -0.215209765839072     
  0.126767736771582     
 -0.119426254089113     
  1.297651638680005E-002
  6.679731095694877E-004
  0.272413479980070     
  0.317517033526569     
 -0.356826351640221     
  0.211199757034830     
 -0.239425268433956     
 -0.324741454213004     
 -3.219303859900985E-002
 -1.894416366357826E-002
  2.078676948214817E-002
  0.211256225967863     
 -0.103681993101630     
   1.56445579183788     
 -4.917438017744447E-002
   1.18029822944851     
 -0.131408882305993     
  0.292751562848215     
 -0.475925170779928     
  0.252448018874599     
 -0.397996379965168     
  0.175140469003543     
 -0.443860182442886     
 -5.594774411275659E-002
 -0.287827723743920     
 -0.775399097672183     
  0.274405270670326     
  4.799676129187861E-002
 -0.301012059261775     
  0.361369615825672     
 -7.416253633480113E-002
 -0.336488822712063     
  2.846062165529607E-002
 -0.580994009532026     
  0.533063543764565     
 -0.521343630790909     
  0.242573867815174     
 -0.298267826737260     
  0.184788603642655     
 -0.212164591545727     
  0.172930537759260     
  0.364737002156835     
  0.243634398041493     
 -0.323953827561180     
  0.246109387770290     
 -6.992146730681315E-002
  0.106786492222836     
  0.225958543890144     
  0.571453632113579     
 -0.159692578199387     
  0.497160297312780     
  0.118784341936775     
  0.731655633198160     
  8.486318927044384E-002
  0.497276530818189     
 -0.536744366784903     
 -0.358416570728179     
  4.678365646188932E-002
  0.571652921687918     
 -0.555526593065269     
  3.063241467539511E-002
 -0.106403370102655     
 -0.578898614095905     
 -0.192124241141925     
  0.524377550880485     
  0.521998240701019     
 -0.638253189861321     
 -0.144401449792929     
  4.733056019758755E-002
  0.181166526020491     
  0.176985892030240     
  0.682541693732775     
  0.175440513095709     
  0.544894531286061     
  0.245373740579020     
  0.560378682796815     
  7.419737654923471E-002
 -0.405610273034630     
  0.912298061811936     
  0.314218393980937     
 -0.221151694823908     
 -0.455572713220562     
 -0.269912102244309     
 -0.178101112962850     
 -0.223247149801126     
 -0.417123973567956     
 -0.400918247999197     
  0.483529822701669     
 -0.433096661367791     
 -1.699155346524400E-002
  0.148456209671460     
  0.278019416191398     
  0.268994522922497     
 -0.487039593646831     
  0.143953557731943     
  0.223110514774963     
 -0.130609660643346     
  8.779265287234382E-002
  7.287709307568735E-002
 -6.401773154665506E-002
  0.107817202150121     
 -0.147275742899755     
 -0.245112014750335     
  0.507520219769085     
 -2.264837059500942E-002
 -0.117223766725648     
  0.186463710409443     
  0.152381990156058     
  0.288330617619617     
  0.195111161308877     
 -0.225146441963476     
 -0.327144186176956     
 -0.645985713970317     
 -2.192051448294719E-002
 -0.442889739651779     
 -4.660971355525317E-002
  4.218251355456629E-002
 -0.610514464332013     
 -0.275379608192975     
  0.521278334685716     
 -0.333695457587578     
  5.200959520780072E-002
 -0.279774044070392     
  0.686595068552586     
  0.533680299954327     
 -0.261994233449449     
  0.296919045309095     
  0.259121241300494     
  0.195634585848837     
  0.120382647904250     
 -0.565509742908145     
 -0.170516381067720     
 -0.251205174954818     
 -0.181247187528465     
  0.262528429915519     
  3.103922732492596E-003
 -0.335853328583942     
  1.626571764431136E-002
  0.213579510043658     
  6.909904788579008E-002
  0.166144374044666     
  0.110409697272463     
  0.105442928809554     
  9.091129543990756E-002
 -0.179351034582402     
 -0.345869145908016     
 -0.323927708732840     
  5.860671323724987E-002
 -0.250173878570764     
 -0.368641162017776     
  1.776407312714742E-002
 -0.341081944036033     
 -0.263203497972993     
 -0.538645300652216     
 -0.353951365454024     
 -0.180808428832801     
  0.187353306955342     
 -0.343221645729906     
  0.561256308985217     
 -0.487967638939458     
 -0.178143166079966     
  0.256630144979474     
  0.222406142452137     
 -0.479704566717350     
  0.292295157252947     
  0.253441467054800     
  0.274068860738165     
 -0.724796882086625     
 -0.692255834705835     
 -0.528882210005093     
  0.212273420647762     
 -0.143457553568644     
 -0.824197123228969     
 -0.414726358364388     
  0.108436779593289     
  0.316824522668968     
 -0.471469273694074     
 -0.155348959045816     
  0.155079609051108     
 -0.215046371452204     
 -0.102650694157782     
 -6.306544211370829E-002
  0.496526267377027     
 -0.313426616890159     
 -0.419751093779787     
 -6.656650445788292E-003
  0.135293627443119     
 -0.198135996886204     
 -0.555221990029467     
  0.378340091505108     
  0.495225098062664     
  0.219848441524588     
  0.127100278586960     
 -0.242140014295119     
  0.372356014094046     
  0.392579356095882     
 -0.281212777386965     
  0.117372634304386     
  0.161502618945762     
  0.553048156774047     
 -9.077748741315524E-002
  0.116130045544355     
  0.325122719874074     
 -0.711446726458852     
  5.166290184360341E-002
  9.187308359861814E-002
  2.537565482429888E-002
 -0.295867836045989     
  3.765435708041853E-002
  2.465531830423656E-002
 -0.127397415614285     
 -0.320553423398275     
 -0.535457174593482     
  0.203441331163852     
  0.418125798813421     
 -7.320259532672749E-002
 -0.238227454765254     
 -9.897636842868615E-002
 -6.101839605991071E-002
  0.190763409099028     
  9.048530176857490E-002
 -0.101025256517747     
  4.606559293625271E-002
  2.061408014017417E-002
  0.389058809312522     
 -7.565601520040494E-002
 -0.206921002860214     
  0.665867195580631     
 -0.356750415896262     
 -0.455267986991881     
  0.190043742484283     
  9.544730196501028E-002
  0.173574336263725     
 -0.319272731171379     
  0.374885750238254     
 -0.252689967158698     
 -9.647755006087376E-002
 -0.368932120177540     
 -0.118832907367097     
 -0.311103181933093     
  6.632442488376905E-002
 -1.639752403771546E-002
  -1.29825842396142     
  7.455560124298047E-003
 -0.331665335300702     
 -5.119070689298279E-002
 -0.456981172748532     
 -4.711071576347330E-002
  0.318624150555015     
 -0.342955969658907     
  0.478103092236096     
  3.314091860726241E-002
 -9.642559331512918E-002
 -0.761204601569968     
 
  0.125141228841733     
 -8.385177575416781E-002
 -0.125589054932172     
 -0.688805878893093     
 -0.463997248726216     
  0.287496058218479     
  0.844502869042869     
  0.249692335041307     
  0.224596820390493     
  0.194523906935165     
  0.250961464189231     
 -0.379697297765381     
  0.454155772555381     
  6.186763968898500E-002
  0.166799807985865     
 -0.135756389682735     
  6.721282211437396E-002
  0.318543967660260     
  0.363280497912163     
  0.225683210777927     
 -0.107037307503151     
  4.416167093792514E-002
 -0.298627759311471     
  0.206856293497046     
  0.256259193272073     
 -0.227515722345341     
  0.179435425210575     
  0.380934009801141     
 -0.310267859944116     
  0.313965510502550     
 
  0.200711343496275     
  0.220510363065418     
  7.837496483835572E-002
  0.289763332046431     
   1.01742150812221     
 -0.325565395902889     
   3.98150602434434     
  3.835890196789007E-002
 -0.199758804098491     
  4.058698349583248E-002
  0.596905446914888     
 -0.928876554330407     
   7.50967150530987     
 -0.178989221779910     
  -1.19299360232404     
 -5.058518092777298E-004
  0.331224474831982     
 -0.312160643523943     
  0.685607404686828     
  0.157119114552425     
 -3.476164314341700E-002
  0.432095408948492     
 -0.603794153614188     
  0.125319728859613     
   1.06274356714754     
 -0.190710551326867     
  -1.04719472570969     
  -1.46391885731128     
 -0.492689963860319     
   1.56188326813974     
 
 -3.939104761904762E-004
 
  tansig  tansig 
