     33 -    30 -    30 -     1 
rmse=  24.9986meV
 -0.330660980179228     
  0.429268278490151     
  0.314622167593831     
 -0.166653559773942     
 -8.165352255987936E-002
  5.207210951593266E-002
  0.311790054720910     
 -7.119009865652248E-002
  0.537423712552858     
 -7.528012394901516E-002
 -0.743983037142109     
 -0.239951581275108     
 -5.805652487179970E-002
 -0.111525958305257     
  9.897883938481630E-002
 -0.305007093397533     
 -6.935647822814847E-002
  0.194069974468664     
  4.450377612442816E-003
 -0.245063771590457     
  0.268048803346346     
  7.220525796740364E-002
 -0.356333603806826     
  0.115296340547967     
 -7.325580838501258E-002
 -0.552285726171920     
  0.543456042040631     
 -0.824911630378186     
  3.571416094703449E-002
 -0.266896472693823     
 -0.672271136472504     
  0.374031283814349     
 -0.263209997759882     
 -0.375872793370331     
  0.229148429800870     
  0.611382796089570     
  0.538210860644726     
 -0.952825050978848     
 -0.171437071673090     
 -0.496098241634773     
  0.530503247187587     
 -0.189958617130945     
 -0.662213406838911     
  0.977502864595748     
  0.183558290192586     
 -0.125822563469733     
 -0.328553588046865     
  0.190183390455911     
 -0.229482001343717     
 -0.319680954057103     
  0.254371236997313     
 -7.892251072657837E-002
 -0.110275246769357     
 -0.183744763709150     
  0.271369088711093     
 -0.479033924930074     
  0.323688859168124     
 -0.459367955125759     
  0.111717511488095     
   1.12543799115610     
 -0.609006410208403     
  0.872638828029881     
   1.29262752024018     
  0.614120834680462     
 -0.576551194626252     
  0.313617317841019     
  0.137333815003869     
 -5.158300017087427E-002
  0.198734478644912     
  0.312711846759438     
 -0.316872606732274     
 -4.814742819003425E-002
  0.307761355022793     
  0.582013684252227     
 -0.838808048001113     
 -0.251828910963012     
 -0.132845074209579     
  0.114529467742654     
 -0.204764363485122     
 -0.201120117582210     
 -2.568418807452212E-002
  0.206715859023531     
 -4.239806740933108E-003
 -0.549257606960724     
  4.401283988360392E-002
 -8.871243081055696E-002
  6.139685646354122E-002
  0.173692634347925     
 -0.407411619878408     
  0.657781167265220     
 -0.114730326757971     
  0.443437805097381     
  0.191338340119125     
 -0.460641043634201     
  0.386006053614013     
  0.923452612738245     
  0.527848647490139     
  0.387374650724286     
  0.414362290133153     
  0.340613542653126     
 -0.713960576065084     
 -0.726594737588540     
  0.632579113883870     
  0.427206389664043     
   2.07353661348990     
 -0.246775550665462     
  -1.02929053062560     
  7.461597982541562E-002
  0.672392049280427     
  0.178887699674578     
  6.820604865794393E-003
  4.925540439357464E-002
  0.294006198033465     
 -0.962658405557087     
 -6.316997748197775E-002
   1.05066078969081     
 -9.169304139601100E-002
 -0.105374881260804     
 -0.182819961559567     
 -9.984081642101772E-002
 -0.135535574120786     
  0.178248376688593     
 -9.027754344354938E-002
   1.74950565224447     
 -0.783742854532210     
  0.836900237740089     
  -1.20820450199367     
  0.597867984973647     
 -0.439569836946872     
 -0.502588656308419     
  5.161652138628568E-002
  0.624513030171419     
 -2.642179623577586E-002
 -0.509913181960087     
 -9.662049989643980E-002
  0.242758885559041     
 -0.767268198599374     
  0.137846578607410     
  -1.41992120294820     
  0.308977711096726     
 -0.134147047459715     
 -8.105188505662678E-002
 -0.878174210872777     
  0.272588422268279     
  0.722173248610652     
  0.463169008236976     
 -0.181318397590267     
 -0.463121012615465     
 -0.415276921493797     
  0.533179008762225     
 -0.427264423749826     
  0.375019236847103     
   1.02101040629592     
 -0.324485418735130     
  0.313009874222777     
 -0.757790336271539     
  6.762839823977275E-002
  0.833497731235598     
 -0.816794213585790     
  0.735141972075735     
  0.451441285621356     
 -0.507603605471640     
 -0.533736562778899     
  0.480395117705643     
 -7.592570934741688E-002
 -0.171007737912204     
 -0.327150145274613     
   1.00786109467455     
  5.749297032952967E-002
  0.334700491570533     
 -3.615608414290258E-002
 -0.282442183484510     
 -3.790627689259550E-002
  5.168326458619101E-002
  0.385637760929836     
 -0.153882279069768     
 -0.299465762317034     
  0.743282229941330     
 -6.004458736455213E-002
  9.036236074803676E-002
 -0.450407267378139     
 -0.490093354415028     
  0.393707654455576     
  0.311173287641645     
 -0.748831164966206     
  0.514758533330186     
  1.623725626215632E-002
 -0.191492587459879     
 -0.828828236915021     
 -0.336625970330030     
 -0.292224023176232     
  0.762629647401534     
 -0.472386460151104     
 -0.365190797919615     
  0.125272364173700     
 -0.918499629065325     
 -2.020840895138820E-003
 -7.802084553460407E-002
  0.112418633903911     
 -0.221796079786320     
  0.161327109009479     
  0.270120432994942     
 -0.942189359709027     
  9.467909252495842E-002
 -0.186991873904547     
  0.127432771801201     
 -0.479750845209590     
 -1.554569316828892E-002
   1.19668126793032     
  0.510055037359198     
 -0.527257712407788     
  0.526959546493012     
 -0.510852991699230     
 -9.111137418038753E-002
  0.324750601668779     
  0.222592155442627     
  0.115760544748485     
 -0.633519587848963     
  0.227317109333326     
  0.333347835984555     
  -1.12264470846287     
  0.249743577039125     
 -0.126555092650739     
  0.883883359472200     
 -0.172944571101426     
  0.352990506984152     
 -0.472299104062906     
 -0.298273033906847     
  0.187670323817666     
 -0.452814418293207     
 -0.932259527695730     
  0.183559721488993     
  0.476109596099362     
  0.243878431641046     
  0.243959981065711     
  0.141926660109971     
  7.935719998423844E-002
 -0.186348816175643     
  1.723007597137187E-002
  0.140926096518828     
  0.178941115363734     
  0.754629810998239     
 -0.532452625753513     
 -8.155239983885289E-002
 -0.270668231992099     
  0.496491550022918     
 -6.160089967182269E-002
  0.105143965240913     
  4.842408512681983E-002
 -0.854949630458959     
 -0.356289577363229     
  0.333312732442096     
  9.440538094576961E-002
 -0.608343657396017     
  0.649498463055017     
 -0.125536715967637     
 -0.680967420221143     
 -0.445964251827596     
  0.247866229853619     
  0.551443671452443     
  -1.00109487648911     
  2.422276478411232E-002
 -0.778099526368401     
 -0.317272096955023     
  0.384717753199351     
 -0.230734812593944     
 -0.262302404547624     
 -0.206436402281197     
  0.474584041589004     
 -4.699040861383032E-002
  0.887717721472099     
 -0.100255661786101     
 -2.515149462491180E-002
  0.435771911979797     
  0.179541362336265     
 -0.224958253641936     
  8.250744183012923E-002
  0.224963607038000     
 -9.940308156768909E-002
 -0.644741144818476     
  0.588379577047748     
  0.267474511319257     
  0.343491962164394     
 -0.458769102498762     
 -0.825125350329176     
  0.211056231535323     
 -0.172393099836310     
 -6.506674949953764E-002
  0.436603875090765     
  -1.17354089585502     
  0.541292062824135     
 -0.535871361726897     
 -0.988958444441947     
  4.384239633118144E-002
  0.437665082592186     
 -0.298396300088517     
 -0.358559111607549     
  0.293631733810450     
  0.149079837156075     
 -0.354633317203864     
  5.557442617485422E-002
  2.722404973491384E-002
  0.372454713184951     
 -0.299020949906891     
 -2.063310386732959E-002
 -0.913602751740316     
  0.620305083680918     
  3.589502676131838E-002
  0.122962657377263     
 -0.379373991377484     
 -0.545779025059649     
  0.552804464576364     
 -0.365794819117129     
 -0.215147049582254     
 -0.294499136489667     
   1.08248749387364     
 -0.628601537026474     
 -0.249513819412145     
  0.341630310800104     
 -0.132121306909900     
  0.638171232551379     
  0.135766043670243     
 -0.819419036176023     
 -0.446833316888232     
  0.512356799084186     
  -1.11991750727157     
 -0.309863309059750     
  0.611535389841248     
  1.624233267981365E-002
  2.352944489342046E-002
  0.205716521933541     
 -0.145383441299887     
  8.179249927439293E-002
  6.357894218974322E-002
 -0.441187179422999     
 -4.068406857187210E-002
  5.597510757946118E-003
  5.448140382718678E-002
  -1.05135513108478     
  0.507051907385732     
  -1.10559722246606     
  0.225271644625259     
 -8.227525693734017E-002
  7.976574222058526E-002
  6.832458305497527E-002
  0.531762737629089     
 -9.733406392109550E-002
 -0.243564733549042     
 -0.346017722370600     
  0.755213985051556     
 -4.073521466611094E-002
  5.388466628068250E-004
  6.038714639186472E-002
 -0.231300868821326     
  2.300487428194126E-002
  0.436932701370576     
 -0.615192263877522     
  0.608132194064532     
  0.179254052202501     
  0.513106973785662     
 -0.328132019715451     
  0.777658121114023     
 -6.649615952065063E-002
  0.186735991204595     
  0.208715726186833     
 -0.955443221345623     
  0.221195709966118     
  0.552278997626034     
  0.139269760806389     
 -0.863710939783024     
  0.638115606674461     
 -0.968961671314446     
  0.325923291694740     
 -0.868838258567886     
 -0.521460378207748     
  0.410129349225484     
  3.291766227419823E-002
  7.020846561346877E-002
 -0.549191999381320     
 -4.142801309199713E-002
  0.138711259285690     
  0.100432945566385     
  6.865321802469859E-002
  4.150384307431817E-002
  0.348374940332426     
  0.393391374469138     
 -2.734937395960991E-002
 -2.003752147614836E-002
 -0.400120590662500     
  0.155752632090808     
 -0.218173568388048     
  0.207587769689465     
  0.275236008318889     
  1.566209028027396E-002
  2.925451039384802E-002
  0.372005089033448     
  0.205433962299663     
 -0.124265142328438     
 -0.742464234531264     
  0.121555491370526     
 -0.709609470497382     
 -3.291173320725054E-002
 -0.324306108190176     
  0.123841514116550     
 -0.300578827952778     
 -0.266439919784980     
 -0.339504727218879     
  0.405361562647492     
 -0.128261141550097     
  0.501034471702948     
 -0.412223702007376     
  9.157778222780344E-002
 -8.436099495796701E-002
  0.156272054463410     
  0.451725639144521     
  0.454097642997904     
 -0.218645869628630     
  2.127274384598583E-002
 -0.228504992782286     
 -0.254093036205069     
 -3.900771205529154E-002
  0.608136683299406     
 -8.471575934047414E-002
  0.237766637698044     
 -0.495101976365899     
  0.811455092295219     
 -0.283323460479348     
  0.570468224640264     
 -0.268029605202328     
 -0.776168030861559     
  2.059359647295863E-002
 -0.226919339061497     
  0.475079591469257     
 -0.675492843237030     
 -2.683378523315473E-002
  0.331388752495965     
 -0.132596550330904     
  0.794042629718380     
 -0.354990156880632     
 -0.373523146277711     
  0.407421086006342     
 -0.581192598927426     
  0.181478388629932     
  9.582082360938021E-002
  0.686117040151664     
  0.660536582018262     
 -0.207484052041688     
  8.286484916246784E-002
  0.445048821783201     
 -0.549046439027633     
 -7.054684432421306E-002
  5.995894316935253E-002
  0.605981772176411     
 -0.277926705206294     
  0.142418813737475     
  5.140197589808838E-002
  0.215408199867062     
 -0.342789364090005     
 -0.258976067883018     
  0.365892669031584     
  0.346510593765662     
  0.168527648254483     
  -1.29602953553719     
 -0.290622817929490     
  3.377792965056073E-002
  -1.06999307632863     
   1.85124343500441     
  9.481017255782359E-002
   1.00061818869515     
 -0.570257544546672     
  0.491949287641776     
   1.27513389845063     
  0.158666505303409     
  0.955212190821893     
 -0.494690650572501     
   1.39797489601900     
  -1.35637003127264     
  0.671369154838918     
  0.566648550796243     
  0.755596043805310     
 -0.884414045452445     
   1.24768451452705     
 -0.691849245926267     
 -0.493608979959650     
 -0.603929718144557     
  0.273220916864881     
 -0.577501013177283     
  0.884307414991498     
  0.144080437271139     
 -0.696837805849589     
   1.49596089932521     
 -0.477858112564161     
 -0.399529696725243     
  4.598716104296346E-002
  -1.41308440625634     
 -3.851248091603282E-003
 -0.344503646219710     
  0.839880142061140     
 -0.165174657717952     
  0.431906736359602     
 -7.651810292254900E-002
  0.448394489688122     
 -0.197254223084561     
  5.594573360063668E-002
  0.538560841500615     
  0.728548770292115     
  2.829523789100708E-002
 -0.102446697460574     
 -0.149245018073203     
  4.513507321775267E-002
  0.217491740135833     
 -6.458489920613805E-002
  0.210229798100106     
  3.285345674731129E-002
 -0.625449579445264     
  0.239138706571290     
 -0.376317473094568     
 -0.342888519134619     
  0.312017028226156     
 -2.817632284134982E-002
  4.184645811497583E-002
 -2.139507991378731E-002
 -0.149616315194315     
  0.121608631081763     
 -1.007830015958654E-002
  0.254764076370499     
 -0.459594179484916     
 -0.398758837336915     
 -0.193581085953625     
  0.340546152296912     
 -0.398043644319312     
  2.126401312070195E-002
  0.135966721737626     
 -0.180694105653213     
 -7.247107709260583E-002
 -0.256988397050931     
  0.178258946284656     
 -0.401795738404571     
 -0.373754172856352     
 -0.337336844375517     
  0.349789396973636     
  0.401405870322643     
 -0.142513370402598     
   1.22024122827402     
  0.169833327728265     
  0.822818980572940     
 -0.768446826611980     
 -0.170765444253707     
  0.670691958094097     
  0.829008933745254     
  0.269089520709617     
  0.177292534480714     
 -0.158001662445624     
  7.885434104181270E-002
 -0.736400722121557     
  0.605206882398855     
  0.524515300072978     
 -0.237489393117558     
   1.01155255108383     
 -0.256257546297487     
  -1.30526326734851     
 -9.207628143444217E-002
 -9.256940402888096E-002
 -8.574377593761928E-002
 -0.416801812121450     
 -0.450889092034434     
 -5.795069659742436E-002
  9.968962335997437E-002
 -0.172866381424753     
  0.881680228689116     
 -0.421765256981599     
  0.215415712494671     
 -9.233077788845181E-002
  2.634589347980118E-002
 -8.939646171285345E-002
  8.062019095431480E-002
 -0.154916203658058     
 -8.783981027442710E-002
  0.220001732642618     
  0.184841744764954     
 -0.372405896486785     
 -3.255995993066177E-002
 -0.212701536287590     
 -2.854042189192776E-003
 -1.121020681731820E-002
  0.303657040529271     
 -0.201842631772670     
  0.406161382819488     
 -0.271122755316958     
 -0.217646747533060     
 -0.660189203851860     
 -0.115047659947480     
  3.448000677120240E-002
 -0.463680477463637     
 -0.136313069823167     
  7.092736380298415E-003
  0.171668925083499     
 -0.214487448168380     
 -0.407515704997239     
  7.046304490831758E-002
  0.479181464192862     
 -0.261669163104623     
 -9.811478181323639E-002
  1.891664285887085E-002
 -0.560970524451106     
  6.893071322902538E-003
  0.261594537025744     
  4.136827786128598E-003
 -3.051314262949517E-002
  0.355287365917222     
  0.305798810658300     
 -0.290361120954193     
 -0.542292916837348     
  6.714584654040745E-002
  4.448961837133735E-002
  0.219738726027178     
 -0.156455335181700     
 -0.478807783266550     
  0.223004274393025     
  0.209599872957771     
 -0.510656491922885     
  0.271346070961787     
  0.286713260115340     
 -0.472563575623907     
 -6.602452826289356E-003
  0.254403914749633     
  0.101372503625474     
 -0.107407070413330     
 -0.106571773776890     
 -0.691082495886493     
 -0.353780789590635     
  0.338690516444760     
 -2.230747732445329E-002
 -0.870925204524758     
  0.225022674279103     
 -0.131558158712930     
  0.125179402335066     
 -0.192612642537550     
  3.124130361846947E-003
 -2.904163968357174E-002
 -0.150156822442396     
 -4.616187632403906E-002
 -3.960533274361826E-002
  6.880812225590560E-002
  0.215449423883080     
  0.417244768046784     
 -0.287229800003435     
  0.346598934483625     
 -0.426290010061782     
  0.674303754339317     
 -9.136317693692311E-002
  0.220972536378708     
  0.291998167384044     
  5.868263352199373E-002
  0.149771465765294     
  0.294372221140801     
  0.368115930379843     
  0.287957273702312     
  0.200504979726363     
  7.802328272255496E-002
  0.133760521950101     
  0.560217565470793     
  0.657021005200410     
  0.176354425676255     
  0.520735999716765     
  7.404997901403472E-002
 -0.495168511313033     
  4.134814060977662E-002
 -5.714368333941424E-002
  5.254383380425154E-002
 -0.320152197824001     
 -0.627109650245477     
  0.191353202832935     
  0.136996745470756     
  0.162489518799126     
 -0.208971177234544     
  4.604869552479750E-002
 -9.554613728423268E-002
 -0.597746996112406     
  0.682056520276009     
 -0.531608315351889     
  0.511954256877596     
 -0.598642928097874     
 -0.137623460389970     
 -0.227989707880449     
 -0.165817706812818     
  0.156161971113190     
  0.264764422658157     
  0.286577875854934     
 -0.483434651836517     
 -0.136644659993159     
  9.676960469880941E-002
 -2.915126329535352E-003
 -8.096393429928668E-002
  0.304842977877791     
 -0.156072012642711     
 -0.270581517498628     
  0.953879098163316     
 -1.340986386842015E-002
  0.446059644949755     
 -9.922259610869966E-002
  0.158725285966933     
  0.127930794188544     
  0.718783040749486     
 -0.477428402656105     
  0.937522825725936     
 -9.649865159897672E-002
 -6.749779344810466E-003
 -0.393186257318107     
 -0.287686582402897     
 -7.645614978848513E-002
  0.263656360169019     
 -1.574170466462867E-002
 -0.277046202412412     
  2.691759203731735E-002
  4.437641595535279E-002
 -0.805371312191326     
  1.150806463342257E-002
 -0.273769384477882     
  0.302853440780016     
 -0.587851392301300     
 -0.436164521008830     
 -0.401689758619774     
 -0.332830792909122     
 -7.620013388044378E-002
 -0.740812654008989     
  2.085535220492709E-002
 -0.182320210569073     
  0.875830568984871     
  2.844625075520037E-002
 -0.925407036068809     
 -6.213906522341789E-002
  0.357442638633564     
  1.666709113049439E-002
 -0.109764461876966     
 -7.497142375558891E-002
  3.763374209201273E-002
  0.211898730543530     
 -0.404978537272445     
 -8.227719085619029E-002
 -8.056377261397911E-002
  0.200149371859556     
 -9.370461410060289E-002
 -0.255586984743315     
  0.350615370102528     
  0.136744136731336     
 -0.236559430640641     
  6.613383080109070E-002
 -0.232795232713030     
  0.130921665496976     
  2.863385114024410E-002
  0.370696203640187     
 -0.262489137705758     
  6.806138119136789E-003
 -0.647595465632790     
  0.287472934612369     
 -0.465747020121535     
  0.201542193345577     
 -0.298067433309132     
  0.194833248553707     
 -0.720230745294963     
  0.502297467890126     
  0.559890988764587     
  0.555327575353239     
  4.656546858471363E-002
  -1.20458845522754     
 -4.716011394863964E-003
  0.540019567625681     
 -8.379569439197290E-002
  0.429223429366452     
  9.268008827292224E-004
  0.107154694745779     
 -0.317461728758789     
  0.198321897607259     
  0.598941277726109     
 -0.631229849318312     
 -0.412878643539693     
  0.428898444923395     
  0.193979451519233     
  0.316514860718866     
 -0.294982671629819     
  0.209690057517994     
 -1.476513168880220E-002
 -0.430145754320565     
  0.758343574165123     
  -1.01125903151754     
   1.07571588930174     
 -6.242087266731737E-002
  -1.48958352104731     
  -1.02620739559486     
 -0.327197733629144     
  0.893456476229246     
  0.202701011024736     
  0.296771224951324     
  -1.64624581087566     
  0.724563409363064     
  0.270698760863313     
 -7.410251778498653E-002
 -0.173779225688288     
  0.239578876402093     
  3.480059042612312E-002
 -0.481516545697474     
 -0.742470203721828     
  0.463382342947267     
 -0.182923855311061     
  0.247869737318177     
  0.353916716693928     
 -0.334957229375643     
 -0.346515173087329     
 -0.119732443136693     
 -0.409422630659457     
  0.583003767371865     
  0.279558969639483     
 -1.190833710177305E-003
 -1.358850676283409E-002
  0.478796200003234     
 -0.271613198966149     
 -0.861279620993788     
  0.190515904043595     
  7.867509500597175E-002
 -2.496950493038758E-002
 -0.265598195009586     
 -0.258664678607743     
  0.424992720103563     
  0.321740326419967     
  0.479235418958958     
  0.427223511098672     
 -0.765757344246748     
  0.229404510891425     
 -0.218670565470200     
  0.161645077101089     
 -0.285418715037770     
 -4.957249700715420E-002
  0.785720535369761     
  -1.19233633875799     
  0.604380104455162     
 -0.437026158416629     
  0.397461726185778     
  6.446466354638833E-002
  0.206822387971125     
  2.185273261636884E-002
  0.447671292199423     
 -0.105438485363666     
 -0.164232671770624     
 -0.157977693858711     
  7.813518757567391E-002
  0.499283895343365     
  0.279588986437574     
 -0.218358826523650     
 -1.656212961881240E-003
 -0.224465778611160     
 -0.192256859906756     
  0.229170991075544     
 -0.291808628470810     
  3.031574103128649E-002
 -0.135833270810455     
 -0.245444651602913     
  6.542319776691050E-002
  2.940256765862772E-002
  1.862997412657114E-002
  -1.25733506952507     
 -3.637521131598288E-002
 -0.636627777020985     
 -5.042361948618689E-003
 -0.197597179624677     
 -6.441634087733832E-002
 -0.183707616673748     
 -0.248412290003225     
  0.371693126590159     
  0.394554052089672     
 -0.116399565401480     
  0.342179147598193     
 -0.154777404216912     
  0.417634359649112     
  0.245077529504812     
  0.614859756930524     
  1.705945073049895E-002
  0.464085243867042     
 -0.447329127129289     
  7.391994779066427E-002
  0.414134920341638     
  7.795417691279133E-002
  5.115458391527317E-002
  0.165784334177281     
  0.142546228281042     
  0.209108692047546     
 -4.289363392263121E-002
 -0.324394837422812     
 -0.125717909182462     
 -0.168863696631362     
 -0.336161617571250     
  8.841619671525093E-002
 -0.159881681883194     
 -5.922253531149414E-002
 -0.151311806514894     
  2.766156448180233E-002
  1.217753529405387E-002
  0.575266064811854     
 -5.196714642836934E-003
 -0.522522903486629     
  0.513057971325273     
 -4.254639321979813E-002
 -0.150874126360403     
  0.134674809211249     
  9.620464644809273E-002
 -0.199460289471920     
  0.185200972191213     
  0.120250094376913     
  8.054872724192561E-002
  0.436466513995981     
 -0.433384190015818     
  0.479932953169166     
 -5.621474939351490E-002
  0.204082668539460     
 -0.119679442492607     
  0.100404629332231     
  0.490010850988354     
 -0.108203598891077     
 -0.127201670068975     
 -0.144864295593338     
 -9.935856720492525E-002
 -9.045661764510922E-002
 -0.152041748944087     
 -5.932148274386391E-002
  2.036726060092639E-002
 -0.367184762159823     
  0.227117773650337     
 -0.331771032333863     
  0.489550991910400     
 -0.128588180879186     
  0.841139670597401     
 -0.373376480480442     
 -8.137569794785686E-002
  0.984373010683423     
 -0.132305994784245     
 -0.185770886969300     
  0.355391978544574     
 -1.610788384992327E-002
  0.213912230186295     
 -7.956645804014335E-002
 -0.419094358880034     
  7.327677271612100E-002
  0.127444745548720     
 -0.326718252235863     
 -0.310224798432608     
 -0.252363180170082     
  9.323101583449207E-002
  7.982165923719020E-002
  0.267853841562408     
 -0.494192929185342     
 -0.195272149004056     
  0.115786684452339     
 -0.832882381048810     
  0.242681284582268     
 -0.561122975565100     
 -0.341148027224712     
  0.348709328859333     
 -0.201242982736915     
 -7.062296482082735E-002
  0.411605295546123     
  5.517927928922770E-002
  0.438728478540642     
 -8.991473129017994E-004
  0.145509363529476     
 -0.216038685961256     
 -5.508939572314891E-003
  0.253551551461115     
 -0.721422275148852     
  9.775038250791744E-002
  0.124731299279620     
  0.651598978368850     
 -0.667369510808719     
  0.206839129265761     
 -0.321561881412074     
  0.527976230543827     
  0.280917025703248     
  5.950266799019929E-002
  0.100728409791798     
 -0.167655481781722     
 -0.103409517714854     
 -0.178603250841330     
 -0.236492362672628     
  0.539854662058878     
  0.295657049273988     
  5.653024299276025E-002
 -0.345269697063474     
 -0.312824730993855     
 -0.186965422135596     
  0.422719960149417     
 -0.305850500382011     
 
   2.19695106375766     
  -1.29027818817917     
  -1.74165105094426     
  -2.01091184697469     
 -0.392274951546086     
   2.14826434811256     
 -0.786206341982361     
  0.995586229634845     
   1.34523742891019     
   1.26118849704945     
 -0.549797897350405     
   1.28391535804003     
 -0.354956828022197     
  -1.76445992623331     
  -2.07878210707027     
 -5.490861639414210E-002
  -2.11061325197555     
   1.01718313199558     
  0.379502058597070     
  -1.23912807020789     
 -5.581845356893605E-002
   2.50052662060601     
  0.554139037454926     
  -2.44928422718662     
  0.537735407225996     
  0.373248273274972     
  -1.18128616885297     
  -1.31749443902693     
  -1.45714110991710     
  0.576573941510824     
 
 -7.891619068528476E-002
  0.779215631694074     
  0.717132538532578     
  -1.14974975152851     
  0.259241519415938     
  0.465849707289396     
 -0.286848324668169     
 -0.964426205433809     
 -9.905711069875128E-003
  0.811965926795299     
   1.05669132517425     
  0.483788253662242     
 -0.812265023152141     
  0.706457574182815     
  0.706224714526080     
  0.261217922057252     
  0.527965599009542     
 -0.260737537630626     
   1.47586182603929     
   1.44230235917533     
  0.212853354946940     
 -0.780646522521559     
   1.35043093632026     
 -0.697095516062395     
  0.728033391652960     
 -0.730933206236450     
 -0.180429954515966     
 -0.122310263911932     
 -0.231473928879768     
  -1.03768317741826     
  0.575800140824720     
  0.364380503856085     
  0.802501594835395     
  0.224302631471778     
 -0.114011233806335     
  0.208143102911592     
 -0.274256146642099     
 -0.428577385696922     
 -0.329697761977528     
  0.295271824204048     
 -0.198526906018236     
 -0.967820016585197     
  0.470316666335918     
  0.254584402830959     
  4.734317557542621E-002
  0.968475628305335     
  0.660118436493307     
  2.929966205849612E-002
  0.123826427883519     
   1.30033028257251     
  0.344001277662845     
 -0.465722804342191     
   1.42658621046259     
 -0.111998579298603     
  0.417678090242326     
   1.57749877251954     
 -0.101051015509915     
  0.211530678674190     
  0.175439172165925     
  0.258446367665149     
  0.292959031468827     
   1.24993938333725     
  5.125643264009934E-002
  0.828431628212522     
 -7.061356457342904E-002
 -0.563151649085647     
  0.754730928542573     
 -0.406859370503378     
  8.365379464465335E-002
 -0.191121082319936     
 -4.331206715712362E-002
 -0.156550692269000     
  0.768528844729003     
 -5.606696552470014E-002
  0.183763837181064     
 -0.489952772707224     
 -0.169002000311951     
   1.49810757267265     
 -0.583197058051690     
 -0.295295910891236     
  0.120145430296890     
  0.917097548119554     
   2.11429734240565     
 -0.132283677083822     
  0.839191566837909     
   1.38705026207931     
 -0.186975602340247     
  0.105664303932495     
  0.801194163241023     
   1.15801828400347     
 -0.503748386449311     
 -0.144253491027126     
  2.535309714342680E-003
 -0.189108410252750     
 -8.473801658823288E-002
 -2.114561113453076E-002
  5.086125091199308E-002
  0.651168014964732     
  0.112711177389436     
  0.201107332933922     
 -6.667475119066686E-002
 -0.473840749974628     
  0.488931426494897     
  9.181291535049212E-002
 -0.687079317226619     
  -1.25214309689482     
  5.400295116698649E-002
 -0.161410012748375     
 -7.525908526687738E-002
 -0.698626994453289     
 -0.537801897382886     
  0.834822145741826     
 -0.606097238523055     
 -0.780100373293159     
 -0.203517966381822     
  -1.51607760297006     
 -1.861691292953251E-003
  0.775781545390011     
 -0.119548867891133     
 -0.236332239235112     
 -0.364222306703689     
   1.97190305582835     
  0.841024470901885     
 -0.167175618641066     
  0.211567981106647     
  0.913972760063675     
   1.24436861972440     
  5.449623457370222E-002
  0.436032027569801     
  0.431037718656177     
 -0.364945546465860     
  -1.17349607044790     
 -0.115361316305862     
 -0.397251342782295     
 -0.217835085607439     
 -0.100642759916370     
 -0.164272209828153     
  0.464463758195871     
  0.403141031107534     
  2.774504054080680E-002
 -0.550092242263859     
  5.369223886069552E-002
 -0.504350785503982     
 -0.208051498372362     
 -2.896885927347214E-002
 -4.380231451334957E-003
  0.713302556995792     
  0.319397533487884     
 -0.845294814420211     
  0.105295589159433     
  0.965233496307912     
   1.07533948500393     
 -0.863089444724273     
 -0.348121303377461     
  0.129036697200396     
 -0.303138346892701     
  9.079589949879412E-002
 -0.526325982470424     
 -9.107118529526068E-002
 -0.291645569339847     
 -0.166593394131802     
  0.455971740857525     
 -0.627435456558337     
  0.253304414413448     
 -0.833949122331245     
   1.00262741594375     
 -0.423083755101647     
 -0.575639845228894     
 -4.655461056352485E-002
 -0.204555851900012     
   1.00514259288835     
   1.12422989444022     
  0.619823833502682     
  0.996268950645870     
  0.616711358370813     
 -0.584707852294304     
 -7.964112875952593E-002
  0.336729217132348     
  0.305588177397365     
 -0.552189263509317     
  0.563652153292709     
 -5.765823956821677E-002
 -0.331140785352502     
 -0.265656063094574     
 -0.207879534695132     
 -0.466885317146174     
  0.131558496578640     
 -0.223423306689518     
 -0.747805011124860     
  0.381685884255564     
 -0.326249174101558     
  0.145333261974875     
 -0.376800682705829     
  0.211552186277943     
  -1.02797239413513     
   1.02142059244305     
  -1.38752793004986     
 -0.668188916156833     
  0.243549448058333     
   1.33414193983530     
  0.404119860977124     
  0.105538529184814     
  0.251740170354594     
  0.953681400657508     
  0.467870983923057     
  0.642688320075977     
  0.987393643167765     
 -0.364511079519166     
  0.446173307127047     
  0.347365353842341     
  0.383350451062828     
  1.712760774189076E-002
  0.114913449455442     
   1.13800073870080     
  0.107091844918284     
 -0.315795387302140     
  0.125357559864602     
  0.710270078421301     
 -1.553657983677307E-002
 -7.153780965584351E-003
  0.175322204147832     
 -0.184198355147379     
  0.295867102467361     
  0.159948630954502     
  0.467841576268878     
 -0.481715844809732     
  0.562402460646905     
 -0.251130586635986     
  0.567178889644917     
  0.314337861724678     
 -8.438014749246754E-002
  0.459274892898189     
 -0.730724304053086     
 -0.171168784860854     
 -0.138989901853070     
 -0.888059139224008     
 -0.257116259952435     
   1.42502752601968     
 -0.197399663511261     
 -0.443055988698981     
 -0.506255840789025     
   1.08155136405994     
  0.506202013313485     
 -0.569660255050439     
 -0.629916479402790     
  0.732700571302486     
 -0.837358415276493     
 -0.404057784937865     
 -0.239541207586073     
  0.705848089647337     
  0.763804423591877     
   1.10569721716692     
 -0.312353904109561     
  0.138052871229724     
  8.670781290221539E-002
 -2.869839422653695E-002
   1.19058323414631     
  0.251627259990775     
 -0.532755493932925     
  0.481215836622823     
 -0.684816413487649     
  0.207575864081368     
  0.402927880102654     
  0.624055213179774     
  0.206804305914933     
   1.59370110066138     
  0.386124444657249     
 -0.699865848289053     
 -0.778999211979045     
  0.818245802710480     
 -0.706236707739585     
  0.901673108332733     
  0.429002242448318     
 -0.556579433109103     
  0.812814113870829     
 -6.833417406326400E-002
  0.573799917851327     
  0.185179000805799     
  0.538321241902817     
 -9.173245356228843E-004
 -0.127102481934083     
 -0.597856000617146     
 -0.264837816013122     
  6.797576706388603E-002
  0.449339398141615     
  1.052829869858017E-002
 -0.185867714014013     
  7.102654562076247E-002
  0.964067335534345     
  0.667001962050381     
  -1.02727762201596     
 -0.105905564414868     
   1.53576141806260     
 -0.548662473528535     
 -0.324223410969024     
   1.03107454683508     
  0.321321184440725     
 -0.628943664372987     
  -1.02539776534281     
 -0.425627610251380     
  0.161375195367137     
  0.535434477637643     
  0.176627135880464     
  -2.23120947500974     
  0.134117011491585     
 -0.608250884936543     
 -0.342728395060785     
 -0.700842670234703     
 -0.273130280194052     
  0.157966439510493     
  0.969171531339452     
  0.636605875783537     
  0.521904701842505     
 -0.303919554555599     
 -7.779927228537387E-002
   1.00240539649123     
 -5.279363890284335E-002
  0.329729655282845     
 -0.140632726875323     
 -0.140244124186994     
  4.411673370341514E-002
  -1.37131607980409     
 -0.885142161009274     
 -0.441757849348078     
 -0.224226999621688     
   1.23789906028108     
 -0.594266296591883     
 -0.422977818408434     
  0.264801556300003     
  0.435041892642532     
 -0.615242663546777     
  0.982984890887000     
 -0.524434236846166     
  5.272166994476236E-002
  0.403384996837425     
 -0.481005249519763     
 -0.143190679866417     
 -0.573107326543905     
  0.165138180599207     
  0.706456565484660     
  0.426871764952547     
 -0.624647565265841     
  8.560389026481466E-002
  0.306541634755676     
  0.377457300404014     
  0.121212094993430     
   1.09516673270378     
  0.600384030980416     
 -0.589561318101284     
 -0.432887631088929     
 -0.178700530394031     
 -0.957553175631399     
  -1.16204813630992     
  -1.02309044138361     
  0.320066257188074     
  0.439774233196457     
 -0.545196848191832     
  0.909291235388878     
  -1.33432723203159     
  -1.89484440808337     
  3.767833741747488E-002
  0.324199637629560     
 -0.262813101392193     
 -0.197064968900604     
 -0.118059349972410     
  2.115355185550297E-003
  0.220903465961023     
 -0.313473802311205     
 -0.942693961214600     
  0.415368152163092     
 -2.192353045409997E-002
  0.249410481349120     
 -0.376603191814922     
  3.461525908475714E-002
 -0.198110889936392     
  0.277675088867076     
 -0.642608792077765     
  0.588133370834427     
 -0.355139044808230     
 -0.514955875509076     
  0.583735077471728     
 -0.327066612075631     
 -1.502821101828376E-002
 -0.438637312277549     
  0.300413387754803     
  0.307744811191738     
  0.209697280865564     
 -0.708421197963099     
  0.107860616720760     
 -0.134188677816392     
 -0.513324818876193     
  0.821071795502686     
 -0.583171508338419     
   2.11550035219622     
  7.037178526308802E-002
 -0.253291783389890     
  0.480103025086816     
  0.823655767486022     
  0.937590799994758     
 -5.934621179418983E-002
 -0.578814387581619     
  4.870932937201769E-002
 -0.382791138290975     
 -0.931843438139791     
 -0.397459224670203     
   1.33081723466939     
 -0.226308847658666     
  -1.61329610416819     
  0.376397922975513     
  0.134676801283441     
  0.528939133888091     
   1.37192710622911     
   1.01628272679975     
  0.505521170464011     
   1.57872819889290     
 -0.902067561660352     
  0.755026593322943     
 -6.409003257471808E-002
  4.954929131019947E-003
   1.51017937422079     
 -0.446292948464060     
  0.229771841880363     
 -0.568878751506284     
  0.240078360219039     
  7.442029317647879E-002
   1.10358254755076     
 -0.643877425934966     
 -0.475443865414370     
  0.328383068980235     
   1.54742930001992     
  -1.09646865679941     
  0.224355929955988     
  0.675011811783464     
  0.349679073785224     
   1.58603384497267     
  0.101520074355955     
 -0.330004282665767     
 -0.209760446936489     
  0.765107206558930     
  0.206559275247431     
  0.384467398144332     
  2.776678235067027E-002
 -0.172601914672584     
  0.352679632506378     
  0.845207952470465     
 -0.631414521118872     
  0.668729993701662     
  0.959475885857862     
  0.178957236627122     
 -0.251322487897387     
 -0.741785281476136     
 -0.507270470881720     
  1.942415312235803E-002
   1.28358384710512     
 -9.295926585773297E-002
  0.509608735966202     
  0.550238884614178     
  0.761659397868988     
 -0.344965932442446     
 -2.944099095558242E-002
  -1.13973158923080     
 -0.588086936918439     
 -0.303067413496302     
  2.493577411130692E-002
 -6.463281700978722E-002
  -1.37839617822242     
 -2.263330989229677E-002
  0.255294166688426     
 -0.208342417597792     
  0.124847100932865     
 -0.131651829016197     
  0.890638205019579     
  0.863682938396973     
  -1.21364740251007     
  8.336717552349512E-002
 -0.655648000369382     
  0.566433199869500     
  0.394313391431546     
  2.236967044023303E-002
 -0.532676578868101     
  0.564207207086279     
 -0.154731195869306     
  0.705957795626987     
  0.361666636009668     
  9.718845151107849E-002
 -3.545967860993541E-002
 -0.208563096909596     
  0.216818806820489     
  0.252128306552915     
   1.02174211048467     
  0.282045895662063     
 -0.818346242862407     
  0.533694809499614     
  0.652496399837492     
   1.16160465730028     
  0.358170259344018     
   1.40989909888517     
 -0.520556347772655     
  0.119361026952130     
  -1.24058951249680     
 -0.835031695059548     
  -1.71009764092015     
  -1.04720065435735     
  -1.96324329187811     
  0.273592312762105     
 -0.176439068724360     
 -0.148001928153883     
  0.772650689959313     
 -0.176940590251571     
 -0.466863861380130     
 -0.474080703899711     
 -1.270254694045772E-002
 -7.071811757158351E-002
 -0.368002019704841     
  2.118512997800226E-002
  1.197678159844686E-004
  0.632981404118561     
  0.134197595559348     
  0.161495969945290     
  0.616212864517671     
  0.258813476834431     
  0.377945051492363     
 -0.557349257579512     
  8.505019377112362E-002
 -0.708755534735790     
  5.911370453232551E-002
  2.906485893185460E-002
  0.284893821537255     
 -0.827880198500440     
  -1.29400527318710     
 -0.331033967662255     
 -0.294927044295252     
 -0.235079240104923     
  0.288564326244067     
 -0.742218682588650     
 -0.120102665403754     
  0.124045554677766     
 -0.442497893175487     
 -3.983396256650554E-002
  6.526352757156199E-002
  0.436581035846785     
  0.736694979414076     
 -0.524690483996192     
 -0.808084535564501     
  4.084256360371278E-002
  5.598210152523216E-002
  0.176482190805607     
  6.134717923135832E-002
 -0.521568212725516     
  0.308259566255510     
  0.414507634209101     
  0.259075491435044     
 -0.414160132546373     
  0.255965720368597     
  -1.18218048685691     
  0.577592466889863     
 -0.773923242268233     
  0.405237737581012     
 -0.287465607670330     
 -0.400101260326453     
  0.252641758151051     
  -1.53678283535666     
 -9.304756976222961E-002
  0.567216108585786     
 -0.341181072342333     
  0.698954873344285     
 -0.211356492397016     
 -0.101617228604691     
  0.466201860785351     
 -0.265151534098714     
 -0.902042073882421     
 -0.492189752613352     
 -0.244908880234877     
 -0.215878268076262     
 -0.206852027351364     
  0.318318595650940     
  0.117208885595404     
  0.716486867701583     
  3.556069300784972E-002
 -0.740205968451824     
 -0.145244797056528     
 -0.380288932750142     
  0.248374330019119     
  2.246101719351434E-002
 -0.232605691593376     
  -1.15331011253170     
 -0.202283796778134     
  0.260221683493561     
 -0.386589051785247     
 -0.372427575166659     
 -0.459378637861720     
   1.14153063105299     
 -0.578141160535262     
  0.543739631800860     
 -0.512586622888218     
  8.918523921359221E-002
 -0.204602704377065     
  0.316844357007660     
  0.394021252471081     
  0.800095172849177     
 -0.172097197564290     
  8.739131666814386E-002
 -0.402464093221742     
 -0.457056751750713     
 -7.966139477798859E-002
 -0.314269563818983     
  9.869975946803669E-002
  0.240244195006989     
 -0.617620846630719     
 -2.052473614708792E-002
 -0.841961566142031     
  -1.18033632015009     
  0.314606235144928     
 -0.227221079099914     
  1.571389700989155E-002
  0.230537690064772     
 -0.276980603810998     
  0.466992330006216     
 -0.119982446362952     
  9.960798640308427E-004
  0.163089666903132     
  0.618678645411504     
  0.468041619304157     
 -0.680195479274003     
  0.163943727331617     
  0.752475754328912     
 -9.386116075615371E-002
   1.13341074472757     
 -9.135861737708155E-004
 -8.879879991053732E-002
  0.535144433263577     
  -1.71924148532543     
   1.15014393640046     
  0.524529448557431     
 -0.814470041071358     
 -0.369721064373936     
  4.661507590936357E-002
  0.595565175197223     
 -0.884594344820580     
  0.724308658099356     
  0.695515415758432     
 -0.255824976772607     
 -0.203384236200142     
 -0.841254696224169     
 -0.752298052785154     
 -0.116128529889204     
 -4.939649211597822E-002
  0.162770423678011     
  0.149269606143006     
  0.651774422498516     
  0.133281202024058     
 -0.136272532937892     
  0.579443325527477     
 -0.277488149108756     
 -0.458084970938828     
  0.482966770056547     
  0.489012874338240     
  0.907394374524281     
   1.13170796081403     
  0.815641241993017     
 -5.037694115368294E-002
  0.505080740552681     
 -0.405348161668987     
 -3.962944541434975E-002
  0.231361905223654     
 -0.861339629786502     
 -4.831304356397889E-002
 -0.153875980271129     
 -0.375552329004234     
 -0.416627717974897     
 -0.316796234592756     
 -0.399022814511735     
  0.787988415075823     
 -0.425668102152931     
  0.107250487772294     
   1.13321714062233     
  -1.18803210939345     
  0.479473886575349     
  0.590795426803234     
 -0.769340176541985     
  0.300598745853001     
  6.327708008743328E-002
 -0.151523939150098     
 -0.176874056331717     
 -0.433445662917411     
  0.523138862311474     
  0.351244377819210     
 -0.356542606196744     
  0.124192126107485     
 -0.741696934197924     
 -0.655511115082607     
 -0.231385638455723     
  0.476973523170531     
  0.318153870012137     
  0.510678028377026     
  0.227556514073766     
 -0.455872231488192     
  8.454816700440464E-002
  0.664764035512817     
  0.237599635877710     
 -0.517240106539926     
  0.307409005027946     
   1.06136867761480     
 -3.634708173433551E-002
 -0.216151054028894     
  0.192848066366339     
  0.428948269459281     
 -0.446890900430219     
  0.726787473701797     
  0.700727282165822     
  0.112038890179371     
 -0.105625246272739     
  0.394192146305455     
 -0.292365629523785     
 -0.442538510266232     
 -0.510370543434890     
 -0.251197096776621     
  0.686026052761525     
  1.410487558426940E-002
 -0.571765612906891     
 -0.666861578027634     
 -0.238684602116891     
 -0.584297252115321     
 -0.957413817684253     
  0.180205887340257     
 -0.238641722480992     
  0.217368412169441     
 -2.488571087557709E-002
 -7.419730561978899E-002
 -0.268358144890517     
 -0.466348907895223     
  0.992909115003435     
  2.762832820483772E-002
 -0.430384053761034     
 -0.249279720440010     
  0.413037067084597     
 -0.557264463322787     
  0.181792327495637     
  0.474731531911716     
 -0.382209811527092     
  0.736722775529557     
 -0.908958419480276     
  0.157782797189253     
 -7.724110599437101E-002
 -0.191847482539156     
 -0.724682609657287     
  0.459030886883040     
  -1.57654072799974     
 -0.143743941546824     
 -0.266881161387545     
   1.42725422544911     
 -0.728337743381310     
 -0.414998573941982     
  5.580351983988808E-002
 -0.130582532792229     
 -0.167023200656056     
  0.844796625145728     
 -0.463021094740629     
  0.430214096180854     
 -0.100229537969480     
   1.70979452166756     
  7.692709858628670E-002
  -1.02289247250078     
 -0.394531777548932     
 -0.177451477688854     
  1.147702280006467E-002
  0.234684800768662     
 -0.510915235826335     
 -0.408592673133021     
 -0.879592534491667     
 -0.283530561259765     
  0.857202160317756     
 -0.407023886161554     
  0.909651116047152     
  0.631751362677477     
  -1.65540277926266     
 -0.659864417449337     
  0.961287392132770     
  0.165779710796166     
  0.849228559039491     
  0.761781408983085     
  2.771892287141103E-002
  0.206267450412375     
  1.544511754200910E-002
  0.242598996164676     
  0.281516479219986     
 -0.331733092879112     
 -2.845702712164874E-002
 -0.209026364260173     
  0.275947363166556     
  0.232502116375879     
  0.225717549600171     
  6.617239048455821E-003
  0.474605699033880     
 -0.830289592115047     
  0.218192049777189     
 -0.295668379164133     
 -0.364473728884345     
  0.369692546840477     
 -0.305016109948041     
 -8.091987841386558E-002
  -1.25433767725617     
 -8.585369371424011E-002
 -0.520195299280720     
  3.516099657890031E-002
  -1.20254400975546     
  0.359397296508326     
 -0.188021885507830     
 -0.308117862951714     
 -0.839099336106169     
  0.355237426369341     
 -0.793871945446664     
  0.211470331257609     
 -0.286756718064799     
 -0.185292173438449     
  0.480371818180862     
 -1.246372878285927E-002
  0.236936895511066     
 -0.820797501488000     
 -7.883141143741135E-004
 -0.970926888430382     
 -0.262017298639936     
  7.391238562625804E-002
  5.585617367827408E-002
  0.522865861849545     
 -0.181664855930032     
  0.719940804321568     
  0.252266072881058     
 -0.530771837267817     
  0.384316439854210     
  7.263595050378055E-002
  0.601252835717360     
  6.518581594592374E-003
 -0.242050918260580     
  0.178509918860883     
  0.911427640771639     
 -0.150266835124084     
  0.628097029332939     
  0.281624182447870     
  0.639126389059515     
 -0.763548358589417     
 -0.618833087950457     
 -7.589295389908035E-002
  0.460126362898636     
 -5.069087690021186E-002
  0.463176357868889     
  0.115631518454607     
  0.424945608465621     
 -0.441659858563350     
 -2.134150240477058E-002
 -6.469589913798811E-002
 -0.256383705487566     
 -0.267981617127170     
  0.106756772902173     
  4.464211363647586E-002
 -0.552617838385936     
  2.211269230932877E-002
  0.630987424956112     
 -0.693785245223764     
 -0.485158334370927     
 -0.127858966171275     
  0.211362884495919     
 -9.435767826885534E-002
 -0.507368423283436     
 -0.404721503533186     
  0.325076079324642     
 -0.180075275648691     
  0.585425037764484     
 -0.167718112522487     
  0.343431972026642     
  0.774549929502612     
  4.012845999797524E-002
 -0.672628901004181     
 -4.097857259485729E-002
  0.168053139143299     
  -1.06588079913338     
  0.297056572455737     
  0.370661963346659     
  8.499127692251268E-002
  6.355994656643661E-002
 -0.231872545583628     
  0.600721465659626     
  0.234858726057070     
 -0.456056083644539     
 -0.531811101297963     
 -0.170679416950129     
 -0.761289572545315     
 -0.208104103382101     
 -0.445072173004604     
 -0.534465742878530     
  0.712746397733144     
 -0.487770838824315     
 -0.182870349785205     
  0.281952962215247     
 -0.710696478020493     
 -0.904134747233689     
  7.161210120495917E-002
 -0.348178701038504     
  0.105344278033105     
 -0.562371048356755     
 
  5.648220234011923E-002
  7.922913936600476E-003
   1.93378742102177     
 -6.736507635824229E-002
 -0.286334932901980     
  0.249383181362754     
 -0.362546185224048     
   1.22363282293044     
 -0.358775657805723     
 -7.242242449557706E-002
 -0.279661450444925     
  0.421545626495849     
  -1.29532524748382     
 -0.137112707521829     
 -0.708862098779556     
  0.519191000760838     
  3.680505572835024E-002
 -0.832745885575936     
 -0.344297587225950     
 -0.295538652048596     
  0.176440001363613     
  0.164930093619669     
  0.311738502685149     
  0.346787952843735     
  0.675643442797172     
  0.786714223871334     
 -5.328099000434146E-002
 -0.261077167584763     
  -1.50345874498121     
  2.110218381262956E-002
 
  -1.36249019199421     
 -0.224731006919526     
   2.25934945918305     
 -0.998122045417132     
 -5.051151452696294E-002
 -0.268227206737273     
 -0.293756098885245     
  0.323363496917336     
  7.102904717315257E-002
 -8.224520692344400E-002
  -1.28915136752460     
  0.710505051078801     
  0.864120705339065     
  -2.64357744373027     
  0.173112427930265     
  -2.15376116534601     
 -0.254363847258527     
  0.477250281712180     
 -0.500490231718870     
  0.973349130575019     
  0.876989558720083     
  0.109241477879833     
 -0.392656130240241     
  0.343137293924819     
 -0.601160351545129     
  0.309228869140036     
  0.721166831871368     
 -0.331277771648071     
 -0.877039923974512     
  0.226311225386291     
 
 -3.939104761904762E-004
 
  tansig  tansig 
