-0.442167481884374713E+00
 0.203268054037249790E+00
 0.293063631622864751E+01
-0.372020405572304758E+00
-0.224805982041844793E+00
 0.143842594518813960E+01
 0.255132294077871982E-01
-0.191818446757501038E+00
-0.913282867880121779E-01
 0.115438699746118334E+01
 0.383940700165066262E+00
 0.555873219878112335E+00
 0.354441652382446570E+00
 0.309594819281087841E+00
 0.278027177030435391E+00
-0.594509158631202766E-01
-0.444657358625150378E-01
 0.336040923197539143E+00
 0.759330643670139582E+00
 0.184222853970042483E+00
 0.184522246106587906E+00
 0.661299028017382939E+00
 0.102066119558402599E+00
 0.148832452391713776E+00
 0.198171661861790999E+00
 0.589872097384658955E+00
 0.656826465406531224E+00
 0.309782519453714378E+00
 0.481466734430702092E+00
 0.677531731801082504E+00
 0.558199295484505087E+00
 0.181539268352957417E+00
 0.326256390194490042E+00
 0.788858373290865056E+00
 0.139797740537576987E+01
 0.602480802968165086E+00
 0.122069689681462190E+01
 0.218519367724054447E+01
 0.161537985901089876E+01
 0.150622899143844591E+01
 0.366309064457661959E+01
 0.428245608523173260E+01
 0.235969364307001195E+01
 0.252363639411286300E+01
 0.140220704643914451E+01
 0.312466100751305165E+01
-0.381289235682777672E+00
-0.508422746327737637E-01
-0.284145085944553615E-01
 0.118343584748480035E+01
 0.148944131283749015E+01
-0.273065651956828526E+00
-0.159275985760645056E+00
 0.868387302391083304E+00
 0.185267236481800157E+00
 0.694672946027028448E-01
 0.464757857641640640E-01
 0.738069125357540545E+00
-0.246538897312997163E+00
 0.294420162997862722E+00
 0.201114759853560809E+00
 0.526412284168394695E+00
-0.321570252153073000E+00
 0.192734125920111972E-01
 0.176414192683259467E-01
 0.102306548239681924E+00
 0.585822021510395641E+00
 0.139535869485681197E+00
 0.158571483933870244E+00
 0.657222500489542338E+00
 0.484961283864796866E+00
 0.216295281137090956E+00
 0.294234032083160180E+00
 0.102325534655064443E+01
-0.275037835050007118E+00
 0.347900083556200945E+00
 0.505855203748483473E+00
 0.971567715736269100E+00
 0.102847312158606985E+01
 0.255973183187544417E+00
 0.501881037858653123E+00
 0.347460008786952468E+01
 0.679664258369710450E+00
 0.612964091747919770E+00
 0.156094520365745049E+01
 0.421702037796513984E+01
 0.278292159944351125E+01
 0.102905141636829489E+01
 0.520120730640377782E+00
-0.455050873947239420E+00
 0.281974000748140918E+01
 0.405752478199840227E+00
 0.131685615483954827E+00
-0.858139453260170493E+00
 0.931674619555451944E+00
 0.225884448446882019E+00
 0.912297029521736413E-01
 0.321453869878271292E+00
 0.340524282264618006E+00
 0.320445940390893969E+00
 0.172156504177194442E+00
 0.159675168608143764E+00
 0.591831176678836862E-01
 0.158976441377822381E+00
 0.112206783722752931E+00
-0.412745230101675686E-02
 0.739830884520488313E-01
-0.363130992941232454E-02
-0.320983818920611000E-02
 0.233799331779732306E+00
 0.940550880678204665E-01
 0.520544002531907676E-01
 0.536660723465573267E-01
 0.150804571994477526E+00
-0.343810776364543783E-01
-0.371229579607663170E-02
-0.473022912171489323E-02
 0.705958436972211612E-01
 0.182790198348576349E+00
 0.229975819863835404E-01
 0.319089667740880961E-01
 0.247129515357546847E+00
 0.106065391099622958E+00
 0.324023984484343650E-01
 0.556973850431719680E-01
 0.802016411284014463E-01
 0.266821244211439546E+00
 0.116303497953004126E+00
 0.259792902743768761E+00
 0.956618987619751393E+00
 0.348805250519545140E+00
 0.187011317913606562E+00
