 0.102681527534112060E+01
 0.204037425046754306E+01
 0.181593296596888809E+01
 0.939292061799099187E+00
 0.470125678967228011E+00
 0.155269831041950002E+01
 0.692390744852282358E+00
 0.212955808314786443E+00
 0.129068356962645542E+00
 0.290454601556305980E+00
 0.914047170823639954E+00
-0.262952098426521806E-01
-0.216153165642964627E-01
 0.130789390740055489E+01
 0.470801748310066881E+00
 0.358519402945793933E-03
 0.376521781377105267E-03
 0.886829670630765121E+00
 0.838098125718707787E+00
 0.375502492892291817E+00
 0.448200992709056278E+00
 0.719936582508627465E+00
-0.128186547396151068E+00
 0.315342197013001146E+00
 0.425087642348668193E+00
 0.140213645064835446E+01
-0.203961018016813073E+00
 0.766283471426666862E+00
 0.123403713047988695E+01
-0.377419076400331954E+00
 0.934285392640590961E+00
 0.974948153619564439E+00
 0.176442396173752125E+01
 0.194547904511244951E+01
 0.160167080226694947E+01
 0.154134126961239248E+01
 0.341375288535989485E+01
 0.534384661766029057E+00
-0.330290916748249286E+01
 0.236795106748258810E+01
 0.662324170876632135E+01
 0.126069506373738207E+02
 0.290056338958796411E+01
-0.864317634268316759E+01
-0.168862102624840382E+01
-0.856867871837369566E+00
 0.318229483756724996E+01
 0.653463584840492717E+00
 0.320277846035363079E+00
 0.144157150233690579E+01
 0.855381213679568320E+00
-0.119672617149120031E+00
-0.680746549843812276E-01
 0.594853305290347079E+00
 0.748553606642015534E+00
 0.205271936077807582E+00
 0.135189632308457153E+00
 0.699031523625453288E+00
 0.300054568143593825E+00
 0.171856022971288797E+00
 0.144753212753126775E+00
 0.540402927648864773E+00
-0.306446854000578639E+00
 0.939684282004221855E-01
 0.958024693237324032E-01
 0.375602125677572507E+00
 0.669790805526769284E+00
 0.138999724095694110E+00
 0.166511845761723010E+00
 0.503657006294222831E+00
 0.483508260211501673E+00
 0.196981218893580418E+00
 0.251936373332412977E+00
 0.855674701504336666E+00
-0.814789096622957842E+00
 0.355099453987297309E+00
 0.598993082155261591E+00
-0.840409350458320992E+00
 0.116438933838334413E+01
 0.848782359021946542E+00
 0.178290630744619483E+01
 0.117715346918848507E+01
-0.117238648772742555E-01
 0.112539230161369241E+01
 0.291707597603876501E+01
-0.306726192313854362E+01
 0.549121052014485578E+01
 0.475667495981519739E+01
 0.144129028825253225E+01
-0.332752283994720288E+00
 0.144513372738313728E+01
 0.195479063419778082E+00
 0.807741764954903047E-01
 0.107468720387049976E+01
 0.314953231214062435E+00
 0.151490260111631220E+00
 0.855069611519467809E-01
 0.600122462462766904E+00
 0.203015391843186954E+00
-0.814173767021140055E-01
-0.523990395755453281E-01
 0.332923641682601301E+00
 0.231934137905528193E+00
-0.448989256883768478E-01
-0.339585205862918543E-01
 0.178550974656277645E+00
 0.266572383089125176E+00
 0.424509503817245074E-01
 0.385849651411770966E-01
 0.141843259807935052E+00
 0.199234556979999033E+00
 0.733219223519092494E-01
 0.723220511228181290E-01
-0.870278159875379903E-01
 0.246917944806532341E+00
 0.860120875716072625E-01
 0.106796508072706367E+00
-0.141463987248838463E+00
 0.254358189837058879E+00
 0.991507528864767340E-01
 0.159678939719592766E+00
-0.327491349094811313E+00
-0.117133098189830420E+00
 0.471869098390078831E-01
 0.865314108410046440E-01
 0.176616246596979359E+00
 0.721032256558042040E+00
 0.311617552770063200E+00
 0.695779804107714228E+00
 0.238323342522503562E+00
 0.518991250632583667E+00
 0.100536933895729708E+01
