     33 -    30 -    30 -     1 
rmse=  28.3233meV
  5.243949290808197E-002
 -0.191312651217042     
 -0.234869952287101     
 -0.144947475986209     
  0.755787310778563     
 -0.137608642005386     
  0.384134932449489     
 -0.226938483356771     
  0.384517368455277     
   1.55117505589867     
  0.230460502202848     
  0.583287548344199     
  0.174608209931188     
  5.212598128992520E-002
 -0.658243761446483     
 -0.143787392333439     
  1.281281295969498E-002
 -0.224201315914346     
 -0.253911619306449     
  0.954700051596162     
 -0.273115226800390     
 -0.153153113459473     
  0.395607803294685     
 -7.380166128205569E-003
 -0.769767719082319     
  0.233048121643227     
 -0.142870033007013     
 -0.163448233481286     
 -0.364659617443762     
 -0.350971745866257     
  2.452317570736056E-002
  0.156875901323114     
  -1.10422801850820     
 -7.588819103288923E-002
 -2.035516848365071E-002
 -0.701919414959117     
 -0.239432937878709     
  0.500875009808944     
   1.89377824825241     
 -0.154882901878983     
  0.295324753685827     
 -0.481449947323923     
 -0.473289662095678     
  0.363397997700983     
  8.429996491593550E-002
  1.273634167801971E-002
  0.244447187112428     
 -0.591095739784939     
 -0.818989396910048     
 -6.265093980403923E-002
 -0.391720320456669     
  0.275657001411316     
  6.640279616622514E-002
 -4.464420906562572E-002
 -0.171983772768151     
 -0.109353827867982     
  0.227820248407801     
 -0.482577076683783     
  0.949498745369081     
  -1.14303709262908     
  0.490283853421282     
 -0.375344202247185     
  4.156757683845668E-002
  7.453218504925241E-002
 -0.315793188859344     
 -0.147697185490484     
  0.579961954113887     
 -3.932178362645308E-002
   1.21929317893311     
 -0.119401797665701     
  7.384938477693680E-002
  0.897557408915725     
 -0.243744447782917     
  0.371061632274007     
  -1.39108341145414     
 -0.652682980757387     
 -0.540159519132020     
  1.321296784446917E-002
 -0.406261399025661     
 -0.274088312399598     
  7.299983424811049E-002
  0.127472193310128     
  0.219655478297215     
 -0.157161925867744     
  0.696056454478692     
  -1.00142675536586     
  0.370340441770255     
 -0.815799796980714     
  0.169276418784128     
  6.961010045268552E-002
  0.907326037277801     
  0.158576916737387     
 -0.783170371101773     
  0.710960594064990     
  6.808559698215787E-002
  4.517660303460936E-002
 -0.187242511297870     
  0.539262644530269     
  0.691937478931464     
 -0.965864440557234     
 -0.250411582702295     
  4.464517524695959E-002
  0.218555439150713     
  0.275652427877694     
  0.269295620776979     
  4.182489345691735E-002
 -0.177771970905612     
  5.386446978620613E-002
  0.477999116557942     
 -0.375709197898513     
 -6.003990728597693E-002
  1.353442990356080E-002
 -0.552066667801093     
  0.837123028876410     
  0.235719843625097     
  0.517160170899111     
 -0.226843223144234     
  0.380323872535074     
 -0.132083196005629     
 -6.663588129619735E-002
  0.134714223353868     
 -0.403565540934582     
 -0.198082295899814     
   1.06883008459523     
 -0.688532186812559     
  0.326323436093372     
 -0.105156297422283     
  0.756594485839619     
  0.119628604498356     
 -0.243058813348695     
  0.585125708991077     
  0.160115240260609     
 -0.174508165856206     
 -0.390910458185557     
   1.48375429499224     
  0.528226549699961     
 -0.765743718773862     
 -7.365629425372304E-002
 -0.371083275882531     
  0.441870771435363     
   1.67846025857136     
  0.306764188027404     
 -0.238646090715528     
  0.166979948353965     
 -0.519494783919564     
 -0.564766192570397     
  0.731644546766892     
  0.416257730593909     
  0.280841284661572     
  0.192921688708255     
 -0.179953150474158     
  0.480619866138881     
 -0.167333667874623     
 -0.203815984831345     
 -0.324281437898356     
  0.712973583586964     
  6.234207193842332E-002
 -0.682694846834044     
 -0.519081345966256     
   1.03842506085625     
 -0.603911041567944     
  -1.02089938393996     
 -0.255439226292423     
  0.295021480663277     
  0.505084662531613     
  0.400055971938548     
 -0.245959727443226     
 -0.342681757720552     
  0.101703504193643     
 -0.203871298917010     
 -0.151087587782165     
  0.380408737764944     
 -0.465259311164750     
  0.514771551546410     
  0.686452540877905     
 -0.217505629725245     
  0.299714752612923     
 -0.531246525148909     
  3.209306141711572E-002
  0.891933594579137     
 -0.275021209682525     
 -0.365157804205779     
  0.314572755769862     
 -0.245344882155714     
  0.152406997819160     
 -0.198166359897808     
 -0.905892790593001     
  4.050627276130453E-002
  0.310746100818406     
  0.283268322156727     
 -0.980613075577731     
  2.254417543039853E-002
  0.195088651080800     
  0.487574147069796     
 -0.384523061043084     
  0.537305078745599     
 -6.777640897796328E-002
  0.366392845898479     
  0.154003510291819     
 -5.573708129622901E-002
 -0.760239154799778     
  5.840388457501384E-002
  0.635606002728469     
 -0.622949085938068     
 -0.274516281441364     
  0.137841685250874     
 -0.153297839233064     
 -0.471036017344839     
  0.115422785197928     
  2.625061723518286E-002
  0.435937238677047     
 -1.677878416763069E-002
 -0.422249529815687     
  0.497219638520792     
  0.189887100493044     
  0.365372827164617     
  0.383109711529707     
 -0.367573965265814     
 -0.139134974766596     
  0.316588648600286     
 -0.232746822768487     
 -0.223943075485005     
 -0.176629391433397     
  0.349576300345925     
  9.312288995191220E-002
 -0.271500184998435     
 -0.784704553881438     
 -2.995837146817373E-002
   1.13181465543225     
 -0.189994749765667     
 -0.653334157001843     
 -0.332957120744641     
  0.239003226686048     
   1.32485356349030     
  0.241699258274842     
 -0.355986700186767     
  -1.19078307887450     
  4.376011428040453E-002
 -5.555738448156151E-002
  0.903943238490469     
 -0.244043844330129     
  0.125474627588716     
  0.132865396469564     
 -0.180323379398273     
  0.455509462478078     
  5.622999649540241E-002
 -0.619396161841503     
  2.536403017299024E-002
 -0.273507821630254     
  0.221751764120070     
 -0.180159084292520     
 -9.645018940395962E-002
 -0.505740650205578     
  3.754739273120457E-002
 -3.286879078296600E-003
 -0.248632176803406     
 -0.164630093175554     
  0.348510979142047     
  0.406595338042564     
 -0.435167873486439     
 -0.605806179870781     
  0.745070061468267     
  7.572325459546478E-002
 -0.396626587849680     
  9.599299305494240E-002
  4.750230720434789E-002
  0.186048031159780     
 -0.195568757803590     
 -0.191389959889564     
  0.160674736129136     
 -0.229955124585073     
  0.328199299756250     
 -0.408920482278906     
 -0.414216702209231     
  0.455334113494435     
  0.289511049852636     
 -0.376221253261269     
 -7.568966153290720E-002
  0.154632916900170     
 -0.338385520157300     
 -0.166852328842832     
  0.172931746145859     
  0.587802364705261     
  4.099447850755321E-002
 -0.158461974986192     
  8.777091797841793E-002
 -0.423469493349529     
  0.355388380722727     
 -0.654556665800339     
  0.597549925627969     
 -0.619875867138660     
  0.889776265308878     
 -0.225501114373474     
 -0.119178940626488     
  0.440312741337277     
 -0.349127566369845     
 -0.133073748562358     
  0.342301261193441     
  5.750482335167716E-002
  0.629503419068396     
 -0.227115673598098     
  0.249976507019272     
 -0.282862606385341     
  8.985519116343453E-003
  0.221920679431032     
 -0.490764727907492     
 -0.147388077558720     
  3.172085846969634E-002
 -0.102289868729225     
 -3.454664649128769E-002
 -0.484220166889517     
 -6.899955742308313E-002
 -0.226788498546887     
 -1.432761079001547E-002
  -1.05997972067253     
  0.507138858702957     
  0.142117307362776     
  0.287205840163781     
  0.207869294419966     
 -0.134601779645954     
  0.170932604201210     
 -0.368930912088615     
  0.177633976654614     
  7.363353941175194E-002
  0.216567234817175     
  0.868489209624305     
 -0.223062756907591     
  0.126742768634038     
 -0.253757051046066     
  0.599059189312116     
  8.604096665220214E-003
  5.865544136327441E-002
  -1.10868397142244     
  0.250521927341714     
 -1.241490143969027E-002
 -0.463232904859457     
  6.398717483408270E-002
  5.853325856450153E-002
 -0.358422296982555     
 -4.973249522679560E-002
  0.222640668287124     
  0.178338129528331     
 -0.112526697163816     
  8.776732933851279E-002
  0.283019703573886     
 -0.301687238840272     
 -0.208205435120207     
 -2.431330546336544E-002
 -0.694379958023635     
  0.469854857317959     
 -6.374539948469343E-003
  0.102910871291454     
 -0.137604279663724     
  0.316535973094542     
 -7.404429607061468E-002
 -0.429614191844103     
  0.816924903660580     
 -0.804949272713221     
  0.880168295392432     
  0.417457201437237     
 -0.808051443404199     
 -0.120294365350010     
  0.716815798237696     
 -0.196977195257087     
 -1.029491836101849E-002
 -0.847844280948022     
 -5.888645717226078E-002
 -0.706014301848712     
 -0.934290819313584     
  6.629765028738208E-002
 -0.249744152779947     
  -1.22963291014092     
  0.800013505734274     
 -0.456730894768874     
  5.095643729032774E-002
  0.391773602211568     
  0.104842332540519     
  0.918044438863244     
  3.678504621866809E-002
 -0.267839165807991     
  0.186091370865825     
  0.417577542729184     
 -9.883377597131691E-002
 -0.195711491548417     
  6.948615207298843E-002
 -0.114587737721854     
 -0.660027345765904     
  0.895412801686588     
 -0.255238006031787     
  0.526967262385223     
  1.627769569035464E-002
  0.241314536243379     
  0.431064187724436     
  0.373598552223099     
  0.409470307085727     
  0.165352655135876     
 -0.222430061282280     
  3.195340077420083E-003
 -0.565849639055613     
  0.306890738861300     
  0.346032621210676     
 -0.191970406831032     
  0.175110463647442     
 -0.219947561660464     
  0.152681562532799     
  0.391992215178800     
 -7.535261021884011E-002
  3.235004687968056E-002
  0.394017680955927     
 -0.117335132361206     
  0.213778802891603     
  0.512562724660399     
  0.209590834074300     
  4.706184669984528E-002
 -0.768368707367698     
 -0.653182926882156     
  0.298554419144054     
 -0.123612924220681     
  0.146772975690033     
 -0.228336046217933     
 -0.127484358489940     
 -0.327307992983380     
 -0.261518950569437     
 -0.228734720599778     
  0.268614115768071     
 -4.705807880435200E-002
 -0.481694296554752     
  0.443122325933532     
 -0.346105662398813     
  0.296372845752145     
 -0.101923066628987     
 -0.323360802510494     
 -4.268126048279125E-002
 -0.203179228547930     
  0.959820957368425     
 -0.151433663732350     
  0.310716402707766     
 -0.481894415603149     
  0.628964972306959     
  0.192023399093666     
 -9.232259551372836E-002
 -0.193372606894257     
  0.148831836804963     
 -0.685208733216357     
 -0.146639389474482     
  8.038961379780812E-002
  0.384123904095353     
  0.234619763627501     
 -0.633841667678701     
  0.197164474426794     
  0.316588335719553     
 -7.144710006560405E-002
  0.286574129387300     
  0.191162882730119     
  0.145521734331056     
  0.287121166911197     
 -0.617308573347273     
  0.161909240769755     
 -0.108983159606735     
 -0.320551930937290     
  1.267616950015221E-002
 -0.614202570433460     
 -0.445175729965998     
 -2.882116089154134E-002
   1.11973589586427     
 -9.505826909688476E-002
  -1.62237367587839     
 -0.887380485824947     
 -0.219815629488047     
  3.935843512042667E-002
 -0.335696903669504     
  0.173225511282320     
 -0.180408070316575     
 -2.218465854434150E-002
 -0.126980926322973     
 -0.204431119504844     
 -0.787904712386545     
  0.224737889996676     
  5.593906437127440E-002
  9.978876946721608E-002
 -0.496852179101180     
  0.175347459572349     
 -9.181996419366487E-002
  0.717583423529128     
  6.445817742558084E-002
  0.427972975755403     
  -1.03907710195530     
  0.272645824748769     
  0.495882706151195     
 -0.210933162193777     
  0.833139811277282     
  0.265717435828243     
  0.118250886363063     
  0.101196988211986     
 -0.368863301117756     
  0.655146405076665     
  0.110579747029191     
 -0.945977473100422     
  0.129981010131811     
   1.70955575537971     
  0.980476642440154     
  0.139215313375322     
 -0.327056326032270     
  0.225357350517260     
 -0.527497478556252     
  0.318572392158299     
 -0.121218542301465     
  0.451475530709439     
  2.057177677444090E-002
 -0.827653428972141     
  0.311133571945741     
  0.311612925000161     
  0.270470297222795     
  -1.12077626070848     
  0.258149986155563     
  6.973322444340126E-002
 -0.164858924941232     
  0.103357328494002     
 -0.152417632815423     
 -0.302696415164603     
 -3.400476916098672E-002
  3.535594315933492E-002
 -0.950835835137339     
 -0.136168455967093     
  0.542150340192775     
 -0.601479773209249     
 -0.292379287896615     
 -0.131174201257891     
 -9.197352399477546E-002
  8.544350961786976E-002
  0.521987677945893     
 -3.783361661102364E-002
 -0.826207436642841     
 -0.171106573243634     
 -0.103076532829915     
  0.177721829216245     
 -0.611216648193894     
  0.418620860372692     
  0.267427258432664     
 -0.138253122714914     
  0.680709239756161     
 -6.001263876212522E-003
 -9.677508010204151E-003
  0.231581887911523     
  4.597069004349988E-002
 -0.472752348431987     
  0.417002898388773     
 -2.260318025758010E-002
  0.199789406412307     
  0.445457663075045     
 -0.178678665921229     
 -9.800521899489368E-003
 -0.506863801674816     
 -3.189698255151709E-002
  0.498513591906114     
  4.140714812859392E-002
 -0.606611734521222     
  0.430840776833360     
 -0.362612431176437     
 -0.533085091937641     
  0.238548540388896     
  2.140786029762293E-002
  4.525189155553338E-002
  0.514638431374438     
 -0.474710614836083     
  0.284349555283430     
 -0.543987166809782     
 -0.202437890629320     
  0.341389998050857     
 -0.699486533815768     
 -0.232613907789751     
  0.108093211495480     
 -0.124432688899838     
 -0.463619719403634     
  0.635219476446190     
 -0.550167263840636     
 -0.541882129446280     
  0.393905679756962     
 -0.558367868629065     
  0.374759513524900     
  0.154018759493653     
  2.332995118823494E-002
 -0.463205469245494     
  0.701956899540004     
  0.236072883837901     
  0.668425573072341     
  0.560079465198803     
 -0.170760684356138     
  0.370616570386941     
  0.167803687639965     
  0.653833058307768     
  -1.04843011983855     
 -0.254016779657968     
  0.201357101401262     
 -0.527559259251677     
 -2.392815774945367E-002
  0.428644237813831     
  6.474772072348982E-002
 -0.225415143272037     
  4.444619924977435E-002
  0.150794940007208     
 -0.115039784795750     
  0.721935419034974     
  0.643053362855684     
 -0.195079097301456     
  0.118391272445032     
 -0.121466629255675     
 -0.194409451435075     
  0.436606988526270     
  0.307065662935096     
  4.016641277115883E-002
  0.352161159845112     
 -0.221891651827796     
 -0.232833700787009     
  0.150142190483034     
 -2.732447456046465E-003
  7.457611714935831E-002
  0.210959931738584     
  9.121025834004513E-003
 -0.597585762123503     
 -7.166182664129320E-002
  0.189764204541662     
  0.663315762107944     
 -0.591545202131094     
 -0.182880018074843     
  0.470092166720381     
 -0.472100782505661     
  0.715489100912049     
  0.243150335080861     
 -0.919866151314668     
 -0.411441809743217     
 -0.788985891990737     
  0.639563373205938     
  0.514297921138958     
 -0.641424470387198     
 -0.285002037232055     
  0.284639235704764     
  0.106811577911447     
 -0.153355382144577     
  0.288596567836729     
  0.383488722228961     
 -0.227094957762441     
 -0.281537178259502     
  0.188186809737851     
 -0.621228438509216     
 -8.120637960735877E-002
  0.572287458210749     
 -3.241880641879771E-002
 -0.831582286519325     
  0.537212194536050     
 -0.629675197326421     
  7.423771692654066E-002
  0.406340694117374     
 -0.592477562827634     
  0.346895009280011     
 -0.771298027391330     
  0.246682358944329     
  2.770692485290528E-002
 -0.247693366950759     
  0.697282505821859     
 -0.602637343226570     
  0.190309122674529     
  -1.04482268428659     
  0.270984860642931     
 -0.615884602331208     
 -0.768129979340493     
 -0.396339425330523     
  0.198000658462030     
  9.947148600217370E-002
  4.553921954987308E-002
  0.366529444260220     
  0.146094676749239     
  0.254375627465623     
  0.219510024005728     
 -0.322204912427445     
 -5.382940412198133E-002
  0.236846844105924     
  5.030942442817495E-002
 -0.249087041393369     
  3.762940475577378E-002
 -0.174646829759197     
  0.552878210262031     
 -0.289203340170920     
 -0.450105941724738     
 -0.382795221955238     
  0.799068190634174     
 -0.142108861245077     
 -9.004505627204099E-002
 -0.894218205595684     
  0.444077883727921     
  0.166634558804003     
 -0.737544526687628     
 -6.205617761455146E-003
  9.883294911079482E-002
  0.111862008924023     
 -0.138726635255595     
 -0.343370805774227     
  0.368163800131682     
 -0.629360165689432     
  0.114699314237366     
  5.883335993050900E-002
 -0.713821548475885     
 -0.521335836007975     
  0.291175316796400     
  6.966856551550611E-002
 -0.515775044995446     
  0.112734336437900     
 -0.447789230759705     
 -0.259793560288075     
 -0.353511300294372     
  0.475933464298677     
 -0.407847045292755     
 -0.536126399420561     
  9.873725152765268E-002
 -0.962336946225100     
  2.849975849207267E-002
  0.440477808325488     
  0.570537724637216     
  0.513545306341628     
   1.20730738198429     
  -2.05067916993651     
  0.934455479375172     
   1.03104180164375     
 -0.734242088996215     
 -0.237891339580798     
  0.380941433475825     
  -1.06228879395600     
  0.284429496865893     
  2.914904426880019E-002
 -0.486018850536677     
  4.541172063374669E-002
  -1.08446266888741     
 -0.261755320811527     
  0.369092272404252     
 -0.775894377223919     
 -0.306259019915592     
 -1.069648269642349E-002
  8.899037404446426E-002
 -0.301926055765685     
  0.556892573193388     
 -0.261809511584463     
 -0.295944373213759     
  0.289112882530501     
 -0.405072573604470     
 -0.446893186643039     
  0.365999576977401     
 -9.292892528536967E-002
  1.525926307060477E-002
  0.565687785076707     
 -0.106282523254486     
 -0.117548212759300     
  0.572816523373383     
  0.409220545870415     
 -0.267103496416302     
  0.781409827849263     
  0.508340553496045     
 -0.487520311183469     
  0.145497258896647     
  5.602723405407030E-002
 -0.276750241263572     
  6.083323046126880E-002
  0.142899097412821     
 -9.413704405725826E-002
  0.225825578243031     
  0.757561000352211     
  5.501638492723925E-002
 -2.495879517047461E-002
  0.343077338962120     
 -0.161667521808884     
 -8.926317955698779E-002
 -0.191326674312413     
  0.242612714753295     
  0.217978542751127     
  0.245986522555952     
 -0.299279623812075     
  0.241687772071966     
  1.750739893141801E-002
  6.981744350795568E-002
 -0.372011656006301     
  0.138786561706849     
 -0.653710167686609     
  2.612252800431961E-002
 -0.656329186011406     
  0.735907196352946     
  0.132770873443719     
 -0.499092030141946     
  9.781819588487785E-002
  0.296195320129135     
 -0.177792786931594     
 -0.173152215883863     
  0.233373978066594     
 -0.164853573594376     
 -2.984086730255200E-002
  5.903321199388566E-002
  0.996140512376387     
  0.181105940837667     
   1.19601540248168     
 -0.844259264776449     
 -0.267132235891223     
  0.444955610823867     
 -0.143221004288120     
 -4.123110608355399E-002
 -0.161318754092683     
 -0.429089215953752     
 -0.222660811029221     
 -1.991816171933024E-002
  0.160972051697378     
 -3.346168670540225E-002
  0.268785238647276     
 -0.127891351124187     
 -0.524071717791184     
 -0.342596919502521     
  0.215026923229558     
 -0.589201209312850     
 -0.182980762174765     
 -9.519548465042277E-002
  0.770131447531688     
 -0.136188153218956     
  0.187726205906157     
 -0.145616586064839     
  0.918399121010400     
 -0.205579228454859     
 -0.381420339464622     
  4.162138611775076E-002
  0.325763715972508     
 -0.136755824996179     
   2.07347223657649     
 -0.226108842924880     
  -2.52917703518325     
 -0.496798459998071     
 -0.741418071883521     
   1.94793080723781     
  -1.86856599214375     
  0.629331710425876     
  0.954585353713898     
 -0.348080222701819     
 -0.428500783057541     
 -0.328165863734004     
 -0.537467472560481     
 -7.977277027061550E-002
   1.43045888315735     
  0.204684945078808     
  0.571581818584680     
 -0.735151121928627     
  0.485425913406259     
 -0.101146805807961     
 -0.397089444107694     
   1.10018987996400     
  0.357095889203188     
 -0.324301264862904     
  0.809999841276096     
 -0.156857242349405     
  -1.31469248059710     
   1.47426471755129     
 -0.665821819461150     
  0.669542748275959     
  0.436671299792892     
  0.986526327359745     
 -4.180830004860783E-002
  7.731278984590177E-002
 -0.532120641877918     
 -0.196598271587190     
  0.426810421522737     
 -1.222978432252109E-002
 -0.197712818601651     
 -0.147309877229580     
 -0.673171980903641     
 -0.189649726731689     
 -0.425422561193451     
 -0.247508095867500     
   1.06514881277780     
  0.488689939206440     
  0.104425797451790     
 -9.339249497023755E-002
  0.408565878685025     
  0.155077412687619     
  0.582473111270995     
  8.521221343747618E-002
 -0.136474302608537     
   1.64284434853915     
  0.161230849893741     
  -1.76921666429842     
 -0.201498647319669     
  0.311774743229819     
 -0.425217965685555     
  0.251570627436463     
 -7.311763148397717E-002
  0.568592841090982     
 -7.817949955613374E-002
  8.690720949322142E-002
  0.937115464437290     
  4.170526016331509E-002
 -4.127014064771879E-002
  0.521784795545489     
  3.223040787581560E-002
 -0.387745883059183     
  0.827975551221948     
  0.344838560592210     
 -0.268829487365312     
  0.258510697362586     
 -0.264032427970134     
  0.169181406158763     
 -4.519763492861961E-002
  0.554500960130593     
 -0.394557955028405     
 -0.255373660628242     
  0.115032498861128     
  1.534997770551532E-002
 -0.551111470602817     
 -0.544670145846001     
  0.482672003140703     
  0.132768812573011     
 -0.251413893399346     
  0.303370315180724     
 -0.809125237352205     
  0.407457222410720     
  0.679743891620456     
  -1.38977284011599     
  0.430961546299054     
  2.441633795751675E-003
 -0.275811646119044     
  0.466714209604606     
 -0.409229431895271     
 -0.105085030686802     
 -5.043958058209969E-002
 -5.879947993800324E-002
  0.463198514901559     
 -0.135184111318370     
  0.451306686821725     
 -0.914043433103723     
 -0.198083615132676     
  0.277373584518645     
 -0.954254458402488     
  0.164274551775287     
 -0.442339187179970     
  0.412239948120602     
  0.339404691803517     
 -0.236498868634733     
  0.452412158388083     
 -0.235890417693442     
 -0.403537189605742     
   1.01379914641814     
  7.374918460388237E-002
  0.468917978447129     
 -0.388036989038577     
 -0.571034144548523     
 -0.706557796997546     
 -7.582312808575431E-002
 -0.144519157898524     
  0.295438746355921     
  3.400309534154976E-002
  8.001317865952212E-002
  0.346317460059514     
 -5.266630220649501E-002
  0.326338211952695     
  0.579453283182112     
  0.469334413835577     
 -0.429452876435699     
 -4.123607283625660E-002
 -2.226259752522056E-002
  0.136606450632910     
 -0.296704575358504     
 -0.490400954166150     
  3.665386138650920E-006
 -5.425798048237001E-002
  0.149471125500099     
  8.259406749162847E-002
 -6.707009754758396E-002
  0.155566467558713     
 -0.120848728472299     
 -5.025688600104057E-002
  0.335448217585689     
  0.490216173598034     
 -0.178022737684909     
  0.580074606130689     
 -0.365147042891293     
  0.157170813868730     
 -0.164494731871811     
  0.208983504581414     
 -1.137919225976966E-002
  0.222131209793224     
 -0.303157428655799     
 -0.434790525465620     
  0.395301967840342     
 -0.126033624900038     
  0.362098825039508     
 -2.353867527714510E-002
  6.209404551026600E-002
  0.166211293650824     
  8.811639017111401E-002
 
   1.97026486852602     
   1.43600271639253     
  -1.97171315411717     
  -1.77403614540917     
  -1.77564896014597     
 -0.517246940619024     
 -0.613607277912421     
   1.09534440824438     
  0.411173801373763     
  0.283962340849829     
  0.782754894536362     
  -1.29720516046120     
  0.415342828330066     
   1.45722603931043     
   1.17844510647638     
   1.69526589808369     
  0.399101554196489     
 -0.276459618774622     
  -1.52989164294357     
   2.06833314354729     
  0.949080198963376     
   1.94876432782891     
  0.307352884328814     
  -1.39772592083435     
  -1.58974666378191     
   2.05375541958107     
 -0.411300116479227     
  0.928748463099437     
  -1.26008709701022     
  -1.11639496621916     
 
 -0.239066890868077     
  0.106884981089335     
  0.312574649658074     
 -0.379873854425049     
  0.185266912807592     
 -0.266774081537744     
  0.341609025367372     
  0.448659220052949     
 -7.021381946539122E-002
 -0.401775346839900     
  0.714308974851745     
  0.815473483097889     
  0.240656631941924     
  0.218473685216929     
 -0.672697003916908     
 -0.765139065764308     
 -0.157310767372222     
  0.346845991729638     
  9.639413475997485E-002
  0.201692246543465     
 -5.261312237842779E-002
 -0.711572665404796     
 -0.777998723228077     
  0.244424389674193     
  0.718864138227170     
  0.525676079260667     
 -0.354460845947104     
 -0.523898085834744     
 -0.312599531580957     
  1.445449827647553E-002
 -0.271814681761874     
 -0.316986287034649     
  -2.18067493010712     
 -0.231488624037130     
 -0.212595531309570     
  6.506913370971314E-002
  0.426695530128639     
  0.546473994707775     
 -1.103869318096190E-002
  2.105154226264913E-002
 -0.552121430318795     
  0.121325660532553     
  0.120861594878094     
  0.677115932634275     
 -8.324293881008558E-002
 -0.561388295518682     
  0.308618610080737     
  1.101287537353952E-002
 -0.373891963704004     
 -0.502599066829316     
 -0.505430737129409     
   1.36560801888342     
  0.386848660886499     
  0.580787025353378     
  0.492588471403946     
 -0.715203815148077     
 -0.182052057104173     
  0.402132156677973     
  0.320906580326535     
  0.937668245859513     
  0.655541970746240     
  4.482553851738266E-002
  0.387912431270921     
 -0.111019761896686     
  0.779729987381417     
 -0.101509620603049     
  0.295530882061791     
 -0.653230620140417     
 -0.182851600232481     
  2.507388518181795E-002
  1.940931313650382E-002
  9.922175087481204E-002
  9.977225381344937E-002
  0.131924366626879     
 -9.961253991424583E-003
 -0.282672542884009     
 -0.198664742462216     
 -0.115469347911321     
 -7.934972120274554E-002
  0.164624193008287     
 -0.109099737210108     
  0.593974157226233     
  0.546073658248830     
 -0.485629232829712     
  0.164205266504335     
 -4.398501121703727E-002
  0.230170494871910     
 -0.169132976581012     
 -0.191140930166127     
 -1.237279829296949E-002
 -0.182957915848029     
  0.668279464891788     
 -0.212918280776229     
 -0.240165091366089     
 -0.294328886115604     
  2.816611530544289E-003
 -3.537921959369681E-002
  0.768432242385090     
 -0.570546739985684     
  0.151599662555873     
  0.402039571572470     
  0.218740586405934     
 -0.504882415322370     
 -2.033637111209088E-002
 -0.191148733763732     
  0.927119396638616     
 -0.421010294317915     
  0.454521465730001     
   1.03041337831092     
  0.229166244879112     
  0.599969914102132     
  -1.41318461640250     
 -0.589307973373524     
  -1.33388184331906     
  1.094311502194540E-002
  0.407527064928270     
  5.886154637334164E-002
 -0.471793744273533     
 -0.270126665639084     
 -0.426450417693459     
 -0.484195066498210     
 -0.549032019329980     
  0.121486699475161     
  0.115052593455553     
 -0.183294041210821     
  0.375714468128298     
  0.231266933687711     
  6.646389582517073E-004
 -0.166549946255445     
 -2.694950223144643E-002
  0.198394351995712     
 -0.794281238367808     
 -8.554268238412249E-002
  0.104600592694990     
 -4.915338511580673E-002
 -0.368196636470868     
 -6.191159812766290E-002
 -0.300350856345018     
 -0.232010437851423     
  0.695802974022569     
 -0.319361498946070     
 -0.817487635278751     
  0.224306868004235     
 -0.789458504192244     
 -0.810907025957768     
  0.184604843331358     
  8.835697143155427E-002
  0.208098155457143     
  6.998862991046979E-002
  0.364319683367833     
  0.146696598833145     
 -0.325984161039207     
   1.04640761072920     
  0.737624820881387     
  0.231468911981802     
  0.777878453493592     
  0.213759050852707     
  0.666177436251830     
 -0.958953214215559     
  0.220069676320616     
 -0.150907323905240     
 -5.279651268714295E-002
 -0.338570728298577     
  0.116395388651572     
 -0.586777298436334     
  0.715195371010344     
  -1.08275152113579     
 -0.433257047344060     
  0.987149251362783     
   1.16513693093675     
  0.305581457112836     
 -0.343521204483326     
  7.163492438966367E-002
  0.117087961764926     
 -0.476655292224730     
 -0.418183665446373     
  0.174528019973343     
  0.540615109967946     
  0.335815785493838     
  -1.37888676604884     
 -0.265960699568658     
  0.126066525963864     
  6.279483143438941E-002
 -6.083973731000326E-003
  5.736559297418579E-002
 -0.550889004668528     
  1.678826496638332E-002
 -9.879338430816080E-003
 -0.405910592286961     
  9.275050322794637E-002
  4.510551620893434E-002
  9.319967777544208E-002
 -0.177026829722430     
  0.163405428004848     
 -0.316362808437522     
 -0.304371762720474     
 -0.452842399521245     
 -6.872797460507721E-002
 -0.247684758722947     
 -0.277163533064977     
  1.124956905547183E-002
 -0.232312589044062     
  0.194007105048113     
  2.553401265185063E-002
 -0.175127963464299     
  0.201840683801129     
  8.021095084120557E-002
 -2.203941013538699E-002
 -0.419821043260777     
  0.629312726007229     
  0.595641206349585     
 -4.721533924781599E-002
  2.472384421893539E-002
  0.308661508304539     
 -0.434086021147531     
  0.437711917496417     
 -0.127308709951878     
 -0.105170767499263     
  0.288491970593481     
  0.418866388889200     
 -0.247480831713242     
 -0.457624289283512     
  0.131733869076135     
 -0.696681461542207     
  0.573094370353733     
  0.266482735605088     
  0.246481715090788     
  0.310233352052876     
 -0.163238720344876     
 -0.458144713395895     
  0.471413662135788     
 -3.750638553402803E-002
  0.136902668234484     
  7.618840413841824E-002
  0.235979002025796     
 -4.842429845333763E-002
 -4.860554880905255E-002
  0.170868427542525     
  0.273510589331230     
  4.173246512360607E-002
  0.803646910123192     
   1.49603873766074     
 -0.168135759523621     
  0.312202741923296     
 -0.863540293843583     
  0.259685279027264     
  0.149780554456622     
  0.240438519328409     
 -2.045530239779513E-002
  0.356464586071362     
  1.673846139498154E-002
  0.269250934067048     
  0.627149311051412     
 -0.728782949947264     
  0.316625689038239     
  0.487485987430608     
  0.329219242675208     
   1.03669969326348     
 -0.606561420639278     
  -1.29186028888116     
  0.586547557195963     
 -0.536557363602068     
 -0.514868928894374     
 -0.244663965268804     
  0.346762632244989     
  0.699771466734229     
  0.167518372718821     
 -0.583034324384955     
  0.159862925230652     
  0.583998669450494     
 -0.314880792073513     
 -0.498863729391474     
  0.439873241035463     
  0.197032123010929     
 -0.713339391848654     
 -0.482042415808910     
  0.769475420749719     
  3.051806629966557E-002
  0.173084906212887     
  0.320233393807609     
 -0.423800138573435     
 -4.070643299075347E-002
  0.214680705776051     
   1.03130126663033     
  0.176101906147783     
 -0.389485084568802     
  0.396348538193515     
  -1.13409572877479     
 -0.251813691772148     
  0.448679107427707     
 -0.716647312126668     
  6.137561302276179E-002
  0.752273220747354     
 -0.377012711104486     
   1.42332050533157     
 -0.352841081866133     
 -0.491679659913453     
 -0.118347914467928     
  0.787086736223349     
   1.06735812688824     
  0.167029131031512     
  0.988308719344967     
 -0.552476904616751     
 -0.588978117243051     
   1.02761161163276     
 -0.520479058094888     
  0.320557487583372     
 -0.686139298229501     
 -0.196684085356998     
 -1.147030489573787E-002
  0.178497265639748     
  0.866631276488710     
 -0.154011180790656     
 -0.343677909854586     
  3.546246729732440E-002
 -5.359339732710291E-002
 -0.560797826073187     
 -0.155000954101532     
  0.777421660335976     
  0.519698383801811     
 -4.383415451434541E-002
  0.821448588048270     
  0.234336597279468     
  0.488952299267179     
  0.701638159963528     
 -5.086761351919569E-003
  7.988360911916687E-002
 -0.579951006807927     
 -0.666308243907208     
  -1.04521944636390     
  -1.14955575896474     
 -0.413984229755281     
 -0.485260598063437     
  0.179507408170882     
  -1.25089184375556     
 -0.861230096897067     
  0.513313987207211     
 -0.149519045569897     
 -0.340916156193366     
  0.251745844781943     
  0.856298348511193     
 -0.311092884839769     
  6.098982763953741E-002
  0.167711195555676     
 -0.180302222323546     
 -0.134157232646702     
  0.588908631365241     
  0.502101635412554     
  0.929471055405271     
  0.681390336527576     
  0.724222813086725     
  -1.21539818062949     
 -0.542313120457792     
 -0.291077953129445     
 -0.105134411533055     
 -0.537786326446837     
 -8.889560025019426E-002
 -0.302431944985092     
 -0.105290689184448     
  0.544224217756832     
  0.333947592818899     
 -0.472429511912269     
  0.469078590122535     
  0.409834743633679     
 -0.864280145534783     
  0.234823458115811     
  5.340602776235422E-002
   1.17818799254159     
  0.400974973344369     
 -4.698060806360278E-002
 -5.782561569767796E-002
 -0.989106251826724     
  0.434699888834527     
 -0.228696196259269     
  0.309729061373268     
  0.151821573019311     
  0.269578218265335     
  8.554230729071061E-002
  -1.08166136431996     
 -0.949867608104906     
 -0.155957662324719     
 -0.451411066287540     
 -0.139628427135875     
 -9.117371909033797E-002
  0.193178445618183     
 -0.936245546299278     
  4.011079273830622E-002
 -0.357321840097464     
  0.426552400656976     
 -0.275221908584634     
 -0.559955396341187     
 -0.576291939170892     
   1.20719568179420     
  0.198699915590929     
  0.253458206655035     
  0.810793062448350     
  6.373977337610476E-002
 -0.326170992651781     
 -0.495989777235254     
  0.130122103914379     
  0.302369580647058     
 -0.535780202516099     
 -0.418753440342395     
  0.432356157500064     
 -0.330099739381734     
  0.124664608843657     
 -1.433960133243416E-002
 -0.360762564287359     
 -0.224218382497772     
   1.59481648166140     
 -0.215527031833752     
  -1.07257888811647     
  0.875110507510732     
 -0.502543848726396     
 -0.676138055737159     
 -8.765020945608835E-002
  0.164491893634650     
  9.505594651935738E-002
 -0.108262207843573     
  0.461021193869855     
 -9.143499219882847E-002
  0.780397522372664     
  0.491515990740337     
 -0.443814411389741     
 -0.737404594995508     
  0.106932018827057     
  0.684431817817362     
  5.604343559266235E-002
 -0.662600380647425     
   1.29245220108047     
  0.148797674488035     
 -0.946808797830398     
  1.551704964929763E-002
  -1.07218028021553     
  -1.00392151235960     
   1.42987450528063     
 -0.204947499793977     
  0.307317664974929     
 -5.670637801088001E-002
 -0.720176126033865     
  0.509066746971845     
  0.705060874407261     
  0.569427431651899     
  0.288366814939283     
  0.144123842660750     
   1.78077152027752     
 -0.331135296668763     
  -1.08234830389702     
  0.524191438083689     
 -0.187280106098236     
  0.461532733900694     
   1.22048555965478     
  6.353688092022020E-002
 -9.891614575265159E-002
 -0.564243702077797     
  0.183895004778981     
  3.582005045795819E-002
 -0.355018022855413     
 -0.346673659848207     
  0.748455277511555     
  0.371742121478711     
  0.562534919512341     
  0.733597989332589     
 -0.184922028750865     
  0.409098335919779     
   1.01499066229078     
   1.11945373667972     
  0.594006748594383     
  -1.43655736016553     
  -2.20074933776337     
  0.409671180366771     
 -0.747611019747599     
  0.554031205279057     
   1.11223947796114     
 -0.539345770598290     
   3.13838328695019     
 -0.227788297577116     
 -0.792027553916808     
  0.104306256038469     
 -3.940796641182318E-002
 -0.470092260945085     
 -0.907750884350097     
  0.348044545823350     
 -0.800405000270378     
 -8.678387746246355E-002
  0.161659989675692     
 -0.225939666304792     
  0.258093753584449     
 -0.551736998271773     
  0.458479562259584     
  0.587184430260456     
 -0.141940195461203     
  0.734075097478304     
  -1.15449777591388     
  0.440266968940934     
  0.969988507115164     
  0.221996306776904     
  3.605031696674355E-002
  0.216316395160038     
 -0.932139803292928     
 -0.297045106339526     
  0.704691813348234     
 -0.528039688850500     
  0.141701211814361     
  0.413426738617901     
  0.368102259353113     
 -0.309569265187331     
 -0.610580202409771     
  0.603402139444292     
  0.505434840556126     
 -0.476114326286001     
 -0.791383281565003     
  0.407164420489103     
 -0.416197853790628     
  0.651742813492805     
  0.719752963794497     
  0.509537397804504     
   1.16054578420805     
  0.182249873500971     
  0.905167923857663     
 -0.121412139028510     
 -0.276243941936638     
 -0.338669753912612     
  0.252011626300497     
  7.839793323948456E-002
  0.822938736370696     
  7.413075192060124E-002
  0.307758783912292     
 -7.151047668785057E-002
  0.178390278765914     
  0.328342909220966     
 -1.475814176150933E-002
 -0.712372474117921     
   1.57590520028568     
 -0.822527078204966     
 -0.291820909603130     
 -0.526781747601613     
  0.518851553312260     
 -0.285232223642391     
   1.87270137792912     
  0.615029625844137     
 -0.257502698728261     
  0.768621787581912     
  0.550554013987767     
 -0.196208799502751     
  0.490374008493703     
 -0.790650713094167     
 -0.617341908182717     
  2.026434024315169E-002
 -0.323893714659540     
 -0.303502461260170     
 -0.118926652532245     
  9.152821817816102E-002
 -0.134891754230694     
 -0.214650751108279     
 -0.179108875629672     
  0.284996703076703     
 -9.498315352809689E-002
  0.666002546237974     
  0.289413147621977     
 -3.862667986381281E-003
 -1.597932821426102E-002
  0.115007071956807     
  -1.03629745968448     
 -0.174175550171671     
 -0.498917671975529     
  7.743768872954791E-002
  0.206354721993930     
  0.403340855171536     
 -0.300349285835802     
 -9.925049010943432E-002
 -6.420184170122771E-002
 -0.344415764078848     
  0.743697985984851     
  0.140331281483686     
  0.211485400189895     
 -0.398842545786797     
  9.755186629641514E-002
  0.786004690507571     
  0.529281845036151     
  0.208034713253293     
  0.221679948911593     
  0.777946165246218     
 -0.352315316143331     
 -0.187562591995852     
 -0.261966864983134     
 -1.403127937839286E-002
 -0.319785938937823     
  1.536689433761786E-002
 -0.201768737957225     
  0.451449525595228     
 -0.394376510698157     
 -0.540476726546874     
 -0.911002914894291     
 -0.332742092927923     
 -1.919400536056119E-002
  7.118802412565217E-002
  0.344035514939879     
 -0.165614138478431     
  3.660089791812589E-002
  1.623104441490488E-002
 -0.523580658967224     
  0.231543248256508     
  4.300065355949706E-002
 -0.488645504139081     
 -7.393922914099324E-002
  0.794656903887418     
 -1.554010212657316E-002
  0.613506051969164     
 -0.112028520483268     
 -0.478036874897754     
  0.254852939660145     
  0.213441131142827     
  0.278017741020302     
  0.214781429114543     
   1.04483942493959     
  0.728707348809105     
 -0.138843230875060     
 -0.702461608909689     
 -0.180063993560591     
  -1.41230184932373     
  0.966968268058360     
  0.390932673760600     
  0.255483647342082     
  0.399510569371477     
  0.555555841798064     
  0.180826350928074     
 -0.503026273273167     
   1.09255150225239     
 -0.520205161692319     
  0.669982602757686     
  0.265634051626924     
 -1.114377940088652E-002
  0.109453218903831     
 -0.576506110232939     
  0.327415765346133     
 -9.139686765588410E-002
  0.125098805298159     
  0.292049331547450     
  0.412314301165597     
 -0.114977242462549     
  0.121153507872652     
  0.363860329637812     
 -0.705835642952336     
  0.368992539147947     
  0.419013227602689     
  0.165361221942753     
  0.594500343109993     
 -0.102087942210955     
 -0.676334578673669     
  0.498253796811942     
 -9.041901906247743E-002
 -0.153917512808995     
 -9.881232362305967E-002
  0.689727625594849     
  7.934156390079618E-002
  1.324317046942002E-002
 -0.334887924269411     
  0.174244906385448     
 -9.076072011460208E-002
 -0.111784166372641     
  -1.28625159736973     
  0.661685459795571     
  0.116289226454450     
 -5.667601458826353E-003
 -0.199013643439666     
  0.478228097882647     
  0.388521895344441     
  0.100219591559378     
 -0.244890807962976     
  0.557613710189731     
 -0.808255777549230     
 -1.429763660665852E-002
 -0.184231232699206     
  0.216082718324974     
 -0.758130760451243     
 -0.175260471317037     
 -0.832333561796306     
  0.239592395925674     
  0.678169006093934     
 -0.611537370572453     
 -8.149257112336805E-002
  0.502319559348299     
  3.607954318773675E-002
 -0.683944584525787     
 -0.371347843888399     
 -5.772539320417307E-002
  2.980600377723213E-002
  0.264395643710565     
 -2.314738701627380E-002
 -0.171905240572138     
 -0.687281329368128     
  0.450637033702473     
  0.346719558600089     
 -0.858346873537538     
  0.477656668837361     
 -0.217691177079934     
  0.285907732264542     
 -0.164072582898530     
  0.138887865583317     
 -0.273267208984745     
 -0.615189722489914     
  0.112558297710975     
 -2.357215929548316E-002
 -7.776608823232690E-002
 -0.358355181576740     
  2.949848074593042E-002
 -5.060930042592861E-002
 -0.534412604783237     
 -0.301323679937265     
 -3.859516625639660E-002
 -0.894950220424163     
 -0.220090164556972     
 -0.871697116649145     
  -1.16781969389105     
 -0.495500422200761     
  1.794275562630419E-002
  0.115986138819767     
 -0.132070104113631     
  0.726798855973911     
 -0.479739628123983     
 -0.509795992961276     
  0.358741534110856     
  0.209617195533628     
  0.174164317007370     
 -0.108122842657132     
 -0.608893675775306     
  0.553714751824527     
  0.753329705349330     
 -0.161430036470172     
  0.132145074206096     
  0.502080265424733     
  0.663326251298310     
  0.842407036190915     
  1.660885926770305E-002
 -0.223999927597168     
 -3.526158699935702E-002
  0.618760373284744     
  0.443602212202861     
 -0.108225995985318     
 -0.103620282647666     
  0.559908994875430     
  0.182975006185385     
  0.353597801378691     
  4.110984439810549E-002
  3.663779297465578E-002
 -0.205492566342930     
  0.200846203517437     
  0.349133823848467     
  0.446786532424109     
  2.909902335355585E-002
 -0.404335206603425     
  8.201406570483671E-002
  0.286395912732283     
  0.525995773680111     
 -0.767386957745022     
 -0.231582144462569     
  0.293625314759016     
  0.447268652951132     
 -0.242191054140101     
  0.463775044269148     
 -0.303351823810838     
 -0.285668529453587     
 -0.178436637735789     
 -0.174437991145321     
  0.240380935947789     
  0.154398675547966     
  0.829120453854437     
  7.789109154880650E-002
  0.101032778984578     
  0.106103822391463     
  0.386135200144883     
  0.452627950710565     
  5.291126308135204E-002
  0.177665153283135     
  0.219279139904575     
  -1.16548094666870     
 -0.273239233534137     
 -6.569517038499754E-002
  0.412642725532720     
  0.909010997637274     
 -0.271378232227820     
  0.636595197731911     
  8.644209070831815E-002
  9.105117513617664E-002
  0.291538666149837     
 -0.339654105711300     
 -0.282802556913339     
  0.290385907893042     
  0.137560479925273     
 -0.518068547242300     
  0.434846015187387     
  0.374327308560739     
  5.808855912606744E-002
  0.166472201287289     
  0.142872358466887     
  0.366099092765439     
  0.338354574874863     
 -0.186334965668972     
 -0.869276268682321     
  0.311568626447838     
  0.505571545689455     
 -0.392739560295578     
 -0.341671758680779     
 -0.132335635415260     
  0.212555096382605     
 -2.406157288075570E-002
  0.287989574081142     
  0.209851247848662     
  0.311363668750946     
  0.401490296167171     
 -0.496895741332869     
  0.321196602632670     
  0.259285465744104     
   1.11127553580855     
 -0.201254580608175     
 -0.243545855671273     
  5.270637576134268E-002
  0.480284767706941     
 -0.930739755809199     
  0.525348793747735     
  0.972676742424894     
  2.595937827539654E-002
  0.857337128628774     
   1.16229178639331     
  -1.16988937004112     
 -0.232442032942732     
  0.149598806854736     
 -0.320350833753712     
  0.560702357658398     
 -0.348685823224379     
 -0.687337041829547     
  -1.18288405486096     
  0.371603587878481     
 -0.436471810088361     
  -1.30788224747122     
  0.318052184445175     
   1.01143585812873     
 -0.555703537331906     
  0.869504032379782     
  0.242261690978362     
 -0.481496125402573     
  0.445504546609601     
  8.248734660548294E-002
  0.160701537350709     
  4.355845006343413E-002
 -0.739184552609900     
  1.127655733399927E-002
  8.630195996201484E-002
 -0.165260651940452     
 -0.503005135742765     
 -2.871101048027731E-002
  0.347369424636582     
 -0.113498490122865     
 -0.162602202845954     
 -0.406695901070383     
 -0.144780229087260     
  6.812396401353878E-002
 -4.094970682209136E-002
 -0.176493951554863     
 -0.174816401330310     
 -0.583867777125504     
 -0.147678036066818     
 -0.393229558704108     
  0.635468255666798     
  0.780541008838762     
 -0.170168279914948     
  0.121630497597573     
  7.003037725537686E-002
 -0.157609036785949     
 -5.376918287223953E-002
  0.282647688270576     
  -1.03406770681247     
 -7.982966844426989E-002
   1.20533931128616     
  -1.33631354483790     
  0.487622627532831     
 -0.345651137349802     
 -5.072438135045297E-002
 -0.540578926760498     
  0.376024454314841     
 -0.264156721921462     
 -9.072150507069801E-002
 -8.843879239263874E-002
  6.819037735639029E-002
 -0.929413558026276     
 -0.327515829649943     
 -0.465279958927429     
  0.503000150897606     
  0.262539791337976     
 -9.386258259246485E-002
  0.691723938316796     
 -0.207245395820547     
  0.577984291034057     
 -0.212493502709229     
 -0.358208659373764     
 -3.755488469555253E-002
  0.552917706346175     
  0.327036550554832     
 -0.417953890657668     
 
   1.06849729892257     
 -1.350936658639891E-002
  0.133160873335523     
  0.636243018069558     
 -4.096937531914934E-002
 -0.616989761339684     
  0.990399324489206     
  0.500001220409461     
 -4.116461174940597E-003
 -0.672306282058520     
  0.278244536446379     
  0.196474645940828     
 -4.541094332124383E-002
  0.376482286202863     
  0.508821790206375     
  -1.07249245484966     
  6.469376940862825E-002
 -0.971922174715274     
   1.22193275500601     
 -7.493510410589380E-002
  0.385548463179311     
  0.684940909015356     
  -1.15846245901037     
  0.493130364554805     
 -3.086553915045742E-002
  3.757393186987792E-002
 -6.367607789579996E-002
  0.383150802179208     
  0.439248431880440     
 -0.359989096776963     
 
 -0.267661811718443     
 -0.238454272527074     
   1.07628636920542     
  0.588724388494931     
  -1.30635342109835     
  0.436349348506226     
 -0.965868698407145     
 -0.881152290423942     
 -0.388257887530583     
  0.248200319097555     
  -1.02370632710854     
 -0.123340329240194     
 -0.739037248068235     
 -0.377840172104531     
 -0.839109500937300     
  -1.55199397115555     
 -2.776925515246268E-002
  -1.38882840597978     
 -0.409433926655497     
  4.329699457668228E-002
  7.887529887167109E-002
   1.40033497110285     
 -0.775250970018667     
  0.906631299178197     
 -2.510716300950799E-002
  1.569458438510019E-002
  -1.18518056002183     
 -0.824878742916826     
  0.426115218526078     
  0.208642041052440     
 
 -3.939104761904762E-004
 
  tansig  tansig 
