     33 -    30 -    30 -     1 
rmse=  33.3228meV
  -1.50217085529752     
  0.999583657205676     
 -0.697126753667415     
  0.786038285231719     
  1.954569818412193E-002
  2.494898268462699E-002
   1.00113439038404     
  9.748980953890721E-002
  0.653049156141296     
 -0.210936128740389     
 -0.619776104871201     
 -1.777960754885047E-002
 -0.650131116354073     
 -0.291268672362483     
 -7.785610592131904E-002
 -0.363499516940624     
  0.347371799574717     
  0.314665305720252     
  7.529392365323241E-002
 -0.302151949405504     
  2.424992129736291E-002
   1.12172855279944     
 -0.959785215694894     
  0.958118568794418     
  0.349878731361088     
 -6.239401935615146E-003
  0.270706089960521     
 -0.558224959265817     
 -0.623149857452874     
  0.245522933339445     
 -8.709688205431662E-002
  3.893576717822246E-002
 -0.398169517009179     
  1.293382386147600E-002
  0.804184365565369     
   1.14283646686292     
  0.243428761072379     
  0.588165594707233     
  2.483079266093687E-002
  0.578724651019350     
 -0.704250019327420     
 -5.529407775689327E-002
  3.780402377871052E-002
 -0.200849977564419     
  -1.17225206100555     
  -2.61229428613018     
  0.919879172153845     
  0.342539178727705     
 -0.256930557764595     
  0.165128705685119     
 -0.325325368352396     
  0.520592200502032     
 -9.640402915687664E-002
  1.026832064233803E-002
  6.057226698973491E-003
  0.775167708392172     
 -0.395788031887514     
 -0.520967796139784     
  -1.06372890308062     
 -0.642955330254341     
 -0.178389963024903     
 -0.670560761519655     
  0.195354591589703     
 -0.172430020223651     
 -5.239803901116902E-002
 -0.329286867967030     
 -0.485116331011887     
  -1.03789377711579     
  -1.05898476876502     
  -1.15381493864906     
  0.244151801187366     
 -0.148153051433317     
 -0.350158985522634     
  0.137998828062996     
 -5.969827394888830E-002
 -7.010772048571280E-002
 -0.262515659672311     
 -1.044669103408572E-002
 -0.597236433755034     
  0.751882108632528     
  0.755703868567547     
 -0.240437947630812     
  0.455493580257479     
 -4.479013225087292E-002
 -0.193000277560157     
  0.335800281460396     
  7.331776880572261E-002
 -0.312139342628433     
  0.891507904714809     
 -0.486164705791432     
 -0.564234477685689     
  0.184921329939559     
  0.820041355195869     
 -0.217726142406963     
 -0.239208743840444     
 -0.450585059047368     
  1.336025901317061E-002
  7.088228982685019E-002
 -0.196960924340866     
  0.349477485887201     
 -0.694697762950642     
  0.386957772494387     
  0.363687986408942     
  0.540892714284813     
  0.713584548942136     
  6.203047701944298E-002
  0.235291312486765     
  0.171939068057053     
  6.684201327158631E-002
  0.116168141807418     
 -0.272527953413638     
  -1.95457839182235     
 -0.419751187245692     
  0.799061918456555     
  -1.36303013682196     
  0.978890560876776     
  0.473432763501894     
 -6.671924188230652E-002
  0.504888515058132     
  0.737582459963124     
 -0.241385769995245     
 -0.333366660898120     
  0.838836780494729     
  0.135474280728017     
  0.127327523891556     
 -0.796804395340795     
  0.259886713614308     
 -0.693243005389862     
 -0.532351611380757     
 -0.372148370630915     
 -0.270325712543749     
 -0.529000066652239     
  -1.47412169879096     
 -0.333659574552263     
   1.40558731120194     
 -0.231610905829323     
 -0.538960617422711     
 -0.815185099995483     
 -0.385316594769482     
 -1.974774494176221E-002
  4.530727537334020E-003
  0.121039497277280     
 -8.769329747450252E-002
 -0.388093762878768     
  0.191943011316010     
 -6.771890141625536E-002
 -0.400005927031327     
  0.268542934230693     
 -0.141815608495973     
 -0.836615931164497     
  0.371750303146822     
 -2.014688130644453E-002
 -0.385241733143133     
  0.242383074533128     
  -1.35411734486319     
 -0.212062897598701     
  1.426621682382314E-002
  0.415145618124982     
  0.618233855396670     
  -1.16727758208535     
  5.361330777016841E-002
  0.535987443193891     
  0.493122238444747     
 -0.124472707027162     
  0.424327010329842     
 -0.247399103875325     
   1.43490427019930     
  0.939910125418969     
 -0.355044069010860     
  0.107252883581740     
 -8.500069213509387E-002
 -5.069343888535681E-002
  0.130411023385140     
  0.521938615250256     
  0.150231077121782     
 -0.174139578436753     
 -0.468810732641231     
  0.111168572431067     
  -1.38380022465636     
  -1.07879740118210     
   1.10804587935548     
 -0.882272110658525     
  0.968667517151364     
 -0.601806810174610     
  0.129642825561337     
 -0.308127996500327     
 -0.373147180766078     
   3.24636302180553     
 -0.816322914777475     
  0.476093917949519     
 -0.508577190956038     
 -0.512278092760422     
 -0.268127159293843     
  0.279941085747150     
  0.173694709052078     
  0.297751397445225     
  0.363852703379445     
 -0.466643016175224     
  0.869291116287470     
 -0.290148314964529     
  0.925025694142991     
  0.629185428123760     
  0.843290320548692     
  4.401106567080817E-002
  0.103853154784422     
  0.395689641173352     
 -0.132875144482636     
 -0.175460291415883     
 -1.549064637322153E-003
 -0.157220419356265     
  0.651799412993237     
 -0.176274233929224     
 -0.317783609713487     
 -0.118285617971567     
 -0.183238359631335     
  0.871450657601183     
 -0.359399682970429     
 -0.186673847092950     
  8.464206877091537E-003
  0.128409443124293     
   1.07488965049873     
  0.950531089001646     
 -0.158343430871803     
 -0.291852420166863     
 -6.295072454475677E-002
 -0.155519622787260     
 -0.325020372340630     
 -0.345663548267903     
 -0.181975808569214     
 -1.977573435816729E-002
  0.243413647470912     
 -0.660776678467780     
 -0.992390736246247     
 -0.108277253465111     
  0.780749044141475     
 -0.173427100348266     
  0.389257664267593     
 -8.848806041523948E-003
 -0.246001699311509     
 -0.797722497680018     
  1.236896580003692E-002
  0.249894030530794     
  -1.07683457075031     
 -0.363910657547370     
  2.258049393740242E-002
 -0.168516609489196     
 -0.222356247124298     
 -0.202298724782516     
  0.601710920170890     
 -0.946780839406943     
  0.272843659216401     
  0.488959240014856     
  4.240480045752497E-002
  8.382313444468777E-002
 -0.136435965676875     
  0.463459407402282     
  4.592897929156872E-002
  0.277505061055824     
  5.560933936935525E-002
  0.285827370228086     
  0.151187695195909     
  4.006845464048417E-002
  0.346835404901041     
 -0.241724968975403     
  0.985299650731102     
   1.11584641052341     
  -1.67787794544064     
 -0.863959406882546     
  0.503079908798604     
  0.674815410458448     
  0.178587866900794     
  3.567075658278718E-002
  3.344077500601305E-002
 -0.363152524223205     
  0.181654680870393     
   1.53043790516926     
 -0.261324695457068     
   1.30586999239081     
 -0.160682577219337     
  7.100245621971485E-002
 -0.522704395327213     
  0.154928030978630     
 -7.122556677371226E-002
 -0.135165992737022     
  0.340627251671105     
  5.905500335777825E-002
 -0.973823284920816     
  0.608661890989558     
 -0.371716707046435     
  3.825076431626713E-002
  0.476521374570477     
 -0.581336963904419     
 -0.692886704945750     
 -2.323257673912443E-002
  0.379301678650127     
  0.427876449056707     
  0.135214276037751     
  -3.42354713150323     
 -0.365365949636130     
 -0.185068597016746     
 -0.259640752289382     
 -0.386703542309819     
 -0.397824060445609     
  0.309187710565031     
  8.392999612746033E-003
  0.788242816344017     
  5.018958176948929E-002
  0.219917693644502     
  0.130667137470556     
  0.645775450705444     
   1.34626673429342     
 -1.023201181572215E-002
 -0.146609472944489     
  0.433967284242423     
  0.636063137203732     
 -0.598221081855595     
 -0.240955199788027     
  8.654467836584022E-002
 -0.610893183435752     
  6.642297459535432E-002
   1.17722707069859     
 -0.510585914004338     
  0.686534094759576     
  -1.11625008310835     
 -0.309829825305959     
 -0.960056379311417     
 -0.477102678831398     
 -0.888556100620691     
 -0.338255717685733     
  0.196041315416713     
   1.16864782424053     
 -0.169018840651100     
 -0.397432043955673     
 -0.576986927363215     
  0.412578044978946     
   1.46446829149101     
 -0.108123847265069     
  0.221652766736408     
 -9.976476146022235E-002
 -0.276978107991819     
 -0.491016575823243     
   1.88256367761053     
 -7.399544916889414E-002
 -9.275214103662896E-002
  4.789741115968182E-002
  0.199206320277576     
 -0.565617302490627     
  0.188203911031328     
  0.455344604243711     
  0.873282311587471     
  0.286390210813229     
 -0.763776186191950     
 -0.211725874424948     
 -0.384630628777667     
  0.576276131840709     
  0.746804861819034     
  -1.05497126694314     
 -0.687905657033980     
  0.130702112286314     
 -0.821581316276155     
  0.249315928060819     
  0.347561884769832     
  0.200284715118145     
  -1.27622714043165     
  0.319419170192062     
   2.15205307855922     
   1.03717332004634     
  0.507516201710060     
  0.152159776674156     
 -0.426058972470549     
 -7.492324979389631E-002
 -0.139029058100865     
  0.376188328509250     
  0.174053846122783     
  0.421269651547643     
  -1.49058149824855     
  -1.23515506821342     
  0.406776098299074     
  0.743043743226297     
 -0.152081824150013     
 -3.152763370127152E-002
  0.540538315487911     
  0.507951282357732     
  0.308076680650728     
  0.567223711029459     
  0.169040176664335     
  0.894156629225188     
  0.377383592751785     
  -1.99531407192924     
  0.275059925963362     
  7.092083812454755E-002
  0.755523613852427     
  0.318539282855743     
  0.282107752580017     
 -0.118069321705362     
 -0.288537842331793     
  0.225571478876224     
  0.292123243551680     
  0.404684323036207     
   1.50678371620126     
  0.295860892924475     
 -2.880554716320033E-002
  2.246244896884673E-002
  0.103188619063904     
 -8.085278171123614E-002
  5.634708196480537E-003
 -0.197070489111625     
  0.365688360756515     
  0.243325361538823     
   1.16183405713694     
  0.446725988545481     
 -0.210347451005202     
  0.289463430280919     
 -0.661340387945475     
  0.685669819319906     
  0.146778704278355     
 -0.279325574872980     
 -0.333880897282730     
  0.352487622877699     
  4.638647566004523E-002
 -0.231395387716428     
  -1.43337778581251     
 -0.383860894328051     
 -0.701188677252888     
  0.414481615140358     
 -3.637974077377390E-003
 -0.347679335391823     
 -7.927118969366405E-002
  0.176333082104982     
  0.523933377662342     
 -0.642356433818947     
 -0.130795624104179     
  0.910421743959434     
   1.12598742141876     
 -0.853093639761111     
  0.162932438072971     
  0.448476444685519     
  0.115655717863346     
 -0.412794597773475     
 -4.192846260199146E-002
   1.76403157276164     
  -2.89453236927018     
 -0.178115701995200     
  0.591095285151332     
 -0.865682112993793     
  0.123191666780770     
  0.389896476046865     
  0.714419646718656     
 -8.086096115615357E-002
 -0.521647260738790     
  0.340512366918282     
 -0.838950859276916     
  0.214476945357939     
  0.864476779647666     
 -0.632661050178032     
  8.550287396609256E-003
 -0.738634740925303     
 -0.148181665975890     
  6.637557453737472E-002
 -0.201037870658161     
 -0.290753322986085     
  0.882183497220564     
  -1.39504910947563     
  3.495175017458139E-002
  -1.17512623142383     
 -0.211373109332407     
  0.780485185346208     
   1.38547016458568     
 -0.165237895995127     
 -0.172542334984982     
  0.259845673456839     
 -0.269940038487884     
  0.316449984226558     
   1.57379808227171     
  -1.40845882191815     
  0.249438276291169     
  0.913655833828992     
 -0.221441689015025     
 -9.439218803768530E-002
  0.332567277868423     
  0.245605672544850     
 -0.274800206603664     
  0.128483181663420     
 -6.229130575886735E-002
   1.85631069220444     
 -0.780422960770440     
  9.116374479610310E-002
  0.226892031242374     
  -1.75362922936827     
 -0.825291810297090     
  0.264586131257958     
 -0.145294330426990     
 -0.868900234756007     
 -0.103555065047554     
 -1.283749862931712E-002
  0.299039044951532     
 -0.524851759989166     
 -0.745954030064015     
  0.418484506895809     
  0.170349099161537     
  0.256162356092048     
  0.361608805729799     
  0.374267623961416     
 -0.228703576146541     
 -0.118895904896640     
 -7.953775332098456E-002
   1.01378814746719     
  0.870487460529806     
 -0.484386622049058     
  0.326438319620382     
  0.301074908920312     
 -0.724219589465738     
  0.199532675058878     
 -0.294624157433478     
  0.426508491882701     
  0.261936116582926     
  0.124278523747242     
 -0.793301606377226     
 -0.929789117885279     
 -0.267584927917732     
  8.269263321324519E-002
 -9.420227325707858E-002
 -0.644010810736776     
  0.340448175547176     
  5.098984251923420E-003
 -8.401224254450500E-002
 -1.003139954328988E-002
  0.150143686214313     
  5.990160670590249E-002
 -0.304467658791376     
  2.353033659708208E-002
  0.416861272974608     
  0.190826115627767     
 -0.426164504526798     
 -0.415421524135618     
 -0.318066690713798     
  0.339020042636938     
  0.259272574402184     
  7.404819569594275E-003
 -0.389665378478931     
 -6.810104235974619E-002
 -0.805513467380207     
   1.32001679440855     
  0.210548458132002     
 -0.412068012092307     
 -0.127219680669682     
  4.117852026149715E-002
  0.254396393790154     
 -0.284352518575324     
  0.329714039755026     
 -0.669471411381256     
  0.498442371187362     
 -0.903638255621185     
  0.210559875704078     
 -0.551387627708729     
 -0.509053037803616     
  0.244908613261104     
  7.182756210985128E-002
 -4.037287898887498E-002
 -0.603587524799315     
 -0.463057496583902     
 -0.508943333284992     
  0.746054421526104     
  0.301692256052891     
  0.194213586436411     
 -0.109024275088734     
 -0.462610359610151     
 -0.229489086073702     
  0.102172860719216     
  7.383807765727411E-002
 -2.464836513493510E-002
  2.152825733594755E-003
  -1.10866987527790     
  -1.15551161822591     
 -0.305753635811957     
 -0.213912633209512     
 -0.868349406237935     
 -3.419360306145684E-002
 -5.919156409971427E-002
 -0.593086278956840     
 -2.877434491373163E-002
 -0.248201933786902     
 -0.679834567843663     
 -0.473223237776000     
 -0.225973865236788     
 -0.129865978269172     
 -0.785753395902226     
 -0.755814835215401     
  1.286384167313182E-004
  0.236438926612211     
  0.146952589712209     
 -2.523485469188470E-002
 -0.394285213176184     
 -0.465087078381027     
 -0.984757435791149     
 -0.280345486479501     
 -0.722518803067608     
 -0.853381430614855     
 -0.509184903931444     
 -0.513087275363572     
 -1.948627564150484E-002
  0.243006214198930     
  7.418565080534461E-003
 -9.426295901834216E-003
  0.158799716699686     
 -0.768136044397963     
 -0.345752095965707     
 -6.440050383264584E-002
  0.378781154289014     
  0.406760592535374     
 -0.343767251498507     
  0.123219694697430     
 -7.487358510342043E-002
 -0.106482193576454     
 -0.339850094999254     
 -0.199725685382973     
 -0.938296413105458     
 -0.476781773587385     
  1.560703409415868E-002
 -0.159011745899342     
 -0.172784259407623     
 -5.460669642898730E-002
  0.629905284924947     
  0.160074197933634     
  0.234371593702190     
  0.113575526786086     
  0.645534478956127     
   2.01051544361256     
 -0.391004442503760     
 -0.812933618303738     
  0.671850296678121     
  0.183456107366069     
 -0.982567277783641     
 -0.122205299813222     
 -0.170347365377004     
  0.186407901658594     
 -0.467345339485178     
  4.851962595417972E-002
  0.325443773845219     
 -0.588559825315522     
  0.466906095244613     
  -1.72976334051153     
 -7.242762709995100E-002
  0.262930357493022     
  0.520018827639961     
   1.19080818658752     
 -4.591374435743443E-002
 -0.497710306585260     
 -0.133154931873923     
 -0.263009562192475     
  0.199350789850465     
 -0.869827197336098     
 -0.230213474950321     
  0.933061810850203     
 -0.567325568869142     
 -0.329043216977562     
  5.886252360597755E-002
  0.137766192594493     
  0.114270211687216     
  0.133283724167434     
   1.69404411341243     
 -0.222464502258010     
 -0.560784838550421     
 -0.501697466063582     
 -0.544348670646010     
 -0.615896631488763     
  4.957940796430038E-002
  6.031545361810307E-002
 -0.230079694622392     
 -0.425358096464477     
 -0.188239218656106     
 -0.461746178810747     
   1.20957383484047     
 -0.265793525363662     
 -8.251356969404192E-002
  0.125980778059207     
 -5.784170938675171E-002
  0.152847343913111     
  0.244399914085459     
 -0.305889084233703     
  0.154383532389282     
 -0.166409558162375     
 -0.209806511701451     
  0.365037026071491     
 -0.121551560244713     
  0.484757784801529     
  0.717009305515517     
 -0.396140261787120     
 -0.128661747884992     
 -0.271053732736132     
  0.177295228861420     
  0.413027968234405     
 -0.444711513874624     
  0.977832419208906     
 -5.072084122335908E-002
  -1.66024602367077     
  0.513325483773648     
  7.910553720782555E-002
 -0.765448852182142     
 -0.510317798135162     
 -0.364800843308331     
 -0.478105223016436     
  9.439360490476879E-002
  1.133137597822006E-002
   1.28315978354596     
 -0.600226097963957     
   2.02019027597103     
  -1.41593192674490     
  0.496049948877452     
 -0.473062132598853     
   1.03502389373362     
 -0.410321815674612     
 -0.370998177095953     
  0.212813355520457     
 -2.775274540118251E-002
  0.612035826957736     
  -2.31193533348386     
 -8.943130542998202E-002
 -0.117583222650138     
  -1.02297758593921     
 -0.699880924341121     
  0.204282119861311     
 -6.256084928421886E-002
  0.529677392109055     
  0.485739128583435     
 -8.061650844391535E-002
   2.52888427904589     
 -0.895546338871088     
  0.270606615033462     
  0.446767829329935     
 -0.638302144997380     
  0.155390072717020     
 -0.149750770462912     
 -0.450334840273461     
 -0.715902871143446     
 -0.204987998484339     
  0.447539271554839     
   1.58575528833333     
  0.565100293107587     
 -0.110015771377181     
  -1.09427355343138     
  0.484421257173011     
  0.145485259395098     
  0.694877057514332     
 -6.642142366092352E-002
  0.180330583920677     
  0.372221972856016     
 -7.380323198234590E-002
  0.430072530885608     
  -1.03053837583675     
 -0.371311512270325     
 -0.524081991541842     
 -0.564632268984028     
  0.116176759640293     
 -0.738236844117759     
  -1.05459694271941     
 -0.676236986180100     
  0.372008012616381     
  0.104554774058899     
 -0.406782826671039     
 -0.427940146205294     
 -0.521993113122059     
 -0.251530757901017     
  0.439112037910945     
   1.10836567790474     
  3.638695975981270E-002
 -0.305622814200683     
 -0.533975456685868     
  7.808604417981214E-002
 -1.672530483372717E-002
  0.464438828040138     
  -1.30240343186987     
 -0.383941586883523     
  0.548057671297149     
 -0.438866579847734     
 -0.596856773579469     
  0.348858515593685     
 -4.386059289121561E-002
  0.231822052140983     
   1.10355418167530     
  0.714526300251790     
  0.575925729917171     
  0.455987207287530     
 -0.278461223295368     
  0.401258028177251     
  8.202112266058950E-002
  0.809059230764122     
 -0.471558406269015     
 -0.664995863941783     
 -0.331630636264636     
 -0.101970151923596     
  9.879036718783338E-002
  -1.79198611586169     
 -0.559864778428351     
 -0.531781495439940     
  -1.25107566604270     
 -0.423144271033210     
 -0.749861000770444     
 -0.249676395391387     
 -0.224326292041066     
  6.553208611273567E-002
 -1.034055555905794E-002
  4.716908306543369E-002
  0.350509072319852     
  0.577406038203756     
   1.04749909309007     
 -3.413108436460757E-002
 -0.191802156327405     
  0.304220352419012     
 -0.199422295864055     
  0.215026120032553     
  0.495800516382180     
  0.495745217993047     
 -0.294309135884583     
 -0.750665358002340     
  0.710642304097180     
  -1.15684185683492     
   1.54774921749576     
  0.892371846506155     
  0.535382820896110     
 -0.785164768243255     
  0.485150259864630     
  4.414143531356367E-002
 -0.330401600008856     
  0.217523486493846     
   1.12228363864610     
  0.105604232022975     
   1.49586775015197     
  0.834599442917066     
  0.261949211864985     
 -7.416868019668119E-002
  1.158853244304093E-002
 -7.998112379289890E-002
 -4.008975010900045E-002
  5.753650984182036E-002
  0.430236741829492     
  -1.46477609390133     
  2.853993618464405E-002
  0.452095939796508     
   1.12794189890671     
  8.867092431152568E-002
  0.511746026349369     
 -0.698352119254757     
  0.649249213922200     
 -7.339415167268980E-002
  0.161550980460387     
  0.427628957247109     
   1.32486186386021     
 -0.498508318379478     
 -0.458589677382661     
  0.634664049732479     
  0.356907196822663     
 -0.373030417301635     
 -3.474252603091972E-002
 -3.670229014112846E-002
  0.250901414588068     
  0.338889913541821     
  0.197450765966416     
  -3.10309498955510     
 -0.538702736346539     
  0.211057207145780     
  0.725091483656142     
 -0.371508582868736     
  0.402491433130983     
  0.407723857665965     
 -0.207909908821848     
 -0.101126495719815     
 -0.127052300262859     
  0.192276993076530     
 -0.716583285729994     
  0.644809888523214     
 -9.926114093405294E-003
 -6.314551275066219E-002
 -0.372044614839902     
  0.246789265005841     
  0.486436290772916     
 -0.935516976243585     
 -4.284550981743900E-002
 -9.133120491269034E-002
 -0.439705146425833     
  -1.12553924000093     
 -4.243246496490508E-002
  -1.10547088386446     
  0.191057220110405     
 -0.523954945805893     
  3.655470191074066E-002
 -0.157363332258816     
 -0.556461972050776     
  0.544118889895759     
 -0.203198528908005     
  0.247426681698776     
  0.309858805706665     
   1.33510366448238     
 -0.593428584281270     
 -0.850062010388111     
  0.179108419473935     
 -0.777202611784685     
  2.281228456220503E-002
 -0.437351957571254     
 -0.275500546504680     
  8.945344337081962E-002
  0.662280053303210     
 -0.336407190238583     
  0.254590788516168     
   2.57031721072739     
  -1.44867787282424     
 -0.349713572374048     
  0.307717200176347     
   1.06818870878756     
 -0.254371773517275     
  0.553122083239827     
  0.485966651827474     
 -0.616682642623462     
 -0.989600086009366     
   1.25963451911804     
  -1.61045718326269     
   1.14319090854156     
 -0.464827560133953     
  0.667427534429499     
 -0.758494653956085     
 -0.612670644565286     
  0.724344248566092     
  0.633612818734440     
 -0.738411154480992     
  0.540108108837919     
 -0.187290285708406     
  9.140692941285540E-002
 -0.356089393310222     
  0.781876374371365     
 -0.199522258688288     
  0.156624359119116     
  6.123129409049136E-002
  3.402054542367960E-002
 -0.141322722251269     
 -0.148599348206990     
  0.123693355101358     
   1.52585981908080     
 -0.252535383904888     
  0.700247910280666     
  0.442662809166638     
 -0.105134026703441     
  0.512723240278483     
  0.704920202530289     
  2.962649376964398E-002
  0.352345784364607     
 -4.547954488761705E-003
 -0.259622074210909     
  9.676218479995964E-002
  0.263812099068828     
  4.483406057531594E-002
  0.518897812692965     
  0.246604234577050     
  1.974014279996118E-002
  9.151483193548174E-002
 -0.451010695941568     
 -0.549987095616357     
 -0.131772594676321     
 -0.738707539131865     
  0.468409990975074     
 -0.197538300789115     
  0.629869324954906     
 -0.919071530839679     
  0.282965172115481     
 -4.059352400296581E-002
  0.282171759976534     
 -8.737710160147290E-002
  0.725841706485621     
  0.243423529811084     
 -0.877757078459652     
  0.829114092068477     
  0.413012499751423     
  8.241420595976555E-002
  6.334594177521869E-003
  0.305750792779684     
 -0.661863116400555     
  0.689876837936043     
 -6.325505922729086E-002
 -0.224957477280615     
 -0.270198113635369     
 -0.338536694255737     
   1.11285836685643     
  -1.20345424570375     
 -9.034565129230277E-003
 -0.227815856953362     
  0.963243435636305     
 -0.169244209616876     
 -7.444691224247227E-002
  0.378915570099395     
  0.155382522765501     
 -0.841959324244104     
 
 -0.635818537940171     
  -1.78025481336141     
  0.260258215597157     
  0.640349527282815     
  0.206154651711936     
   1.24372749416682     
 -0.526264721005349     
  -1.46987540889660     
  -1.15112329882053     
  -1.67496200519915     
  0.408637079246019     
   1.11974329190539     
   1.69695651688128     
  0.350122167940363     
  0.388690440529423     
  0.699452280209092     
  0.889254022577847     
  -1.21621188041480     
 -0.551228945689679     
   1.41809028444173     
  0.120192297407240     
  -1.49226684362383     
   1.35251975876331     
 -0.352980587018563     
  -1.27001341611229     
  0.550565619666269     
 -5.633505764609797E-002
  -1.97842384578325     
  0.324307751584432     
 -0.319088665190415     
 
   1.13692300255446     
  -1.69852808128447     
 -0.264495590691903     
  -1.63952569569331     
 -4.388922204014827E-002
  0.567813371385268     
  6.432902960578506E-002
 -4.470361225200642E-002
  8.745504105663035E-003
 -0.438036850590404     
  -1.09745262725647     
  -1.76633586928331     
  0.235558625903424     
  0.848623059604739     
  6.945025161158072E-002
 -0.520600802837577     
  0.288060770225811     
 -9.673941971834987E-002
 -0.499212516791258     
  8.564639774137434E-002
  0.729811213911991     
   1.04894712896322     
  3.707415739579962E-002
  0.500809037570017     
 -0.260343688800738     
  0.884223335037061     
  0.114894649869419     
 -0.294500705446427     
 -0.263828425599215     
   1.21867438410928     
  9.986599126784448E-002
 -0.402819145624592     
  7.667269945812343E-002
 -0.868702295901846     
  0.316290590472874     
  0.513089938637625     
 -6.921892325283095E-002
 -0.899066163197515     
 -0.701845478800200     
 -0.412798587423048     
   1.39149399701319     
 -0.156592980555957     
 -5.545306028274237E-002
 -0.769944570825904     
 -0.228182983625611     
  -1.15309149528906     
  0.111724451088132     
 -0.277816639771440     
  0.442095358831884     
  -1.09198559721668     
 -0.906896734210251     
  -1.07854144662164     
 -0.605250427076398     
  0.230301179614345     
  2.967661129028320E-002
 -0.587529144694204     
  0.635006198157564     
  0.399284569555455     
 -0.570386020414702     
  -1.42893824756230     
  1.159272996950747E-002
  0.201678749819767     
 -0.159445996368161     
 -0.216403025985644     
 -0.464409485037724     
 -0.490803782879764     
 -0.319528722055510     
 -0.690787126776574     
 -0.621538246977771     
  -1.15252173571903     
  4.907428280038831E-003
 -0.228038612692786     
 -0.684759399997641     
   1.39401042244021     
 -0.930225340792255     
 -0.300036352627754     
  0.367198040399301     
  0.350315765260224     
  0.304717675900980     
 -0.772222516372327     
 -0.460679869804869     
 -0.382623749807142     
 -0.407503777428286     
  0.464832993939329     
  0.337370691111412     
  0.203239699267512     
 -0.376117266302458     
  0.417887332022278     
 -6.318108804401754E-002
  0.991622190796359     
 -0.742009500961790     
 -8.383672653872072E-002
  2.267154541441278E-002
 -0.175294019547963     
 -0.110778227194101     
  3.604351338630471E-002
  0.181497743415210     
 -0.756458318456696     
  0.476045604506426     
 -0.386581435871127     
  0.633891024395866     
  0.573206476851036     
 -9.460463462590487E-003
  0.223099144414440     
  0.845849592787643     
 -0.881052751786487     
 -0.223891908572760     
 -0.463945370324372     
 -0.544632220737742     
  1.545659275068818E-002
 -0.760492408281440     
  -1.03804760638603     
 -0.746124779748332     
 -0.142056389498944     
 -0.647226675576016     
 -3.788538499189392E-004
 -0.524348287934950     
  -1.44114823886669     
  0.367772071299301     
  0.465071443336072     
 -0.365476085016442     
 -0.479408301251039     
  0.241835349615002     
  0.561804189730447     
   1.42649905051868     
  0.132930587363410     
 -0.261435802474685     
  7.827492318981237E-003
  0.110728433720914     
  0.231130044766411     
   1.52893350474921     
 -0.435948336829770     
  0.228078484860917     
 -7.810136218255602E-003
  0.224492050301867     
 -8.882017081450032E-002
 -0.186515702409951     
 -0.199155589625694     
  0.102218791260444     
 -0.270488519104789     
 -0.738770324620962     
 -0.322854952885573     
 -0.427625779960686     
  0.392997223806250     
  0.417976361965134     
  -1.57137904178909     
  0.629211604119805     
  0.709799033030046     
 -0.353877807594964     
 -0.310171961848362     
  0.972653396293419     
 -0.683701143969419     
 -1.674055812640422E-002
 -0.825063010058729     
  0.694780473695793     
  0.192007214191445     
 -1.672211052196632E-002
  1.639232470110111E-002
 -0.706851262139664     
 -0.405455095499572     
  -2.06920866151723     
  0.470284619946358     
 -0.622959149894342     
 -0.601403276358461     
 -9.913693939913815E-003
 -0.239982760291096     
   1.24103330362075     
  0.123959148060369     
 -0.171227772314614     
  0.327023544611382     
 -0.325387421114932     
 -9.013553446394722E-002
 -0.247297319426725     
  5.529682551515665E-002
 -0.685168787832255     
 -0.172199184338140     
 -0.352198388670164     
  0.784002932484599     
  0.507714909006093     
 -0.779451739684326     
 -0.671066971426528     
  5.394407042112214E-003
 -0.188279823985948     
  -1.25384429591408     
 -0.360397739765799     
 -0.588594440700281     
  0.584700925262709     
 -0.423145899807514     
   1.62589712764412     
  0.421196318406890     
  0.682384905686154     
   1.04489023183007     
 -0.622999194932895     
  0.342367784450547     
 -0.703267542291321     
  0.572077126118930     
 -0.367421570695070     
 -0.248780316535905     
 -0.410391363115471     
 -0.285990527597090     
 -1.355189464159542E-002
 -0.180806290260823     
  -1.09499734773228     
  0.542975482863233     
 -0.292666212892187     
  0.665503124432990     
 -0.478886743089364     
  7.210575331860276E-002
 -6.121528678448295E-002
  1.468244428305270E-002
  0.726627021255044     
  0.668155167965613     
 -0.606751822041342     
 -0.518922832879765     
   1.11103888507401     
 -0.717623543245930     
 -0.211750218896625     
 -0.264681455012918     
  0.754519383236504     
 -6.421083219622731E-002
  0.583890577579701     
  0.237578780249597     
  0.940193601412680     
 -0.172800519777419     
 -0.626494062143394     
 -5.091002614660344E-002
 -0.490621611845655     
 -4.437435834645012E-002
 -0.379675046593206     
 -9.895015550976927E-002
  6.073865000485968E-003
  0.659248810941657     
  0.654142427220759     
 -0.577334292511640     
  -1.57082267309549     
  6.786593795354092E-003
  0.164217741000594     
  0.668399254044091     
  -1.10920215395999     
  0.362513375120165     
  0.266308752928843     
  1.554244104580553E-002
  1.141094132562104E-002
 -8.589175301041696E-002
  0.397503144911972     
  0.136986619937467     
  0.231580598659851     
  0.119219024520889     
 -0.852189682316150     
  -1.89979876462843     
 -0.804832303556707     
 -0.463096384804282     
  0.253721710484994     
 -0.663482800070168     
 -0.606764555110903     
   1.76970152856048     
  8.905496631060483E-002
  3.149645223947147E-002
 -0.226487147113394     
 -0.501624005777800     
 -0.438231870506316     
   1.28467956098083     
  1.583945838435507E-002
 -0.361831526587574     
 -0.836083932498975     
  0.716436142008960     
  -1.39253201932608     
   1.88226797574485     
 -0.542807593615268     
  -1.13434858876473     
 -0.105107380444771     
 -0.128984074134717     
 -0.140191012510260     
  -1.13486555890223     
 -0.404330540536122     
 -0.388447927012142     
  1.913140277575120E-002
 -0.784817192161234     
 -4.434020085761354E-002
  0.683591224637772     
  0.105364316390742     
 -0.201718260926022     
 -0.198741049547827     
   1.84300946857985     
 -0.644091380911751     
  0.189695855614922     
 -0.481843283736874     
 -7.597076364127439E-002
  0.166673804161396     
  8.923906203983778E-002
 -3.518474616355009E-002
 -2.483946182818015E-002
  8.666052085936801E-002
   1.18035628091803     
  0.200958663956322     
  0.656925952806311     
 -0.441849474219771     
 -9.184887506510495E-002
 -0.156453357230622     
   1.84691280310216     
  -1.00586930471828     
  0.497379065604308     
  0.992815995883778     
  0.265920580850546     
 -0.360835145529148     
 -0.657072394382023     
  0.534605220538900     
 -0.115107887982313     
  -1.51297147868664     
 -0.130482562126906     
   1.01183586020857     
   1.02746526971579     
  0.209714286332675     
  -1.03325941132449     
  -1.06973891740125     
 -7.465832501506303E-002
  0.423214510801520     
  0.478684410277623     
  7.651587423076475E-002
 -0.375419145022201     
 -0.876156549797337     
  -1.32098316122646     
  -1.04542048164957     
 -0.340067208305455     
  0.397812004610909     
 -3.620689800878395E-002
 -0.579895734874829     
   1.19673766878135     
 -0.727655890697922     
  -1.20533155423686     
 -0.304945747777772     
 -0.752724078916443     
 -0.448958249129692     
  0.202446901489040     
 -0.130365221401709     
  0.346849804737251     
 -0.528261433384686     
   1.08716364352832     
 -2.256950425639702E-002
   1.30336316221592     
  -1.67874242270960     
  0.183754545915156     
 -0.179306686084525     
 -0.387616330738789     
  0.753581189853474     
  0.238945130699714     
 -3.482663580191217E-002
  0.299241280347190     
  0.443807024439744     
  0.109612213890888     
  0.323071222620978     
  0.483546442380627     
 -0.659710344418822     
  -1.49662741901515     
  0.416455284524942     
  0.562360792127077     
 -0.430972758665323     
 -0.842927247668468     
  0.188630505753396     
 -0.394840671112258     
 -0.275556723797449     
  3.514587347517063E-003
 -5.594388079885050E-002
 -9.755547364838633E-002
 -0.125314629792738     
  0.686550826053833     
 -9.799510320374219E-002
 -0.390997274607352     
  0.221741207125416     
 -0.382521519933614     
  0.695878024725888     
 -0.322017479772616     
 -8.631269172721283E-002
  0.297913047810226     
  0.311482232891138     
  0.368950918085032     
 -0.340592113209527     
  0.233572224585856     
  0.503830898259110     
 -0.795669231354832     
  -1.08416191838933     
  0.238265786294739     
 -0.193122670817243     
  0.450491698704070     
 -2.978945357089873E-002
  0.326766911289439     
  0.302337993190293     
  0.406902189865481     
 -0.308817646652984     
  0.415920197356622     
  0.559835762360032     
  7.843751860282894E-002
   1.11020056014783     
  0.665525009858872     
 -0.106099179521776     
   1.84595800093658     
 -7.445947198330333E-002
  0.256516564006417     
   1.09299219736536     
 -0.977393205929795     
  -1.15277346731376     
 -0.400878814174052     
  0.207495383956790     
  -1.30638600233338     
   1.56700327053994     
  0.405752595994638     
  8.888516301980379E-002
 -0.170988300055764     
  6.274475590477384E-002
 -0.449997079927118     
  0.799318940835576     
 -0.201665138871417     
 -0.311723028813210     
  -1.02040025095887     
   1.33288432693603     
 -0.324256342049585     
  0.517432320869607     
   1.81015348679595     
  0.276568363922645     
  -1.66700125284275     
   1.38983189986099     
   1.35599018345228     
  0.120241343750778     
 -0.823735472952579     
  0.745833480895874     
   1.19953555271857     
  0.404644881076847     
 -0.127921338103234     
  0.373843350793926     
  -2.00509133612175     
   1.21451792328120     
  -1.92446743425221     
   1.04037294375230     
 -0.868113014731819     
   1.88071960075375     
 -0.859819797302871     
  6.839759798106723E-002
  0.679956914952403     
 -0.319527227615470     
 -0.683249604191286     
  0.114431152561694     
 -0.233599799821366     
  0.685598157643443     
  0.144052065504516     
  -1.16863564942643     
 -0.321665662451486     
   1.82054566901466     
   2.35493107875116     
  0.244486498755765     
  3.463856295543219E-002
 -0.704756306629998     
  8.823906333999526E-002
  0.150472308756800     
 -2.720082308448862E-002
  3.472367281203354E-002
 -0.437582806447326     
  0.204254290706591     
  1.607260435310207E-002
 -0.842719772230652     
  3.776292029198205E-002
  0.660949742195698     
  0.531589491231858     
  0.769516846776283     
 -0.529184005637437     
 -0.246368491511530     
 -4.963736511504133E-002
  0.343249052261561     
 -3.299385602726651E-002
 -0.407906766173882     
 -0.249084762734858     
 -0.874035071896304     
 -0.191159114849272     
 -0.990434327243020     
  0.903120569258159     
  0.454974083096929     
  0.494726526119268     
 -0.120880967012106     
  7.446824809205912E-002
  -1.36491083549620     
  -1.32719882592627     
 -0.251774964433986     
 -0.866937425214285     
  4.581356825447344E-002
  0.543727533033400     
 -0.137054771308625     
 -6.369477697327158E-002
  0.164666584556465     
 -0.359641443052143     
  4.086340792670927E-002
   1.08182277767689     
   1.03032502635177     
 -0.157182720612121     
  -1.92501605158645     
  0.288168672070854     
  0.195107804540620     
  0.168050597461379     
  7.294076796864377E-002
   1.01856569217286     
  0.234232712674266     
  0.380346186343435     
  -1.24373165063298     
  -1.14727465900041     
  0.511131502248641     
  0.439112147144668     
  0.652779252699340     
 -8.654925554843626E-002
 -0.122179428295675     
 -0.745967783727293     
 -0.764807832801891     
 -0.628792151057273     
 -0.796288333471917     
 -1.361095608717906E-002
  4.615309537632939E-002
 -0.290622878362674     
 -0.669763612868462     
   1.29108762832756     
  0.251698993849125     
 -4.708063393734993E-002
   1.00690377483947     
  0.755378841901787     
  0.125471376001515     
  5.972631129886219E-002
  7.543942147543062E-002
  0.362535301997514     
 -0.583060811128952     
  -1.05815905119946     
 -0.164570686365613     
  0.215949184188318     
 -0.104052704741968     
 -0.268053234537485     
  0.780141572530699     
 -8.913574637927432E-002
  0.569808279415580     
 -0.189736398805729     
 -0.201073247056682     
 -0.238748266526573     
  0.621468014696764     
  0.136984659937931     
 -0.245236151808370     
  0.785583729293193     
   2.51461777991487     
 -0.153423742496232     
  0.272735745644004     
  -2.98932307125677     
  0.910456929155415     
 -0.258309189795557     
   1.12248955283794     
  -1.16394706108450     
  0.336243060622432     
  -1.35825146272128     
   1.83126379260909     
 -0.643512939430341     
  3.358953876212793E-002
   2.73398366017906     
   1.31402481561376     
  -3.22900234594570     
 -0.312609682476894     
  0.566539752412982     
 -0.369461009223968     
   2.01018769748666     
  0.732746030900397     
  -1.20020747400442     
  0.339982344524931     
  -1.59623992718696     
  -1.49661855100846     
  0.200071154755991     
   1.82827554536294     
  0.127796030088268     
 -3.138409157177902E-002
  -3.12896833307405     
  7.458682724707869E-002
  -1.21885630515445     
 -0.863275281176904     
 -0.536694322601783     
 -0.239485187998587     
  -1.53733015405879     
  0.690660631225023     
 -0.798526447934365     
  0.269461243751611     
  -2.66630641956536     
  0.526148485777525     
 -0.703544606591476     
  0.656312009733935     
  7.121842048559826E-002
  0.703038072712524     
  -1.95605399558814     
  -1.03537567944839     
  3.913856224662007E-002
  -1.29753159828627     
  0.305961281402881     
   1.18356969738628     
   2.00201881326774     
   1.01805256273214     
 -0.311347630494939     
 -0.940709422430564     
  0.221128052019542     
 -0.569924228764432     
  -1.33498883558569     
 -0.137224751433303     
  -1.57635710357796     
  0.403046857915041     
  0.594244159095218     
  0.325688147654628     
 -0.319424993736948     
  0.646438125646387     
 -0.752646586962000     
  0.233223653136056     
  -1.35962753770500     
  -1.81743898333452     
  0.748607829292113     
 -0.527099311072102     
 -0.120352405607967     
   1.23566834523548     
   1.23131807910401     
 -0.503827659937662     
  0.508179142868122     
  -1.05044104874804     
 -0.334437095624979     
  2.251102175835597E-002
 -0.175922391268256     
  6.533787587503004E-002
   2.04623302677457     
  -1.00427767326141     
  0.193528890100388     
 -0.668521609962846     
  0.448713424089614     
 -0.235271570287507     
  -1.13170570882715     
  0.122500125889586     
  0.450638624869690     
  0.366339421524029     
 -5.627287215180771E-002
 -0.108095319973767     
 -0.291600041130912     
 -0.368401239890919     
  -1.10876043687345     
 -0.430465804010349     
  9.875909716401009E-002
 -0.208132803016164     
   1.26216297539965     
  -1.36270496177184     
  0.989201640918155     
 -3.744054518423498E-002
 -0.353074506809325     
  -1.67188304496658     
 -0.321665032642954     
  0.693097135651807     
 -0.221416803311197     
 -0.122645412766432     
   1.12218787143259     
  0.117421377897685     
 -0.879474175420650     
 -0.164760283901236     
 -0.330791241034349     
 -0.214187560097016     
  0.561226909632910     
 -0.722151645159436     
  -1.13281803221424     
 -0.157491612317519     
  -1.41221919447079     
  0.452627147961175     
 -0.678305832832501     
 -0.171230499464029     
 -0.304551630850529     
 -0.233848435403743     
 -4.401532926216108E-002
  1.189347583689471E-002
 -0.639969243856581     
  0.256731941493375     
 -0.588564779234739     
  0.404611259518527     
 -5.339739557993114E-002
 -0.135436020463166     
   1.94096516624803     
 -0.681745519283345     
 -0.933688299692274     
  6.309295381632550E-002
 -8.329690801913342E-003
  -1.03758092680812     
  0.539831384591994     
 -0.481711068552662     
   1.10483921075667     
  7.589906806719190E-002
 -0.285322376815449     
  0.205727936439740     
  0.133884161550314     
  0.134837650565184     
 -0.437906671148381     
  8.445420319035657E-002
  0.645985391069138     
  0.976375983147277     
  0.744286150694193     
  -1.06151278867043     
  0.533690231901960     
 -5.177534727289065E-002
 -0.176551941172416     
  9.006305650823514E-002
 -0.428283307777247     
  0.356971952709228     
   1.84528804003488     
  -1.24630109268747     
   2.08589982523373     
  0.378902247170620     
   1.18866594276922     
 -2.665908395251612E-002
 -0.740108897429052     
  1.876041019644808E-002
 -0.319441288952740     
 -0.128277337897474     
  0.795513753855248     
   2.43895548851875     
 -0.487169854434294     
  0.852329684993417     
  0.467406634060426     
  0.228272055525819     
  0.867194296732684     
   1.45259721960496     
  -2.41394802112942     
  0.103596987123943     
 -0.526780422652152     
 -0.422964231789115     
  0.611974324794060     
 -0.116730519740837     
   1.21540664561499     
  -1.09911772832418     
  0.433785098344688     
  4.499981259748466E-002
 -2.456612774671967E-002
 -0.839015658172685     
  0.697519511127744     
   1.37686833442561     
  0.279961562749186     
   1.12719257815940     
 -0.326722045180031     
 -1.699338214937753E-002
  0.409205517589844     
  0.473618402238148     
 -0.345656864394054     
  6.863295926951687E-002
  0.428193086700544     
   1.46307514117272     
  0.185961588736816     
  0.370890269410952     
  7.337422645033374E-002
 -0.540052488139340     
  2.224074917740107E-002
 -0.155169651724904     
   1.30840373969385     
  0.462977270600130     
 -0.401543885436324     
 -0.118026952828735     
  -1.48347001614831     
  0.407254088736122     
 -0.654093978979510     
 -0.179694834698261     
 -8.224760835234106E-002
  0.653273379102736     
 -0.146947711672072     
 -0.814727496242102     
  0.234111283726007     
   1.52579859979175     
 -0.977200502539099     
 -0.999024266130307     
 -0.818754537856986     
 -9.873597787502235E-002
 -0.451332355680812     
 -2.093669158309816E-002
  0.611499107080112     
 -0.318118419709618     
 -0.340218392498307     
 -0.380687862551199     
 -0.268073215090498     
 -0.886521387119151     
  -1.07970286374694     
 -0.105487968707203     
  -1.10149518796311     
  0.501827910052784     
 -0.555294048263573     
 -0.652850093293731     
  -1.07140823407848     
 -0.760016618551476     
  -1.34091686544179     
 -0.590866954002014     
 -0.258673485289516     
  -1.04999798959813     
  2.125220759426379E-002
  0.393000015157471     
  -1.14403172352897     
  0.250824530700014     
 -0.957006768170508     
  0.525965372783738     
  4.998964089790843E-002
 -5.262367530100454E-002
  -1.29529076890408     
 -0.296682481347862     
   1.01812541233227     
 -6.030425859678697E-002
 -9.202779869640164E-002
 -0.419437021803721     
 -0.212810616245885     
   1.42842986185364     
   1.80017488013362     
  7.048583615450507E-003
  6.995913858177667E-002
  0.435541543865476     
  0.371905996022702     
  -1.32012888453434     
 -0.784100877137439     
  0.681703968470624     
 -0.594968661737024     
  0.458938687097712     
  4.037801497246394E-003
  0.208178071242195     
   1.36365382001522     
   1.10179224865623     
  0.160424819460356     
  0.189152732388119     
  0.146936538832381     
  0.317320108839081     
 -0.348429305557781     
 -0.856967706180014     
  0.144663569376213     
 -0.912272373639935     
 -0.187255312075996     
  0.965410131866477     
 -0.793874355287439     
  0.211846734515223     
  0.223442681680993     
  9.759047412259867E-003
  0.560609073810402     
  0.817472928290549     
  0.371706444441033     
  0.149227574821677     
  -1.47018629761128     
 -0.752767388974153     
   1.60669616421776     
  0.568365187266325     
 -0.915481525348969     
 -0.173447547675150     
  0.172235883235079     
  -1.04917381025405     
  0.331787258851819     
  0.112186812985320     
   1.82864254668184     
 -0.572515471194350     
  0.109182650034149     
  0.737872891932341     
  0.267481447770081     
 -0.199643961655243     
  5.924468052915767E-002
  0.254026543297173     
 -0.842387334800890     
 -0.352765345421996     
 -0.160847893622835     
  0.680513462724248     
   1.29412666257575     
 -0.267702778949510     
  0.180009644328252     
  0.681149242476205     
 -0.930982767858634     
 -0.255020981026618     
  0.415116704676701     
 -0.422998189615960     
 -0.125134667364935     
  4.090007133416992E-002
  0.683909065072059     
 -0.127272438709166     
  0.445090691946055     
 -5.721321320707792E-002
  0.191402013641269     
  0.251481245777931     
  6.028753255759006E-002
 -0.811634689894686     
  -1.63739938065861     
  0.681712543556981     
  0.299837087194587     
  0.407345867628374     
 -7.930782966611546E-002
  7.995093310084603E-002
  0.577150822544808     
 -0.560093893126296     
  0.768428243714869     
 -0.346796315892945     
 -0.352387306343772     
  1.780806830060839E-003
 -9.171142672856691E-002
 -0.325001262676786     
 -0.721432873364756     
  0.143889404914492     
 -0.312913281058290     
  1.759086665549993E-002
 -0.251053963105531     
 -9.045813430308311E-002
  0.505356243247198     
   1.47863289584213     
 -0.475472212395236     
  0.153969095942817     
  -1.03027269993276     
 -0.796375705359920     
  0.816459453308647     
 
  0.214921644668229     
  9.571665318256184E-002
  5.892291751396185E-003
  0.292158646858939     
 -0.393205827255075     
 -0.597450870816108     
  0.110637786748027     
  0.138699865389835     
  0.777974814291156     
  0.872764424986831     
 -0.446012235493472     
  0.275942972648832     
 -0.704480511901854     
 -0.290630101100346     
 -0.360880690708994     
 -0.163603928755625     
 -0.625219138377254     
 -9.886834972274067E-003
 -6.937981871765388E-003
  0.888083537190691     
  0.665310045005571     
  7.652161585928602E-002
  0.187496745758812     
  0.361939375501548     
  0.197115553790817     
 -0.468357428330630     
  5.449078017780519E-002
 -0.251197461515332     
  0.475108567659417     
  8.938950180551265E-002
 
 -0.297917056056693     
  0.537396586637883     
  0.115877128437583     
   4.77393946685205     
  5.153351480483104E-002
  0.312306734290180     
 -9.691744323294840E-002
 -8.637096345236922E-002
 -0.373390602075132     
  0.437763195425294     
 -0.296391266040485     
 -0.188274676948135     
 -0.869205699302330     
  0.375439544245105     
  -1.10989484640567     
 -0.187363684729797     
 -0.343561428330445     
  2.094783219634536E-003
  0.736985808898665     
  0.490591386642340     
  0.447740193432414     
 -0.917270390501054     
 -0.722981286177817     
 -0.328267472738113     
 -0.933519561146805     
  0.203923832751416     
 -0.208587210266637     
 -1.481697636397496E-002
  0.219701065607694     
 -0.148705788198157     
 
 -3.939104761904762E-004
 
  tansig  tansig 
