-0.505960786686871944E+00
 0.294563726152946082E+01
-0.760420622759344855E+00
 0.176371931216619293E+01
 0.983166349967323994E+00
 0.125349223356580008E+01
 0.507292578222405921E+00
 0.172816925328846654E+00
 0.122426883267903491E+00
 0.110878955451678762E+01
 0.983429408066669765E-02
 0.457226895951357737E+00
 0.353222023988990885E+00
 0.402297729666178328E+00
 0.946509171778482372E+00
 0.265362814034118599E+00
 0.252176525798346929E+00
 0.122278610561673484E+01
-0.990226843629977982E-01
 0.473513946939085439E+00
 0.482595338652025974E+00
 0.200876522698907434E+00
 0.665620982948295081E+00
 0.421903665994736055E+00
 0.514685787701035791E+00
 0.734736627062382963E+00
 0.167182893037149755E+00
 0.496873737782428104E+00
 0.738511739232377007E+00
 0.922525502000415720E+00
 0.641355385692755520E+00
 0.537818119434953279E+00
 0.929476200374365069E+00
 0.876608112149428353E+00
 0.143530187038172707E+01
 0.789992478292755096E+00
 0.171638767282753735E+01
 0.364038982714127890E+01
 0.232315540974913315E+01
 0.237910478377775947E+01
 0.655465064462567781E+01
 0.702547465062585097E+01
 0.741974829194675589E+01
 0.577327060413446436E+01
 0.119309192023221566E+01
 0.154065051584431201E+01
 0.188545574743110889E+01
-0.705881374951397467E+00
-0.372469375974307015E+00
 0.747904993346917624E+00
 0.123810032081892296E+01
 0.654478407547556679E-01
 0.389381050120701719E-01
 0.915190483750441652E+00
-0.273706633319619919E+00
 0.645849680251371905E+00
 0.392640483952133745E+00
 0.147791814903198121E+00
 0.546732508594829691E+00
 0.253297984537212972E+00
 0.205870676602028596E+00
 0.626338507191511962E+00
 0.121795149837529593E+00
 0.276975756318755761E+00
 0.284358617790231083E+00
 0.239269674971682084E+00
 0.327832656242012299E+00
 0.217554621977622903E+00
 0.260137973602308892E+00
 0.483897459139819186E+00
-0.356784555532042996E-01
 0.356802184990108462E-01
 0.466893842993724231E-01
 0.548850080183798883E+00
 0.360911442949920391E+00
 0.187743290185824113E+00
 0.297339178797388193E+00
 0.897362153515397276E+00
 0.178343224524667499E+00
 0.572194393497210907E+00
 0.110540965940161540E+01
 0.127509638069531217E+01
 0.673687185092561536E+00
 0.102795740031881433E+01
 0.255223973061158960E+01
 0.285284357099976127E+01
 0.338931384468143637E+01
 0.885407973938308168E+00
 0.338462281438764556E+00
 0.720201268870478528E+00
 0.215123557714107694E+01
 0.137574722788637405E+01
 0.639598081451370870E+00
-0.183678930902334225E+00
 0.127982304088031934E+00
-0.152829213779354989E+00
-0.848503372510733822E-01
 0.224530945022307332E+00
 0.434986603283443130E+00
 0.135184458668622526E+00
 0.808774630663453009E-01
 0.201955619006419507E+00
 0.130472477873125964E+00
 0.168406089365744527E+00
 0.130942486091319643E+00
 0.246520779473885399E+00
-0.176121458236648230E-01
 0.116009865750397345E+00
 0.108148444193534837E+00
 0.901660163472350618E-01
 0.422088915917995106E-01
 0.831708333060354743E-01
 0.875600853372003052E-01
 0.138588468266891973E+00
 0.150240016215110433E+00
 0.129500735213643360E-03
 0.148280075147574317E-03
 0.160191643129907663E+00
 0.171371482814873799E+00
 0.774028205247352524E-01
 0.113153260610209722E+00
 0.143747104614172089E+00
 0.317732954636477827E+00
 0.194013228273965499E+00
 0.349826381771686290E+00
 0.422469465090519358E+00
 0.372067269111327814E+00
 0.126728918420704634E+00
 0.294111901987114899E+00
 0.950486102873553174E+00
 0.823795246390847669E+00
 0.000000000000000000E+00
