     33 -    30 -    30 -     1 
rmse=  17.2648meV
  6.361811307665309E-002
  0.629112329411033     
 -0.183161355298680     
  8.365217279397714E-002
  0.381470982690625     
 -0.174398001032657     
 -0.106436678730889     
 -0.165570304709187     
 -0.147313650096767     
 -0.144982810043371     
 -7.947624944054960E-002
 -0.189471981937003     
 -0.401233869030320     
 -0.109283666344794     
 -0.262521351380560     
  0.322755989034105     
 -5.568784954764177E-002
 -0.168144351054201     
  0.138450575007266     
  0.123490876083737     
  0.103876985037737     
 -0.252246511356166     
  0.296155131532277     
  0.367116415746137     
  0.353473047994431     
 -0.444663834730392     
 -0.181181775960888     
  0.267258531191301     
 -0.300272690767080     
  4.503481155684032E-003
  9.086015305513320E-002
  3.222533694604644E-002
  0.111925461667103     
  0.100840112436476     
 -0.302349496886371     
  0.228604792914298     
 -4.806052922336083E-002
  0.118548422220591     
  0.127810882181934     
 -0.118109183637336     
  0.178405177861074     
 -1.194888932570194E-003
  0.520421171262892     
 -0.117072832406094     
 -0.449047740897114     
  0.167341792082750     
  0.102699043396381     
 -4.193313441070409E-002
  0.188619339073034     
 -0.363608380649866     
 -4.500783126273993E-002
  0.155722781018646     
 -0.257808549972176     
  4.026740308111294E-002
  0.181700938917232     
  6.561766183664912E-002
  3.221633401065737E-003
 -0.303380118241363     
 -0.112671364302023     
 -2.035066731286904E-002
  0.221276331165370     
 -0.410351405549940     
  2.158991048980471E-002
 -4.008680296262543E-002
 -0.137890469743049     
  2.238963810849894E-002
  0.131327671236233     
 -0.165859163212249     
  0.322576974090309     
  0.223217607248661     
 -8.472834647560758E-002
 -5.149476216675212E-002
  0.121639347012532     
  0.149641549142017     
  0.155665247980920     
 -2.758555123031809E-004
  0.226072128708967     
 -8.464965264643012E-002
  0.228736910844293     
 -0.207913032315494     
  3.372473672351691E-002
  0.168704808799571     
 -1.618131913983160E-002
 -8.733439167174181E-002
 -3.628214302563095E-002
 -0.250962726821454     
  4.815313754601974E-002
  0.158734524777516     
 -0.417923740916526     
  0.632174974289013     
  5.168998726569387E-003
 -0.249085903833864     
 -0.189837850001502     
  0.347569363022859     
  1.952897967732107E-002
 -9.531281651001954E-002
  7.971745684092371E-002
 -0.219646834291972     
 -0.355741439917034     
  4.750241633644168E-002
  0.266782184629959     
 -0.329253444725450     
  0.103793196865741     
  6.267019429221732E-002
 -0.119196610665594     
 -0.355958083758459     
 -0.278513419057705     
  5.594201679445522E-003
 -0.163534121114592     
  0.176479413287191     
  0.206633990692415     
  0.358964322043781     
 -0.292943322716054     
  7.451922850602685E-002
  9.515988458466694E-002
  0.196028381979943     
 -8.593726412346611E-002
 -0.120611629661894     
 -0.253185057788633     
  0.325547648213234     
 -1.224411569745103E-002
 -0.107049970663739     
  9.975640510523619E-002
  0.237823936023343     
 -0.466651425538554     
 -1.759413877958050E-002
 -0.108068287033393     
  0.234679874242797     
  0.293978044567097     
 -6.996493753406548E-002
 -2.072484988799583E-002
 -0.184681806439229     
 -0.211354281382695     
  4.219541160465274E-002
  0.358630696337790     
 -0.447708791812368     
 -1.516957210585191E-002
 -0.179704353142904     
  0.139133781839573     
 -0.181933178285931     
 -0.241238144395852     
  0.149049139960398     
 -4.205441777581194E-002
  0.213629659323080     
 -5.674814031948523E-002
 -0.110599061003329     
 -0.436111158790913     
 -9.368475418669814E-002
  0.262615029906416     
 -0.118698119603277     
  0.182261061169284     
 -0.128067636840184     
  0.232710469499066     
  0.278137392544472     
 -0.113784147854212     
  0.291087388754330     
  0.226168243296027     
 -4.803018894602187E-003
  0.199749707247762     
 -7.899449960081491E-003
 -0.218955782283843     
  0.350625656924846     
 -3.270153081767739E-002
  0.334463413146342     
 -0.405873486279411     
 -1.464434155729719E-002
  0.223730961481508     
  0.471456739902850     
  3.918356822023562E-002
 -0.116665528295161     
 -4.472088996747046E-002
  0.359471229342399     
  9.983001777985978E-002
 -0.147581886073497     
 -0.284860238986225     
 -1.152760564436182E-002
 -0.506807407393144     
 -0.210756110235598     
  5.264015930958164E-002
 -0.205876259334387     
 -4.655810693818660E-002
  7.875025451050055E-002
 -8.387885307364909E-003
 -0.160152914610185     
  9.515528423297685E-002
  0.308323454334566     
 -0.196632519015751     
  8.310184960066679E-002
 -0.184163398722259     
  0.144786882827821     
 -0.182745365597235     
  2.776965918259971E-002
  2.147476131005215E-002
  0.122563300663910     
 -5.281929215239759E-002
  5.448358600187213E-002
  5.386825488247540E-002
 -0.144082752672951     
  0.286041429355582     
 -0.400335574858240     
  9.099328553545540E-002
 -0.346717985963719     
  0.123593872446288     
 -4.221972071231668E-002
  7.532806974760586E-002
  0.151809387452409     
  0.226724800499523     
 -0.110007085883989     
  2.116947942693279E-002
  0.262261627243591     
  0.472171514402899     
 -0.257679227035004     
 -0.346267248120838     
 -0.173956237182520     
 -0.332928289406792     
  1.892760780794320E-002
  0.250617683085140     
  0.119369343234045     
 -5.274435918079309E-002
 -0.438103275889720     
 -0.184218022496620     
  0.191658731342495     
 -2.212076255762688E-003
 -0.115644135339691     
  0.145348540843151     
  0.198417923631697     
  0.400548551330230     
  0.241236302632568     
 -2.797241284048452E-002
  0.142718534688156     
  0.317440927467874     
 -0.526115835304098     
  0.123187980228668     
  0.391590268589614     
  0.351875445284429     
 -5.857329024643382E-002
 -0.150046478665809     
  0.277426968048691     
  0.171531561236579     
 -8.175384892098510E-002
  0.120695642660442     
  0.225304017687593     
  0.235350474399087     
  0.313477126116968     
 -0.209677036141335     
  2.271424437314276E-002
 -0.248138073494367     
  0.347466577975537     
  0.129263977979108     
  0.471923691104860     
  6.361988520422651E-002
 -0.320945501488921     
 -0.272075302648138     
 -0.350504553365781     
  0.180310036394127     
 -1.732735131937249E-002
  0.501312189344006     
 -5.807865816818797E-002
 -9.671585679556920E-002
 -5.377932544567247E-002
 -5.424551829985921E-002
 -4.362770862507099E-002
 -0.443493642535978     
  2.046294979618249E-002
 -0.242486900940820     
 -3.440048356135492E-002
 -0.258462722879452     
  7.027369183384671E-003
 -9.250160023058333E-002
 -9.082673031596632E-002
  5.131208072515625E-002
 -1.464494532431544E-003
 -7.793316979997893E-002
 -0.104081736262831     
  0.102383492870811     
 -0.319091652294299     
 -0.137080771498355     
  0.158120663947917     
  0.609117157124513     
  0.621318044195694     
  0.183730753402852     
  4.073563909491776E-002
  9.565613844463722E-005
 -0.188434099939950     
 -0.296659963653901     
 -0.391747015302183     
 -9.505313733655027E-002
  0.133396376501034     
 -8.346835110204782E-002
 -0.321368475008680     
  0.110303771127809     
 -0.133541051227520     
  0.109738690333640     
 -0.123839033125173     
  0.184688317326450     
  0.308534609453202     
  0.190142222673076     
  0.279193789769823     
  7.793608658581963E-002
 -0.674976612281878     
 -4.501166275068939E-002
  3.857563657823630E-002
  0.237588089943300     
 -0.103052897981485     
 -0.109049864629403     
  7.429900884780606E-002
 -0.225199421622949     
 -7.956136299388591E-002
  0.117927293784886     
  0.115065054639855     
 -5.403505893897632E-003
  0.114574218957070     
 -4.135443328618241E-002
  0.290572125845731     
  0.264715126342971     
 -9.512018082665261E-002
 -0.123576350739867     
  0.166654708634899     
 -0.122854039505954     
  0.279057063412730     
  0.568029610992617     
 -0.175440255969213     
  2.044740694875795E-002
 -3.006914499254627E-002
 -0.162782151207755     
  0.273477157696098     
 -0.122590589629654     
  0.153020909395736     
  0.322052010993166     
 -0.154148949563872     
 -0.102866265047417     
  4.032824628085730E-002
  0.144147824487906     
 -0.417848808532956     
 -0.282245321045389     
 -0.217236097596005     
 -0.406799745079504     
  8.479259747027158E-003
  0.247227964945324     
  0.170462240426384     
 -0.342589539170894     
 -0.216279342442553     
  0.185612112828555     
 -0.233656066865043     
  0.167181085062088     
 -0.184171033163097     
 -0.302696361570107     
 -0.273470174487649     
 -0.312373377338940     
  7.421318063805395E-002
  0.187911844541990     
  7.509703555863434E-002
 -6.024600300124076E-002
  0.207088564485940     
 -0.476502213922458     
 -0.130729825381863     
  0.531350897332382     
  0.170928203660547     
 -0.128872899408669     
  9.227508292219146E-002
  0.476027854770510     
 -7.736718927783051E-002
  6.057926729732541E-002
  0.559372223196297     
  7.089608882017064E-002
 -0.460958915751454     
 -0.236799153278396     
 -0.307369977123057     
 -0.264227257251566     
 -0.195194998845702     
  0.406341774200344     
  0.321052177174092     
 -0.200407171161966     
 -0.255937074147769     
  0.131110805179896     
 -3.372247220329172E-002
 -5.209651243776904E-002
  0.655457417077562     
 -0.331474652155952     
 -0.246296646236963     
 -1.225202632973586E-002
 -0.376653028244386     
  0.257421044731815     
 -0.235663629610033     
 -0.240637552581171     
  0.171429182508642     
 -0.339862577802122     
  0.217691673629579     
 -0.299762504461062     
  0.222846656909145     
  9.215957667703192E-002
 -0.135207163832609     
 -0.109174038135241     
  0.114827982809286     
 -0.155479333599280     
  0.490865594844593     
 -0.107571964585860     
  0.353924808289119     
  0.441204720975703     
 -0.331323783553222     
 -0.181238327755343     
 -1.919527686076569E-002
 -0.136936496706828     
 -0.288192032308886     
 -0.307369070132496     
 -4.378811952461607E-002
  3.879344888111129E-002
 -0.155670116229743     
  1.542334488490186E-002
  0.247093391875136     
 -0.190218029186443     
 -0.305762635182146     
  0.238183996714328     
  0.360645981258031     
  0.210468213968024     
 -7.122453974863453E-002
  0.172355488601123     
  4.490567589890515E-002
 -0.300685422266754     
  0.108751698393379     
  0.150888453759597     
  0.228689157575185     
  0.271122506661528     
 -0.155242068594423     
  0.209610481528653     
  5.972460277102042E-002
 -0.105440342778001     
 -3.455307784568223E-002
 -6.536306641027920E-002
  6.860052407566450E-002
  5.093097094308403E-002
  0.431215689826279     
  0.528810962952859     
  0.314497104019031     
  0.129665007429312     
 -0.386227047286080     
 -0.569278240524751     
 -0.307444373792694     
 -0.314346155023886     
 -0.140624695868361     
 -0.372214246533796     
  0.148477344899194     
 -0.372611851327401     
 -0.257811663498822     
  0.143554128026458     
 -4.980704983358638E-002
  0.169998820339081     
  0.140152741453508     
  0.615847745734952     
 -0.158039625905166     
 -0.348166854914854     
 -0.548799363267618     
  6.461206320323752E-002
 -0.537958571276614     
 -0.130606427278832     
  9.210625494569196E-003
  9.951486685607414E-002
  0.152806748804997     
  2.643809324316558E-002
  0.181749621713565     
  0.139641289638059     
 -4.321545864631395E-002
  7.053205981369365E-002
  1.684760909810138E-002
  0.294164371439672     
  0.224515397847898     
  0.249748740149389     
  8.199570262371213E-002
 -5.737360104287642E-002
 -0.156570672974115     
  2.777151239030487E-003
 -0.236680308661087     
  0.183955706735022     
  0.114052702601520     
  0.540999197221826     
  0.641378323342962     
 -0.139437024310334     
 -2.953782305380907E-002
 -5.287692828055592E-002
 -0.252994558912791     
 -6.849836652065686E-002
 -0.272143161676100     
 -0.161663784000980     
  0.191281248818641     
 -0.104039864579133     
 -0.160045404217548     
  1.951341778713560E-002
  0.129821865537587     
  0.339140747881822     
  0.107811857430820     
 -0.341062171657670     
 -1.425042836358528E-003
  0.131606644532769     
 -0.232424372516259     
  0.287177579606959     
 -9.874960391335230E-002
 -3.668534471207526E-003
 -0.181062838935265     
 -0.354652560427678     
 -8.936595000276663E-002
 -0.194884563383979     
 -3.743044449296123E-002
 -4.296098864739230E-002
 -0.109901307053900     
 -9.835066278746792E-002
  0.181741149070198     
  0.129649232908768     
  8.250541154372745E-002
 -0.185631974654674     
 -0.364647141788396     
  6.678533701802430E-002
 -5.786803640833971E-002
 -6.816770206881638E-002
 -0.220379640956061     
 -0.194321082309520     
  0.198897585422569     
 -0.204224621959714     
 -3.248545247805733E-002
 -0.140901000808314     
 -0.339439964108003     
 -0.204861040782369     
  0.132007434495847     
 -2.505604045272378E-003
  0.225440470272043     
  0.220305820355987     
  0.304962296508438     
 -0.142796306741761     
 -6.790998228778418E-002
 -5.523260175247793E-002
 -0.116663231248853     
 -0.236338055253929     
 -0.708226278483822     
 -0.592659504322965     
 -0.382172610261102     
  9.597612232823773E-002
  0.281642030079679     
  0.124874982070161     
  2.403875118781355E-002
  0.226511254355091     
 -0.388463671069936     
 -6.248652213208278E-002
 -0.497109801895986     
 -4.729583555157503E-002
  4.999688168991424E-002
  0.224717268594996     
  0.227249643368556     
 -0.285612730674063     
 -9.131547450462062E-002
 -9.722491630033087E-002
  0.364863895978469     
 -3.976296575296352E-002
  0.377056142506956     
  0.184466875002297     
  0.119096327638063     
  2.092047430151941E-002
 -8.938580936052029E-002
  1.494483743273552E-002
  0.108480231725750     
  0.124606497098678     
  0.137751458150147     
 -0.392518057423161     
 -0.193493195103079     
 -0.285112781379816     
  0.120806334435187     
 -0.303516894219246     
  2.200740249224047E-002
 -0.351390963000840     
  6.189052932224897E-002
  0.103787898938534     
 -0.302785031317235     
  6.075305348699969E-002
 -0.101257736697200     
 -0.123701262098206     
  0.318223693304925     
 -0.101384163136091     
  0.193784627611894     
  6.499536688781514E-002
 -9.660918543161573E-002
  0.107640684219968     
  0.209238332892852     
  0.121639668248497     
 -2.556023162087505E-002
  7.943175108717168E-002
  0.124307364962136     
 -0.213970652132809     
  4.062123653794798E-002
 -0.411986353126596     
  0.328589559599754     
  2.036424814230932E-002
 -0.290966928965989     
 -0.311226089063573     
  0.477551110744426     
  5.623210703319684E-002
 -6.214634132109217E-002
  7.153869637723802E-002
 -0.204213263652616     
  0.435951651034223     
 -9.697057978441831E-002
  0.151834808125580     
 -6.162170803544660E-002
  0.179667757304295     
 -5.236767415203189E-002
 -0.268851446044370     
 -0.109509339241642     
 -0.187000867497438     
 -7.587939425398944E-002
  0.134071143518106     
 -2.738856645048344E-002
 -0.116495026499669     
  0.318362822059318     
  0.311486020731996     
  2.627451986077504E-002
  6.611882636156068E-002
 -0.242177160890820     
  0.358874279580076     
 -0.487639713758686     
 -0.260804963618935     
 -0.382370233148014     
  2.215065532693703E-002
  0.183119413007749     
 -0.140743291874976     
  5.806847538668745E-002
 -2.693514737162169E-002
 -5.752327970612438E-002
  9.133964184289159E-002
  0.133192611540534     
  0.123449202692626     
   1.07652795857889     
 -0.554733645120786     
  4.716070238897135E-002
 -0.607407006161706     
  9.631733232227924E-002
 -9.895908987008971E-002
  0.189803608895952     
  0.376941623860613     
  0.482741066393108     
  0.409965611146941     
  0.755505117266038     
  5.590491062518724E-002
  0.312153099952875     
  3.463437224636930E-002
 -0.364454978905847     
 -0.250055978767007     
 -0.658754148573133     
 -0.406039786911135     
 -0.260116352376780     
 -0.485372759773584     
 -0.233049960579200     
 -0.371792714695312     
  0.996646712291819     
 -8.669994393882285E-002
 -0.496004365114083     
 -0.556883969833168     
 -0.784493822309944     
 -0.828482111470998     
  0.120833559201749     
  0.324852458113320     
  3.195134975590683E-002
 -5.610236089210673E-002
  0.666555705385555     
  0.175334103971540     
 -0.212559389492533     
  6.600171803248031E-002
  0.307993194065174     
  0.161347687747697     
 -3.256395497838598E-002
  8.075733419949062E-002
  0.210815358535805     
  0.294716628077433     
  0.179046580170124     
  0.104900394276281     
 -0.310173254810401     
 -0.230278913622322     
  0.233723204253884     
  0.131161412670519     
  8.378656266800594E-002
  0.639264390260216     
 -3.286270595859652E-003
 -0.111530180585196     
 -0.103553164596323     
 -0.356376482271886     
 -0.269883380430777     
 -0.155983019961767     
 -5.683868777241138E-002
 -0.431377940397145     
  8.621670849453154E-002
  0.598242514298317     
  0.937585838311293     
 -5.721421801370929E-002
  0.193562196318577     
  0.261472290323591     
  0.345679797242405     
 -0.401868309104402     
 -0.295739234346243     
 -0.188586619728620     
  0.164264036893020     
  0.604408968895884     
  0.137015597057774     
  0.351403465131574     
  0.251990306232208     
 -2.032160730740821E-002
 -9.446245257658605E-003
  0.115465098229358     
  4.661439773102310E-004
  0.234966027557671     
 -0.244765792248228     
 -0.184918021611712     
 -0.438068702715618     
  0.277525464187032     
  0.127761850859575     
 -5.896929259698864E-002
 -8.346042734871723E-002
  0.176261244908812     
 -8.068222454006868E-002
  5.514729624609827E-002
 -8.170724465603411E-002
  0.111042674082955     
  0.184726586176427     
 -6.436595103817715E-002
  0.204923747768786     
 -0.131895132985740     
 -0.152572783281541     
  7.854408501942704E-002
 -0.107289187132348     
  0.146738418793861     
 -2.592921330129340E-002
  8.294930707566310E-002
 -1.867631252695517E-002
  3.171624280637851E-002
  0.303068471620093     
 -0.222104790165831     
  0.358019862881736     
  0.200600212905406     
  0.242859254629287     
  0.180139952626654     
 -2.426874857875787E-002
  0.232760116215596     
 -0.378442879905065     
 -0.162836229822947     
  0.258297431503529     
  0.173635444579395     
 -0.207511052248763     
 -7.234243522030943E-002
 -0.131345513948083     
 -0.104689408492437     
 -8.555537577731323E-003
  9.429973807616537E-002
 -3.303689338398855E-002
 -0.175011447432334     
 -9.889465340397339E-003
 -0.618653156363880     
 -6.942056717723852E-002
  0.147170634249887     
 -1.356723951697529E-003
  0.233502364385198     
 -0.202972199548201     
 -8.486552846079402E-002
  0.306513618510940     
 -8.145859432081935E-002
  2.266457351150569E-002
 -0.134674998648419     
 -1.408923827611380E-002
 -0.100115821731652     
 -0.102474726606878     
  0.339314894082630     
  1.006203736306726E-002
  0.178850723840961     
  0.127817302109045     
 -0.157955106393132     
  3.397124108529852E-002
  3.916196880801197E-002
 -0.125057654340540     
 -3.877029902881225E-003
  0.358259799221737     
 -9.319824822457089E-003
 -0.146364105767679     
 -0.239148296512324     
  9.971289955439273E-002
  0.266421675292881     
 -5.345280320217414E-002
 -0.307090066268228     
 -0.128414058868313     
 -1.373054519997895E-002
 -0.312600085776953     
 -1.798052171775141E-002
 -7.930802025817163E-002
  6.789119963866812E-002
  0.150138791962372     
  0.170451877889705     
 -0.167244486652593     
 -0.204078957909894     
  0.459282225330356     
  0.284553612583898     
  0.208680004471757     
 -0.350685479147080     
 -0.411360130349457     
 -0.202498947246219     
 -0.383795513160455     
  2.628627279632318E-002
  5.600890644492689E-002
  0.229645319279737     
 -0.149498869069875     
 -0.148779222694627     
  2.497491662313576E-002
 -6.171303818351653E-003
  0.719224006368985     
 -3.046624444041849E-003
  0.191031813489251     
  7.233675822564915E-004
 -0.549426280591378     
 -0.157775518957260     
 -5.343728856937562E-002
 -6.153924811596446E-002
  8.359254650821167E-002
  1.224337955886600E-002
  4.745173288999353E-002
 -0.336608008936729     
 -1.163114223023581E-002
 -0.187200753715223     
  0.250106362420094     
  1.720412718679237E-002
  3.412883491308180E-002
  0.258792279204669     
  0.187006187553720     
 -9.121269711391926E-002
 -8.509598886907349E-002
 -6.361170724973894E-002
  0.180216875753367     
  0.125667004502132     
 -0.296616777690212     
 -0.687480001862571     
 -9.339393749775016E-003
 -1.862206296467719E-002
 -0.108905231892408     
  0.354082856508245     
 -0.120791438173375     
  0.207122452764143     
  8.599547743584750E-002
  0.215707726550656     
  7.502627104721099E-002
 -0.268464036840225     
 -0.220832458513928     
 -0.159942361682342     
  0.197324873478160     
 -7.898288359228887E-002
  0.255124707319174     
 -3.294665701516300E-002
  0.491284344512352     
  0.212929885092784     
 -0.239341294309808     
  3.637883232632378E-002
 -5.388132940348016E-003
  0.123742828452408     
 -6.730822304990704E-002
 -5.035121903395071E-002
  7.935589405482416E-002
 -0.174762343142622     
  4.482896273870373E-002
 -2.948301708371977E-002
 -0.135512378202624     
 -9.645998684534175E-003
  0.356219504342311     
  0.118467770690379     
 -0.151456812854826     
 -0.394419956593612     
 -0.180182745596081     
 -0.150570340294225     
 -6.899218333060242E-002
 -0.105136694886957     
 -0.537595686231696     
  0.511520659016880     
 -6.932296086250010E-002
 -0.322633270918269     
  0.366743662455903     
  0.244176735681712     
  3.351591906245761E-002
  7.576438056625340E-002
  0.351677226763384     
 -0.275277240960546     
  0.156186077304688     
 -0.466972687409611     
 -0.194776548879335     
  0.405675950669875     
 -7.030836847940919E-002
  1.759231744404236E-002
  3.420356421312938E-003
  0.380230796195254     
 -0.247334704251155     
  0.101664090966389     
  5.984708410124333E-002
 -1.746564013013156E-002
  0.308681115272408     
  7.344269102548129E-002
  0.329822430548987     
 -6.407513232856483E-002
 -0.111111900496649     
 -0.188953420302629     
 -8.053957982383760E-003
 -0.247552448194006     
  1.789107759980300E-002
 -2.693927978890873E-002
 -0.306547907434297     
  0.301378147963866     
 -0.735117388082513     
  9.869309422876116E-002
 -4.819991318456592E-002
 -0.334882137555222     
  0.149590457402013     
  0.114499587397991     
  0.200830684234219     
  0.290487157313029     
  0.356588882518687     
  4.824126396050669E-002
 -0.214618608561646     
 -5.116791731987376E-002
  0.165119730385246     
 -0.197061507857583     
 -0.147828236972626     
  3.268705042033519E-002
  0.116165700894565     
  0.155521644756156     
 -3.657660039065305E-002
 -0.204378240840290     
 -0.272370894395336     
 -4.575659801670002E-002
  0.135741686082578     
  0.494966388924102     
  0.147932701525235     
  1.164443743039883E-003
  0.385675527362479     
 -5.259165911488179E-002
 -0.148497338935446     
  0.385415220560429     
  1.633155433071590E-002
  0.321454561102443     
 -0.330057408212976     
 -9.023164633321010E-002
  5.578127305988773E-002
  0.223046229646587     
 -0.187025592399368     
  0.359587433164456     
  0.187895970090493     
 -3.701181819941676E-003
 -0.439915374789228     
 -5.519373745397353E-002
  0.158704588106511     
 -0.176488863922835     
  0.483397499675203     
 -9.518518631668667E-002
  0.195121122192493     
 -0.437467121306948     
 -0.226820467080298     
  0.108508366123814     
  3.012060953093608E-002
 -0.279614367463431     
 -0.118787445732508     
  0.114209674395294     
 -0.299526753218862     
 -0.142308285869431     
  0.560600338553322     
 -0.112952569131217     
 -0.158592544955313     
  0.387386783408991     
 -1.244044890180540E-002
  7.716830657199192E-002
  3.687099604033147E-002
 -2.477291224577757E-002
  0.127523803137368     
  0.299745652684776     
 -0.184404823135469     
 -0.584332640466911     
 -0.316589867383026     
  0.117618937565018     
  0.117096558017995     
  0.236865422334646     
  0.205904385039920     
  0.101464086991884     
 -0.261415212035637     
 -0.164318437431387     
 -1.867287763363010E-002
  0.267780173193519     
 -0.122889190011874     
  7.809288118176769E-002
  3.225162960911308E-002
 -0.299846101960726     
 -0.142368335867226     
  0.185252604993069     
 -9.238300975850527E-002
  7.019701055835120E-002
  0.143835626719837     
 
 -9.980982819337393E-002
  0.727562581522509     
 -3.105878903388474E-002
  0.325775042997782     
  9.678734741844504E-002
 -7.572894715383168E-003
  0.171469410605336     
 -0.367134737274863     
  0.241528933232973     
 -0.484183435207772     
 -0.321834591633201     
  0.581580946163589     
  3.110134993597200E-004
 -0.110660203302962     
 -0.245054630411647     
  9.682970591668415E-002
  0.240842790257969     
 -0.123730688696551     
  0.135083962250603     
 -0.186716947481071     
 -0.149615496575432     
  0.476323906585152     
  0.329797151509515     
 -8.016692493095116E-002
 -0.168856137790631     
 -0.316994743855320     
  0.461079140230959     
 -0.305735206392222     
 -4.453791462317109E-002
 -0.320499975143085     
 
  0.107044732913994     
 -3.651098595371859E-002
 -0.100064400408369     
 -0.290517108783996     
  0.361867000623376     
  0.123514129327670     
 -0.179777141300265     
 -0.185844760777598     
  9.463152676065970E-002
 -6.853899214461573E-002
 -0.544203767009743     
 -0.309974014438174     
  0.198658910740741     
  6.765134422016428E-002
  4.076754627834620E-002
 -0.171257728576252     
 -0.389681430897638     
  9.450573389356412E-002
 -4.109076642193017E-002
 -0.771023822441444     
 -0.478396258136294     
  0.215838257520650     
 -0.242626470015668     
 -3.142713897239219E-002
 -0.150617667094657     
  6.033512177723806E-002
 -4.332536305767349E-002
  6.913269040313419E-002
 -0.426859952793865     
  0.113859257232515     
 -0.112090216003313     
 -0.102756471781136     
 -7.408234563314736E-002
  0.285834855272728     
  0.361251363408787     
 -2.719617574658826E-002
  0.400748206954335     
  0.257331870358467     
  0.378919542240873     
 -4.867547342373845E-002
 -0.260520151490517     
 -2.350485949759696E-002
  0.285619993188529     
 -0.264659844939076     
  0.117260725355677     
  9.436144217049189E-002
 -0.320989521846946     
 -0.105386691996960     
  0.160203509024874     
  7.222034521171677E-002
 -4.255124630534343E-002
  0.210540958899847     
 -5.395665529817324E-002
 -0.103942664754433     
 -6.191276932515730E-003
  0.210767367456942     
  0.276447119949770     
  8.286289664013997E-002
  0.370231762776579     
 -0.111557643669751     
 -0.103413869501645     
 -0.481031242334716     
 -0.137296862030214     
 -0.441919707057084     
  8.849053710007897E-002
  9.612699168949201E-002
 -0.292962491403571     
  0.109229266235012     
  0.314669954360211     
 -0.125405987553762     
  0.167244171118459     
  0.316463256913460     
  0.416585391121087     
  0.191501413979243     
  0.225878774495190     
  0.323926114803939     
  0.194820785156084     
  0.142045982079058     
  0.330126918224209     
 -0.385372281609746     
 -0.356175305406145     
 -0.434233567247335     
  0.143583669354509     
 -5.056254437017505E-002
 -0.114492038965640     
 -9.011605675913555E-002
  0.227039685480741     
  3.253150595102873E-002
  0.161453209851680     
 -6.707881393387585E-002
 -0.185373507679066     
  3.760079618194785E-002
 -1.726658900061128E-002
  0.386080644485758     
 -3.724714929620192E-002
  0.100365316115664     
  8.064714396440406E-002
 -5.713610165958288E-002
 -0.252161493757107     
  0.496440446303621     
  0.181852219037696     
  3.388940536091496E-002
  0.214478755063092     
  0.330020804965504     
 -0.136108988220840     
 -0.280983263307016     
 -3.897658724396102E-003
 -0.267182351833246     
  1.329331000898296E-002
 -0.105405052257352     
 -9.781413758824299E-002
  2.571295601763061E-002
  0.356085808586190     
 -9.598355335134071E-002
 -0.283674252969966     
  6.709300511449327E-002
  0.106009470192671     
 -0.329412889334013     
  0.133950278491181     
 -7.126009883883977E-002
 -0.283369306512754     
 -1.202726612842949E-002
  0.164137247482917     
  0.483439477145137     
  0.259932290482890     
 -0.366562715771981     
  0.137213845584062     
  0.237975403833293     
 -0.108966189366294     
 -0.163219441030860     
 -0.177655841619298     
 -1.769833688024861E-002
  0.220939510165009     
  0.169481106953330     
  1.430676039068575E-002
  3.176316879910918E-002
 -0.508988401922935     
 -1.502251562723792E-002
 -0.312664534706346     
  0.173189086259254     
 -8.432581308168187E-003
 -0.100057637893573     
 -4.526049805247217E-002
  0.110126114502938     
  0.136211534076114     
 -0.114182947684027     
 -0.193113224131831     
 -0.225359075247051     
  0.494525072553346     
 -0.181218621738879     
 -0.258835437563112     
 -0.125377065735150     
  0.130291089537166     
  0.194057513360720     
  6.149115922039871E-002
 -7.360252918457232E-002
 -0.153127182159411     
 -5.333392832283459E-002
  0.386058738807711     
 -0.196177704208578     
 -7.685139037803602E-002
 -0.219945985475359     
 -3.751585494245857E-002
 -1.128046513963238E-002
 -6.412085122909811E-002
 -0.113099632976103     
  0.203255853135161     
 -7.397381087649907E-002
  0.178420757286990     
 -0.165378324994847     
 -0.284293180733524     
  0.115372387899736     
  0.220025263852667     
  6.322250567444769E-002
  0.152318833820932     
  0.215958178381703     
 -6.086078566582049E-002
 -0.269203032460648     
 -0.245087050624718     
 -0.414934077704457     
 -0.119135855899640     
 -0.313080449870741     
  0.187457592656788     
  4.746687096823730E-002
 -9.451174724309847E-002
 -0.138279343559746     
 -0.265227000171045     
  0.126973767158794     
  0.291132446226313     
  2.865293999801810E-002
 -5.086380463210136E-002
 -1.419622301468059E-002
 -0.118560126488355     
  0.137449960251134     
  0.112261443829090     
 -6.300682980706143E-002
 -0.200064500260801     
 -0.199187037776539     
  0.277083549383917     
 -0.199183995352840     
 -4.017956774396199E-002
 -0.124851183696061     
 -4.604952392727212E-002
 -8.625924122543645E-002
 -0.523795284656408     
 -0.315719075922386     
 -5.239645443850302E-002
  8.952154427931906E-002
 -0.286047461467504     
  1.830881776672900E-002
  0.358577566983375     
 -0.105658679188771     
 -0.123103472319023     
  0.188493065234383     
 -0.130185383237879     
  0.357022788007055     
  0.161034739636314     
 -0.121071303026348     
 -8.332132807474228E-002
  0.161950286575308     
 -0.230610818488659     
  0.241554332045130     
  4.024109459530199E-002
 -0.119375172493183     
 -2.461137664609976E-002
  8.047958698702788E-002
  0.414737580308114     
  0.227417677028254     
 -0.247994324788548     
  2.605448760548771E-004
  6.136201201801651E-002
 -0.182228256351493     
  0.135849748300301     
 -0.223056131185720     
  0.196693413071643     
 -0.307296593149723     
  0.497417260569293     
  5.245171096503708E-002
 -0.116409539714082     
  0.150016226796958     
 -8.211206054190265E-002
 -0.353677017286923     
  1.504635554881278E-002
 -0.208516548820754     
 -0.226363276319196     
 -0.162078522296876     
  0.148139817678922     
  1.581132814945863E-002
 -3.198674033103519E-002
  8.440971093502864E-003
 -0.127553924145929     
 -7.941476566931213E-002
 -0.139494295532890     
 -7.617233524447155E-002
  0.221502477601283     
 -0.105023645981063     
 -0.290495413293533     
 -0.307400240034847     
 -0.366691517623299     
  0.391647753327171     
 -2.373732322629133E-002
  0.181837430895956     
 -0.267231404788342     
  0.165330942527910     
  0.158071872293549     
 -0.164706848983345     
  0.113376588274926     
 -0.117980277260499     
 -9.876593835109808E-002
  0.215881078504522     
 -4.941612278326298E-002
  0.130661749301240     
 -0.220937782477496     
 -0.294956034103957     
 -3.015495083802873E-003
 -2.298891413163639E-002
 -0.131454172720393     
  8.118366938213845E-002
 -0.256489442621323     
  0.145129277001216     
 -0.304058031514777     
 -0.221560689367242     
 -0.203258233056657     
  4.666299390488277E-002
 -0.147363267665710     
 -8.342161706057472E-002
 -0.288453029765130     
  0.259371531265030     
 -9.965399134689158E-002
 -0.250046112977779     
 -7.754619467994758E-002
 -0.298500507507447     
 -6.579108139467443E-002
  3.164818189247338E-002
 -1.799529998286546E-002
 -0.152026134624032     
  0.210474590688993     
  8.781731369033509E-002
  4.704111361772324E-002
 -0.128763169306031     
 -7.588297346216696E-002
 -5.364566378969390E-002
 -0.226521980128185     
  0.303973080506738     
 -8.890282460970769E-002
  0.100022285319947     
 -0.356470932758413     
  5.079362182955546E-002
  7.637558885013497E-002
 -0.179121617235341     
 -0.264133496669650     
  0.260814379356647     
  8.192789045257436E-003
 -0.184472973554532     
  0.186899199673229     
 -0.118393686773307     
  0.176127511053542     
 -5.844354073328852E-002
  7.281636059895380E-002
  0.167472695849575     
 -0.176226574722864     
  6.777551336912321E-002
 -0.292837070118069     
 -0.197083693433141     
  0.113976636795673     
  0.186972233034828     
  1.271203320601469E-002
 -1.278425463187016E-002
  0.391789632957841     
  0.242247194786562     
  5.603959408710932E-002
  0.359138619331944     
  0.139119595670488     
  0.224941089819082     
  0.207622327663884     
 -0.237412317314898     
 -6.856168494351379E-002
 -0.331710928718098     
 -3.823131589979298E-002
  0.519644016265743     
  7.475855070274812E-002
  0.205599010510712     
  0.530941481019273     
 -8.383115597969015E-002
 -0.420652401375455     
 -0.256591422973224     
  0.406631514916119     
 -0.105584064688641     
 -0.154198063501960     
 -0.199228084359796     
 -4.361739021464159E-002
 -0.102491018131906     
  0.124447145850937     
 -0.264492606553472     
 -4.729092226951460E-002
 -7.554199805864414E-002
  0.556133293941996     
 -1.404785473689519E-002
 -8.823174485774876E-002
  5.925341071094920E-002
  2.229972706894882E-002
 -3.030982299736099E-002
 -0.165020570474565     
  0.346361914322518     
 -6.475131838953001E-002
 -0.121750447342031     
 -0.294667588713599     
 -0.592681300795443     
  9.319589850878808E-002
  7.988641618844616E-002
  0.108347186433166     
  0.310649658177231     
  0.169123498653422     
 -0.315940078047557     
 -0.126571790319980     
  0.122930796276857     
 -0.105903540152717     
 -6.413176713009833E-002
 -0.244308955474268     
  0.107881125296825     
 -0.230750032871319     
  2.279456586632598E-002
 -7.506150745317119E-002
  0.115820756858686     
 -0.437109094164706     
  0.240297552764132     
  0.164673320179781     
  0.220244421987565     
  6.993160140003038E-002
 -4.196061277821199E-003
  6.205411528133484E-002
 -0.159743427375791     
  2.602275345885092E-002
  0.139127683872717     
 -0.190061957961776     
  2.692703420870070E-002
  0.128547464318839     
  5.657232612252439E-002
  2.420074058134218E-002
 -9.710791168219922E-002
  0.107920195625918     
 -0.196276475415713     
 -3.750541383175483E-002
 -4.980064566835218E-002
  0.256903587996419     
  9.886742224485412E-002
 -0.241198725578673     
 -4.916793088850930E-002
 -0.100286908308334     
  0.136730834110577     
 -0.242046831862951     
  0.104536657597338     
 -0.259282635370350     
  0.324532816614006     
  8.384345402529868E-002
 -0.173954900485723     
  5.059162093774842E-002
 -0.160047066952975     
 -0.126437505116020     
  0.260617738515258     
 -6.288668861993975E-002
  0.122839680230675     
  0.304774929848801     
  0.380159586936511     
 -6.712479826613550E-002
  0.377500871144879     
 -5.327337977729699E-002
 -0.297699766385967     
 -0.202223009112939     
 -0.171502604585018     
 -0.110366804575160     
 -0.243334218160729     
 -0.167739779244103     
 -0.177876109621506     
  0.115324981419712     
 -0.216176803581116     
 -0.332550822602223     
  9.602432832554890E-002
  0.201334236689806     
  0.109300758588362     
  0.160058669030800     
 -5.811658854258221E-002
 -0.110853570874203     
 -3.970108986781940E-002
  6.927691852626824E-002
  0.155448448880836     
  2.997699958019112E-002
 -0.240506518975822     
 -0.224208105397167     
 -3.280391464897093E-002
 -6.791584533678903E-002
 -0.133788842569378     
 -3.791122321306670E-002
 -0.284960924199586     
 -5.017017139861957E-003
 -8.948553352511636E-002
 -8.997725610325553E-002
 -9.883375892764218E-003
  0.305481550620018     
  0.268188882105362     
  0.263760017155161     
  0.114445016729046     
  2.981140123342911E-002
  0.298406453623146     
 -0.288972009619086     
 -0.164882149181861     
 -7.839861702379437E-002
 -0.295377167798083     
  1.183623372808196E-002
  0.184735543809496     
  0.371240855559975     
 -0.117482418603285     
  0.345876924441634     
  7.406836855615508E-002
  2.716968271958896E-002
  0.236051382153572     
 -0.509963451214771     
 -0.197282075160810     
  0.158735239788676     
  0.174872408767080     
  3.790910229327173E-002
  0.103138722754082     
 -0.253888322365681     
 -2.854809935128599E-002
 -4.167339369111010E-002
  0.112985187438692     
  1.119080468059831E-002
  1.332935285306291E-002
 -9.305512527057325E-003
  0.210665399527696     
  0.160625155615101     
  0.401497785009287     
 -0.194245098894738     
 -0.268927677452632     
 -0.368468184387070     
  0.129260991513518     
  7.076892227620631E-002
 -0.166348867625523     
 -5.517547439856810E-002
 -6.891436948555687E-003
  8.765529880194413E-002
  0.102987350692986     
 -3.985830698607603E-003
  6.491482966145132E-002
  0.157342500244771     
  0.111514182034523     
 -3.565396664165309E-002
 -0.249275749524068     
  0.283714159096784     
 -0.203358616257262     
 -0.265706349427295     
  0.132808978540713     
 -5.508104903323838E-002
  9.129232666542535E-002
  0.435948490396999     
  0.164878106018052     
  0.198841351248346     
 -0.666140159859044     
 -5.344081461972380E-002
  3.113694227207099E-002
  8.740133684021775E-002
  0.373551592849874     
 -6.970362749308169E-002
  0.127898998042235     
  4.947017939672635E-002
 -0.213373551856511     
 -0.258456904539073     
  0.311520388876550     
 -0.138702697086117     
 -0.588898387779454     
 -0.626406957527173     
  0.149563254436176     
 -0.502231093674690     
 -8.146877969590953E-002
  2.989678539377300E-002
 -0.298079038425583     
  0.167133123800975     
  4.081710236533360E-002
 -8.985188944217530E-002
 -0.123779691917849     
  0.107707023857026     
 -0.167812924593961     
 -0.412491909122779     
 -0.122716092732371     
 -0.404273979862765     
  0.165022494590528     
  0.495051871851366     
  0.540816825602374     
  2.557994759984644E-002
 -6.127721034689970E-002
 -0.348766505486747     
  0.323687739095665     
 -0.615028202944996     
  5.600327069554879E-002
  0.272013411967437     
  9.488164792056542E-003
  0.491507812193872     
 -9.339278335067421E-002
 -0.138375144428279     
   1.31282491109271     
  0.895321703891526     
  0.369574086524385     
  0.334437385476693     
 -0.133726884218974     
  0.445122793850851     
 -0.303630970906217     
 -0.317242571425147     
 -0.143613276209645     
  0.196318596739779     
 -4.074918132599369E-002
  0.175541042067342     
 -4.402650328168767E-002
 -5.761793359662493E-002
 -0.228260425387495     
  0.245647245380566     
  0.160952502869291     
 -0.170866842519116     
  0.195837875798712     
  3.633134922161729E-002
  5.564256655087996E-002
 -0.161127540788338     
 -0.320170714478209     
  0.264444428178610     
 -0.232835584363092     
 -6.701244155542226E-002
  9.487591979633418E-002
 -1.684164413638660E-002
 -6.223811498170967E-002
 -0.203023879404946     
 -0.166689278197987     
  0.428969753212973     
  3.282562513125135E-002
 -0.211756985361533     
  6.011917616011058E-003
 -0.297456066867556     
  0.147250047942129     
  0.235198897530086     
  9.528778470989974E-002
 -0.119961881104444     
 -9.584639673454041E-002
  0.291452505182520     
  0.180914837965629     
  0.225164719702859     
  0.320876571261220     
  4.922341299110047E-003
 -5.936945400073080E-002
  9.570474281094961E-002
  0.154285323252555     
  0.270429251509550     
 -0.210508399442884     
  0.233675419985988     
 -0.284151264483029     
  4.558476157080757E-002
  0.138502155466042     
 -0.156665235899772     
  1.855119099595938E-002
 -0.239115615512947     
 -0.138514577205438     
  0.316582847608477     
 -0.169670964641757     
  0.302858369032455     
  9.716971519003265E-002
 -0.172862544093546     
 -0.200635993432598     
 -0.303498759087410     
 -8.649786486236351E-002
  0.185585671802800     
 -0.186074055960606     
 -0.448923311000430     
  1.107610558307028E-002
 -0.242198940339469     
 -0.217811132564458     
  0.162287798616078     
 -0.331197241488167     
 -3.035064969407484E-003
 -0.262034629549099     
  0.133896440601035     
  0.306536347355845     
  0.796557451484941     
 -0.240895990221223     
 -4.901320307906423E-002
  0.127260079541910     
 -0.337685561719520     
 -0.412085681835812     
 -0.308706028589898     
  9.617031960011095E-002
  0.313444945543681     
  8.046378282540614E-003
  0.295772554604700     
  0.282701440207036     
  0.107760751504691     
 -5.545708224328472E-002
  0.219061126137815     
  0.127034422539922     
 -8.188294182409124E-002
  0.112332550914532     
  0.148773315766273     
 -0.148799447441781     
  0.276687427324547     
  0.165517078674614     
 -0.158653345265650     
  2.670784419758003E-002
 -0.317588869285308     
 -0.157781013717876     
 -0.259261158359195     
 -0.160552048690442     
 -6.855816105722223E-003
  0.232170768784883     
  0.195347835456563     
 -0.247070075791479     
  0.129073718165549     
 -0.103275852950633     
 -4.794849912928710E-002
 -0.188175347984775     
  6.324358057731010E-002
 -7.583760598675270E-002
  0.116498883770035     
 -1.435472761170919E-002
  7.453632320308776E-002
 -0.434755525339703     
 -0.206473615725844     
  0.121866860516982     
  0.246091460599444     
 -0.261517935353964     
 -0.336429615981172     
 -2.112944972370033E-002
  0.134522596788531     
  0.319639964154619     
 -0.158613044405865     
 -0.101863603318460     
 -8.007075825696688E-002
  0.386809437743800     
 -1.021618449219407E-002
  0.174940998669720     
 -4.260010500365081E-003
  0.210971707437153     
 -5.485847238042221E-003
  0.406784329641999     
  3.262122454702763E-002
  0.133716440259428     
 -0.227922849601586     
 -3.384338572558530E-002
 -4.005645313363698E-002
 -7.598048705712214E-002
  0.361322548780901     
 -0.122501131452576     
  1.747074408641207E-002
  0.186531892178225     
 -0.253688518235245     
  3.438829219294649E-002
  3.055691653579807E-002
 -0.248449673453492     
  0.137822301582320     
 -1.902837879627339E-002
  3.907106093571287E-002
 -0.143606414697428     
  0.383398776944223     
  9.511608954287489E-004
 -2.631108376777838E-003
 -0.181708177385078     
  0.175561500971858     
  0.142983926224881     
  0.110994481555691     
  0.380092126208357     
  0.252200345302645     
  2.417810899264749E-003
  8.099204424649165E-002
 -9.659574898382563E-003
 -2.400812388209658E-002
  0.289059600960070     
  8.108061397036501E-002
  0.581019003464403     
  6.131462200164831E-002
 -0.193003397826750     
 -0.352492045231528     
  0.237681494050737     
  0.317039837312970     
  0.128705794483749     
 -0.202900528010439     
  0.179942304469824     
 -4.984588329696450E-002
 -2.971699708753988E-002
  4.219321989206545E-002
  0.298374145119343     
  5.133726680649313E-002
 -9.802271402686769E-002
  0.192767947700420     
 -1.269565962103033E-002
 -0.314388293924589     
  0.104288758880585     
  0.416527753161207     
  2.558202622220301E-002
  0.526482417432255     
  3.612014010117939E-002
  0.318107129944499     
 -0.200406269234476     
  0.306433933670611     
  0.404255224189106     
 -4.118198231742592E-002
 -0.158858275533595     
  0.108961250682006     
  5.754433157242862E-002
  6.171309062016303E-002
 -4.020264330016430E-002
  0.255090856624054     
  0.259164961052814     
  0.197017802053307     
  7.632939755890225E-002
  0.189655698516300     
 -0.674449009352919     
 -0.167484209888315     
 -0.175747281185457     
 -9.633319815130303E-002
  0.271627632885826     
  9.147764686077638E-002
 -0.481409295990380     
  0.112627073346828     
 -0.418805775920070     
 -0.341816897662504     
  0.143120931350214     
 -0.363162490649031     
 -0.127136171634194     
  0.567279193964075     
  8.531472312337601E-002
  5.341013231897267E-002
  0.214502159063515     
 -5.490865535110147E-002
 -0.366285971416963     
  0.329889656157746     
 -7.690218737430381E-002
  0.347884258373352     
  5.782978696578226E-002
 -0.103404336649442     
  0.281793452599664     
  9.990496248122696E-002
  0.257249428061905     
  0.230627763153779     
  0.211877609587313     
 -4.817971085293298E-003
 -0.399090075403894     
 -0.376424192352539     
  0.117476912853409     
 -0.228455131480129     
 -0.264892588260471     
 -0.360403326088253     
  0.272276617468618     
  0.432462049992680     
  0.176629593251987     
 -0.407517888088310     
 -0.535366397501522     
 -0.566001394070728     
 -0.120327366342406     
  1.933934723102850E-002
 -0.243087044612172     
  2.018785918774176E-002
  0.258310342862570     
  0.167275070334319     
 -0.864686374693104     
 -0.335637805578257     
  1.382908077273594E-002
  0.114282594124913     
 -0.149472075304633     
 -0.114394926066709     
  0.211941351040853     
  0.459726451892032     
 -0.226945304836308     
 -9.821479348436971E-002
  5.804813159842012E-002
  8.136440065469916E-002
 -0.170227141232821     
 -0.112488511762905     
  0.260197025093824     
 -0.297471625013336     
 -0.434235878724373     
 -0.159728521909862     
 -0.314078345589238     
 -0.263318586633140     
 -2.644325310558999E-002
 -4.600875630188642E-002
  6.339773978808822E-003
  0.751678406446496     
  0.351529934674969     
 -0.182517023374838     
  0.315082181201839     
 -0.242719516866386     
  0.119244938943641     
  7.036961131094585E-002
 -0.484126260897160     
  0.488404491749377     
 -0.193772866688882     
  0.507343388838683     
 -0.488966367698379     
 -3.153410899356751E-002
  0.223483170572626     
 -8.222870143763406E-002
  0.668468980786314     
  0.192831562406172     
  0.606429636856027     
 -5.924462375481544E-002
  0.103203339357342     
  0.265198894844332     
 -0.172552422353479     
  0.297981334083156     
  0.140266183744245     
  0.152952078427073     
  0.140174077229173     
 -0.158221780109044     
  9.305917049476990E-002
  0.281390298095161     
  0.176153931580404     
  0.289868287224520     
  0.134640631828308     
 -7.830680785872356E-002
 -0.227686985198605     
 -9.523722447473842E-002
 -0.341939910774392     
  0.169203278441489     
 -0.246917543542023     
  0.306839555243748     
  0.281855343716751     
  7.993374843492364E-002
 -3.622831011212901E-002
 -3.148562726212437E-002
  0.349461281749287     
  0.200483826386207     
 -6.315242543658285E-002
 -9.680552282414680E-002
 -0.263854742661820     
  4.684457423534463E-002
  7.178766542453628E-002
  0.185855262292615     
  9.210806035290782E-002
  0.205878022198963     
  0.271588842125181     
  0.190474760231889     
  2.921795590963356E-003
 -0.132240969199056     
 -0.375850156476615     
  0.430098486304323     
 -2.823033645459913E-002
 
  0.154807945059863     
  0.205303910014068     
 -0.107493289576370     
  0.263508474223622     
  0.620063713037502     
 -8.156980177477137E-002
 -3.910448371662997E-002
  0.395764580708931     
 -9.670056744175877E-002
  0.124718519470957     
  0.167449753625179     
  0.133094846489618     
  3.641974452969701E-003
 -7.189087678844053E-002
 -0.222128402729460     
 -0.496233170777050     
 -0.212835035694336     
  0.290329825171799     
 -0.368224613123328     
 -0.107262716569870     
  0.155991098601346     
 -9.737898241160614E-002
  0.104261931673229     
  0.246393421654675     
  0.197642892378533     
  0.194881518990581     
  2.599385894102285E-002
 -0.300028773414076     
  0.414967377156634     
  0.256875969412091     
 
  -13.7804289265185     
  -1.11750021822105     
   7.30185402442158     
   20.0372944685104     
   8.34557277404285     
 -0.132510709309223     
 -0.292930736541254     
   21.3306816380317     
   23.1774337969682     
  0.105133086455752     
  0.458627086569169     
  -11.6439960340335     
  0.837403081048065     
  -17.1415034569380     
 -0.393303929970742     
   8.95745697590563     
 -6.229775466673049E-002
  -3.41606315492643     
  -9.80815234656322     
 -0.134935497161041     
   7.77358373857037     
  0.808900430216006     
   9.48113882908006     
 -0.629028134843830     
   3.95947439407189     
  -3.52066248165432     
   3.30849306172050     
   2.00379324586466     
  -1.37076730969737     
  0.523926901895306     
 
 -1.366165487804878E-003
 
  tansig  tansig 
