 0.407662039808654164E+01
 0.182053604803433000E+01
 0.117847971312310817E+01
 0.458971002636854308E+01
 0.197266243871867819E+01
 0.782468404247352090E+00
 0.627678938185227908E+00
-0.170825134740029305E+00
-0.100076195586376968E+00
 0.458401283761837364E+00
 0.963152353873781064E+00
 0.895659263581262577E+00
 0.688374421274197679E+00
 0.352312236641400267E+00
 0.608877018134539316E+00
 0.421628337659583352E+00
 0.389871524775018241E+00
 0.325776274096594154E+00
 0.931107516175447403E+00
 0.209382880016822148E+00
 0.221692866907820002E+00
 0.344929232844725819E+00
 0.817088527335510850E+00
 0.723859301574843239E+00
 0.862722711249049867E+00
 0.411099618809123879E+00
 0.330974577593290686E+00
 0.941069139675108413E+00
 0.133027597308634871E+01
 0.581121962659976177E+00
 0.660818668239584239E+00
 0.136106952253418712E+01
 0.245797848898420401E+01
 0.104945798876972907E+01
 0.118480900581310333E+01
 0.225446544973031093E+01
 0.525007570733246443E+01
 0.244392030641455982E+01
 0.250441960845449252E+01
 0.347021571393290529E+01
 0.101959831650253179E+02
 0.718058252137467878E+01
 0.716339510891453912E+01
 0.134938175684849728E+02
 0.360366162871456464E+01
 0.191764780965552206E+01
 0.892586587832950529E+00
 0.297419507888711454E+01
 0.167004970525585095E+01
 0.107678449945457855E+01
 0.117940662442355237E+01
 0.157159800352446721E+01
 0.808815231548635660E+00
 0.554161880010798691E+00
 0.811877410709572644E+00
 0.519188496764468543E+00
 0.342547315471945835E+00
 0.365621860880136429E+00
-0.467236932295943652E+00
 0.491573897029648599E+00
 0.405593399371137420E+00
 0.301671456387016979E+00
 0.395937552931822700E+00
 0.334957721656714280E+00
 0.301393790074364565E+00
 0.271442924641453420E+00
 0.498078279482545683E+00
 0.382932737189381367E+00
 0.414108480849124772E+00
 0.293541936334694609E+00
 0.290414094663558664E+00
 0.256472455553084011E+00
 0.331150842164380232E+00
 0.379014031811604923E+00
 0.363424511580404008E+00
 0.689763864068336452E+00
 0.111762187487353271E+01
 0.614115054300229612E+00
 0.629386071291393678E+00
 0.100330855174663536E+01
 0.192365944546780510E+01
 0.117745256207776805E+01
 0.117483100594306511E+01
 0.162197765842074104E+01
 0.406466659442749467E+01
 0.295068928400682884E+01
 0.296879740991447294E+01
 0.384249618906658386E+01
 0.174974580885646147E+01
 0.134364640949268010E+01
 0.138636990492890111E+01
 0.222301604356811344E+01
 0.848061312909980991E+00
 0.512589435158626650E+00
 0.192064708827026538E-01
 0.523465189731195268E+00
 0.265580660424162229E+00
 0.260062833950395922E+00
 0.326212524566891704E+00
 0.299213574254967418E+00
 0.202314260709543892E+00
 0.175842356483028928E+00
 0.273174010274540524E+00
 0.332685637282317537E+00
 0.244855722076366494E+00
 0.129419494992278533E+00
 0.147972385792943223E+00
 0.195341961130629099E+00
 0.154410160999206625E+00
 0.102301036308477797E+00
-0.234713124482460178E-01
 0.125955090167477579E+00
 0.117659976832636071E+00
 0.955637247054118982E-01
 0.196353231270850470E+00
 0.963843120387469915E-01
 0.116004548957874543E+00
 0.115016920769525632E+00
 0.925325587210572148E-01
 0.151057392238050425E+00
 0.237703336646124891E+00
 0.180990188117337775E+00
 0.185886644089468839E+00
 0.197131308661227689E+00
 0.404411279243227839E+00
 0.371298065254517862E+00
 0.370081663836648533E+00
 0.443429449006305210E+00
 0.110131512074514837E+01
 0.922167380819141069E+00
 0.922568823863297194E+00
 0.181664930220832677E+01
