 0.265242267946622290E+01
 0.519520940345368576E+01
 0.458568777925651005E+01
 0.413774118611703834E+01
 0.138869637743451269E+01
 0.528094441262848657E+00
 0.449897260995150872E+00
 0.714113857048745082E+00
 0.340002727778791980E+00
 0.295439412050866601E+00
 0.569111339827621743E+00
 0.451957475913855655E+00
 0.294983346448428330E+00
 0.446844470282546091E+00
 0.210931408305278234E+00
 0.490587055181722298E+00
 0.360859131215310214E+00
 0.192545017827783771E+00
 0.645397263672639332E-01
 0.217119423149277208E+00
 0.216032106179084027E+00
 0.241275434439539055E+00
 0.263294409878936653E+00
 0.339492488157079553E+00
 0.457366910171667806E+00
-0.124175921373892356E+00
 0.201464119192563740E+00
 0.311402706696555565E+00
 0.494185411353718684E+00
 0.338008440977939306E+00
 0.405783735171803550E+00
 0.162285829691103584E+00
 0.286973215400396053E+00
 0.791703847376113101E+00
 0.881970604444534900E+00
 0.924040242249181687E+00
 0.184063056124131652E+01
 0.111267071202116097E+01
 0.917550947616779244E+00
 0.708469815576672879E+00
 0.172403375199113040E+01
 0.664332017569291011E+01
 0.433434806645407456E+01
 0.298966365952596025E+01
 0.242991593307792497E+01
 0.149124588184148155E+01
 0.330489621667720090E+01
 0.147504079300188340E+01
 0.703513712280801840E+00
 0.220845243037240957E+01
 0.551513483003628568E+00
 0.623807434898212443E+00
 0.340922715596119308E+00
 0.961512375293999244E+00
 0.628180796066685532E+00
 0.852933143047608033E+00
 0.483579635777120820E+00
 0.407576245034588391E+00
 0.105305041710482047E-01
 0.398736025159987850E+00
 0.273530728525596400E+00
 0.556672239803261526E+00
 0.299578071759928011E+00
 0.345327989254186229E+00
 0.316678096680630794E+00
 0.142452402357004071E+00
 0.182956487548466246E+00
 0.129306653478438310E+00
 0.145721244940292649E+00
 0.469728865713312627E+00
 0.357646680504435099E+00
 0.225503048358677072E+00
 0.313105086477804218E+00
 0.613368645770178467E+00
 0.346233730245091020E+00
 0.386352921355813839E+00
 0.647925463133262602E+00
 0.789761687658565026E+00
 0.598797153948283145E+00
 0.399503805946803792E+00
 0.730403022645606637E+00
 0.162631847247349404E+01
 0.157578653775100364E+01
 0.979487039604364451E+00
 0.232644654372641879E+01
 0.290496240308562514E+01
 0.347523059321437788E+01
 0.198739891141786540E+01
 0.992041741127554166E+00
-0.249801511988867642E+01
 0.206115708582348844E+01
 0.160380679636897994E+01
 0.520510154452291540E+00
 0.424780621831365168E+00
 0.887890597174418983E+00
 0.690029595498098502E+00
 0.294157258098029395E+00
 0.134213824041714669E+00
 0.178767553151255865E+00
 0.954748799688896616E-01
 0.485954782445024713E-01
 0.250938171920151110E+00
 0.127152460943867202E+00
 0.462228776165398217E-01
 0.326244592394423494E-01
 0.159133348616273401E+00
 0.973109440875667142E-01
 0.221587650214113384E-01
 0.195839386816783652E-01
 0.950535868966181363E-01
 0.421231531194751554E-01
 0.216445347147165949E-01
 0.222413929023358853E-01
 0.103749075429975718E+00
 0.120678931732576780E+00
 0.965393403030365277E-01
 0.123434880710688047E+00
 0.372393653031642541E-01
 0.477957425479255751E-01
 0.775475909656059004E-01
 0.107596681468389965E+00
 0.180967744864698493E+00
 0.858622812785772016E-01
 0.859283994925695432E-01
 0.147704718843502780E+00
 0.261622783799692116E+00
 0.255455770461477327E+00
 0.157332878337329257E+00
 0.351442268544694347E+00
 0.636920486876250358E+00
 0.458312589931657133E+00
 0.784087728543075735E+00
