-0.388865355345739350E+00
 0.292445779265349914E+01
 0.182053604803433000E+01
 0.587920528075473903E+00
 0.384974895580124377E+00
 0.198945222589225446E+01
 0.119210104346262247E+01
 0.148676298517111660E+01
 0.796343555892489952E+00
 0.794492092503080283E+00
 0.638516019972687032E+00
 0.805607924054890012E+00
 0.590965288903120500E+00
 0.531306576298034905E+00
 0.468392617482148221E+00
 0.294888464768937320E+00
 0.272683109823908365E+00
 0.493213746951810528E+00
 0.433122250657281216E+00
 0.353991992893515683E+00
 0.379506415849708678E+00
 0.409689278772706278E+00
 0.464340087548671898E+00
 0.453724390830596125E+00
 0.557375076708318873E+00
 0.648386869624802409E+00
 0.570415867311879210E+00
 0.406062092291227361E+00
 0.566875528496992076E+00
 0.868329370755342445E+00
 0.796318598520104781E+00
 0.770416761472143108E+00
 0.126554032275062900E+01
 0.133643890631509121E+01
 0.130808848740228423E+01
 0.124978941661148890E+01
 0.258455611905996507E+01
 0.266277291640549363E+01
 0.270511820587646712E+01
 0.261457118573096858E+01
 0.720338205564807854E+01
 0.745403535363045133E+01
 0.745284735369317186E+01
 0.607646767898912099E+01
 0.156349974473605546E+01
 0.247660718147082992E+01
 0.191764780965552206E+01
 0.132959556223048558E+01
 0.811279236125457159E+00
 0.141445659944536128E+01
 0.117009103698053618E+01
 0.142967003676513582E+01
 0.705899821979694475E+00
 0.611373907586143406E+00
 0.577732647019366330E+00
 0.403690092001127820E+00
 0.255292145280003824E+00
 0.531463334829119227E+00
 0.365356023787319351E+00
 0.435416254723477947E+00
 0.346859084097850101E+00
 0.215192920330319448E+00
 0.291048058968269685E+00
 0.260420947127965763E+00
 0.254893391930293645E+00
 0.319401639858753805E+00
 0.284870429139084225E+00
 0.271631864621007524E+00
 0.295760656981751968E+00
 0.306429506869445867E+00
 0.310175190213428098E+00
 0.261773241802347345E+00
 0.336963475764065656E+00
 0.433527380308792398E+00
 0.399268120264993864E+00
 0.364552797108261106E+00
 0.554974680362090966E+00
 0.590305364022251422E+00
 0.607823336374056722E+00
 0.579994027970255899E+00
 0.112406776004554154E+01
 0.117632009078904742E+01
 0.117800284705074976E+01
 0.108458377886058344E+01
 0.270888708272952705E+01
 0.295331965831868448E+01
 0.294221318628496320E+01
 0.196564912739284181E+01
 0.120655429276470461E+01
 0.203467131278274538E+01
 0.180598861753599960E+01
 0.265025223578994451E+01
 0.121794292593656639E+01
 0.731123609732334118E-01
 0.829955364755804559E+00
 0.474244163539155106E+00
 0.223615795135363254E+00
 0.506417679828375711E+00
 0.391340881101653604E+00
 0.196921117819232827E+00
 0.111607912031637738E+00
 0.329666379466699078E+00
 0.221798144942843473E+00
 0.217435420163732074E+00
 0.156709789795857368E+00
 0.968999763913409584E-01
 0.159854087457006161E+00
 0.179514379743933555E+00
 0.151790558480821791E+00
 0.103024406830275320E+00
 0.135166560167228472E+00
 0.121824129550193158E+00
 0.122747393712830402E+00
 0.107510876671162214E+00
 0.136190942130392290E+00
 0.103495290788840719E+00
 0.118142257371554038E+00
 0.184067474747904275E+00
 0.155465096181729906E+00
 0.141641089471423454E+00
 0.200284413149420776E+00
 0.203875735374427880E+00
 0.219831940506628687E+00
 0.192033052342830579E+00
 0.354935941674569433E+00
 0.412593971107162727E+00
 0.406316807767916677E+00
 0.254987266516803812E+00
 0.577301367761682838E+00
 0.917165591634619637E+00
 0.919917500482405059E+00
 0.000000000000000000E+00
