     33 -    30 -    30 -     1 
rmse=  19.1378meV
 -0.183769567007608     
  0.248073308114418     
  0.143411412994731     
  3.176853034744747E-002
 -0.250037098479263     
 -0.308043857783229     
  1.335187055992834E-002
  0.118350654972618     
  0.123986144013941     
  2.282405576763656E-002
 -0.287985420703934     
  0.395940568999215     
  0.538849235956747     
 -7.062656838893561E-002
 -0.306853346988259     
 -0.214338397340706     
  0.171752112006861     
  0.437064908719526     
 -8.240710967947872E-002
 -0.118116642677250     
  0.101283368760880     
  0.204952570003850     
 -0.422758127600040     
 -3.139829758007720E-002
  0.334853088041408     
  0.207375834955417     
 -0.176947443010972     
 -2.609704702441411E-003
  0.297209104583283     
  4.817433982479818E-002
  1.887660103397001E-002
  0.163780676479178     
  0.144183884368763     
 -7.402391494811006E-002
 -3.343795947517719E-002
  0.735413894548381     
 -0.519949473935220     
 -0.111910194911064     
 -0.374390105388080     
  0.144446048633261     
  8.816238416570923E-002
 -3.676446146929736E-002
  3.183264504157907E-002
 -0.153318080455427     
  9.099583062522412E-002
  0.150608040097180     
 -0.389641122380125     
  9.049425594700175E-002
  6.494713332078500E-002
 -0.143146842366533     
 -1.913768188478262E-002
  9.548154175819355E-003
 -0.106555865064801     
  0.431732006908151     
 -7.769100857221711E-002
 -0.295851631471974     
  0.294088382506832     
  2.165697136658423E-002
  6.286106205642114E-002
 -2.115115579949968E-002
 -1.480397499051570E-002
  0.205073958246521     
  0.222405697522867     
 -0.148558544738157     
 -0.366991741743508     
  4.815797850744880E-002
 -0.248704844621532     
 -0.751126655931823     
  0.395517514597878     
  4.664434346079016E-002
  0.296682175466896     
  0.115138837626477     
 -0.189446578405876     
 -3.654765034880382E-002
 -0.431166261716208     
  9.349337469855111E-002
  0.148221440478553     
  0.119292299659731     
  0.323298489250147     
 -0.396744391100393     
  3.147737809196655E-002
  5.442788649459877E-002
  4.355350415892556E-002
  7.523667577833226E-002
 -0.238029229501961     
 -0.166389753554395     
  0.125807760837859     
  0.366203411924898     
 -0.217523606202256     
 -5.644624028881609E-002
 -0.158220507358229     
  0.172284697348024     
  0.291129147919380     
 -9.757164156407364E-002
 -3.457494700756297E-002
  5.623469014427199E-002
  0.128654084816193     
  0.136674499573460     
 -0.425334475993004     
 -1.329804155612417E-002
  3.385401672544611E-002
  0.112758198113032     
  0.244991429626024     
  9.545729092735876E-002
  0.508742158541498     
  0.387846618124378     
  3.235042768287583E-002
  7.793587308867644E-002
 -0.159775293980742     
  4.305135305967862E-003
  9.721398968801799E-002
 -0.131534149051276     
  0.266847662077347     
 -2.839284923755253E-002
 -2.344707921087549E-002
  4.300928184108804E-002
  2.617055279027573E-002
  0.300726468457028     
  0.144185374180518     
 -8.020332152260617E-002
 -0.164499399747250     
 -8.542974637737982E-003
  0.396825481394688     
  0.187982951780053     
  0.102388482095709     
 -0.248519642032600     
  0.178805909984716     
  9.824992890793775E-002
  0.210428253373223     
 -0.322845824621347     
 -0.117254343797913     
  3.568131855307313E-002
 -0.112061366640404     
  0.142629593955316     
 -6.560263358593413E-002
  0.165236016777883     
  0.257576955495778     
 -1.786130522051071E-002
 -8.920317801069461E-002
 -0.142863474649074     
 -6.595199223958838E-002
 -8.654325553769510E-002
  1.993291723982580E-002
 -0.233526567353641     
 -5.397590497898045E-002
 -5.900996990999776E-002
  8.777418104630924E-002
 -0.186688433857112     
  6.990859796905671E-002
 -0.247253501749456     
  0.205406751332239     
  6.194372430404101E-002
  6.196861741949328E-002
 -8.941690671367764E-002
 -0.155511680838209     
 -0.257979260625125     
  0.153610567570969     
 -5.662285570982935E-004
 -0.455263494902715     
 -0.291484473364053     
 -0.286692977872640     
  8.176060638780573E-002
 -8.923853239163617E-003
 -0.109016806943630     
  0.194057657371870     
  0.304726709664299     
 -0.239714090054416     
 -0.453690961359719     
  0.225045500342999     
  2.547254472695035E-002
 -5.977692328190572E-002
 -0.110146659729291     
 -9.308935874723359E-002
  0.105980216441978     
  8.453871862576894E-002
  0.123777725732109     
  0.518895307047290     
 -0.388903749964074     
 -3.606613347418404E-002
 -0.460265115332344     
 -1.996440483548194E-002
  0.322047596984008     
 -0.107046588767787     
 -0.278510176232344     
  0.181655234885131     
  3.256846133057859E-002
 -4.256944244128581E-002
 -3.194388410752496E-002
 -3.115574274788176E-002
  0.511958182704146     
 -0.239196328615064     
  0.116147031438700     
 -9.711339899873181E-002
 -0.173414753873012     
 -7.553375550948863E-002
 -6.075495147673929E-002
  0.102129412583389     
 -3.648930637035816E-002
  0.135194948884658     
  0.211791434041982     
  0.256434758393292     
 -0.486990328961795     
 -0.247256213460297     
  0.199686052190996     
 -5.479992583234045E-003
  0.355164050207824     
 -1.404063276054548E-002
  0.173087568947007     
 -0.138110401843899     
  0.216470263941590     
  0.162703747491434     
  8.886484380341984E-003
 -1.865437649034445E-002
  1.515100754866613E-002
  0.181518926212102     
  0.121647085413762     
 -0.262893531276922     
 -0.221043415088827     
 -0.102374811853253     
  6.675924469854576E-002
  0.389528376335569     
 -0.416375384107818     
 -3.389871205085641E-002
  9.374331611422521E-002
 -2.671547963650856E-002
 -5.668233989907064E-002
  0.132595152776163     
  3.561638083451811E-002
  0.140131923727941     
  0.169300899434428     
 -0.145950783608220     
  1.628084924802047E-002
 -0.561628796522215     
  0.114708334425199     
  0.201589518049857     
 -0.128177659402376     
  8.138056012725613E-003
  0.146889949514573     
  2.741969939054410E-002
  0.281021537118333     
  0.248869332812528     
 -8.025259102233119E-002
  2.882120390501944E-002
  4.009608839014880E-002
 -8.157614985777410E-002
 -0.308185395108414     
 -1.860536496950278E-002
 -9.594710647239144E-002
  0.189448271248069     
  0.293292811255721     
  0.108974753859123     
 -0.189487161152823     
 -0.221294135008461     
 -0.152934442296454     
 -0.346287787314750     
  0.249928220307693     
 -0.131379178297503     
  0.369539308669244     
  4.518855132567639E-002
  0.186503916607868     
  6.605134478242276E-002
 -0.241815834063917     
 -1.147495629516791E-003
  6.861978471619280E-002
  8.458155003119003E-002
 -0.325279788333524     
 -0.137212794548307     
 -7.751289575045521E-002
  0.170688701133635     
 -6.790594233897958E-002
 -0.180962044464870     
 -2.228738052199689E-002
 -0.152600036286352     
 -0.321399252112781     
  5.243372074225711E-002
 -0.119239519523634     
  0.141380729003003     
 -3.500992026000421E-002
  2.192856013541415E-002
 -5.844542837274380E-002
  2.650643547025973E-002
  1.322098993546706E-002
  0.112946639610627     
 -9.561374813676900E-002
 -8.112568253940326E-002
  8.561954761083228E-002
 -8.254409977715549E-002
 -0.368047641151575     
 -0.142260895517692     
 -6.970456625327769E-002
 -2.017621859575637E-002
  0.204493586849491     
 -0.234202681183244     
  8.067909449267194E-002
 -0.187588308400073     
 -0.344047640942535     
 -0.313557352836255     
  0.243604509173200     
 -0.522145416110711     
  0.244863874547624     
  7.398535249618168E-002
  0.128795627052561     
 -0.181146571500791     
 -5.789107742711033E-002
 -0.123341600894239     
 -7.705927474027963E-002
  0.198903006655540     
  0.197792704978221     
  1.488367128567304E-002
 -0.250118932936697     
  1.689385318370056E-002
 -0.112350903084331     
  0.586611738101500     
  0.252078710128224     
 -5.854702109865426E-002
 -0.100758273358607     
 -0.314931272732128     
  4.564777777616016E-002
  0.202325402064012     
  7.971415352729626E-002
 -5.130507509594691E-003
  0.139835576319846     
 -0.369570437910690     
  0.142155122687511     
 -0.102213094482475     
  0.123784239133985     
 -0.192117192111672     
  0.101038060926110     
  6.847176016010900E-002
  1.148953703389521E-002
 -1.787293731050959E-002
 -0.216212337351066     
 -0.352626278033669     
 -0.661518986448137     
 -0.256499137550875     
  8.572828543770494E-002
 -0.142595172623281     
 -0.196519668612508     
 -4.425089230310078E-002
  0.201338378893774     
  2.240638416187549E-002
  5.972653095976396E-002
  6.181659201942782E-002
 -0.236678786951379     
 -0.157612416381013     
  7.393749499301060E-002
  0.108038198212774     
  2.193999512892049E-002
 -0.303317302081197     
 -0.146071948241416     
  0.236184324119383     
  0.212525123686770     
  0.192118020036035     
  6.539318382995277E-002
 -1.716432065294623E-002
  0.201835788366623     
  0.258388956979350     
  9.738185393517335E-002
 -0.347392547304277     
  7.635485682360251E-003
  9.377932337930350E-002
 -3.598532596251255E-002
 -0.329057053179367     
  0.464796544648251     
 -0.383750043811442     
 -0.604426482573086     
  0.346674890328445     
  0.241426066182817     
 -0.167822610871252     
  5.116299344497361E-002
 -0.330138975704203     
  0.169559492926337     
 -0.221819736111276     
  4.971385642670159E-002
  0.256662569079559     
  0.218670306956495     
  9.487459645415959E-002
 -0.227718751248825     
 -0.148444422651316     
 -0.176298131658841     
  2.078485295102783E-002
  3.961959022355165E-002
  0.327708497592245     
 -0.380775839102673     
 -6.159459573824284E-002
 -2.808955586308830E-002
  1.506098297267551E-002
  0.451689084508614     
 -0.148146522062068     
 -0.154890260944681     
 -0.135358369597953     
  0.435801607415235     
 -0.149486332926007     
 -0.157732081617087     
  0.109314375104972     
  0.319432659313661     
 -2.914883724357690E-002
  0.340731818255562     
 -0.690780576056225     
  0.310422619963565     
  7.482424972654150E-002
  0.186737757054518     
 -0.198003503354547     
 -2.771949359720807E-002
 -0.113500389130079     
 -0.454758166704063     
  0.102268732074410     
 -3.199513357543458E-003
  0.212129554429103     
 -0.425228004290214     
  4.130278474052311E-003
  7.493263140898433E-002
  7.870912412983205E-002
  1.759101581183386E-002
 -0.308421779389172     
  0.223224928574527     
  6.831558147101612E-002
 -0.711731252341802     
  4.468487214639611E-002
  1.773589859366476E-002
 -3.636344116943594E-002
  0.100246150430638     
 -8.450520930189814E-002
 -0.181420207892601     
  0.546045961302860     
  0.304112721959293     
 -0.149044456230998     
  0.145215393325610     
  0.135811494246706     
 -0.301978338101634     
  0.100868565936315     
  5.266440713336904E-002
  0.294369985355948     
  0.239277039144040     
 -0.195595763873932     
 -0.108765133413598     
 -0.155043054464726     
 -0.279071684109591     
  1.457386195338756E-002
  6.284820290288868E-003
  0.590064272300121     
 -0.617153929995575     
 -9.883606267270376E-002
  0.440741866547394     
  0.174000452073562     
 -3.771014428797242E-002
 -0.108922155463515     
  0.236242567743887     
  7.914587206822601E-002
 -0.117391177810086     
 -0.248238412426734     
  0.565631407777184     
  0.374360973143209     
  0.164784309316610     
 -0.327498959457446     
 -0.194587366407989     
  0.160598071952727     
 -7.091129103704197E-002
 -0.125212048852050     
 -6.131688704171030E-002
  0.292266000643868     
  5.071261663203069E-002
  0.355986721525090     
 -5.545294348017021E-002
  0.197417738043886     
  0.437594087943881     
  0.220718552421688     
  0.282342009553552     
  0.374654413884936     
  7.330867642121013E-002
 -4.778653292157999E-002
 -3.411677581397344E-002
  0.126310907026684     
  5.263573402365132E-002
 -0.137018535293167     
 -5.519839534740142E-002
 -1.942816812772691E-002
  0.266727042124895     
  0.160873195821259     
  5.676849425541045E-002
 -0.197515881579544     
  0.216323542733699     
 -7.093605590353973E-002
  0.273648203304939     
  0.111907100604948     
  0.272289784292363     
  0.110392450805437     
  0.451910593479069     
  0.102951438726916     
  0.191478921486385     
  0.311336948290952     
  0.225539623096474     
 -5.207730083006572E-002
  5.974652727409016E-002
  0.331583035368477     
 -1.271751529284376E-002
  0.152707318597839     
  4.109761997338583E-002
 -0.328972029869488     
 -8.808064487847278E-002
 -0.215563610460727     
 -2.026366659836239E-002
 -1.515957092409514E-002
  0.102315296181767     
 -0.139749644520200     
 -0.196549391135343     
 -0.316202242810089     
 -0.365843406347572     
 -0.179861544540583     
  0.142864703556079     
  0.371695532738978     
 -2.214177093804021E-002
 -1.270730453150288E-002
 -0.147259339120159     
 -0.265266303101995     
 -0.116010853963617     
 -1.901839243907122E-002
  2.889636887803982E-002
  0.179141291048937     
  0.260531086273696     
  3.749949062395543E-002
 -0.266412873022380     
  6.924075602689023E-002
  1.507680708218483E-002
  2.477615228257024E-002
  2.303036998061817E-002
 -0.280048322902286     
  0.228819704007577     
 -5.027634616184878E-002
 -6.674221144707432E-002
  0.339076416871892     
 -0.377151012081029     
 -2.541419257661225E-002
  0.146369580098655     
  4.322651090465780E-002
 -8.912312326532096E-002
 -7.310821311130622E-002
  9.886054490331950E-002
 -0.139216836052828     
  2.126602083811998E-002
  0.164802655929454     
 -0.305079893933103     
 -0.117856250015887     
 -0.192975052442312     
 -0.419535352584944     
 -0.233807625991453     
  0.213336693970731     
 -0.117562427680919     
  0.393163597790259     
  0.164197354260265     
 -8.057353995673486E-002
  0.233077282121623     
  8.911966329533372E-002
  0.227984363632658     
  0.450674032046121     
  0.173882120997197     
 -8.675791459611469E-002
  0.246350845827942     
  0.189102374219636     
 -0.133987746908635     
 -0.396209404598279     
  0.549203326896209     
 -0.175797308486704     
 -0.432581389784374     
 -4.460900225873558E-002
 -0.165611542412456     
 -1.934998049714547E-002
  3.645027991282963E-002
 -0.149674175888704     
 -0.222625935249545     
 -0.357805230091804     
 -0.106237965926391     
  5.069831905945767E-002
  0.102217170632051     
  7.608574703649360E-002
  0.393274967766637     
  9.092802281095151E-002
 -4.135536784425944E-002
 -0.234066494630639     
 -0.126660565112977     
  0.169021428259483     
  4.616856316024214E-002
  0.217033051912615     
 -0.103606066269947     
 -4.547446115325424E-002
  0.128158718585243     
 -1.778288950117387E-002
 -3.998708480458795E-002
 -5.783586427904126E-002
  0.501526098060020     
  5.092948252259595E-002
  2.868290178241063E-002
  0.234011388911468     
 -0.241532472368830     
 -4.137362946570943E-002
  0.442547021461209     
 -0.344755771520585     
 -0.347814142756483     
 -0.198676193726187     
  7.812408713394565E-002
  7.231868260169068E-002
 -4.833210492109801E-002
  5.118979079699031E-002
  2.881154536579716E-002
 -0.276410816073966     
  0.147542794606325     
  7.246843281304572E-003
  0.630536897026619     
  0.363774602711550     
 -0.253849432089009     
 -0.329436100485617     
  0.118556927742072     
 -0.106932785227540     
 -3.547783292098006E-002
 -2.668504156913221E-002
  0.129087697917117     
 -0.522607818647652     
 -0.415995171913526     
  0.594396461772770     
  0.236687446570646     
 -0.222002422755798     
  2.094589175978997E-002
  3.662403288114996E-002
  0.165093045529293     
 -0.288733540417716     
  0.133993913855756     
 -9.620614533730153E-003
 -0.670058463205129     
 -0.187077205546881     
  2.951901109100333E-002
  7.697720174151718E-002
  9.710645123685110E-002
  0.413928564061446     
 -2.212442468549102E-002
 -2.786139962524611E-002
  2.415803578443824E-002
 -8.341749379725651E-002
 -6.147176407943909E-002
  0.703015159620986     
  0.420825110652705     
  8.426440004712972E-003
  0.201643859290342     
  0.594636986225494     
  0.377893881876694     
  0.515301218759366     
  0.309623419230599     
  9.979406428301243E-002
  4.577343699502789E-002
  0.330242425979982     
 -0.354827365848502     
 -0.104736375919808     
  0.246006312539991     
  0.321036173987354     
  0.411585846512443     
  0.638246645247951     
  6.316005723868713E-002
 -0.383047319946187     
 -0.621002350965432     
 -0.187525116817809     
  0.104147369807163     
  0.100139785983596     
 -0.135508671621911     
  3.415185961015403E-002
 -0.119771904683301     
  0.139914586406260     
 -0.305221316894186     
 -5.013368003036073E-002
  9.483688620688491E-002
  9.575552508159481E-002
  0.239805684177736     
  5.748118065014962E-002
 -0.210072645955005     
 -0.133742631506554     
 -0.104103962626881     
 -4.160665003377169E-002
  0.120647287343886     
 -0.158743211630166     
  1.249732961522938E-002
 -0.115494185644431     
 -0.278294035658220     
 -0.253580703958250     
  0.150465890242475     
  0.148473084018108     
  0.144038741702700     
 -0.385299538693947     
  7.942221343358376E-002
 -8.169843621069392E-002
  0.310541413597338     
 -0.316532711274078     
  0.135805232601167     
  4.385908035339591E-003
 -0.213274890529748     
 -3.342959759729556E-002
 -2.913464539471033E-002
  0.102722408804915     
 -0.121792748509481     
  0.160385097731405     
 -0.436887448847287     
 -1.990047675321785E-002
 -4.810880802929215E-002
 -0.198160125900261     
  7.789345970402022E-002
  0.168588525948434     
  8.628429234135541E-002
 -6.894242616423195E-002
 -0.584540187645798     
 -0.427602276084280     
 -0.205628837398292     
  7.921427956624751E-002
 -0.146385214399836     
 -0.305643717406709     
  1.310614710181429E-002
  0.248435275296186     
 -2.589233835820757E-002
  1.105203821805662E-002
 -0.265197760942338     
  9.635517982065853E-002
  0.125364693038921     
  0.446469381393613     
 -1.599407239639777E-002
 -1.221965689821005E-002
  0.277026366997197     
  0.459945122323081     
 -0.230678519375347     
 -0.105232627179954     
 -0.148213027961614     
 -0.289694753025317     
 -0.328979423201917     
  4.854342995654219E-002
 -9.543666545100253E-002
 -1.652689435438156E-002
 -0.105071289782055     
 -3.502982209990359E-002
 -0.109354358510377     
  0.107887639664536     
  0.302282762336712     
 -0.164654732710363     
  0.320764306685894     
 -9.111839696607643E-002
  0.258651206185783     
  0.442635859097206     
 -0.140297388777070     
  4.163194103546065E-002
  0.397066518392164     
 -1.776311114123261E-002
 -0.461537180685073     
  6.497264767531606E-002
  0.193635631257626     
 -0.127967247357031     
  9.926952052811351E-002
  0.464177445909574     
  4.212120593488605E-002
  0.128303725824637     
 -0.210888635229905     
  0.167854277309855     
 -0.167693242953944     
 -0.110320060777727     
  3.911842507185204E-002
 -0.288465089803137     
  0.418997785430818     
 -0.652004469290067     
 -0.275643057533467     
 -0.116331163713952     
 -0.100056052616202     
 -0.299820077042732     
  5.842620594118685E-002
 -1.300260108294614E-002
  2.224726998408677E-002
 -7.232997341055174E-002
 -0.153900030072396     
  0.140032398591002     
 -0.271672333639709     
  0.210527542123568     
 -0.194545647545136     
 -0.187666025001041     
  2.396202899369904E-002
 -0.217184693635149     
 -6.274726583051392E-002
  1.547291307541867E-003
 -0.134845266009749     
 -0.434062005696226     
  0.466768553770456     
 -0.257325599823093     
 -5.727842475185560E-002
 -5.778102880471268E-002
  0.102658458611923     
  0.232971104518276     
  3.847850403941810E-002
 -5.418671664803445E-002
  1.202372417902544E-002
  0.170625351340802     
  0.217969161587806     
  5.848919759013439E-002
 -0.197690788697800     
  0.292940095569200     
 -0.165812391057661     
 -0.100235275931726     
 -2.600320140459206E-002
  0.134990228579551     
 -8.386223069012695E-002
 -4.167670715050046E-002
  6.276403251085791E-002
 -0.119566497208560     
  0.249547698030962     
 -0.313287239173131     
 -8.024525342412361E-002
  0.498045390904080     
 -0.244081033349229     
 -2.689724998857293E-002
  0.219433624586449     
 -0.276604475101593     
 -0.489638969424997     
 -0.265915578643045     
 -0.122422252194839     
 -1.714698333459803E-002
  0.236963586351096     
 -0.232662358000524     
  0.319938830723638     
  0.274909000131185     
  0.112713528754515     
  0.126046328075188     
 -0.245710460142798     
 -0.123321771774264     
  1.302317437636203E-002
  0.282222903519788     
 -0.287621757681557     
  0.326840765092122     
  0.177757852095259     
 -5.036096023487400E-002
  2.522693788225592E-002
 -8.847930044543129E-002
  0.217672778871178     
  2.450916704479551E-003
 -5.256858786156023E-002
  0.338829173669981     
  0.219901245429124     
 -0.441605406870948     
  0.187865362172849     
 -0.190679457697783     
 -1.738065599938454E-003
 -5.372793458368393E-002
 -5.745618638316986E-002
 -0.217896831362019     
  4.515587497468224E-002
 -0.338621814221636     
  4.399472579075407E-002
 -0.189869442333809     
 -0.287007751460548     
 -3.659061658496841E-002
  3.714181807511763E-004
  0.512257616599463     
  9.181162946020181E-002
  1.193911535405286E-002
  6.649623634911606E-002
  0.361006174610124     
  0.335755941761529     
  0.331428850540837     
 -2.644207558052491E-002
  0.176575541262337     
 -0.126093805443973     
 -0.339825784086407     
 -0.241946426254623     
  0.251333878383651     
  9.451460632681111E-002
 -0.216582398086022     
  0.184325677549696     
 -0.193968824367882     
  9.234754256798856E-002
  0.167928582234371     
  0.332872243228086     
 -0.197283999532545     
 -0.147412204518768     
 -0.428912638251790     
  0.198544338644522     
 -0.150578712979411     
 -0.103180644955325     
  0.206872545460965     
  0.161232279665068     
  0.192286294749676     
 -0.107929647165972     
 -0.155329755924876     
 -0.278779192150739     
 -0.136067987821132     
  0.121130023480107     
  7.920113425848434E-002
 -0.347783204989616     
 -6.664146344273238E-002
 -2.068771951572945E-003
 -0.159723562057654     
  8.774396449099919E-002
 -0.379415039874094     
 -0.240862386439636     
 -0.266217811855254     
 -0.518208057691863     
 -0.794362900061102     
 -0.509968328502071     
 -0.565858387754857     
 -0.195861067588223     
  6.701912336925447E-002
  8.811624447955188E-002
 -3.320301531152128E-002
 -0.389262760917491     
 -6.726407337232135E-002
  0.208117778881562     
  9.762537761968532E-002
  0.445142250534433     
 -0.207775134895954     
 -0.169276272011866     
  0.338598187737905     
 -7.825780846244967E-002
 -0.266799819810686     
 -0.349685094767006     
  6.293420800153909E-002
 -0.163775187003422     
 -0.344897761059361     
 -0.120080077049770     
 -0.216478160214485     
  0.510739344108828     
  0.191657309370145     
 -1.481945402189278E-002
  0.144488863992634     
  0.275704526932639     
 -5.547152324820675E-002
  1.943964521128832E-003
 -0.126859417220745     
 -0.109461991776300     
 -0.169893849873386     
 -0.224931502149295     
 -4.189916384972005E-002
 -0.394254782042748     
 -0.280618289824716     
  0.107490852769776     
  0.232922918106181     
  4.513319018065461E-002
 -0.449599632541568     
  1.682071023558978E-002
 -0.141069818429754     
  0.624755086828428     
  0.307670430935317     
  0.333956384497552     
 -0.365475139552789     
 -7.374748112159635E-002
  0.105141184281244     
  2.611023476175038E-002
 -7.391431470115095E-002
 -4.467540046230446E-002
  1.757687278282521E-002
 -5.495921249961200E-002
 -0.384507213182668     
 -3.295710035853706E-004
  0.137878600850083     
  0.186189213791957     
  7.433648537369258E-002
 -0.152648767071179     
 -2.467599357873981E-002
  0.105959602282493     
 -4.130994982129942E-002
 -0.256498565416624     
 -1.023475303327147E-002
 -3.587936442482687E-002
 -0.162016092058108     
 -0.410463616380399     
 -0.261092821664838     
  0.185685720085328     
  0.161443706140464     
  0.352856247325232     
 -0.299095514706018     
 -0.314871347252049     
 -0.594251238864705     
  0.169283563758541     
 -0.303973257453492     
 -3.278550224787011E-002
  1.005719165306840E-002
 -8.914973527983112E-002
 -0.173471359644598     
  3.903315752509228E-002
 -0.123559874302396     
  8.150234040632877E-002
  0.106675515193618     
  1.986050087568225E-002
  0.284102069673089     
  4.900896669490781E-002
  2.951236070251845E-002
  9.211731767778900E-002
 -0.188932510581036     
  0.331930158946716     
 -8.016246809766833E-002
 -0.108867377560547     
 -0.118062729913307     
  0.107040913419118     
 
  0.435195937724926     
 -0.205583235897073     
 -0.400001291083911     
  0.513270255558505     
 -8.730299850017681E-002
  1.006370333041258E-002
 -0.155975721824266     
  0.117543960065688     
 -0.394367882627752     
  0.333742890854056     
 -0.234915212207149     
 -0.101423510719269     
  7.700672285707331E-002
 -0.221504759046304     
  0.151530329098292     
 -0.390585857347445     
 -0.186383127547938     
  2.496088856261867E-002
 -0.510008564271061     
  4.827596888807829E-002
 -0.139801649636299     
 -0.249163209890155     
  3.523649929060834E-002
 -6.071420582522655E-002
  0.165769710083729     
  3.152126073161855E-002
 -0.208959973670807     
 -0.592315490872663     
 -1.544510982184691E-002
 -0.215450022496094     
 
  3.635857173948963E-002
  0.207581181880962     
  0.122437460661547     
 -0.192817690946742     
 -0.160369417282624     
  0.330778927429155     
  9.328227927358461E-002
  0.107114202877245     
 -6.678678252398230E-002
  1.485735065511709E-002
  6.354737477442239E-002
  0.251690141497762     
  4.662627264490040E-002
 -0.298870254656343     
  3.165872841054452E-002
 -9.848941760351478E-002
  1.562047690461499E-002
 -9.430961485232883E-002
 -0.176277901805312     
 -0.175798114284862     
  0.292746817319025     
 -0.217953036091394     
 -0.272617873207155     
 -0.186390787509869     
 -0.224721807536642     
  0.125017196118990     
  5.060899284825776E-002
  0.268670498013673     
 -0.119776098408259     
 -0.145857548762467     
  0.113228038019250     
  0.146804271650843     
 -0.210479195837551     
 -2.635166483265059E-004
 -0.163243148713309     
 -0.135401667538761     
 -0.232498426651245     
  1.672209047840110E-002
  0.146991751005868     
 -0.397588666555781     
  0.264160973373550     
 -5.156587711492868E-003
 -1.073718554435604E-002
  6.130419668128124E-002
 -0.184935691735767     
 -0.538782393472427     
  1.936826114041619E-002
 -7.710691721901335E-002
 -8.267766874205083E-002
 -9.686165120091296E-002
  0.143229109620560     
  0.166427370499994     
 -0.225164693000639     
 -0.113370716561645     
 -0.116942524478530     
  0.196809360962331     
  1.728544530670735E-002
  0.152435413383354     
 -0.124061960600724     
  0.289941459741391     
 -0.311870830551843     
 -0.135655130144102     
 -6.848453291857888E-002
  4.163627601974523E-002
  0.445263055185809     
 -0.235725736223584     
  0.135577998221669     
  0.330925428114132     
  0.194528183002754     
 -0.228008840689387     
  5.171150420369532E-003
 -0.273040499561395     
 -0.249585594848530     
  1.972609637633922E-002
  0.365656079059812     
  0.175184248432458     
 -0.489594319043074     
  0.142108484670844     
 -0.123624622756120     
  6.295483534399747E-002
  6.283379933489799E-002
  2.596484934265448E-002
 -0.273328365906212     
  0.160233606975675     
 -0.378261675572938     
 -0.194930946517957     
  0.232916280648630     
  0.174797181016995     
  0.342964527601904     
  1.614521344830469E-002
  0.216842219343972     
  0.264482285816300     
  0.306022595062239     
  5.146781932464689E-002
  0.183780941908147     
  9.517439115413436E-002
  0.154045253519037     
 -7.662361527670049E-002
  0.379743807532751     
  1.841132594533425E-002
  6.644898584362194E-002
 -0.143004617444656     
  8.134075546820471E-002
  0.497254535499601     
 -7.490103353042078E-002
  0.385246635867323     
 -2.009052415800990E-002
  0.143809148679601     
  6.718891915696333E-002
  0.141162416876001     
  0.236675091957029     
 -0.190151043578438     
 -0.140208599525729     
 -9.397706457505645E-002
 -2.406315990113070E-002
 -0.111067227445537     
  0.260218945325579     
 -0.217013909440944     
  0.161737850784297     
 -6.719471598768464E-002
  0.166987048366989     
 -0.128822785103375     
 -8.240228282269998E-002
  0.299041034719713     
 -0.291447875257764     
 -2.566097778803990E-003
 -4.697594407415354E-002
 -6.652409488157761E-002
 -2.638674722944750E-003
  0.196316957604358     
  8.416530993414195E-002
  3.497378104505761E-002
 -0.303277985040799     
 -4.108820552437786E-002
  6.970731440532646E-002
 -0.125666650531155     
 -0.244691206514197     
  0.313170402987419     
 -0.320498650630700     
 -0.179565016483472     
 -7.880924962958222E-002
  0.174463410246321     
 -3.967517219521936E-002
 -3.122463933236381E-002
 -6.623536415135156E-003
  0.388424632189407     
 -0.211318224503893     
 -0.157882009830529     
  0.312122004517414     
 -0.166902406351637     
  0.207992134072853     
 -0.506165460684715     
  0.148102925498412     
  9.617289192187090E-003
  0.281092386741612     
  0.135417088883499     
 -0.166215280253318     
 -4.167644592326285E-002
  2.553304965203717E-002
 -0.371639184082609     
  0.142196231379314     
 -9.890580921220328E-002
  0.285239576909163     
  4.452418687063708E-002
  0.139757316364756     
 -0.318389465146866     
 -6.203720855636581E-002
  0.157976816272697     
 -0.193834764110648     
 -0.145370314388820     
  0.283374361115026     
 -0.165376803838424     
 -0.177242585724911     
 -2.688853002731494E-003
  0.353278333772266     
  2.960475076350180E-002
  4.562674762754432E-002
 -8.856543419819576E-002
  1.045972121544452E-002
 -9.679424132445408E-002
  1.135270778378784E-002
 -4.079117548395024E-002
  0.198437931230592     
 -1.741354413893013E-002
 -0.238727122942620     
  3.370801934618731E-002
 -8.921987307342737E-002
 -0.147906786782370     
  0.180450905179129     
 -5.891808562031000E-002
  0.162145647017098     
 -0.143695570597173     
 -2.348774587488230E-002
 -0.155009216923771     
  0.137979568502999     
  0.201653980607683     
 -0.206371575615540     
  7.529169353071748E-002
 -0.210338477738058     
 -0.130275993171704     
 -0.187700248801721     
 -0.286752309621960     
 -7.701657929782020E-002
  0.476367056914181     
  0.332196424637086     
  0.190781674260365     
 -0.157805859343411     
 -0.155576535296693     
  0.233223255654015     
 -0.120985641229750     
 -0.361644311344999     
  0.104644612321319     
 -0.466271623228027     
  0.210031538430686     
 -0.320946900059953     
  0.102140100281675     
  0.145168967283412     
 -0.115960017631414     
  0.122171755152897     
 -0.116883278740253     
 -0.230211077929304     
 -0.560390302515060     
 -0.432220808310758     
  0.560439151902058     
 -0.137724522562441     
  0.513781117505954     
 -3.610675912335132E-002
  0.162264767566599     
 -0.161925858770175     
 -0.248932786765338     
  0.194308928897126     
  0.107153696160653     
 -0.376733055148310     
 -0.178908884048736     
  7.640783660575402E-002
  8.436650801398168E-002
  0.201902631840573     
 -9.573708324937873E-002
  0.382937802667958     
 -8.618020998011891E-002
  0.319015834561908     
  1.423228186226528E-002
 -0.227126678864192     
 -0.174102993279983     
 -5.552220332323531E-002
 -1.348451487262882E-002
 -0.253507400378502     
  0.424694495455771     
 -0.175502177821600     
  0.432939192770435     
 -0.433993874875669     
  0.209886922029594     
  0.161463152369342     
 -0.245426390655646     
  0.138800537236147     
  0.117338322035516     
  0.341003792406795     
 -0.371480642947941     
 -0.259403715760026     
  4.600841872777856E-002
  1.491573075790336E-002
 -0.106610996532825     
  0.315791639378683     
  1.577421993058232E-002
  0.357325905130358     
  2.608278485101548E-002
  5.230270070267046E-002
 -7.573528385916187E-002
  0.507347544670117     
 -0.415875259483442     
 -1.066716183586425E-002
 -4.092768737093069E-003
  0.363401635522866     
 -0.130151487856173     
  0.269219992597309     
  0.194442627273137     
 -6.235853981690036E-002
  0.220838306944671     
 -2.626217969480805E-002
  0.131611834705609     
  2.512944812015522E-002
  0.180097103052804     
  8.132504335531589E-002
  5.667004673463609E-002
 -0.116357518992581     
 -3.092419845408521E-002
 -0.157598731749446     
  3.604649361091491E-002
  0.621985263224726     
 -4.941647844615328E-002
 -0.105087709983782     
 -0.401881548052169     
  9.841962325546685E-002
  8.411053822089440E-002
  0.194991403950726     
 -0.216146166742544     
 -2.103156482124661E-002
 -0.244024611928482     
 -4.951192216273555E-003
  2.639499245329641E-002
  1.358043992838727E-002
 -2.931987326144737E-002
 -3.694936431102540E-002
  0.260225245347824     
 -8.971752956205523E-002
 -0.113399470478473     
 -0.209771265324803     
  6.460547855028076E-002
 -7.039974337219464E-002
  2.776352459681025E-002
 -0.210327900583489     
 -0.179073582250646     
  8.221813650824768E-004
 -0.206497778455011     
  0.317319476950838     
  0.101806164917315     
  0.201147639602468     
 -4.691448522581158E-002
  0.118973080344980     
  0.128546799537627     
 -0.157258770072362     
  0.133088291635703     
 -0.202002301832001     
  0.418866259815357     
 -3.105805455110667E-002
  8.952884101619120E-002
 -5.861143049562501E-002
 -7.186274510226744E-002
  0.171718497051847     
  0.245594679348165     
  0.217835314969455     
  0.117312460546209     
  7.346047199662795E-002
  0.128809567282039     
  0.186212504400420     
 -8.237986563181646E-002
  0.123776812583076     
 -6.362299500697620E-002
 -7.005124091471537E-002
 -0.234708464035028     
 -0.496085569482394     
 -7.795387741202506E-002
 -5.739759365119882E-002
  4.077448749274595E-002
 -6.543035553919442E-002
  0.126614731214029     
  0.215435232323063     
 -0.342981081002382     
 -2.652978141208257E-002
 -0.222755982399915     
  6.562904020612828E-002
  1.744012598718997E-002
 -4.522466102916042E-002
  0.202523096780837     
 -6.898486210769816E-002
 -0.368533902936081     
 -0.179505904299203     
 -0.364538579093820     
 -3.635830251084911E-002
 -0.168355107530097     
 -3.304093629442537E-002
 -0.162931757650371     
  0.386120720061214     
  0.177652970795068     
  0.165320398191703     
  9.856529436253415E-003
 -0.220390660931485     
  0.275218507255116     
 -0.290393160242217     
 -8.268918969026717E-003
 -0.193389336941719     
 -0.367846401428934     
 -0.158715294482629     
 -0.306654036329024     
 -0.281079965074196     
  0.355973624544100     
  0.505252265493330     
 -0.411082694974868     
 -0.140747815108477     
 -0.126714978566315     
 -0.243439572037068     
  6.962036094654876E-002
  0.108703655854996     
 -0.412501416031999     
  0.154898794739582     
 -1.531868661553283E-002
 -0.200120333048924     
  2.326152839149440E-002
 -0.658309886691675     
 -0.103335223873590     
  0.275809502084150     
 -0.401115622743105     
 -0.150998274768305     
 -2.885423888991907E-002
 -0.105708447231634     
  0.280852940603082     
  4.778965716634843E-002
  0.148419107311736     
 -9.682049347862039E-002
  9.832748226743364E-002
  0.113393650381548     
 -0.250591098054910     
  0.142042402689776     
  0.162458624556000     
 -0.394490118117282     
  0.331244200314350     
 -0.113793979612948     
  0.255066623188314     
  5.263558033264875E-003
  0.409985224896919     
  0.289915682549820     
  4.409980341569960E-002
  0.204856232786395     
 -0.169078257291111     
  7.501996760884061E-003
  6.272108608983161E-002
  3.780012469863421E-002
  0.484347362423663     
  0.142271110291253     
  0.387076970956760     
 -0.364547118628258     
  0.108282901674029     
  0.146266042111456     
 -0.192149247016087     
  3.103256235589379E-002
  7.959410442499955E-003
 -0.170879396058004     
 -0.478011265181381     
  0.153418153278808     
  0.157688317888305     
  0.223027105598296     
  0.250653790036605     
 -4.424980524351566E-002
 -0.117519969171426     
 -4.045353469569008E-002
  3.593799852756027E-002
  0.144418299784794     
  0.181482696124566     
  0.289917624214374     
  0.105276231219094     
 -0.333411455364900     
  0.204892981499431     
 -0.127523058181773     
 -0.178293300966031     
  2.524253363618191E-002
  3.713958443263933E-002
 -5.221398930048309E-002
  0.139021959517230     
 -0.103736355660945     
 -6.360718553356963E-002
 -0.183387407794668     
 -0.183135628628998     
  5.407468992721640E-003
  0.207982522347845     
 -0.119579842204472     
 -0.152918315811212     
 -0.170016472371671     
  9.587823366103278E-002
 -0.217721123446405     
  5.590909453562661E-002
 -0.142819254664667     
 -0.203306512751430     
 -6.895155252459090E-002
 -6.533455318387532E-002
 -0.207200355881199     
  0.227054067338407     
  8.858695495635591E-002
 -0.217745346934495     
 -0.182940530599173     
  6.556175191254338E-002
  3.663997815483341E-002
  0.147992262889720     
  2.506303805491223E-002
  0.267952982458034     
 -0.254124073819014     
  0.242862412767275     
 -0.293680193614006     
 -1.813033412127231E-002
  5.184519234046948E-002
  7.052254359300329E-002
  0.327604340602037     
 -0.246605958108421     
 -0.322192871344246     
  0.141072476577625     
  3.364997114248144E-003
  8.489547566374600E-002
 -4.897020137451352E-002
 -0.138479488088938     
 -0.369806420143294     
  0.216227385730658     
 -0.173529320176921     
  6.597004953417113E-002
  7.516127846184423E-002
 -1.709423692202453E-002
 -0.179748194948066     
  1.471865258091925E-002
 -1.818851193175986E-002
  0.236154478109601     
 -1.280560418191414E-002
 -0.135759183100963     
  0.546376052415526     
  2.097678547717009E-003
 -0.272436386050391     
  3.863317351123639E-002
 -0.322746681388216     
  0.202474062773612     
 -0.182901801835450     
 -4.496458498286190E-002
 -9.495036433665072E-002
 -0.104963424265032     
  8.652827851352476E-003
 -0.338495881722515     
 -0.238595756882444     
 -0.244842729929471     
 -0.185563803703615     
  7.590463045662048E-002
  3.228671142343374E-002
  0.160674749261125     
 -0.177365891622718     
 -0.358579983132814     
 -5.713908672644525E-003
  0.146827480934504     
 -0.105428852329400     
  0.474010289103559     
 -0.238621375606790     
 -0.171738968308148     
 -0.366052865998756     
  6.891938153017469E-003
  0.775119064699359     
  0.104826622630987     
 -0.304277830885531     
 -0.198099380584691     
 -0.110862947561096     
  0.348739051327383     
 -0.168907542192188     
  0.112231993031033     
 -0.313780938473522     
  0.625024901529303     
  0.347106791845352     
  3.456079016509769E-002
 -0.226377090443660     
  0.227864648970235     
  0.235138951192522     
 -7.316291878024626E-002
  0.295443337924905     
 -0.243584892119082     
  0.274960360988387     
  0.238015518888161     
  6.427467063063064E-002
  3.397001182463182E-002
 -0.128931722952369     
 -0.291598353755193     
  3.365841059490121E-002
  0.112301341220721     
 -0.192101351496122     
  2.800978601494727E-002
  5.212252935572263E-002
 -5.822610550845046E-002
 -0.143075859860987     
 -0.221830263472361     
  0.141110260675065     
 -8.032084882417205E-002
 -0.216861837934794     
  0.227158591037759     
  7.830592555399775E-002
  0.348589431948090     
 -9.246508760368131E-002
 -1.754681432712071E-002
 -0.350372807292326     
 -7.433760656903693E-002
 -0.100384247467703     
 -0.262555853970102     
 -0.124042249090244     
  6.093061923790853E-002
 -0.163503901389737     
 -0.138739524594376     
 -0.150371331229633     
  0.349691434977529     
 -0.184613174332774     
 -0.136039754913168     
 -8.838522929324617E-002
 -0.203641727269986     
 -8.619987875942396E-002
 -0.420009392431846     
 -0.221121035497407     
  4.321173765030994E-002
 -0.210723790147260     
 -0.358548818272789     
  0.134150622985788     
 -0.124878569232621     
  0.273442037501188     
  4.660242877128747E-003
  4.573187209221968E-002
  0.108499788547931     
  4.249702384043701E-002
 -0.173716594588298     
  0.260122073266810     
 -0.369207947235348     
  0.258737846377282     
  4.481530967316570E-002
  3.463704880097539E-002
  1.811383184630712E-002
  0.200208514580258     
  0.202899213950375     
  1.528146364039093E-002
  1.969789276840853E-002
  0.300099630955691     
 -0.252665689238588     
  0.137873011484976     
  0.171168306979070     
  0.126017083164966     
  8.982440199510763E-002
  0.391423180591567     
  8.780496361093752E-002
  0.143296881411198     
  0.231178872751086     
  3.031265242914222E-002
 -0.102617410835469     
  0.209546661528806     
  0.275699405570073     
 -0.381767752738645     
 -0.109398900851114     
  0.427062276861287     
 -9.410745943990563E-003
 -0.117433601071241     
  2.232709661695022E-002
  0.278185815541954     
 -7.749975904411745E-002
 -0.162438410279899     
 -0.260170246340927     
 -0.136064874627232     
  0.276709077195225     
  0.107497034566935     
  8.510092349587800E-002
 -0.161815398405999     
  0.126839043222789     
  0.254707083977757     
  8.316747657311195E-002
 -0.301972811524338     
 -1.955181846716203E-002
 -6.876304106479823E-002
 -0.253260470156612     
 -0.218754146590877     
  7.372936352806253E-002
  0.350734291982533     
 -1.172629164316225E-002
 -7.970814261248396E-002
  0.284438998802560     
 -0.254017004784720     
  0.226700595587117     
 -8.806531145714708E-002
 -0.288472719318543     
 -8.227960888417882E-002
  0.104935148337121     
  0.125570406614519     
 -3.565917000486408E-002
 -0.177405038482574     
 -7.987417452355264E-002
  0.268643822804527     
 -7.126407626634748E-002
  0.190319518154171     
  0.382478531364637     
  0.311693758243246     
  0.142520181558008     
 -0.144517271817137     
 -0.291314954396649     
  0.274987614566348     
 -0.114848652908720     
 -0.312238150454688     
 -0.285095670696709     
  0.343805962431485     
 -0.379076534258615     
 -0.619512156507067     
  0.148888092995698     
  0.212865458380876     
  2.749009798438906E-002
  0.354859933883202     
 -8.973906302313317E-002
 -6.816971024341972E-002
  0.611089058127642     
 -5.012094316705964E-002
 -0.339856231432093     
  0.345814383889293     
 -0.159794295332882     
  0.527653608783342     
  0.475451934503789     
 -9.304946231248491E-002
  0.253116002135512     
 -9.092632076777551E-002
 -0.143953185275877     
  0.240671844567937     
 -2.839087746863897E-002
 -7.820257152747619E-002
  0.288695984557278     
 -0.298647244554559     
  0.157424782352606     
 -6.618923789324337E-002
  7.197372109077209E-002
 -0.135543340918343     
 -5.799434367472195E-003
  0.169995965806006     
  0.136523848226741     
 -0.269825217149650     
  0.113603184734171     
 -0.234059300742686     
 -0.222210505039470     
 -5.813706492200650E-002
  4.368479292748327E-002
 -0.154527849910787     
  4.652237306944630E-002
  9.577001594464971E-002
 -0.133727925116364     
  0.317384454699907     
  0.215590698319788     
  3.510842253433755E-002
 -8.914409751154266E-002
 -0.146097179135402     
 -3.724969636293277E-003
 -3.792680735150692E-003
 -0.327799364534230     
  0.146440086314180     
  0.324358276430789     
  0.158559969776836     
 -0.101634771037860     
  5.202467317122978E-002
  0.177420762603504     
 -0.102636130758910     
  0.448250120936571     
  4.219579980069865E-002
  1.927618722376667E-002
 -2.527173595405258E-002
  0.142825423776415     
  3.158994295972635E-002
  0.241986674901448     
 -0.170039804352596     
 -0.284101534628702     
 -0.174437301409708     
 -0.228003917082119     
 -0.179903496574659     
  4.716515959885774E-003
  0.100099968117127     
  0.137764793884316     
 -9.380949523708937E-002
 -0.114140215907052     
 -4.533049592664793E-002
  4.110798989621169E-002
 -0.242861867080407     
  2.942707890872964E-002
 -0.106057796056179     
  7.570120394028795E-002
 -0.132972326811793     
  9.096406465013383E-002
 -0.283771564956122     
  1.894579494510242E-002
 -6.130009622219205E-002
 -2.225623709617204E-002
 -7.054997567930632E-003
  0.152711120343054     
 -0.260700235293943     
 -1.978168873742226E-002
  0.483393150257662     
  1.933792473088270E-002
  2.621388485122766E-002
 -1.163601278233977E-002
 -0.147158017201028     
  0.263670901786026     
 -2.211054902607909E-002
 -0.130360838006969     
  4.409153556403130E-002
  0.202360455038784     
 -0.100099024345377     
  7.234520397042817E-002
  5.723173326761596E-002
 -0.173120169957426     
 -0.165632300751676     
  2.083996014983976E-002
 -9.110696153559059E-002
 -0.340563149429677     
  2.537290452557071E-002
  0.324534252471755     
 -5.674664109101091E-002
  9.188306178071116E-002
  7.950290176925751E-002
  0.367125061128198     
  0.157336337149816     
 -0.367545343099251     
  7.331252089112741E-003
 -4.746493646414964E-003
  9.923089305770909E-002
  0.351355735538750     
 -0.171623189857715     
 -8.818155915592975E-002
 -0.348805672869092     
 -0.116122964451938     
 -0.116923228438866     
  0.305275576155257     
  0.333979896737618     
 -2.468381630102233E-003
  0.109081903732861     
 -0.217495776033716     
 -0.154291455610452     
 -0.195829498423290     
 -9.793100448497916E-002
  0.304254057344560     
  0.143766783216821     
 -6.677334829635667E-002
 -0.166956680027390     
 -0.236430064419682     
  0.339509976216942     
  0.256889251821119     
 -9.196450727727441E-002
 -0.264517447219789     
  3.620242574215617E-002
 -8.588585910397467E-002
  4.759178363983989E-002
 -0.232748622480393     
  0.117159303535445     
 -8.277874404052629E-002
  4.109528659942097E-002
  0.116509195790286     
  0.245464814910488     
  0.160926075910118     
 -6.139706696255061E-002
  0.231826736039110     
  2.296514724839049E-002
 -5.592849048137204E-002
 -6.099899908643085E-002
  0.121586162180131     
 -6.568513992173416E-002
  9.774250944487611E-002
 -0.381048049601230     
 -3.623339478785791E-003
  0.329589800798956     
 -0.206008291818149     
  5.429489051256902E-004
  0.252266587468110     
  9.173840052921675E-002
 -0.118213307933568     
  0.388203974418736     
 -0.138544850150077     
  8.091599046110200E-003
 -3.153921366802405E-003
  0.144459125957537     
 -0.171234676435682     
  3.518043341102173E-002
  2.162738906787668E-002
 -7.679413304697855E-002
  0.263757752451189     
  0.150579950044912     
  0.207575825665215     
  5.500647353729523E-002
 -0.172055820730755     
 -0.154015403360594     
 -2.581240620012725E-002
 -5.092822441146394E-002
 -2.774595221566751E-002
  0.169151315933404     
  0.178308631399383     
 -0.287892121497482     
 -3.330835654195946E-002
 -2.726187525436128E-002
  0.194876778891351     
 -7.251519047902917E-002
  0.204351535331936     
 -0.124052093954763     
 -0.299507201049687     
  0.248312819496944     
  0.142275482110298     
 -0.177228986005974     
 -0.113013350233063     
 -2.170255777285095E-002
  4.597688996385343E-002
 -4.963091783979776E-002
  0.234129075041432     
  6.469753778732468E-002
  0.165702830984582     
  7.298066497769073E-002
  2.758579696351029E-002
 -0.122145100059271     
 -0.228735362011607     
 -0.107311661433131     
 -9.228935799411100E-002
  0.111377454997091     
  6.806705884036568E-002
  0.179450471221548     
 -0.265716565075858     
  0.132007423952794     
 -4.160416508023040E-002
  0.215057838526568     
  0.382857633594141     
 -0.292627235242808     
  0.395069805777415     
 -6.976098854638511E-002
 -6.624042646816405E-002
  7.064597063984342E-002
 -0.336359515468065     
 -0.322065589633605     
  0.141822165160111     
  5.687426918842676E-002
 -7.502855691558637E-002
 
 -0.237402157156958     
  4.312751153076503E-002
  0.118304066048331     
 -8.446274264191479E-002
  0.380399983541160     
  0.124890278693544     
 -8.773951639510409E-002
  2.723703197315010E-002
  5.371419930021747E-002
 -0.232544711680913     
 -0.157200320169399     
  3.522989112530339E-002
  2.891764210652590E-002
 -0.169430642043535     
 -0.228410283220650     
 -0.139570878596290     
 -0.156716579679826     
 -8.483265209424692E-002
  3.735828735896102E-002
  0.101283197827368     
 -0.114419097932824     
  0.254275672393906     
  7.563904910892201E-002
  0.319827867497476     
 -3.242274724099237E-002
  6.369150072061541E-005
  9.750246114259192E-002
  8.236347484676314E-002
 -0.110626852011731     
 -0.109362700835919     
 
  0.912470623500711     
   1.17738754645686     
  -3.32100708122993     
  -3.91134575174921     
   5.26838051786701     
   9.16015174547034     
  -13.6318855372188     
  -4.97929288775091     
   12.8725245785485     
  -4.40364740612876     
   1.59522499372903     
  -4.13673589389092     
  -1.60760289226020     
   12.6477538534860     
   19.0167492093940     
  -5.37570447845759     
  -1.45178261553688     
  -2.66015565978318     
   3.94050757410508     
   7.86518794402960     
  -6.07454654244274     
   25.0598447873333     
  -17.7876535746332     
   32.0259815682521     
  -9.26472728307334     
  -1.05073808561281     
  -6.66913569560472     
  -7.28321768354610     
  -8.00133809514308     
  -12.3112253332707     
 
 -1.366165487804878E-003
 
  tansig  tansig 
