     33 -    30 -    30 -     1 
rmse=  19.1378meV
  7.638372572546992E-002
 -0.213218143137294     
  0.149435656846886     
  9.516581689492230E-002
 -0.185221237761895     
 -4.019340497515708E-002
  0.147726836536143     
  6.880486617227939E-002
 -3.154033060972738E-002
  8.326746043258763E-002
 -9.052368304744653E-002
  0.100724254193403     
 -0.255801784281880     
  0.142269926611090     
 -9.029454889437037E-002
 -0.154638827333560     
  0.162183429698720     
 -0.147530917141205     
 -0.197440093275091     
  8.312616206560959E-002
 -0.226103363603425     
  0.239463166780551     
 -6.564160877006030E-002
  8.903755999022119E-002
  7.493668177158801E-002
 -5.389617331122733E-002
  0.232649219844569     
  8.572393436901082E-002
 -0.310343185717290     
  9.816884320411060E-002
 -7.545881753341128E-002
 -5.204894012448736E-002
  8.135435682272686E-002
 -9.800336009387857E-003
  2.524641968926039E-003
  0.245333362769993     
 -0.199646381110848     
  9.424052019170806E-005
 -0.242225930863741     
 -0.191816663618268     
  7.790626930781797E-002
  0.260676104987842     
  0.234400060078431     
  6.172689989613142E-002
 -0.122342277107200     
  0.229809420766156     
 -0.305263682120131     
  3.644470595735972E-002
 -3.823427967934733E-002
  3.147059684820051E-002
 -4.028443786969452E-002
 -0.103450900936224     
 -1.969023367090078E-002
  6.861514243107768E-002
  0.495204755145968     
  8.964588406985347E-002
  8.809561442473891E-002
  0.231971383711771     
 -7.014912479669345E-002
 -0.156283221575790     
  0.134211009692497     
 -0.109885346751732     
 -0.286478763358670     
 -0.125129174541126     
 -3.677333801322883E-002
 -6.711791716829296E-002
 -6.517848191771823E-002
 -9.524009266489419E-002
  0.200147577508159     
 -0.103341949079382     
  0.197833360746049     
  4.379333830364178E-002
 -5.426353858199709E-002
  0.142693378908989     
  0.326509646816028     
 -0.223071374724199     
 -0.107166214605092     
 -0.104743522096777     
  0.122857410136889     
  0.305366649574870     
  1.143965191139681E-002
 -9.416893721449039E-002
 -0.421405851318530     
 -0.349379737849401     
 -0.204756119288989     
  0.320478438510064     
 -0.137221224146913     
 -0.157428537808369     
  0.115858629778562     
 -9.581075363117722E-002
 -4.439154829943488E-002
  0.156243596845759     
 -0.175993575310012     
  0.156307074731214     
  7.461222107806413E-002
 -8.022887767242917E-002
  0.131796622465293     
  0.106386280885907     
  9.932255542296538E-002
 -0.113571537271948     
  0.114992523128479     
  4.063387134763663E-003
 -0.243465517080058     
 -0.179984089490028     
 -1.198788644519571E-002
 -0.264439545741623     
 -9.457799184154077E-002
  0.118536668315307     
  6.294945778617906E-003
  0.194947807493211     
  0.196702430308721     
 -0.240952983871978     
 -0.303508720047386     
  0.218295088872768     
  4.930929689596077E-002
 -4.901704612007880E-002
  0.103006989817263     
 -0.245720453872937     
  0.133051416540054     
  2.729072901431766E-002
  0.163595199553274     
  7.774094601476561E-002
  0.179331276194066     
  3.748447932115327E-002
 -8.397245388947826E-002
  0.330466837915627     
 -0.283401789368229     
  1.925870983166457E-002
  5.821188669451883E-003
 -3.162599604884283E-002
  0.208328691265057     
 -0.143865998927869     
 -0.105675416487956     
  0.123171955918446     
 -9.716077996530497E-003
 -0.469437286188460     
 -0.322538504715962     
 -0.235383845710133     
  1.844044516945752E-002
  9.103579482737578E-002
  4.416873535938745E-004
  0.174443754472987     
  4.237827367647008E-002
 -0.693118357989731     
 -9.509103372413313E-002
  0.194737844905398     
  0.182391939531174     
 -4.503648940106802E-002
  0.148886004260296     
  0.123589083923847     
  5.265766551297491E-002
  7.759267946281222E-002
 -3.284156112095973E-002
 -0.162342296422934     
  7.019444943901236E-002
  7.337910426490957E-002
  0.175791648101527     
  0.156796776771720     
 -0.372290233043735     
  4.329502835377144E-002
  3.978124414450977E-002
 -0.176294302571925     
  0.210204431598226     
 -0.162051191119057     
 -0.103751645988309     
 -0.118820077906092     
  3.421528025473658E-002
 -0.224662921487632     
 -8.271044337042455E-002
 -0.120994754231301     
  0.154649513353155     
 -6.513906395269889E-002
  0.323702177213733     
  4.243839215803081E-004
 -6.624611436689419E-002
 -0.277381170237445     
 -0.163447480735218     
  0.418024474437488     
 -0.285071281011802     
 -0.436275545209017     
 -0.285801373567978     
 -0.271123475057029     
  0.183476942024496     
  0.289443918387708     
  0.303768220324909     
  0.456387562960238     
 -0.393172678987996     
  3.374481810040209E-003
  0.247920036728096     
 -0.277251950943985     
  0.237000492765026     
 -0.224359896002364     
  0.315598934844931     
  6.536365084224184E-002
 -0.252204069563419     
 -0.297744031375805     
 -0.248350487559694     
  0.199022726843960     
  0.138915805466337     
 -0.446517848804127     
  0.247119374931585     
 -0.414435219245142     
  4.106906561077271E-002
  0.145353939554175     
  8.749588128132328E-002
  0.197727172702372     
 -0.270003178639154     
 -0.311388337918628     
 -0.185166516960499     
  0.254305679090642     
 -9.205824161055141E-002
 -0.214373708927674     
  0.402170182841742     
  5.116370838086171E-002
  0.392273217747376     
 -9.402978141225310E-002
 -0.141525662904548     
 -6.884984431332808E-003
 -7.630495948222774E-002
  0.268483224164524     
  0.121580051644122     
  6.046593807224222E-002
  5.368651097020587E-002
  0.388568937276260     
 -0.224024688692954     
 -5.283045436094572E-002
 -2.743962039784831E-002
  0.225168224968337     
 -4.530245999525642E-002
 -6.979913673836081E-002
  0.111514616314866     
  2.709259163843775E-002
 -0.218797670747247     
 -0.408186082160604     
 -2.147418735459089E-002
 -9.400341832665071E-002
 -0.204503587168736     
  8.118458286585573E-003
 -0.170671396810903     
  0.312825584836559     
  0.462688607305542     
  0.118846544591073     
  0.218450605359119     
 -2.538120787979732E-002
  0.331000839796565     
  0.544498514678188     
  0.210309974829637     
  9.417711919347949E-002
  0.266956488575064     
  0.292935901673990     
 -0.333121169269219     
 -0.219755437561372     
 -9.433473732922028E-002
 -0.108388529361992     
  0.180469932727814     
  1.186280594462581E-002
 -0.133255599325836     
 -0.152570569243135     
 -3.388687714497796E-003
  2.883258186566390E-002
 -0.203931157555592     
  0.267758347979084     
  0.197102670214073     
 -0.226250123113100     
 -4.710591168646029E-002
  0.104301046473800     
  0.338106604128935     
  0.348924872834709     
  0.224779221769431     
 -2.339611323385433E-002
 -0.264420112851166     
  3.186765668650419E-002
  4.205225063734724E-002
  0.219415278467070     
  0.273009554438916     
 -0.249938217287256     
 -0.156203777819929     
 -0.108074526292369     
  6.719842525464370E-002
 -0.367047029072873     
  4.111698183381617E-002
  0.105210356465557     
  3.210159057560254E-002
 -2.733840885063725E-002
  0.255227609078492     
 -5.775431725340606E-002
 -9.399969389803096E-002
 -0.656877790133599     
 -7.937052391140721E-003
  0.150878534072679     
 -2.822183872601131E-002
 -0.302424396290874     
 -5.041694142771683E-002
  1.368284670909104E-002
 -0.151477357525542     
  9.966085083941353E-002
  1.945667038996028E-002
 -0.398719689013376     
 -4.334834190325822E-002
 -0.216983763959748     
 -0.310418687980947     
 -0.338231872336185     
  8.258757585257936E-002
 -6.600717372823751E-002
 -0.186654903253312     
 -6.510155704538775E-002
 -4.652324761892330E-003
 -0.138757826113876     
 -3.694564309056385E-002
 -1.971816121487931E-002
  0.116404212400842     
 -5.210922294874818E-003
 -5.711695680848212E-002
 -0.210894786796013     
 -0.288714552244067     
 -0.245986598358656     
  0.113034422736808     
 -0.203407701160130     
  5.965900809517100E-002
 -7.055135821959560E-002
  0.612095683434485     
  7.577676172640040E-002
 -0.324878114246728     
 -0.105090604354884     
 -2.981932266465418E-002
  0.140948785618301     
 -8.672091222725894E-002
  2.071304844800865E-002
 -0.177750310013831     
  2.574346981408068E-002
 -0.147232717562445     
 -3.887633506053514E-002
 -0.232076570236007     
  0.143405986408072     
  0.190489614941178     
  0.323909612013842     
  0.144651997549343     
 -9.684165185245588E-003
  0.111750284552706     
  0.237362747617501     
  0.255663683135671     
  0.180542766299164     
  0.147790122273525     
  0.195490465665105     
  0.293666585329702     
  1.060537298121473E-002
  0.256552054728174     
 -3.456308252130858E-003
  1.611840142477374E-003
 -0.223167171313711     
 -2.651243937272228E-003
 -2.967284250859527E-002
  0.677926274187548     
 -0.114460285213002     
 -0.364736257996450     
  0.126848715620996     
 -0.233268268825553     
  0.112793047473116     
  8.438022424505463E-002
  9.223747909003563E-002
 -0.205127393101349     
 -5.955891062696635E-002
  5.617353895590231E-002
  2.819973998633792E-002
 -0.189001797907703     
  0.171632096492151     
 -0.186505892781102     
  5.044734616828510E-002
  0.168225223095914     
  0.229188582860200     
  0.229783904396710     
 -8.962500011881740E-002
  5.805471706450812E-002
  5.030627628531030E-002
  8.958150934063255E-002
 -0.218143856168786     
 -2.824461896516664E-002
  0.139212878836640     
  5.706472547707093E-002
  0.273162939615003     
  5.450382280116283E-002
 -0.133365299527208     
  0.157630661757123     
 -7.202014996121779E-002
 -1.930424568861007E-002
  5.507291745556285E-002
 -4.384069187253861E-002
 -0.307204152818988     
 -6.077489465555609E-002
 -0.391398681832303     
 -0.129213505693966     
  0.150214216921450     
 -0.182869561598709     
  0.206396623471809     
  0.431494285599447     
  0.248942916778986     
  0.377335910044778     
  0.324163635055811     
 -1.620133531458099E-002
 -0.242310506240835     
  6.574892471968470E-002
 -4.778958586232725E-002
 -0.345421246067545     
 -0.251125471182358     
 -9.016749333055414E-002
 -4.359275165416970E-002
 -5.162600017113985E-002
  2.071862615324408E-002
 -0.278287026518709     
 -0.184601842069487     
 -0.251766084104809     
  0.274096176519072     
  3.872583752620228E-002
 -9.924728522973032E-002
 -0.198261491920089     
 -0.249112533089931     
 -7.373280439563427E-002
 -2.125850361133676E-002
  0.172727759833309     
 -2.291289076361077E-002
  0.167030073279179     
  9.581835758948820E-002
  3.170919436728212E-002
 -5.306988079536999E-002
  0.189713508672235     
  5.954714383867492E-002
  0.173218302472408     
  0.256265450583963     
 -3.584776443205376E-002
 -4.691452287048462E-002
  0.115449081090910     
 -0.270518043116954     
 -2.911629171008911E-002
  0.188292469326880     
  2.409085687004731E-002
  3.883654378591320E-002
  0.177592310121279     
  5.362518395632240E-002
 -6.337286141739594E-002
 -7.404666830143555E-002
  0.367138803696543     
 -0.199828775915461     
  4.578045362134589E-002
  0.112290366575236     
 -5.879723496779619E-002
 -0.124122237785606     
 -0.340702638232972     
 -5.419590871882136E-002
 -0.222093550903987     
 -4.496304410351554E-002
  0.354172588081684     
 -1.543413284938483E-002
 -0.239731529051448     
  0.247873116810068     
 -4.791266377465457E-002
 -7.586200349357908E-002
 -1.059919069407134E-002
  0.132651098171357     
  9.463691806963916E-002
  5.308135820271769E-002
 -4.471814582155180E-002
 -0.239500781434874     
 -0.485956431392825     
  0.194009193753747     
 -0.285106428661817     
  0.207692837741481     
  0.146684049638787     
  6.867167432303825E-002
 -1.136458550422209E-002
  4.424934895976650E-002
  3.130821860912693E-002
  0.136715634050080     
  8.333156350832091E-002
 -0.165436205319538     
  0.252738735566428     
  0.292864107220216     
 -0.280680573579790     
  0.157823826046046     
 -1.692233828562985E-002
 -0.280794195593267     
 -8.452084337146042E-002
 -0.124547304219006     
  0.215247906629280     
  6.370962929346714E-002
  0.115638471926707     
  0.311445704589631     
 -0.199673643527654     
 -9.084091245469124E-002
 -6.824567888727498E-002
 -7.982800690898004E-002
  0.220196528792319     
  0.204746454117930     
 -0.156627232370912     
 -2.772954722796750E-002
  0.212385348048429     
  7.892224307020819E-002
 -0.147320676644703     
 -0.246317486780202     
  3.868054637729518E-002
  3.126918618650219E-002
  6.990449260373890E-003
 -5.456136293348202E-002
  0.227529302349822     
  0.214911193868594     
  0.142051822330053     
 -0.169139274134040     
  0.119099120083490     
 -0.223746566186605     
  0.394804123954932     
  0.292274543364303     
  0.366262066331473     
 -9.607559043516611E-002
  5.650554087844182E-002
  0.143858181400351     
 -0.175217381850443     
 -6.000403130699894E-002
 -0.132112861645026     
  0.141014541286324     
  0.466689395225286     
  5.844145622633124E-002
 -0.110227723165062     
 -2.791766647543742E-002
 -0.445270125210027     
 -0.329412527902195     
 -0.157233950155247     
 -4.978198201815773E-002
  2.040041708296294E-002
  5.577737929485924E-002
 -0.436696605015268     
  0.177507021915781     
 -0.436684380337461     
 -9.329242035576833E-002
  9.553846741436086E-003
  0.110197090385569     
 -0.431507239592181     
 -2.725241066319601E-002
 -8.171301070496244E-002
  8.885473209574232E-002
 -0.286814720907883     
 -6.469863574360422E-002
  0.115835151525922     
  5.383051238151598E-002
 -3.103608667871646E-002
  4.017547577117720E-003
  0.168758890115398     
  7.478032452803735E-002
  0.223407175923311     
 -0.184627596351803     
  0.164441489006805     
  7.469489429227427E-002
  9.910073378221478E-002
 -0.112526549006204     
  6.352038481000527E-002
  9.787988934323374E-002
  0.229404613671865     
  0.109881589378759     
 -1.879819147117933E-002
  5.254425098038423E-002
 -4.648485426699146E-003
 -0.209984423854318     
  4.839754404439652E-003
  9.642962099026106E-002
 -4.496137006791510E-002
  0.236920829940955     
  0.163559778544626     
 -4.548453379834034E-002
  0.221946929158961     
  9.773452713996851E-002
  1.789758990014742E-002
  0.232048972798403     
  0.119975651208902     
  0.121769120840901     
  0.179732625906399     
  0.100557821078035     
  0.166952351626550     
 -0.136620954939760     
 -8.138979165029778E-002
 -4.753816474982705E-002
 -0.121978048354969     
 -0.123918939698084     
 -0.100206498723262     
 -9.157186452396568E-002
 -0.139252662855995     
  0.109097606148757     
 -0.183791456371225     
  0.145552138674502     
  0.259769357541551     
  0.275637234276566     
 -0.100337538320741     
 -5.672651358176965E-003
  0.361869243771756     
  5.168150628061746E-002
 -0.325427645116910     
 -6.691937065486926E-002
  0.105197577420370     
  2.116728217826416E-002
 -0.230602919581930     
  8.687432804945962E-002
 -1.949254386122731E-002
  0.125837595355292     
  0.216102754856870     
 -0.149801198142794     
 -0.232697373057926     
 -0.102267179504948     
  7.627778244539127E-002
  0.283760520913777     
 -0.375310137064138     
 -0.560089901594478     
  0.199086690092390     
 -2.168974720080630E-002
  3.625121883131001E-002
 -2.884870568314173E-002
 -4.554377680003836E-002
 -9.615084176669947E-002
  0.152804282918757     
 -4.487518395355201E-002
 -2.117764205832702E-002
  0.242380746054768     
  0.381687328451770     
  0.280087925349521     
 -6.816215131369678E-002
 -0.129527842233183     
  0.125432648024928     
  0.133437593671111     
 -6.203787239893947E-002
  3.502143809611403E-002
  0.281833518097324     
  4.150666472936115E-002
 -0.295994743060768     
  0.101661390268183     
  0.453400304482777     
 -0.141442934596403     
  3.007026916987803E-002
  0.216902605403397     
  0.148368257804011     
 -0.128562608022742     
  6.542624847881798E-002
  3.835056621755994E-002
  0.260207567683081     
 -0.373467560944614     
  0.174227229934593     
  0.192122463872280     
 -0.159631959613339     
  2.601801361910486E-002
  0.159614589081008     
 -0.130342288153900     
 -6.789116890129454E-002
 -4.031462071565933E-002
 -7.898629114253479E-002
  2.950915349141724E-002
 -0.181220804105136     
  0.260521416370131     
 -0.169851502324687     
 -0.240237107609005     
  3.058806098343493E-002
 -3.451247913013717E-002
  0.162374729748853     
  0.316828061210328     
 -5.352192806554423E-002
 -0.217124952130321     
 -0.471828724520819     
  0.592991809950801     
 -0.225492641135511     
 -3.147902013355636E-002
 -0.133904244972123     
  0.152295600088193     
  3.669065362619076E-002
 -2.505768675758671E-002
 -8.498919989891890E-002
 -0.182375905251386     
 -7.797254528442683E-002
 -0.312845074022440     
 -0.248702273878206     
 -0.176295826206861     
 -0.248378352055048     
  0.163902298030126     
  1.213530769591848E-002
  0.112732553055657     
  0.269755435277230     
  0.205194236490181     
  5.706713912760149E-002
 -3.532926431432535E-002
 -0.214446361975344     
  7.056388015494801E-002
  0.164127950519995     
  0.259239322553290     
  0.267805746134137     
 -0.107934019470241     
 -0.103042578946704     
  1.900822711642787E-002
  8.502022648433952E-002
 -0.120194982654807     
 -3.517686699589423E-002
 -0.217300764647032     
 -7.324109953116999E-002
  8.613150845979448E-002
  6.688089385721760E-002
 -1.000928145359467E-002
 -9.795942380014237E-002
  7.548165011795900E-002
  0.244346719938117     
  5.979896610453257E-003
 -9.040227471040234E-002
  0.185049354102182     
 -3.508835473388623E-002
  5.386683474355862E-002
 -0.175891673920634     
 -0.287548119235539     
  0.166344255340808     
 -0.154836594384767     
 -0.153998899872168     
  7.521133917408329E-002
 -0.196903096605709     
 -8.699575222765420E-002
 -0.248499249947827     
 -0.172675548012870     
 -3.840689627894171E-002
  0.174166430003317     
  0.156528063493457     
 -0.233935480244618     
  0.238912698301182     
  3.774083830364916E-002
  8.240080951644923E-003
  0.180276695193762     
  0.140131628027788     
 -0.157086850746377     
  0.218137042080898     
  0.148360023754357     
 -0.373784861848270     
  1.216936790596349E-002
  0.143680055614345     
  0.231665012613633     
  0.120525241754417     
 -0.117180788012681     
  0.215332095272010     
  3.726766954287009E-002
 -0.166707475428738     
  0.180012905130362     
 -4.479713169729468E-002
 -8.854583540912050E-002
 -0.232641702842086     
 -5.831782454509987E-002
  7.821156463988518E-002
 -0.150515518696599     
 -0.297791914980072     
  2.185392848161348E-002
  0.377035989376019     
 -0.186605626402209     
  7.177282397397138E-002
 -0.166866063568925     
  6.926146768594296E-002
 -8.945132980399022E-002
  9.376736896145327E-002
 -3.335732251743814E-002
 -8.877583302495078E-002
  0.163533912018676     
 -3.123140254947373E-002
 -0.180734155440455     
  6.069791537529752E-002
  0.397237182388747     
  5.462989559989234E-002
 -0.199042644407025     
 -0.203283173726989     
 -0.150821233244251     
  0.336602175381762     
  2.803895033495624E-002
  9.968330622239525E-002
  0.282570628705985     
 -1.153148026232796E-002
 -6.439224785917897E-003
 -0.227909019369445     
 -0.202925923789685     
 -9.243008428842795E-003
 -4.279409971190002E-002
  0.212725812900757     
  7.332913516867615E-002
 -0.158711659955330     
 -0.215897016661548     
  0.170557210587733     
 -0.169969077745246     
  0.181925398906757     
  0.484640540000313     
  0.155283752202178     
 -4.315058518530925E-002
 -0.414985205822308     
  4.291265549824038E-002
 -0.168900160008156     
 -0.180196884988195     
  7.176730780917305E-002
 -6.824299437733113E-002
  9.292462914600361E-002
 -0.114537307809519     
 -2.191469194994809E-002
 -2.554498392761117E-002
  0.378398920144529     
  8.995621913996940E-002
  0.157299671006268     
 -1.476112597623459E-002
  6.037044741909955E-002
 -0.160038735145095     
 -3.431304374471204E-002
  0.102892580497836     
  3.522406555096957E-002
 -0.112846695443824     
  0.169810623744281     
 -0.324222773879494     
 -1.119611390369809E-002
 -0.570083068107958     
 -0.165731661795199     
  7.231264584390765E-002
 -9.146668297235883E-002
 -0.175859131841586     
  0.144030776425272     
  3.888709233812376E-003
 -0.388015287690840     
  8.833381138498612E-002
 -8.568787129015870E-003
 -5.667001780366489E-002
  0.145068983558163     
  0.223523926523272     
  0.133919637039835     
  0.113409848434578     
 -2.277660097478445E-002
 -0.146636772345076     
 -5.312166293323463E-002
 -4.408810039760937E-002
  0.330203429201720     
 -0.440890931151123     
  0.216742925533302     
  0.193848887626616     
  0.418066330168912     
  0.156216736968223     
 -3.674658098715181E-002
  6.933999809200389E-002
 -0.180144632966335     
  0.127592395581151     
 -3.212025256634918E-002
  3.932338704785196E-002
 -1.939641513081720E-002
 -0.138636501981487     
  9.865668484919830E-002
 -4.126443259254627E-002
  7.948091493325884E-002
 -2.041651243861789E-004
 -6.795682436700091E-002
  1.770699508778739E-002
  0.207169920841181     
 -0.119717518896662     
  0.180662316075428     
  0.132493482991437     
  7.572484149298500E-002
 -0.141406854151123     
 -0.363293593873374     
  1.533261122842295E-002
  0.219402519455300     
  0.201316589355155     
 -2.339082238694119E-002
  9.529230381598727E-002
 -0.175096151965873     
  0.532980684089243     
 -0.115658252820063     
 -7.017580143203493E-002
 -0.144452642139893     
  0.114252220896144     
 -0.216458909151217     
  4.424059042508502E-003
  1.130585824469924E-002
 -9.016163655459672E-002
  3.270755303002798E-002
 -0.505911992541865     
  0.246363793186496     
  2.561123700288665E-002
 -7.267445290950993E-003
  0.416254542205265     
  0.153124199988589     
 -0.186976152232379     
 -2.022985210053450E-002
 -0.259055265873200     
 -6.163270115919751E-002
 -3.101729304333613E-002
 -1.907505901665929E-003
 -5.110801453630433E-002
 -0.269926693857296     
  0.325038071183252     
  0.289575903779633     
 -0.128035541359263     
 -0.179273843498010     
  0.239080357621354     
  2.930933404453193E-002
  0.119485316067980     
  0.287947000348065     
 -0.112008515373167     
  0.323478231504049     
 -7.981905462559814E-002
  6.512105584367635E-002
 -2.513818747445325E-002
  3.086886097579968E-004
 -0.347015113974529     
  4.563800090478297E-002
 -4.546514364591946E-002
 -0.172789464495898     
 -0.310203510464756     
 -0.270928523732638     
 -0.250138659621825     
  0.155860341243701     
  0.165417608325664     
  0.239142488587034     
  7.979309229260470E-002
  0.146738832742015     
 -0.164377126561466     
  5.669021975075590E-002
 -0.135608965693277     
  3.279076930707027E-002
  0.240148338467209     
  6.209993395232127E-002
  0.245928133063004     
 -6.105310188869197E-003
 -3.001834336298609E-002
  0.228193952277554     
 -0.261117563174574     
 -0.274695277282819     
 -0.226029836289712     
 -0.146780583928653     
  3.993393875598366E-002
 -7.736686191461123E-002
  0.280120565605137     
 -0.264479111122609     
  0.519821466069400     
  0.199750407339050     
  0.196348510598169     
  0.209756020286679     
  0.127940368055058     
 -0.180542363811826     
 -0.124292132432902     
  0.241135668285974     
  5.774630833086171E-002
  0.194436169286211     
 -0.363344609379189     
  5.743573317228920E-002
  1.012322015530541E-002
  0.139569846302735     
 -5.175712949576607E-002
  0.101457260632478     
  0.164235036103504     
  0.129503236435537     
 -0.305070848595794     
 -6.146501085516389E-002
 -0.159582007011370     
  0.467260592555604     
 -0.158667220530334     
 -2.006649976560012E-002
 -0.212188821647484     
  4.742384340322665E-002
 -0.201231723035869     
  7.363296996993791E-002
  8.199835209138363E-002
  7.188877183911231E-002
  0.192296236338984     
  0.152992684861552     
  0.194848705212422     
  9.658314812650308E-002
  0.224692687891942     
  6.377495657536551E-002
  0.143477894441794     
 -3.879624251068896E-002
  0.216021224029855     
  0.122299928197416     
 -0.130187290012592     
  0.354021661402974     
  0.228586998741574     
 -2.088728333486368E-002
  8.197508290507505E-002
 -9.881962235850531E-003
 -1.153556799409395E-002
  0.106324843167290     
  9.032448784703632E-002
 -0.288394450786446     
 -4.182739827883841E-003
  0.258248183229316     
 -3.226907457503291E-002
  0.312038508683440     
 -0.243260393596225     
  4.015603341281752E-002
  3.197304523250158E-003
  0.378961039390970     
 -0.139033246904534     
  1.511891796133371E-004
  0.141282564498141     
  0.225466771832467     
 -9.057141098814080E-002
 
 -4.980931850826710E-002
  0.354947703197284     
 -0.203220109039754     
  0.403042441647154     
  0.151482110124733     
  6.515110202956174E-002
  3.625157039006235E-002
 -0.341051880115164     
  8.966127071669670E-002
 -6.573893785137205E-002
  0.387450386151753     
 -9.550866550990582E-002
 -7.199594673765486E-003
 -0.229120247999680     
 -0.211701768906746     
 -0.182395883884046     
 -0.207465750477117     
 -0.259029787469525     
  0.279279140610768     
 -9.364752720741309E-002
  0.237986759991511     
  0.285987204170693     
 -0.364342248893503     
  0.217431053534279     
  4.368432300564548E-002
 -0.377841487729489     
 -0.132243062528146     
 -9.753467895892851E-002
 -8.851508852896009E-002
 -7.345766585073818E-002
 
  0.327205381002145     
 -9.949525650793246E-002
  9.644025942050594E-002
 -0.205603822049157     
 -0.247675769948996     
 -4.725091667464891E-002
 -0.191418092904820     
 -0.158480372920808     
 -0.270005266818552     
  0.261162242522882     
  0.145602163913959     
  5.139826249746989E-002
  0.365656544515668     
  1.695105969340569E-002
  0.199408816690095     
  6.298307059680366E-002
 -5.669093679716383E-002
  0.145904952817896     
  8.129791442592611E-002
  6.023602006207983E-002
  9.862431295585765E-002
 -5.927439599518802E-002
  7.734597766116678E-002
  0.208689191325539     
 -6.542221030905274E-002
  3.216254839124787E-002
  0.212144694575454     
  0.205705663588841     
 -4.334314687369112E-002
  0.179442948541596     
 -0.179027482224514     
  0.148090667459507     
 -0.205303302627695     
  0.213571513153217     
 -0.311881299562318     
 -2.930708342641776E-003
  1.226795015968195E-002
  3.295428077249436E-002
  0.110896973948878     
  2.034274369374097E-002
  0.145901639361331     
 -4.401959360614507E-003
  0.268149969950960     
 -5.680796982922700E-002
  0.106606315993259     
 -1.096629414702069E-002
 -0.165914466819451     
  1.957299934036927E-002
 -0.289337481418546     
 -0.217940709599886     
 -0.147743626300061     
  5.973741874374426E-002
  8.894734455383027E-002
  0.215317097889355     
 -4.438569685745528E-002
 -7.234448927079057E-002
 -8.080728903083322E-002
 -0.303734662226314     
  9.400799035760592E-002
  8.935461064881052E-003
  3.893644510062332E-002
 -0.190824742276346     
  0.406657903482547     
 -8.572259183321707E-002
 -3.670121383841626E-002
 -0.219321114405821     
 -0.239812002348091     
  2.601390431069770E-002
  0.257947871872229     
  0.437516692506052     
 -0.100616997540282     
  0.255841579369496     
 -0.113235349273486     
 -0.275587212042412     
 -0.165231327405785     
 -0.146064722519892     
 -0.208953347061641     
  0.329419358888787     
 -0.191042732090082     
  2.193721251382851E-002
  0.158697552105911     
  0.274600209849850     
 -8.296466897571085E-002
 -0.117108743551432     
  0.327914486022197     
 -0.157432297235579     
 -0.359659665612997     
  0.327603351336813     
 -9.896286417848239E-002
 -7.262752506584733E-002
  0.117456319431694     
  0.135448107217047     
  9.195983432450520E-002
 -9.272008424465238E-002
  8.348318922272091E-002
  3.913268144436370E-003
  0.124139896714257     
 -0.390644963333620     
  9.616767387351708E-004
  0.139118954166833     
 -2.758748709652687E-002
  9.845093099561018E-003
 -2.072936986018350E-002
 -0.167615393606865     
 -4.876855883342108E-002
 -8.532664799473172E-002
 -0.370973762044971     
 -5.060807641043451E-002
  0.161661784971640     
  9.124649214670405E-002
  9.939893591559550E-002
  3.195060802657575E-002
  8.918755186126093E-002
 -6.719597915813044E-002
  0.351313082379541     
 -8.801013359347826E-002
 -4.589105513101878E-002
 -8.576939464153484E-002
  0.299322587970912     
  0.166552150485129     
 -9.417899683640482E-002
  0.127342483442852     
  0.126171515907447     
 -0.143388972035085     
  6.713074441788316E-002
 -0.233371694164761     
 -9.542403947262605E-002
  0.321867048562508     
 -8.840162319242875E-002
 -0.206798196778887     
 -9.537520613878581E-002
  5.000911774746535E-002
 -7.551912453243256E-002
  6.693048513464137E-002
  0.172802041831373     
 -0.174235883980171     
  2.548244904804850E-002
  0.189251391763839     
 -0.246731758830570     
 -0.219425631462419     
  0.110320696498411     
  3.745802346661839E-002
 -0.198727489562194     
 -0.139401056052508     
 -4.822268760486598E-002
  9.821840235020710E-002
  3.949665641855441E-002
 -7.250808978698481E-002
 -0.187680061148119     
  9.817588580881167E-002
  0.166597097350238     
 -6.504909824808149E-002
  0.190523685927341     
 -0.281251622220000     
  0.187845734552140     
  0.139748279172899     
 -0.280695541825874     
 -0.157797271418059     
 -4.263476147972077E-002
 -4.769843181353638E-002
 -9.732673930755883E-003
  0.210366611003806     
 -0.371571243720952     
  0.368375778322838     
  8.207979509889235E-002
 -0.351525741993546     
 -0.188507385130341     
 -7.627033088747125E-002
 -4.323815864803057E-002
 -5.073112011055771E-002
  1.890197612174142E-002
  5.440725406076685E-002
 -0.100593020496744     
 -2.087570195146157E-002
  0.293578473264875     
 -6.315664079827750E-002
  5.526576431240414E-002
 -4.856843428894817E-002
 -0.104251136548525     
 -0.122626815444042     
  0.105606343226404     
  0.209765930076448     
 -0.206310128189195     
  6.252851736964779E-003
  4.879825438126507E-002
  0.487566047837093     
 -0.226620221701898     
 -0.233492687323614     
  0.215522749907660     
  5.018465823470353E-002
 -0.217088119733116     
 -0.177638858110775     
  0.181840261880305     
 -0.186374715817216     
  0.159054621034215     
 -0.191364498580124     
  0.235737285283192     
 -0.140083937455190     
  0.174454504368095     
 -7.055491312836316E-002
 -6.983384061662107E-002
 -9.665285638986185E-002
 -0.153555404215230     
  5.525868544154224E-002
  0.172397030509767     
  0.131068815602176     
 -0.218744362750962     
  0.250689221832941     
 -0.139226564438514     
 -8.065223614375160E-003
 -0.181673608857931     
 -4.772749282820438E-002
  0.123127711492803     
 -0.176443382395247     
  4.968395156604524E-002
 -0.317072439841208     
 -0.134108764164168     
 -0.159402273676139     
 -5.881848808142868E-002
 -0.226602888903102     
 -0.110049962528714     
  7.206351619641642E-002
  0.135369743200132     
 -3.532975334447107E-002
  0.297173082527002     
  0.154850273040965     
 -0.125781026951754     
  0.318557665422661     
  0.269229859482760     
 -1.107789513320104E-002
 -0.104624299720049     
  3.530999434734053E-003
 -6.251668533563874E-002
  0.209634092921732     
  0.121713686298525     
  0.135784734756796     
  0.181813089257934     
  9.222498305675288E-002
 -0.154696083861470     
  0.151831701272174     
 -0.174289487541736     
  4.066642855215990E-002
  8.563360707977366E-002
  6.393286449637663E-002
  6.326227180576824E-002
  9.151708175612153E-002
  0.149991646252413     
 -0.317083411999352     
  5.565665047764678E-002
  6.007317720746754E-003
 -0.240735435758688     
 -0.128098703688925     
 -0.305868017676031     
 -8.226751798543834E-002
 -0.296148293593584     
 -6.496964342403083E-002
 -5.230297464958726E-002
  0.180878047716189     
 -0.360058201713153     
  5.875484336458037E-002
 -0.407001480909773     
  0.121299675737569     
 -0.171495756897581     
 -0.269571834266489     
 -0.186959683396885     
 -0.136477793868421     
 -0.126957076451624     
 -2.229404961593574E-002
 -0.182906958897317     
 -2.006086678694603E-002
 -0.168792747469860     
 -0.306498081396757     
  0.174343276673700     
 -0.156636398060806     
 -0.172052697536308     
  0.190531753130044     
  0.261699470847936     
 -0.594107082692549     
 -1.732657893809771E-002
 -0.295906145440657     
  0.284275266852905     
  0.316076168475329     
 -0.113205945461813     
 -9.864618951400091E-002
  0.193031737634076     
  0.202728730787200     
 -0.210010696080353     
  2.334112217897567E-002
  0.266226290382429     
 -5.261841172768383E-003
  2.271504215478240E-002
  0.117010343632937     
  7.449196484473167E-002
 -9.621817568942065E-003
 -0.102541240033646     
  0.170913651322947     
 -0.463889173020360     
  0.205279863825219     
 -0.110877509094347     
  0.279935291326419     
 -0.318443954009868     
 -7.842822340805682E-002
  0.259297465587717     
  0.238749532993089     
  8.218659954325365E-002
 -0.177643814845978     
 -0.207929564392992     
 -0.182341007519279     
 -0.165436209255579     
  5.429927156707105E-002
  0.223248727937910     
  0.188985155431533     
  0.288781423764117     
 -0.164821117079900     
 -0.120535911856497     
 -1.802230540931567E-002
 -2.513293181936570E-002
  6.372165764541343E-002
 -8.112819779394190E-003
 -0.148417588212079     
  6.821872128105733E-002
  5.730494470172515E-002
 -0.109608489152161     
  0.245144091400524     
 -0.326996303912879     
 -6.841778754186267E-002
 -7.340291799656186E-002
 -7.475243582184823E-002
  2.364794770792449E-002
  0.105246067983411     
  1.972799389245825E-002
 -5.376059459558930E-003
  0.162700628142756     
 -1.871049633539835E-002
  0.115495405200074     
 -0.195533985958912     
  0.191154801888409     
 -0.191390567967873     
 -0.238980376844140     
  2.377864127118752E-002
 -0.205932898396070     
  1.136908428406367E-003
 -0.111553221023053     
 -5.210837319619623E-002
 -7.477086558357095E-002
  7.842326251199187E-002
 -5.257663777811847E-002
 -1.852791631151389E-002
 -0.283948704482056     
  9.208337430772480E-002
  0.102480032963349     
  0.179687359952395     
  0.180539822501088     
 -3.888457201853804E-002
 -0.203737597002060     
  7.421961417867054E-002
  3.441306507976935E-003
  0.231833283525473     
 -0.182712284646771     
 -0.109022071200046     
 -8.757430494268845E-002
 -0.211431405700876     
  0.241487951387366     
  5.263629799786182E-002
 -0.112116255605723     
  0.164616327330354     
 -0.165596013072123     
  0.128997802694836     
  2.219638632637802E-002
  0.100076623118498     
  9.408001172362093E-003
 -0.220990410298143     
  0.201962549026622     
  0.177839006150531     
  0.145475484231851     
 -0.230395035737187     
  0.241085754667727     
 -6.093965912011277E-002
  0.173847267047337     
 -5.247620202999037E-003
 -0.272434846983233     
 -6.610393029344833E-002
  0.316902035449433     
 -0.221598667460965     
 -4.177091459617601E-002
 -0.142534562639812     
 -0.395404851449490     
  5.181591001414474E-002
  2.218348865685651E-002
  6.346530550510092E-002
 -0.272132639108495     
  3.400270289869411E-002
 -0.167456659262648     
 -0.307060515583421     
 -0.238360848097042     
 -6.720889947282455E-002
 -0.225595616345017     
 -4.288244641140633E-002
 -8.019749779096230E-002
  3.818391297012718E-003
 -0.334927360504454     
  3.203168172414257E-002
 -0.273398278591918     
  2.754481779100563E-002
  0.251925590270752     
  2.687650082151376E-002
 -0.188780973466037     
 -4.869897957833836E-003
 -0.152952895703578     
  5.654183049505960E-002
  0.124976196208190     
 -7.764832987360354E-002
 -5.850875135130979E-003
  2.665860381939471E-002
  8.038274123076497E-002
  0.465409491867426     
  2.347593980466602E-002
  0.329063386793636     
  0.366777553694859     
  9.101719457303509E-002
 -0.131883957918596     
 -2.653059823493137E-002
 -0.311430976306981     
 -0.106725689475990     
 -4.539003901378722E-002
 -8.304903947792096E-002
 -4.777832018916079E-004
 -0.472488380912671     
 -3.867207602987548E-002
  1.813033074112707E-002
  0.266054558982174     
 -7.939546492496753E-002
 -0.160347283034206     
 -3.766227800504034E-002
  0.286018283849139     
  9.899252894356714E-002
 -7.291054007219315E-002
 -1.352232016415088E-002
 -0.215921675105393     
  6.254420817601333E-002
  0.124031237777468     
 -7.679737885786725E-002
 -0.114126090508817     
 -7.521288158228324E-002
  0.237352590803571     
  0.121971937704639     
  0.125134086829359     
 -0.128991497836508     
 -0.171688760152645     
  0.142352618663265     
 -0.221322582719602     
  6.260959039765313E-002
 -8.394865886235277E-002
 -0.273926819023663     
  0.224216462091358     
  0.184939080654240     
  9.170918014289781E-002
  0.453755964099347     
 -5.408593805969375E-002
  0.141749181882930     
 -0.125590576795253     
 -0.219515356820825     
 -0.167001877252530     
  8.119027318388930E-002
 -1.162455808098753E-002
  6.762965883029323E-002
  0.220785988572592     
 -0.250668714758018     
 -9.238353666938524E-002
 -0.220996313514969     
  8.133822154925074E-002
 -0.208885076533444     
 -0.316493813755899     
 -0.119022032378094     
 -0.200267525468219     
 -0.374656421536076     
 -3.387769964523044E-002
  3.749913607698082E-002
  1.575257491421625E-002
  5.911631237435032E-002
 -0.138114702004346     
 -0.352300889580827     
  0.153869570896869     
 -0.167372579371673     
 -0.158013755813118     
 -5.267867785951390E-002
  0.238367359709855     
  3.309308934963628E-002
 -0.241556694437693     
  7.906063544542564E-002
 -0.359211138377883     
 -6.573304936572458E-002
  6.544069127721638E-002
 -0.150506673023305     
  7.332951150195022E-002
  9.292647149139525E-003
  4.714617856462075E-002
  0.126520219442833     
 -0.230195378162239     
  6.252391875266737E-002
 -6.691479069104936E-002
 -0.161471482366687     
  0.224149182086782     
 -0.248227157320179     
  0.272681976686726     
  0.231647329011404     
 -5.316287323329216E-002
 -0.212723641585015     
 -7.877024162252771E-002
 -0.297745824767961     
  1.804964199012246E-002
 -0.211944931732121     
  0.347798130282762     
 -3.410297851902271E-002
 -9.378437726676765E-002
  0.337040350229179     
  0.101851658481716     
 -0.222534154658553     
 -0.177272018885190     
 -1.957332990653725E-002
 -0.149157211077698     
 -1.451207229280559E-002
 -0.277210014621539     
 -0.256727940772364     
  0.236939502109683     
  0.217040827901209     
  7.961382098735634E-002
  0.254013345645080     
 -0.191946062618840     
 -3.509250622607302E-002
 -7.241926179507045E-002
  0.131608399146570     
  0.242471562449969     
  7.169934924567832E-002
 -7.675775883019482E-002
 -0.123507269319588     
  0.209266087525552     
  9.599733602364455E-002
 -0.299446668671472     
 -0.112728271253345     
  6.098459052247959E-002
 -9.320422652631052E-002
 -0.114458843512758     
 -9.119955139351252E-002
 -0.174399131595565     
 -6.702329892177034E-002
 -0.476951599631756     
 -0.214086144469006     
 -7.650212328746263E-002
 -0.103092073500649     
 -0.141826147431269     
 -0.151010591554907     
  0.272106311407331     
  0.365997742693690     
 -0.266136297107477     
  3.389098511412737E-002
  0.414320900039561     
 -0.178993072469839     
 -7.361413290008417E-002
 -6.988150013202442E-002
  9.307282773437225E-002
  4.345878115996946E-002
 -0.128386632383774     
 -0.264915556404083     
 -0.147703557755577     
 -0.138602356521816     
  9.221024692046935E-002
  2.523922011897040E-002
 -0.196190046998759     
  3.677348852971790E-002
  0.122722897766529     
  0.139676597697505     
 -0.198562272913878     
  0.136974702458220     
 -9.739917876162815E-002
 -3.751438203407616E-002
 -0.231766689100262     
 -0.127375899883647     
 -0.117211471825183     
  2.282995596933424E-003
 -1.872398863832037E-002
  9.057960292688026E-002
  0.140386937696674     
  0.307858038125818     
 -0.214930330373432     
 -0.111269737824423     
  0.167046472509122     
 -0.156200743304145     
  0.231768379022860     
 -0.202572634664310     
 -0.329562376968101     
  0.126582971332586     
  0.263463110298623     
  0.229702019577032     
 -4.689328363928063E-002
 -0.244848767488311     
 -0.145940846601819     
 -0.212308074814450     
  0.109941837237984     
 -0.232490664977820     
  0.125306429669458     
  5.054294019640902E-002
 -4.658403862803070E-002
 -0.139054061715213     
 -4.585498961263869E-002
 -5.916056066004946E-002
  0.107719285555923     
  3.588775985026382E-002
 -6.784930705396487E-002
 -0.152838135191675     
 -0.239695333258305     
 -0.163274634518386     
 -8.486785604181296E-002
  5.396753793222218E-002
 -6.800912045554864E-003
 -0.212162381760867     
 -3.254103045912501E-002
  7.229879105576788E-003
 -0.212051561187093     
 -0.146242698753463     
 -0.338709996691519     
 -0.252365256735294     
  5.270283532078923E-002
 -9.685520838914259E-003
  9.176565029586223E-003
  8.855564373589259E-002
 -0.146650289658716     
 -8.053366124781422E-002
 -0.341019756631673     
 -1.583446575557846E-002
 -0.100714691924953     
 -0.238935314629258     
 -3.200992560505663E-002
 -0.144838222831058     
 -0.194335498018389     
 -0.197217405813316     
  9.031757002837461E-002
 -0.158636558563483     
 -5.221246852147368E-002
 -7.826976825052487E-004
  2.919161232032825E-002
  0.129556415561910     
 -0.163167848891112     
 -0.165685254678665     
  3.772106205615726E-002
 -0.209863787333338     
 -0.198062014129753     
  0.202364487445329     
 -0.301755250392671     
 -0.178671780935406     
 -0.257078061701321     
 -0.287971076942695     
  9.961203869718231E-002
 -8.654366442635041E-002
 -8.207280065254330E-002
  0.247960250805707     
 -1.547226154916256E-002
  5.300220468673161E-002
 -0.255204167381880     
  6.490249473011803E-002
 -0.233615434991479     
  4.533643570222863E-002
  5.488951116731422E-003
 -0.182418822939265     
 -3.087515987964809E-002
 -0.227075928141936     
 -1.017177301845083E-002
  1.330099421130257E-002
  0.160096102620400     
  0.240091804290204     
  9.879166577941641E-002
  0.198930355957351     
  0.250373335741604     
 -5.444013776622080E-002
  0.219286133522354     
  0.272417150970053     
 -0.168847603201137     
  3.692562182511081E-002
 -0.148846771421235     
 -0.103280301168746     
  0.228634887670658     
  0.162176643083551     
 -0.241452857656025     
 -0.184244364965777     
 -0.166832841484896     
  2.133304470621299E-002
  0.223803517004340     
 -9.579488903160076E-002
 -0.129236879006713     
  3.737684968530165E-002
  0.272307564692982     
 -5.169010320956115E-002
  0.116458561038290     
  0.159499833835477     
 -0.422069354371761     
 -0.466736498180000     
 -0.232093481050452     
 -0.394233760040955     
 -0.251609050517629     
  0.258814806508434     
 -0.132972244286534     
 -0.202995920435988     
 -0.211454275125919     
 -0.227114616011213     
  9.309066750892483E-002
  7.117204409699626E-002
  9.140739249816971E-003
  0.389761545746368     
 -2.562622156227921E-002
  0.235393304928205     
  7.624643415107723E-003
 -0.112557950287644     
  9.122707600329677E-002
  0.332313036932748     
  0.153761242952519     
  4.613041485759084E-002
  4.042630798237730E-002
 -1.746730056850682E-002
  0.328890066766568     
 -0.113164446001247     
 -0.265627475646722     
  0.311542560955540     
  2.847686270246076E-002
  6.241199277412755E-002
  0.583448300095096     
  0.229965788952321     
  7.327107161272460E-003
 -0.374917868061509     
 -1.648811821522910E-002
  0.220298175441453     
  0.252542919243948     
 -5.336319382286692E-002
  6.047904022003187E-002
 -0.229611748120872     
 -5.739127953186453E-002
 -0.210808872280848     
 -0.203155381614161     
 -9.385004542353853E-002
  0.109250029250195     
  9.140647320419081E-002
 -0.217801047383757     
 -7.221533716027051E-003
 -0.256974237340900     
  0.192955394419374     
  5.509335312288142E-002
 -6.432399298783849E-002
  0.411888229112818     
 -1.819892065573866E-002
 -0.212000082188348     
  0.213981744085731     
 -0.131366482321185     
  0.107971157110135     
  0.219560338196536     
 -0.174075271598093     
  0.106893577939331     
  0.423901898546850     
  0.188968094572399     
 -9.186789453903723E-003
  0.213550571995169     
  0.232481704070911     
  8.003594153872978E-002
 -0.218186003018822     
  5.366728804656935E-002
  0.126314308115191     
 -9.954593676865547E-003
  9.127145236537366E-002
  0.149211181240112     
 -0.214939154744227     
  0.208698973953374     
  0.360240128237854     
 -0.389737747643849     
 -7.445838905573350E-002
  4.159982172856971E-002
  0.129414163528040     
  5.208079125707651E-002
  0.246142637340725     
  3.193593842682985E-002
  7.282284812863223E-002
  0.372488835316096     
  0.107864465846370     
 -6.495058088128883E-002
  0.158052270415422     
  0.266649984333025     
 -0.427646206000416     
 -9.795118694415618E-002
  0.219130017216649     
  0.262079944207753     
  0.535917864910888     
 -0.119836735600887     
  0.251846756182330     
  3.198710747362554E-002
 -0.368524105300671     
  8.454996017394707E-002
  0.328290218437207     
 -0.179220312290975     
 -0.208593470401039     
 -4.940475331282786E-002
  0.104300350158968     
 -0.250498552116628     
 -9.133928734278705E-002
  0.132139011498830     
  0.165595087202596     
  0.164656333973532     
  0.184753341059090     
 -0.275757301997150     
  0.247151059832532     
  6.355686341901753E-002
  0.121242211404531     
  0.239495265881894     
 -0.132407614157565     
  7.413851039548508E-002
  0.107488662761064     
 -0.103159237445848     
  0.204610210876489     
 -0.306080234847340     
 -4.831370172178730E-002
 -0.363703817542312     
 -8.157930606115502E-002
  6.276261425778921E-003
 -7.675906870826776E-002
 -2.821980169661424E-002
 -0.142045101907206     
  2.318901836406967E-002
  0.244858674103233     
  0.291953228542614     
  8.869820430108018E-002
  8.250827999586431E-002
  0.127887160242461     
 -0.252453423553809     
 -9.395449952435331E-002
  0.364827349468466     
 -3.738819919412924E-002
 -7.156392462482007E-002
 -0.124622102024292     
  9.737581297879970E-002
  0.132385576989447     
 -1.469411010095319E-003
  0.242057189067205     
  0.212139280994843     
 -0.132438741165325     
  0.239234263874854     
 -0.172589447923848     
  0.155808740228621     
 -0.158628680401284     
  0.235599143855402     
  0.121943335052096     
  6.380163379695608E-002
  0.102067098353723     
 -0.176648852752989     
  0.253523646494613     
 -5.992937413579138E-002
 -2.447839904651696E-002
  2.158785461003375E-002
 -0.105800971068907     
 -0.254172812068651     
  0.178823573860727     
 -0.179498663705292     
 -2.814419254699179E-002
  0.157873974267525     
  0.265597798305136     
 -8.000672042400932E-002
  1.751830482826814E-002
  0.101042764510223     
 -0.132646439233146     
 -3.691433303232521E-002
  2.886706368954723E-002
 -5.025108524915746E-002
 -5.989217176538857E-002
 -0.357079722242677     
 -0.115134944503480     
  4.641163655273963E-002
  0.333410797354064     
  3.823176709636501E-002
  0.213024888293709     
  3.437830343260266E-002
 -0.143553234285688     
  0.413580319405115     
 -0.130639943645991     
  3.070385506318826E-002
  6.863048738812033E-002
 -0.346315666282203     
 -7.962565650489885E-002
 -0.104167572148346     
 -3.233689068073009E-002
 -0.123782943101721     
  0.400951949412752     
  3.104147294634935E-002
 -0.337365677816475     
  0.264966598655393     
  9.727765868325845E-003
 -0.271822157115616     
  9.456572614260052E-002
  0.246258280654292     
  6.601065844565700E-002
 -0.208531859814797     
 -7.475396715432978E-002
 -0.415067216792841     
 -0.100500483996063     
 -0.200915100706264     
  3.384522200666991E-002
 
 -4.771491909996305E-002
  0.136834805855932     
  0.213254906589626     
 -1.800318792291179E-002
 -0.167888321968689     
  0.130506040379839     
 -0.126786330753382     
 -6.051141740244158E-002
 -0.174343237773268     
  1.614788157114214E-002
  0.260973164864410     
 -0.131304161350248     
 -1.115358004264404E-003
 -0.480208078057394     
  0.311850577967159     
 -2.815569551492465E-002
  4.270845029178267E-002
 -0.178297735544466     
 -1.202480415288068E-002
  0.101434437163636     
 -2.953519205746525E-002
 -0.208674280771939     
  0.188852687414853     
 -0.262922634328070     
  0.375825804879551     
  0.191971255795253     
 -0.280548340738432     
  0.173235204320552     
  0.125466121432372     
 -1.209703625519408E-002
 
  0.786755153114860     
  -2.48412829147348     
  -5.00629391022743     
 -0.794753583501141     
  -1.08562715017502     
   9.16665389676252     
  -1.93028179598958     
  -1.35739618816036     
  -4.36764092637725     
  -6.93115732190646     
   3.16604411030842     
  -3.74338883922878     
  -6.98181656319298     
   10.0852961470981     
  -1.88358186507779     
   2.66893436138417     
   2.77642930227712     
 -0.993340702611928     
   7.68999356658069     
   2.07993958587422     
 -0.920729780951776     
  -2.41695435976128     
   2.81865704194968     
   1.97184897958703     
   8.81254994988116     
   12.7221239789514     
   2.53508350344409     
   2.02232570885229     
 -0.293317202261656     
  -4.42788840443313     
 
 -1.366165487804878E-003
 
  tansig  tansig 
