 0.133869995423799737E+01
 0.210486034358846252E+01
 0.182053604803433000E+01
 0.337876043343735610E+00
 0.221243838739684312E+00
 0.150259935243560694E+01
 0.119210104346262247E+01
 0.160946113420953685E+01
 0.862063432753317538E+00
 0.772685643071073125E+00
 0.638516019972687032E+00
 0.705150217447167771E+00
 0.517273092196360529E+00
 0.440709686740038520E+00
 0.468392617482148221E+00
 0.434466293387113622E+00
 0.401750607936781301E+00
 0.359487635987385423E+00
 0.433122250657281216E+00
 0.316344091663990801E+00
 0.339144994273207989E+00
 0.633791195238013971E+00
 0.464340087548671898E+00
 0.743988382296731809E+00
 0.913948180951033362E+00
 0.463290512175838165E+00
 0.570415867311879210E+00
 0.426104961259289094E+00
 0.594856007725565905E+00
 0.881925975791406525E+00
 0.796318598520104781E+00
 0.921167545932898513E+00
 0.151317407887091737E+01
 0.129462741541746529E+01
 0.130808848740228423E+01
 0.138592394847245770E+01
 0.286608141657015025E+01
 0.269330803071433866E+01
 0.270511820587646712E+01
 0.242372347829451984E+01
 0.667757921707478364E+01
 0.747313860680579189E+01
 0.745284735369317186E+01
 0.700693817338578651E+01
 0.180291357153939935E+01
 0.233905047624087814E+01
 0.191764780965552206E+01
 0.184642808320013097E+01
 0.112663490120729004E+01
 0.955433038365198994E+00
 0.117009103698053618E+01
 0.750371682555324937E+00
 0.370496144923700255E+00
 0.556698064301460294E+00
 0.577732647019366330E+00
 0.516923528079383909E+00
 0.326900558234967831E+00
 0.653884038560479386E+00
 0.365356023787319351E+00
 0.427131613113781949E+00
 0.340259415000418175E+00
 0.152889319475360302E+00
 0.291048058968269685E+00
 0.269936866505763151E+00
 0.264207331512696375E+00
 0.158340394227711401E+00
 0.284870429139084225E+00
 0.329305295625106464E+00
 0.358557162347436675E+00
 0.264026631044205706E+00
 0.310175190213428098E+00
 0.310550518770345785E+00
 0.399751256028686552E+00
 0.439195001368258564E+00
 0.399268120264993864E+00
 0.411511276124965131E+00
 0.626461628451110863E+00
 0.597745294077530631E+00
 0.607823336374056722E+00
 0.569018139795958944E+00
 0.110279574440467520E+01
 0.115304084841155863E+01
 0.117800284705074976E+01
 0.115027087977476872E+01
 0.287294904146112673E+01
 0.293834538960036529E+01
 0.294221318628496320E+01
-0.216287543163164608E+01
-0.132761569721844541E+01
 0.192264022767883125E+01
 0.180598861753599960E+01
 0.227480799811941159E+01
 0.104540476251976355E+01
 0.593581129733534385E+00
 0.829955364755804559E+00
 0.906146769881552183E+00
 0.427266682512740414E+00
 0.433105593612267248E+00
 0.391340881101653604E+00
 0.444037524236501668E+00
 0.251664735060189992E+00
 0.166775542552433126E+00
 0.221798144942843473E+00
 0.237815632807487798E+00
 0.171398191699249525E+00
 0.737037906712190022E-01
 0.159854087457006161E+00
 0.172750371509896777E+00
 0.146071169377409216E+00
 0.130230026150525702E+00
 0.135166560167228472E+00
 0.145929081872314487E+00
 0.147035029372836162E+00
 0.753703917593100958E-01
 0.136190942130392290E+00
 0.100151983251368565E+00
 0.114325794839261877E+00
 0.195406702012935612E+00
 0.155465096181729906E+00
 0.155334908168891783E+00
 0.219647851060213950E+00
 0.216494247286167368E+00
 0.219831940506628687E+00
 0.160858398133899350E+00
 0.297315625208047385E+00
 0.411241372951979156E+00
 0.406316807767916677E+00
 0.357624300114558591E+00
 0.809675716051270200E+00
 0.920309982467653609E+00
 0.919917500482405059E+00
 0.000000000000000000E+00
