 0.995357406629434283E+00
 0.391017177383507164E+01
 0.308837123424826032E+01
 0.429473809785883454E+01
 0.144138721352057386E+01
-0.528106653046888419E+00
 0.615165055721101153E-01
 0.105474667761490060E+01
 0.502184272108593621E+00
 0.748348193466740086E+00
 0.667109912682477879E+00
 0.706155757640081982E+00
 0.460893335332725085E+00
-0.608544019396462035E-01
 0.166439801576504454E+00
 0.330758272714127055E+00
 0.243294521682159953E+00
 0.446406564187554755E+00
 0.269582873743576923E+00
 0.170398007677848323E+00
 0.169544667876425553E+00
 0.365212190806347203E+00
 0.388583715022302101E+00
 0.973949209467530330E-01
 0.131211192040336655E+00
 0.749018586552408827E+00
 0.469933613858587729E+00
 0.160499873171209256E+00
 0.254707791999455480E+00
 0.498081238468407628E+00
 0.705107021325916516E+00
 0.472393633892264742E+00
 0.835342927418710302E+00
 0.100072855278846906E+01
 0.949415920468650087E+00
 0.706801824921541200E+00
 0.140790517578010310E+01
 0.148213971893430907E+01
 0.237335788123957103E+01
 0.242025535593254038E+01
 0.588959731286312493E+01
-0.146121498158444796E+01
 0.304662161864169523E+01
 0.206542954777467358E+01
 0.167872400990531290E+01
 0.422322520992073347E+01
 0.442332212529495994E+01
 0.371333323330379161E+00
 0.177105667876528178E+00
 0.221683579918816376E+01
 0.107883318549958807E+01
 0.564870808440546379E+00
 0.308712719985374140E+00
 0.123120755344989252E+01
 0.418515521994071771E+00
-0.969415392586741032E-01
-0.549620502245701179E-01
 0.981872021176060650E+00
-0.364337898967067697E+00
 0.187941023762157128E+00
 0.128926512543938304E+00
 0.743984810737039148E+00
 0.161637869978785098E+00
 0.251320248253034617E+00
 0.230469641473203701E+00
 0.444916541771605445E+00
-0.234879748569423064E+00
 0.205333619747698232E+00
 0.231399312354182957E+00
 0.689123516761203092E+00
 0.443736916532627812E+00
 0.334513109885407500E+00
 0.464462706650588697E+00
 0.242306814492125849E+00
 0.155188764407407365E-01
 0.400170506102874746E+00
 0.671097968119648947E+00
 0.928962677634464717E+00
 0.474619411585968487E+00
 0.477673450479613348E+00
 0.873318668994916503E+00
 0.222384914490416241E+01
 0.129880320550417139E+01
 0.942322576216377827E+00
 0.223817468927354923E+01
 0.108517604834668391E+01
 0.117657780687108282E+01
 0.305327831776458503E+01
 0.152409238080000287E+01
-0.251124090403559963E+01
 0.173466592712573120E+01
-0.159184250535350813E+01
-0.516627183649028598E+00
 0.953484486570853274E+00
 0.906975245182133349E+00
 0.569551922455310278E+00
 0.242798037862387905E+00
-0.241783377310251735E+00
-0.430485720106126790E+00
 0.132317407732710446E+00
 0.673478480511220112E-01
 0.303998778936318881E+00
 0.725864455762446070E-01
 0.700220707435656869E-01
 0.494221110980198747E-01
 0.168891533003315303E+00
 0.908021304513071531E-01
 0.319131585937841994E-01
 0.282048814740100580E-01
 0.159782098826622310E+00
 0.127612654076631304E+00
 0.239260284741058538E-01
 0.245857999212727371E-01
 0.160300912658337319E+00
 0.144463406756383306E+00
 0.480478595919032192E-01
 0.614338341086003645E-01
 0.134780400795914940E+00
 0.922869912848922058E-01
 0.635677329886013137E-01
 0.881997368696566114E-01
 0.157585382499588367E+00
 0.249771430315139126E+00
 0.880567818211618475E-01
 0.151363254499847555E+00
 0.393639156965561121E+00
-0.206359775389319822E+00
 0.153833708324374624E+00
 0.343625998605618488E+00
 0.988152368176631435E+00
 0.574184166525432138E+00
 0.102283456142866802E+01
