     33 -    30 -    30 -     1 
rmse=  18.2058meV
  1.962367289903833E-002
  0.123216557972384     
 -0.383111573325450     
 -9.928976642599974E-002
  0.265114539409849     
  5.552426881315696E-002
  0.106676211193561     
  9.272978084257003E-002
  0.247587670075589     
 -9.180012458044283E-002
  0.145776750950686     
 -8.494461495078648E-002
  0.692235746154301     
 -0.280144306446430     
 -6.992374730046570E-002
 -0.168761078144640     
 -6.403579168706584E-002
  0.112431386319374     
 -0.101050493708231     
  0.227426544976546     
  9.015552705218317E-002
 -0.102177556165262     
 -0.149772352752875     
  0.131545722270680     
  0.377608459712727     
  0.172740609445761     
 -5.773931988244491E-002
  0.262288628726039     
  5.777920689141175E-002
 -4.177834057330202E-002
 -0.322831110722945     
 -2.629703404021251E-002
  0.166593872173099     
  0.411095900675069     
  0.194294730214980     
  0.368619882119478     
  6.832863400630813E-002
 -0.160323435472679     
  0.313313755978123     
  0.328500713219611     
  2.889539691076732E-002
 -5.460916123584302E-002
  0.119058417037809     
 -0.129146398224406     
 -0.114850748102030     
  0.158996131933210     
  0.131583337645293     
 -0.195704138556656     
  5.004444284273121E-002
 -0.310094162535851     
  0.202834457383290     
 -0.231350506494718     
 -8.291269805377824E-002
  3.009557665625418E-002
 -5.517002879748543E-002
  0.270991557564825     
 -0.352737117108764     
 -4.321325023735634E-002
  0.128110447580812     
 -0.119147686892082     
 -0.155488103014495     
  1.593727984088025E-002
 -0.100327048283246     
  7.629484003581918E-002
  0.364567363014344     
 -0.223406673686581     
  0.402751615274959     
 -0.334639341291280     
 -0.134711169767739     
 -0.137974203481226     
 -0.282347197991272     
  0.203291810007278     
  5.949892610692739E-002
 -3.666167716163884E-002
 -0.166231981856890     
 -0.122204836560430     
 -0.112929232955290     
  2.314523635374340E-002
 -7.489562127224700E-002
 -3.593701230248599E-002
  0.248892104554278     
  1.162331480346670E-002
  0.213835585310265     
 -0.385377693105729     
 -9.650733533427212E-002
  0.163244174321580     
 -0.123759652565347     
 -0.110609582822958     
 -4.398809003596042E-002
  0.194980508627499     
 -0.262479915596352     
  1.886420452623272E-002
 -0.157286573810356     
  9.441515063370251E-002
 -1.450686576072893E-002
  0.419343294410973     
 -3.725591545167893E-002
 -9.507622702945948E-002
  0.211688010545621     
  0.113775404235618     
  0.416377177498325     
  8.814062607585083E-002
  0.190831147186407     
  0.327902668421781     
  2.281175145176787E-002
  0.172688028418853     
 -0.151871427483598     
  0.110449056517206     
  0.122907906383164     
  0.207817144122707     
  0.291264979134958     
 -4.487095685917055E-003
  0.296808326870736     
  0.294058646385268     
 -6.305096277018188E-002
  6.182569601156056E-002
 -1.949961579126035E-002
 -0.254501578026316     
  0.127076746548629     
  0.109046603107519     
 -0.142731809438201     
 -0.104922886051974     
  4.889252236440696E-002
  6.062109546505640E-002
 -1.529029450950888E-003
  4.299386200293464E-002
  9.591434577220590E-004
  1.398786032036517E-002
  0.285642520335507     
 -0.114867386907915     
  0.152367539438611     
  6.104608705460936E-002
 -0.322351538562880     
  0.121036561359080     
 -5.289502833151588E-002
 -5.937705417748444E-002
  7.060483135851031E-002
 -9.257138484944896E-002
  7.983230429144297E-002
  7.098505397759354E-002
 -9.562557493219952E-003
 -3.504737465256344E-002
 -0.104869747204375     
  0.200413596086329     
  0.232951932466805     
  4.414980746131401E-002
 -2.653454019704048E-002
 -0.115724082496787     
  0.182842311523604     
  6.255844649107617E-002
  6.326514075602281E-002
  0.364570059972208     
  4.547512358181399E-002
 -0.234489073546055     
 -9.313207324950317E-003
 -0.164102679478851     
  0.545868925973684     
 -8.534463244162550E-003
 -0.186678740322831     
  0.128936201657759     
 -4.263798729844532E-002
  9.052157420275482E-002
 -0.103040592081970     
  0.214730488290963     
  0.199936728260643     
  4.887538084854499E-002
 -4.340758820092493E-002
  2.828826919953891E-002
 -7.444148681507992E-002
 -0.215567446913641     
 -0.127765245711866     
 -0.535495882203507     
 -0.135850789851679     
 -0.204177362372820     
 -0.424241778602591     
 -0.401701039853325     
 -0.172845513314656     
 -9.667316023700001E-002
 -0.254820461606760     
 -0.583174567985156     
 -0.164982170164011     
  0.202657714382074     
  0.190141078546770     
  0.286400309323302     
  0.307648438690040     
  0.145800270222114     
 -3.190056960910324E-002
  0.175789219719508     
  0.126971258657345     
  0.135600707369728     
  0.128525882080839     
  4.224895709490303E-002
  0.147735284181134     
  6.059536791417613E-002
  0.141278591024416     
  9.829405575374614E-002
  0.153488044922074     
 -6.956422745370094E-002
 -0.166764498273520     
  0.148946505663658     
 -0.577751731794910     
 -9.192915219802340E-002
 -0.125358375196567     
 -4.121554554649846E-002
 -0.151908703043070     
  0.181674823956058     
 -4.127989028624463E-002
  6.811317907723621E-002
  9.520207334147327E-003
  0.194730295987403     
 -2.951264021854139E-002
 -3.851996702161274E-002
  6.194208566416298E-002
  0.290373947191236     
 -0.184612333326435     
  0.373625129350776     
  0.126971625983631     
 -0.218530462049252     
  0.234282116721587     
  0.206023964991046     
 -1.777079212500518E-002
  0.277292873503069     
 -1.389555365098818E-002
 -0.159256856007269     
  0.215997841842841     
 -0.276913783662494     
  4.113515198673751E-002
 -5.512876774063258E-002
 -0.222621391124538     
 -2.644800421932083E-002
 -0.208649997218361     
  0.109633205461697     
 -0.369816147739565     
  0.202017194722127     
  0.248517225215555     
 -0.132690998576419     
  3.194301397787461E-002
  9.456414956849575E-002
  0.236186339468556     
 -0.239750209603671     
 -0.124554912829612     
  8.843652675018132E-002
 -0.232800602702381     
 -0.130325994817685     
  2.289139273654800E-002
  0.254933149555118     
 -0.134719805725365     
  0.242884650160801     
 -9.939584887771977E-002
 -0.190792128271957     
 -8.745248292333298E-002
  0.180670110783076     
  0.192476648201952     
 -0.290414894391646     
 -7.697411878679142E-003
 -0.360818263016879     
  0.357773138001679     
 -0.177416211808860     
 -0.214147060498118     
  0.103352077244831     
  5.371177368822222E-002
  9.367189653954973E-002
  0.320923344772185     
 -7.678191522351839E-002
 -3.427516975524376E-002
  0.221457000585226     
  0.203110440378745     
 -0.310913652724056     
 -0.402843727566260     
  0.229653360244885     
  0.147560430640821     
 -2.921702596631608E-002
 -0.105196318679746     
  1.348945192800036E-003
 -2.882517951849749E-002
 -6.634926937120132E-002
  0.362148196713257     
 -0.147882657615261     
  0.119053787227792     
 -0.132957869233013     
  2.279146679383829E-002
 -0.182506298247689     
 -0.271940780416716     
  0.161011823642568     
 -2.487580638653846E-002
  8.781286114722929E-002
  1.682020579427602E-002
  0.236189423925257     
 -0.469283807682106     
 -0.102796671373696     
  2.498843594878807E-003
  0.222256983243964     
 -1.961460699316171E-002
 -0.188179020056180     
 -0.319485447342649     
 -0.152115340183607     
  0.284789997838895     
  0.236216137776295     
  8.116078303782225E-002
  7.976553797427202E-002
 -8.564376385620217E-003
  0.236493113973387     
  6.794155448793820E-002
 -0.419724742083361     
 -0.267291502909607     
 -5.214820800683211E-002
  4.422848266195101E-002
  0.243255315821238     
 -0.428882934716061     
  0.198272540952068     
  5.730919698629127E-002
  0.161605873956109     
 -1.632682133525270E-002
 -3.772444291101806E-002
  0.325418414159805     
  5.229085453116816E-002
 -5.762790055598794E-002
 -0.242232092351478     
 -0.108521966375744     
  0.459161691018645     
  0.143868159313911     
  0.103375151431719     
 -0.258986476440485     
 -0.192286101248383     
  0.209151250549902     
 -0.180094080441359     
 -0.236341043475010     
 -7.764189786437577E-003
 -0.104262790336155     
 -0.150918490758876     
 -0.456958745687446     
 -0.223665630189519     
  0.186177026410174     
  0.437093414552507     
  0.240079960366775     
  0.314643394783444     
 -0.416869083143262     
  0.122038051049352     
 -6.478773941492665E-002
  0.239190250874387     
  0.236883186457312     
 -8.312842463139205E-003
  0.104274243327979     
  8.160702917485559E-002
 -2.008948077597841E-002
 -0.423341109679034     
  0.215352631925012     
  0.113763649783985     
  2.961136757969078E-002
 -9.046968079562981E-002
 -4.745236297820688E-002
  0.118009337915370     
 -7.117317717564861E-002
 -0.320209960182282     
  0.211901854914957     
 -1.455400159758418E-002
 -6.791550856677829E-002
  0.218143287616943     
 -8.421396628977817E-002
  8.441448542818143E-002
 -3.137800697515427E-002
 -6.557630576834075E-002
 -0.268879053574446     
 -9.136814397140409E-002
  0.209351673804463     
  0.404937825092424     
 -0.100222092439724     
 -7.853958372656548E-002
 -0.362225155775040     
 -0.284930249047962     
  0.102184675331283     
 -0.160484833601546     
 -1.975111633430037E-002
  2.324314978985785E-002
 -0.229381998970815     
  4.995304785437980E-002
  4.125403559709918E-002
 -4.557461685618236E-002
  0.190351819041638     
 -0.136079819189649     
 -4.717369979311103E-002
  0.208885584975176     
 -0.412897272532794     
  3.647123124124817E-002
  0.560123161834204     
  8.459907612159472E-002
  0.140125094631984     
  6.692495562164733E-002
 -0.172574553700237     
  0.497361319298522     
  5.416623647655211E-002
 -0.243244832376027     
  0.129007014121173     
 -7.306075262750852E-002
 -0.280938606306867     
  5.418872105414014E-002
 -1.047480166128907E-002
 -0.122516820768453     
  0.578815656526965     
 -6.268673617807274E-002
 -4.965099376048820E-002
  1.942886039116400E-002
 -0.496681297655461     
  4.481692197897121E-002
  0.238622631476071     
  2.900375686548676E-002
  0.164404259464459     
 -0.369664458531698     
  0.293044539363547     
 -1.885372685299828E-002
  0.318729986171018     
 -0.105077864169463     
 -0.171677152002827     
  4.727182569454418E-002
  0.296469917403209     
 -0.325087361215530     
 -0.218296789025446     
  0.314774110368176     
 -0.164748116669337     
 -0.384700407112899     
  0.381534996196856     
 -0.155900589733005     
  8.057905136172648E-002
  0.167806682414468     
  0.192759136190373     
  0.156568557031288     
 -0.131936659386779     
  0.120248103409908     
 -0.412689616014525     
  0.465078242499349     
 -7.436945959908767E-002
 -0.115815591610325     
 -0.303480866941189     
  0.169497706928681     
 -0.227340964643566     
 -0.318351678938312     
  7.533637780146603E-002
  0.219544734048082     
  0.164845075712056     
  0.293793650722849     
  0.111084168897900     
 -0.515503264676636     
 -0.289247987254080     
 -0.127500037596052     
  4.450447968198753E-002
  4.856919856838575E-003
  0.136725281541349     
 -5.336207500791953E-002
 -0.151709864046411     
  9.174951705521908E-002
  3.170376723271816E-002
  0.158701506561946     
 -3.354255722279388E-002
  0.112239920258555     
  9.137602921925335E-002
  0.117687309205131     
 -0.109933377122113     
 -3.537477924037895E-002
 -0.262406682817074     
  0.171691470772014     
 -8.688937365501587E-002
 -0.195882043764795     
  2.004214926501874E-002
 -9.393091917330505E-002
  4.758686153891416E-002
 -0.215714717633245     
 -0.113916966366495     
 -0.171314339931514     
 -0.202157219818203     
 -0.164127494519723     
  4.722028118855009E-002
  0.126656734434379     
 -0.207244386694778     
  0.159577672256211     
 -0.122962535618694     
 -1.728381762530483E-002
  0.492946222107302     
 -0.115930160185107     
  1.651907898981237E-002
 -0.403225453715266     
 -0.308885286539731     
  7.086969592073807E-002
 -7.122601808302596E-002
 -0.202196097791187     
  0.211378978906320     
  0.561101788326145     
 -7.437780396480879E-002
  0.169810027241141     
  2.848273422437986E-003
  0.228185096613952     
  6.255860758661998E-002
 -5.284826254340581E-002
  8.414999079573231E-002
  0.131571294594892     
 -4.963556875789260E-002
 -0.175165714552244     
  6.638994096359876E-002
 -1.489842462579262E-002
  0.108724269645849     
  0.201570010362852     
  0.254623326436954     
  0.161951061365353     
 -4.505803376615730E-002
  8.509238816803116E-002
  0.177112864849140     
  9.216826406924526E-002
 -0.118819479608556     
  0.170582296854785     
 -0.129612785084905     
 -0.195106984047313     
 -1.396607243059556E-002
 -0.355404403097212     
 -6.420318535148756E-003
 -0.280920548361142     
 -0.161397403606457     
 -0.356206094449907     
  7.220991161403113E-002
  0.359476224680109     
  0.298999837023124     
  8.935663042249508E-003
 -0.223070301915314     
  0.243532617889090     
 -0.109722289915298     
  0.313206822951916     
  0.229848874806413     
  8.187662093513515E-002
 -0.121215797353154     
 -0.202749436201581     
  0.567056495403019     
  7.798118856282296E-002
  0.388328105931966     
  7.430626263299582E-002
 -0.148765896502936     
  0.157521639301608     
  5.168914010184771E-002
 -4.727736953732507E-002
 -2.779800591896086E-002
 -0.244193349132117     
  1.016396309832421E-002
 -0.311422043197467     
  0.268928784813660     
 -0.132033611104934     
 -7.698836805009514E-002
  3.418143839612271E-002
  6.840330045111001E-002
  2.873075446123879E-002
  0.217612936780100     
  4.188729130668176E-002
  0.129219204333567     
  1.728177301670884E-002
 -0.202642863776932     
  9.109783130873336E-002
  0.242171677358747     
 -0.241872875089503     
  5.270188605902017E-004
 -0.192073679405033     
  0.187086714778368     
  0.167603477695732     
 -0.256613607050678     
 -0.271657815651342     
  0.162173497557838     
  5.430438517185753E-002
  0.142681274682774     
  0.204624051920702     
 -0.142095687271529     
  0.184187620992434     
  0.207598003250667     
  3.607821252542246E-003
  0.157642190522563     
 -0.210305203610061     
 -5.371476070700571E-003
 -0.157875290680524     
  0.298463073497100     
 -0.171889204463288     
 -9.361046281664016E-002
  0.244809804748706     
  0.205565772706356     
  0.176979870271955     
 -0.175431819843221     
 -2.065864626776168E-002
  0.268524672907398     
 -1.365183427797207E-002
 -4.258720646750435E-002
  0.103554792471751     
 -4.927999621366279E-002
  0.133720918008869     
  0.531345594575165     
  8.770366963902099E-003
 -0.326796700989820     
 -0.354453596497795     
 -1.024887289282752E-002
 -0.226106460903761     
  8.962085185572946E-002
 -0.174965754798259     
 -0.227369392184324     
 -0.183868241018931     
  0.229022674577370     
  0.245978607786229     
 -0.101652357274449     
 -0.246560658430379     
  2.568792724297120E-002
  0.236426821988830     
  0.146422534079388     
  0.142173476912455     
  0.102510469573237     
  0.291640166503750     
 -2.225294486967177E-002
  7.899203786985984E-002
 -0.135168500951933     
  0.368834283262905     
 -6.132510691229666E-002
  0.109654001636344     
 -0.148937250393094     
  4.843598400285503E-002
  0.137742760246668     
 -0.142457087609106     
 -0.193917775666548     
 -3.104018730206741E-002
  0.270554361859893     
 -3.649690845489613E-002
 -0.399550038649779     
  0.169291629665563     
 -5.896221412843866E-002
  7.567398799312020E-002
  0.205371725546530     
 -2.104820705145983E-002
  9.901963744923459E-002
 -0.199548318400303     
 -0.367377602562782     
 -0.277076173108759     
  0.234774036928187     
 -0.150051662605831     
 -0.204219395776959     
 -0.330796529691711     
  5.010155843267657E-002
  0.144669462939388     
  0.122717817373384     
  4.800386821616136E-002
  0.467212160640051     
  0.152563547056630     
  0.382162151558637     
  0.729650907574325     
  7.595531530820390E-002
 -0.305838160131099     
  0.157625862033680     
  0.247746498404489     
  9.618288020885378E-002
 -0.112064484698583     
  0.127646170137302     
 -0.153956374852038     
  0.365229731765003     
  2.079582137915251E-002
 -0.124737744066744     
  6.654021505081750E-002
 -0.302586192281547     
  0.299535954828401     
  8.161761793077860E-002
 -0.319157190405407     
  8.991768857133861E-002
  8.590647124445337E-002
 -0.198209183692664     
 -0.250586366032434     
  9.647224586597114E-002
  0.706720081074624     
  0.247204801401718     
  8.900002395382746E-002
 -0.145317603207956     
  9.935602403176957E-002
  6.410909456355376E-002
  2.541531132883598E-002
  0.116685990520335     
  7.557265672152718E-003
 -8.510144581327860E-002
  0.348488033265341     
  0.506243744335270     
 -0.249905252872628     
  8.647251940257986E-002
  4.755495418762089E-002
  0.145852730164595     
  0.295162609937134     
 -6.913528087520780E-002
 -0.151076550508247     
 -0.239458932931719     
 -0.153838388012482     
  0.329159755532979     
  1.316069246665106E-002
 -0.164093533369729     
 -0.270835583108172     
 -1.950581311282540E-002
  7.269976263726052E-002
  0.125784317932645     
 -0.200557049131549     
 -2.428963187759873E-002
 -0.139988239520274     
 -0.161886025966783     
 -0.436281897463053     
  2.750447251153172E-002
 -2.124678825975232E-002
 -0.183466085790603     
  7.951816453028251E-003
 -3.789062403503572E-002
 -0.320435213407481     
 -0.342970442931134     
 -2.283327808957515E-002
  1.949295796572642E-002
  3.546000479793777E-002
  0.367743036971754     
  0.183622632756563     
 -0.252622237829837     
 -1.390518015945535E-002
 -0.156397940280149     
  3.910405827045286E-002
 -7.360043394303249E-002
 -5.104179333458537E-002
 -0.116355794944417     
 -0.200081575364016     
 -0.410963972959430     
  0.154609355628857     
 -0.119750194142108     
 -0.261231895155110     
 -0.222442333304913     
 -6.186805070310390E-002
  7.734834405799658E-002
  0.112728583282190     
  0.261133622934889     
 -0.142649031819709     
  0.331800787006992     
 -0.134888708446588     
 -0.510284604365363     
 -3.666765819137651E-002
 -0.116355530541910     
 -3.008354835590609E-002
  2.717042398012462E-002
 -0.130869837983646     
  8.942721066171616E-002
  4.362412976391326E-002
  0.138407645979604     
  0.288884403063041     
 -0.166920110356314     
  2.400552556784119E-002
  4.058509827412225E-002
  4.169155399558103E-003
  9.351272172227905E-002
 -0.172465758176944     
  0.145855529515547     
 -0.250408737525287     
 -0.242105005551929     
 -7.774153072595578E-003
 -0.256279759270119     
 -3.572458401968541E-002
 -8.971054056388501E-002
 -0.253811770329835     
 -0.104570153563038     
 -0.151686394545023     
  0.296610017394345     
  0.235395073473299     
 -8.414462433281410E-002
  8.447735561808126E-002
 -0.185841931151817     
 -0.205374289908496     
  0.279801890307137     
  0.371861477587202     
  0.264882541290785     
  0.109071491279516     
  0.330312097823359     
 -0.137360055541574     
  6.006689127685624E-002
 -8.993846196203940E-002
 -0.327591981635632     
  4.677878516943027E-002
  0.223015510290246     
  7.426305255978555E-002
 -2.446946698280596E-002
 -0.381631845171674     
 -9.068637181015266E-002
  3.781446569926438E-002
  0.125908379198259     
  0.123385937146114     
  9.717293585028927E-002
  0.177311887405448     
 -0.243747805345942     
 -0.630381832220128     
 -0.105967174545256     
 -0.278656699304973     
  0.119380674653353     
 -0.320334427289435     
  5.874201857491866E-003
 -0.172825666029516     
  0.211755525271990     
 -0.108358299239501     
  1.098613580444238E-002
  0.146898703726729     
  0.105162390508870     
  0.157760386075223     
 -0.192920674021442     
 -8.992215382333617E-002
  0.344835050992943     
 -1.492512575519927E-002
  0.241113204821875     
  2.979680921191270E-002
  8.066283319171821E-002
 -0.192797612987963     
  0.198561551870024     
 -0.422275959816336     
 -7.272758766111577E-002
  0.313446490978686     
  0.150702881752483     
  0.197165079691596     
  7.284617721128318E-002
 -0.209710838655320     
  0.181899638738806     
  4.974189172135931E-002
 -0.228771449265731     
 -7.403420120641678E-002
 -7.589182199078080E-002
  2.480372115891671E-002
 -0.216323707108909     
 -9.188401397991217E-002
  0.113781504613727     
 -2.219362573455271E-002
 -0.123191910054047     
  0.134575706472723     
 -0.156844665038704     
  7.655332256103282E-002
  0.264866822314798     
  0.214115055457633     
  0.359922090159494     
 -0.105220121211135     
  0.104125313058656     
  0.591798333260468     
 -5.588007054333430E-002
  3.580089737009980E-002
 -0.564975377534307     
  0.141384260522075     
 -0.262483812762515     
  0.165406238256765     
 -0.312894010480835     
  0.129739572160506     
  0.253824799443484     
 -0.283282879696763     
  0.262914615274351     
 -0.330988794169550     
 -9.464376263457878E-002
  0.310522476007670     
 -0.222009705166549     
  0.198721458291719     
 -0.251281162500864     
  7.599253942154527E-002
 -1.794852347288231E-002
  2.959368314274938E-003
 -0.293916276163460     
  0.110518557379315     
 -5.819204679926132E-002
  2.020877576139651E-002
 -0.228620989366528     
  0.274431762719129     
 -0.135946512617425     
  0.115265109991640     
 -0.264570443267718     
 -0.205220160783250     
  7.519761247262030E-002
 -6.082548949059251E-002
 -0.135527986366275     
  0.176337220516179     
  0.156486556328078     
  8.535446885912540E-002
 -0.256931956516510     
 -4.849337089805889E-002
 -0.270705746386784     
  0.107436767892596     
  0.133449042752722     
 -0.104435174147620     
 -0.177581568536964     
 -5.730970847140766E-002
  0.209575345096649     
 -0.171904597418013     
 -4.707446081635856E-002
  0.191963196913967     
  2.461598648092742E-004
 -0.169967360198599     
  0.121001778984667     
  0.200689079054214     
 -9.576025400040059E-002
 -0.382745685882044     
 -1.417077928471774E-002
 -0.136173060570195     
 -8.163255768245699E-002
 -6.530214418754657E-002
  0.354711653309704     
  0.256206349047617     
  0.262925034030216     
 -2.747018308815235E-002
 -7.637059549187047E-002
  3.085369959351801E-002
  0.298233045857517     
  6.148517475966615E-002
  6.075981143201493E-002
  0.398155005823872     
 -5.627199950039358E-002
  0.191737788393850     
  0.265961637179949     
  0.131379735401320     
 -0.523176041183322     
 -7.081655788786406E-002
  2.133700190257639E-002
  0.419918064008035     
  0.302049850959104     
  0.135308931792686     
 -0.182280104033036     
  0.135728123356244     
  0.111082387445067     
  6.434563229572776E-003
 -0.278070384762094     
  0.191913969838446     
  0.166411301331142     
  2.186339444353297E-002
 -0.295303461178662     
 -0.114271083449464     
 -0.397399964952292     
 -9.731158713649066E-002
  0.135680972637750     
  6.070980007412760E-003
  8.149929588306848E-002
  0.276979778172263     
 -0.162208877232850     
 -2.962837674240057E-002
 -0.232340192957731     
  1.558310377708897E-003
 -0.194387346530301     
 -6.684198145392897E-002
  8.182988896782444E-003
  0.171975257951751     
  9.603381100716689E-002
 -2.768085089270173E-002
  0.175176083418489     
  3.931112532600563E-002
  6.441554391699307E-003
 -9.468919948184117E-002
 -6.358592009588274E-002
 -0.174278235420206     
 -9.443428277361848E-002
 -9.172116033490467E-002
 -9.136472557782192E-002
 -0.178722022499626     
  5.154458251968793E-002
 -5.220117267007771E-002
 -0.150868858598353     
 -0.363867786033977     
 -0.210310422479629     
 -0.334543024930689     
  7.528705144684970E-002
 -0.117872596478256     
 -4.687733381867937E-002
  0.171379865477559     
  5.489933562346493E-002
 -8.569186405033517E-002
  0.307771114329735     
  0.205647262485911     
  0.137684521700697     
 -4.306963607548935E-002
  8.248166195895999E-002
  0.195465507953621     
  0.118315639743568     
  0.194952896373098     
  0.134960534794332     
 -5.980881334242277E-002
  0.162060703012656     
 -0.285336449490517     
 -0.149517470399019     
  4.936229273155297E-002
 -1.630429611599067E-002
  5.976401707913358E-002
  3.061332709494630E-002
  6.757009050770839E-003
  5.255405154555900E-002
  2.285124514138078E-002
  0.211245136408014     
  1.887840931973404E-002
  7.179882524384394E-002
  0.106118243986906     
  0.303765533416218     
  8.181302117721627E-003
  5.634811332544663E-003
  3.914680075770224E-002
  0.212347645716104     
  2.684841133673812E-002
  0.262223777898626     
  0.234931461240819     
  9.339901044971737E-002
  4.675064819877239E-002
 
  0.129646932021163     
 -0.183320181636333     
  9.911628599083433E-002
 -0.237553741025870     
 -0.322298600105884     
  0.386473668924516     
 -8.487803503327677E-003
  3.291087096828712E-002
 -0.174200625790507     
  0.195831654877435     
 -0.173285630640916     
  8.761425932953004E-002
  0.197444460411516     
  8.684769203734603E-002
  7.803750866641737E-002
 -0.446792711884189     
 -0.210026770403067     
  2.734069231652579E-002
  5.414710126706619E-002
  5.787866164484143E-002
 -9.756973597194210E-002
  0.161747061739604     
 -6.751357768765458E-002
  0.285699552557157     
  1.258087122694309E-002
 -7.142717650873695E-002
  6.430034744133231E-002
  6.177083363120052E-003
  0.215220921089243     
  0.362757565451844     
 
 -2.541574883107166E-002
 -9.607969463455969E-002
 -4.139977820187139E-002
 -0.182278806124779     
  3.100581136927929E-002
 -0.136516387589266     
 -0.126146211602305     
 -0.114152807966152     
  3.975212560580182E-002
 -6.372430980550151E-002
  9.251908742725004E-002
  0.262357199824461     
  0.264425501581928     
 -1.284483655039048E-002
 -7.413231558435474E-003
  0.134101117458653     
  0.248024676084690     
 -3.631041112702921E-002
 -7.653262321273688E-003
 -0.382098043603639     
  0.349574229962637     
  2.991360963812947E-002
  2.643055296821623E-002
  0.196700964756941     
 -0.247277681168365     
 -0.146615021181782     
  8.462667054528585E-002
  0.221205204561104     
 -0.303269911581185     
  1.471546662503379E-002
 -7.299448718398967E-002
  0.224095361010531     
 -9.839024740423344E-002
 -6.690632629208340E-004
 -4.472057780176284E-002
  3.054798869688880E-002
  0.212240777745005     
  0.338217816786271     
  1.663879207806781E-002
 -7.138374164755257E-002
 -9.406198630749202E-002
  0.157036761592283     
  0.360677124340863     
  3.342641563065084E-002
  2.624243869014103E-002
 -0.155810302224929     
 -0.188858698657748     
  0.199609145906420     
  0.118802914009169     
 -0.230248245632679     
  2.943169229376269E-003
 -3.509881752891242E-002
 -0.115997219829754     
 -0.245516331845738     
  0.106735787627266     
  3.025122205413135E-002
 -2.652650861888334E-002
  0.167865760748866     
  3.099221632321261E-002
  0.218137022575669     
  0.203460861591939     
  0.365872956333613     
 -0.193319045318059     
  0.131826013894913     
  0.191081245100726     
 -0.100746964136608     
  0.128562709240392     
 -0.269888133484645     
 -0.298583654335626     
 -0.239809218421908     
 -0.188328303822252     
  0.151651737448588     
 -0.153196085246031     
 -2.335582553640539E-003
 -0.166657806077670     
  9.531191266813506E-002
  0.265258838809491     
  0.290284907842409     
  0.435486355659071     
  2.551049841804297E-003
  0.447212733345418     
 -3.550252091535004E-002
 -0.210120790045003     
  0.184978039981734     
  0.155870693113191     
  0.412465411407104     
 -0.176168465339354     
  0.134932223500871     
  1.315392694726164E-002
  0.181010005036126     
  1.825032897927204E-002
  8.115150817868666E-002
 -5.115752299015019E-002
  0.174550815400887     
  6.484457127047795E-002
 -1.172192888728427E-002
  0.147892991282942     
 -5.111778219359966E-002
 -0.110195636925107     
 -2.358627523238380E-002
  4.707903895222208E-002
 -5.667853289621702E-002
  2.558073333426351E-002
  6.486680578218411E-002
  0.252425917528776     
  0.208800610433114     
  9.422931994319004E-004
  8.582745091103346E-002
 -9.431977642716438E-002
  0.174448875594728     
 -5.077961254392626E-002
  0.203936837647917     
 -1.405813107238070E-002
  0.164421846739316     
  0.217337831420974     
  8.275542708486106E-002
  0.166968755110273     
  8.750111278582087E-002
  7.137143907523351E-002
 -0.189329680046489     
 -0.311330097412846     
 -0.194076671880515     
  5.374154521200101E-002
 -0.146876371772218     
 -0.129279002578684     
  0.209941220957688     
  8.268458539913555E-002
  0.413171035911930     
  9.736392137609111E-002
 -0.370371858948815     
  2.020463326266471E-002
 -0.199920189919099     
 -0.136437931441451     
  0.149509898542706     
  0.401468200048837     
 -0.245001781083657     
  0.188961871947346     
  3.437933798818594E-003
 -0.105849252982593     
  0.137611091595053     
 -0.112942293303673     
  0.232791020874816     
  0.113464970940427     
 -2.853308823832323E-002
  3.356996028234562E-002
 -0.184377553371213     
 -0.237230674873029     
  0.117536909616955     
  2.445858015964541E-002
 -2.084929438010468E-002
  1.145691390853688E-002
  3.848241019724917E-002
 -0.135437324211345     
 -2.197265689662140E-002
 -6.235321106001601E-002
  8.055077113113703E-002
  3.059361375426079E-002
 -0.422950446865069     
 -0.297854665039557     
 -0.357579528523085     
 -2.488144683429096E-002
  0.250880159787875     
  6.398825523048549E-002
 -0.171573404170797     
  0.165380668351696     
 -0.182600800880810     
 -5.117109189711927E-003
  2.196681073644834E-003
  0.248184751246587     
  0.127679951375949     
  2.520304016929601E-002
  0.175547402394465     
  0.314704567382095     
  7.524072400511677E-003
  0.195071649317067     
 -9.846214362545580E-002
 -0.262580263220744     
 -0.259965754241200     
 -0.106900697316824     
 -0.102716973869117     
 -6.260615833494681E-004
 -0.111562464467225     
  0.366598589722250     
 -0.282462237690515     
 -0.368968740335124     
  0.402446597332815     
  1.860916604960676E-003
  0.242583797266624     
 -0.102775980915517     
  0.276560497343792     
 -2.461823059200424E-002
  0.155154483090217     
  4.249650434827458E-002
 -9.776386525224125E-002
  0.115415489335756     
 -0.242594962632464     
  2.341139447358154E-002
 -0.221027871975706     
  0.125076747929436     
  0.152267904770244     
  0.339080315950523     
  0.100117210524822     
  0.338871007496640     
  1.181300558674612E-003
 -0.201721544096972     
 -3.804754345887260E-002
  0.249158289448019     
 -0.328665847750054     
  0.233138535596538     
  0.165843186171669     
  0.260008177821614     
  0.140296243947270     
 -4.435077426883487E-002
  0.209714667392243     
  9.713102905151751E-002
 -0.277180583001808     
  0.277539442648849     
  8.307421741191147E-002
  0.231312584951194     
 -0.220738815388746     
  9.684208229183851E-002
  9.200013632478855E-002
  0.165843064984465     
 -8.569768922525829E-002
 -0.184276714286928     
 -9.501218501377609E-002
 -0.111662805954486     
 -2.706365991969775E-002
  0.109073553648041     
  8.074194407167664E-004
 -1.329940906369739E-003
  0.139407965511171     
  0.232594957461450     
 -0.161278118992354     
  0.202669137510057     
 -4.858698167526480E-002
  0.161674276933773     
  7.949117470561171E-002
  0.173808098518069     
  4.169900955400623E-002
 -0.288628952571572     
  0.180100119065496     
  0.223257143411693     
  0.124777114476369     
 -0.147203248914376     
  0.125418968669505     
 -0.241228723218057     
 -2.453874950714958E-002
  1.192233672211283E-002
 -7.820626870541693E-002
  0.165736010154271     
  6.185486093447296E-002
 -0.123449732470025     
 -0.351608836502254     
 -4.196272418319439E-004
  0.194624189493218     
  4.330308449830828E-002
 -0.343516444571038     
 -4.277974130854031E-002
 -7.051921873440960E-002
 -9.047075406700020E-002
  0.162543304052911     
 -0.161829065104117     
 -0.369994053310422     
  7.506285307877293E-003
  7.885681972201489E-002
 -0.173193044556423     
  3.408169333165652E-002
  0.114282860719201     
 -0.121338506036150     
 -0.117154962053087     
  0.143497024422368     
 -3.601671930763004E-002
  6.639199004975277E-002
  0.274514522362110     
  6.418459668670969E-002
 -0.292434402469832     
  0.158499985817494     
 -9.668393901898650E-003
  0.123957502573393     
 -0.178504034126781     
 -0.282168839353679     
 -3.491244137495873E-002
  6.970923037174147E-002
 -0.113006739652870     
  0.200149900220008     
 -0.161150508495095     
 -5.572814591319156E-002
  0.170312025433467     
  0.136616224176606     
 -7.676466826079508E-003
  0.228834399371898     
  3.895348340396842E-002
 -2.007720681764061E-002
  6.585758445138995E-002
 -7.054537782412593E-002
  2.368248846139402E-002
 -0.201245924170296     
 -0.242391436356739     
 -0.123813420739226     
 -0.278293771720610     
 -0.230321386525404     
  2.985450633248908E-002
 -4.079900588941698E-002
  0.296086041214888     
 -0.538770647385054     
  7.998396704311998E-002
 -2.709333159742554E-002
  6.028642953323748E-002
 -0.287141773807654     
 -0.380427400174869     
 -0.127256720785520     
 -1.744724748047012E-002
  0.178557649009103     
  7.992713976774789E-002
 -0.106126949500750     
 -0.515293791887113     
 -3.965912541453111E-002
 -0.186259253360377     
  7.641494308042542E-002
  2.778311884705727E-002
 -0.334661298248890     
 -0.182013683258549     
 -0.225126069101678     
 -0.162311244079345     
  0.115156683566954     
  8.006069980135168E-002
 -2.466223434316364E-002
  2.376186522960983E-002
 -0.129325854327804     
 -0.221152673756201     
  6.441654921354900E-002
  0.322375013534731     
 -0.419024213432598     
 -0.179935581572115     
  0.142323273714715     
 -8.619874138080141E-002
  5.589016292034766E-002
 -5.875295576967395E-002
  9.676785195291963E-002
  0.129365669686689     
 -0.251904924512969     
 -4.514893170525568E-002
  0.385475610478669     
 -0.149504327251400     
 -5.368795772000808E-003
 -0.262216279302587     
  0.293698924448413     
  0.101336807981337     
  4.399274232729919E-002
 -0.169134218258121     
  6.815386451099377E-002
 -2.874496861813646E-002
 -6.693921769078620E-002
  2.369640814764351E-002
 -2.250662836740224E-002
 -0.211574671317871     
 -0.157526816930194     
  0.270499214570454     
  1.956071178596953E-002
  2.216937238295658E-002
  8.540245734142132E-002
  0.233366693025203     
  0.436908691770975     
 -0.115425602500297     
 -0.160861162824635     
 -0.332683735923895     
  0.108604459755410     
  0.231485809919165     
 -0.172627584854536     
  9.827115022135496E-003
  1.556304184805253E-002
  5.373851058390387E-002
 -0.384956690205608     
  0.132218711576623     
 -0.213864557798054     
 -8.805813067852812E-002
  5.663624420118341E-002
  9.513881983426718E-002
  0.373515293846696     
 -0.205901851195541     
  5.676410673063208E-002
  0.182516487665559     
 -0.169343848251689     
  0.320894320282622     
  7.188738682746362E-002
 -0.225814869815031     
 -0.150627311238015     
  9.370214552178926E-003
 -0.178110305398898     
 -1.563575641205523E-002
  0.180949074327274     
  0.227421341122327     
 -0.164129031567273     
 -0.110940246924050     
 -0.346984563039036     
 -5.926581454582474E-002
  0.431903916382343     
 -0.143795162570896     
  0.150661434925447     
 -9.533379380107443E-002
  0.199964560183388     
 -0.135150071384390     
  0.299781741181737     
 -0.109411995495975     
 -0.183588165695922     
 -9.166225339124161E-002
  0.353739598169355     
 -7.499129402006714E-002
 -8.423926179464955E-002
  4.025157678162471E-002
  0.130401590393086     
 -0.186595236402367     
 -0.236181865724669     
 -7.638134087655128E-002
  0.199003336682683     
 -0.306939963289690     
 -0.153558710934823     
 -0.109675014878933     
 -0.220614892929624     
 -0.464505938488024     
 -0.211658061900125     
 -1.783651657175595E-002
 -0.253127745861980     
 -0.119518711090192     
  0.542198632050418     
  1.668897961573214E-002
 -8.504672654024836E-002
 -0.420749372206879     
  0.124023549828628     
 -0.200208354191670     
  0.294260913205814     
  0.149996898945898     
 -0.112476439223684     
  1.451492922987566E-002
  0.163669875534977     
  0.138449668593070     
 -0.121154528579555     
 -0.184612959513559     
  4.021357667010324E-002
 -2.635665251223277E-002
 -0.175411375946446     
  0.268809362168499     
 -8.733758181773593E-002
 -0.144399904663259     
  1.600698762185765E-002
 -0.224434014102735     
 -0.310761185143121     
 -0.322604007404285     
  0.296971932800298     
 -0.113235032355151     
  7.425272472409158E-002
  4.545142040597770E-002
  9.489688007377869E-002
 -3.478570182707114E-002
  0.153104479640497     
  7.914962381147959E-002
 -0.110896427758449     
 -8.254856456302467E-002
  4.239753154665857E-002
  0.235551532435839     
 -0.357461781809087     
 -7.679098039016776E-003
  0.179929245949997     
  0.275393067660439     
  0.160058330811531     
 -1.174933268327889E-002
 -0.100389807808377     
 -0.116294388050913     
 -4.563770806773883E-002
  0.208929725182229     
 -0.294100298686732     
 -6.284220198233695E-002
 -0.303337984250995     
 -7.702151950062884E-002
 -0.380270354845177     
  0.263376645488530     
 -0.135558419955346     
 -0.300089994989829     
  4.503427263762429E-003
 -0.219687206162855     
  0.445685379564568     
 -9.559694998270329E-002
 -0.171114617411486     
  0.238847248065955     
  0.357834005401337     
 -0.180075525779433     
  2.880725351923454E-002
  0.163970473952132     
  0.114409134095674     
 -7.842913870561642E-002
 -0.303165300622133     
 -0.153308305451170     
  7.376552630935042E-003
  0.197805467267447     
  3.160911762912453E-002
 -2.282298153409446E-002
  4.918218545937354E-002
 -0.162696920635322     
 -9.946996094439017E-002
  6.082765396217457E-002
  0.226854610783257     
  0.155334660699068     
 -0.198483541413751     
 -9.525267990947076E-002
  0.204721037383864     
  0.207788021524640     
 -0.242276333088378     
  0.279911934903558     
 -0.137089474634239     
  0.349005986661584     
  0.149981466637740     
  0.368789050694563     
  7.747802235463890E-002
  0.274636967017958     
 -3.236400865712703E-002
 -0.214461388215387     
  0.239203892380275     
  8.317560323826109E-002
 -0.110695477065080     
 -7.123883022665835E-002
  0.174068907819864     
  0.168810325982418     
 -0.252593382775445     
  0.288750344044880     
 -0.218418078564177     
  0.196148793742664     
  3.217466114741464E-002
 -0.172298766864651     
 -9.408653317239001E-002
  8.867730996636901E-002
  0.168892022154517     
  4.573757285996835E-004
 -0.114593222296358     
 -0.125466948663902     
  0.102319109307178     
  0.141751762337121     
 -0.181420457894377     
 -0.168713638055490     
  5.791367950203098E-002
 -3.346183089213825E-002
 -3.709380889494668E-003
  3.327331581397529E-002
 -9.321515680348098E-002
  0.285656667167585     
 -7.568579489432918E-002
  6.258737974059618E-002
 -3.721850263178089E-002
 -9.587653676827955E-004
 -0.113635720416441     
  0.110086126137051     
 -2.263595851065530E-002
 -0.242168670570093     
 -0.293013339661731     
 -0.173525862520864     
 -0.214031883184247     
 -0.195223602245627     
  0.440713246643359     
 -2.628072102215362E-002
  7.833038517094229E-002
  9.791175844891956E-002
 -7.229070813388760E-002
 -2.694187898078107E-002
 -0.428755527292389     
 -1.987690258853212E-003
 -0.129934540722795     
 -0.261083640957604     
  5.069999113261200E-002
  9.844826522056767E-002
 -0.115027198826326     
  5.808742655194040E-002
  1.350806541053403E-002
  0.128907667632526     
  5.138827887232269E-002
  0.119278576854125     
  0.152754245311301     
  0.279531457240947     
 -0.107759933317906     
 -0.137358157843433     
 -0.289822208406550     
 -1.420151581392205E-002
 -0.197195089491411     
 -0.206989850493904     
 -0.126049682727598     
  7.666704512077245E-002
 -0.263719341682241     
 -0.106938062962966     
 -6.836366855144319E-002
 -2.377049468687615E-002
  0.119900158723412     
 -0.119309980661195     
 -4.822742035085867E-002
 -0.198932935533137     
 -1.552663803676819E-002
  0.201399269584869     
  0.143522498511752     
 -0.101540498102905     
  0.236481621051580     
 -0.156401573767351     
  0.101318210091343     
 -0.212442481157160     
  0.362965861001162     
 -3.624436126270675E-002
  7.761606375236234E-002
 -9.864347657273019E-002
 -0.192594546900302     
  0.504570392040757     
 -0.256121822481480     
  0.333095673388242     
  7.593805645106141E-002
  0.336970265663524     
  0.229909063477708     
  8.883964628398439E-002
  0.186391315775622     
 -0.248209167550205     
 -4.446140988802905E-002
  0.127460692201749     
 -0.200333069229948     
 -0.159672728834149     
  0.192768575581185     
  0.250866019674033     
  0.266695070008944     
  0.139253740885730     
 -0.297281102891708     
  7.560098700611922E-002
  0.161389920307447     
 -0.333199247237229     
 -0.181351537933531     
  0.142968157114611     
  8.669573941615641E-002
  0.329772577886794     
  0.350554424704216     
  0.339390296925211     
  0.231818241979012     
 -4.002744608636856E-002
 -9.668918906876608E-002
  3.262956101303244E-002
  4.966108100747074E-002
 -6.158554484529490E-002
 -5.342685307934223E-003
  0.290090432385378     
  0.300727624367926     
 -0.448877791317480     
 -0.310854788229539     
 -0.177504626392539     
  8.833244792832699E-002
  0.355940779206689     
 -2.667999462928387E-002
 -0.227025385428168     
  5.642811457841980E-002
  3.399823044406498E-002
 -0.102474820068225     
 -0.353261797291018     
  0.476774970634534     
 -0.148300040577160     
  9.379804174946051E-002
  0.175621063698932     
  0.166831985442139     
 -0.554701170426002     
 -4.835773778188836E-002
 -2.524505245323499E-003
  9.661949798799262E-002
 -0.206482197379800     
  1.880395691529375E-002
  0.224089869902379     
 -6.051423126561951E-002
  0.271101271171703     
  2.239219248150525E-002
 -3.693597346160431E-003
 -0.100160745397862     
 -0.195254962696276     
  9.955263643512338E-002
 -0.147438934890257     
  4.132236928590599E-002
 -0.219563798741551     
 -2.317284728329178E-002
  1.900720684366182E-002
  6.916171335859556E-002
 -8.370568608666587E-002
  0.115309745251032     
 -8.824565727058968E-002
  1.922562902917861E-002
  0.120929833110537     
  0.153806699435389     
 -0.103522349992895     
  0.697193476282042     
 -0.285499383435367     
  9.043740236420632E-002
 -8.560736632885341E-002
  3.006281540403893E-002
  1.572465453885351E-002
  1.093206505963236E-002
  0.258490644039613     
 -1.878814395845191E-003
  9.766919827112699E-002
 -5.710605091264856E-002
  0.231942407763306     
 -9.856629880255739E-002
 -6.076446591443353E-002
 -0.367332350714948     
  0.189566280760706     
 -0.392790960022049     
 -0.241818429309150     
  3.739778722633503E-002
 -2.136695733874701E-002
  6.405917201771751E-002
 -0.179205838941478     
 -3.269113106823948E-004
 -0.227594428780121     
 -0.236510064024590     
 -2.422759561973253E-002
 -0.113308663722210     
  0.266953657443381     
 -0.157575332615904     
  0.162036665649912     
  0.189791731534360     
  0.257985279726263     
 -9.696426478741318E-002
  0.221059676827071     
 -0.142956297988254     
 -2.343936253013030E-002
  2.177335993785211E-003
  3.919002228098848E-002
 -0.219291425784000     
  1.577227903664202E-002
 -0.401289227475417     
 -2.706712502736595E-003
 -0.165872426413314     
  0.173428237590977     
 -0.287219148591241     
  0.190798765278861     
  0.236281064673003     
  7.083938424703100E-002
 -0.426534359424715     
  0.151685695888993     
  0.178752335746217     
 -3.351453647586917E-002
 -0.102885694603546     
  2.189737381957302E-002
  0.254645516206064     
 -0.307937009332230     
 -0.204004718026977     
  0.112841176759969     
  0.241599005424565     
 -0.183180302119844     
  0.289813462873542     
  5.712954419979649E-002
 -0.109812519099425     
  0.197667370524093     
  3.390078182542147E-002
 -7.842865512206341E-002
 -0.116635859202739     
  0.256001081536596     
  9.289297035694864E-002
 -0.283327278774716     
  6.520612070628766E-002
  0.157848304731118     
  5.500712416965040E-002
  0.276373785603760     
  4.970121915857319E-002
 -0.311572933929571     
  0.275483499658239     
  0.226102913682697     
  0.267123131289524     
  0.114313218188774     
 -0.139506991441221     
  7.561223340694710E-002
 -0.274208697469339     
  4.662738720377958E-002
 -1.066300117878826E-002
 -0.294917569780666     
  5.299431003774892E-002
  1.397755676083729E-002
 -0.448502948200747     
  0.242855654581192     
  0.372722687151604     
  0.151736058629835     
 -0.127056165112776     
  6.378227285270936E-002
 -2.453285768578713E-002
  3.610847251158024E-002
  0.301140126722474     
  0.267840114635713     
 -0.250463022746024     
 -2.024685611051530E-002
  3.081401332349671E-002
  0.224884805724311     
 -0.269829005403741     
 -9.524753314360983E-002
  0.190310519130339     
 -0.199412609795689     
  0.179004495421836     
 -0.270044263032573     
 -0.106085159063213     
  0.107418237136749     
  0.350830811845367     
  0.249798844609408     
 -0.242129840431217     
  0.134561240749577     
  0.174908640216658     
  0.234231509856161     
 -0.258027184559065     
  8.961177003479506E-002
 -0.255746958828358     
  3.378120559612975E-002
  4.975529472578474E-002
  1.084698068918373E-002
  0.425026790303994     
 -1.822677710292068E-002
 -0.104947791886539     
 -0.253195950015396     
  0.167739029723471     
  3.040269445448311E-002
 -9.084365628551409E-002
  0.211502517437711     
 -2.029558954556910E-002
  0.123559025225925     
 -0.128658652704128     
 -0.374447243669580     
  6.791419808577739E-002
  0.317284004847044     
 -0.260571527219693     
  8.046391498421353E-003
 -0.129079123846142     
  0.254054442747231     
 -8.244596787654582E-002
  3.359377727883106E-002
 -0.107179400476135     
  0.158759606007420     
  0.207517321044724     
  0.276178944533702     
  1.001494394064503E-002
  0.109690967059234     
  0.333591645029220     
 -5.835168430002454E-002
 -0.463256969132484     
 -0.368465973671083     
 -0.260978922928793     
 -0.105937996598090     
 -0.160224519682660     
 -0.108191720398032     
  5.473086307323659E-002
  0.261827752431931     
  0.126770861576362     
  3.932579126791280E-002
 -5.773828780771476E-002
  0.149453284451896     
  0.297260736720301     
  0.232419808295315     
  0.251713691640168     
 -6.739195305653403E-002
 -0.201750897185908     
 -9.951502891244267E-002
 -0.165527773536274     
  0.250964394979351     
  0.403585153681813     
  9.237333706017167E-002
  0.155041414625113     
  0.274317909131388     
 -5.634903999774018E-002
  0.130257957701588     
 -4.247601862838364E-002
 -0.295481825254109     
 -0.218934853846209     
 -0.278320435579242     
  0.238034250155890     
  0.233467712006602     
 -3.655129937155341E-002
  5.187629335586632E-002
 -0.114224111759156     
  0.330687304544653     
 -1.165628040402703E-002
  0.110078887290458     
  0.311932727390460     
  0.229601406819983     
 -0.101737608424198     
 -0.283420104199418     
 -0.103068786031268     
  0.396464953387498     
 -0.103103835543811     
  0.224111746992813     
 -0.135837555661269     
 -0.171957847557138     
 -0.223029107799999     
  9.706798827024457E-002
  2.041796587581151E-002
 -0.230556881955965     
  0.273883982503327     
 -0.280068375944352     
 -0.125981419289183     
 -0.191160264827721     
  0.174857019212068     
 -6.844325617334936E-003
  0.124612287234345     
 -7.385012797768906E-002
 -2.568079425249032E-002
  0.101853084178901     
  0.158559191991534     
 -0.250192657470825     
  3.634323365644061E-002
 
  0.113258080834013     
  0.165066287991301     
  6.561786908609614E-004
 -6.776811405586784E-002
  5.960422556830935E-002
 -3.610098622933548E-002
 -5.877472191090425E-003
  2.466515374978653E-002
  4.992676042690629E-003
 -0.191261078629391     
 -0.132052554851299     
  0.322921920158892     
 -1.384828862093806E-004
 -0.192373404420918     
  1.274452292017823E-002
  0.347537538739499     
 -1.061478753178908E-002
  0.220195474169067     
  0.292296960427387     
 -9.348706963400520E-002
  1.306707056519118E-002
  8.524522284365454E-002
  1.848037280977198E-002
 -5.926030086058909E-002
 -0.225667750941123     
  0.230585665124705     
  0.102344878187680     
  0.180705353933972     
  0.102114787421017     
  4.636768878357175E-002
 
   1.97812431575307     
  -1.80402834142305     
  -3.18655554697964     
   3.11445541119811     
  -5.00251278735438     
  -9.60961018261480     
  -3.11910017821425     
  0.818738240377146     
   4.59761846494611     
  -1.80821720529829     
   6.64700803515886     
   3.38896702050645     
  -5.27357846126602     
  0.787947170231893     
   7.08989178066546     
  -6.95069280323234     
  -2.26298109291224     
   18.2368640517263     
   2.55266211962593     
  3.961650305846187E-002
  -3.51725307928316     
  -12.1482407210411     
   18.4175092800403     
   1.40185360717544     
   1.39549469851144     
   2.26933159270470     
   3.88811066778149     
   3.93543830985224     
  -1.49112183759723     
 -0.228513001543544     
 
 -1.366165487804878E-003
 
  tansig  tansig 
