     33 -    30 -    30 -     1 
rmse=  17.2648meV
  0.317157738741616     
 -0.134691233942164     
  1.052536273628580E-002
  0.143100758240168     
  6.561935157915984E-002
 -0.414741016027166     
 -0.165205080337121     
 -0.196327496597418     
  1.692085033275818E-002
  0.153291537791343     
  5.615801273962039E-002
  0.269367760499947     
 -0.325074528987418     
  0.183787770935285     
  0.224665574161731     
  0.416717020896826     
  2.565896189523217E-002
 -8.867665298232612E-002
 -0.153949464327332     
  0.122467425704624     
 -8.722279571852068E-002
 -0.239345043720156     
  0.181498642461914     
  4.616565085086882E-002
  0.251381765937382     
 -0.138644766124566     
 -0.284716505844611     
  0.128657834310793     
 -0.139350116289434     
  6.166753266705714E-002
  9.816759176045010E-002
  2.153014692002671E-002
 -0.313601094891811     
 -0.476282306137231     
  0.251371178106708     
  0.328195104694132     
 -0.567269854561498     
 -0.138723910763233     
 -0.230033234970910     
 -0.275179886224798     
  0.255893441974653     
 -0.121468272813907     
  7.643571452234044E-002
  6.968001672303644E-003
 -0.168412544868235     
 -0.118418477171607     
 -0.234964089590807     
 -0.303706667064572     
  1.054044101515914E-002
 -0.347996304076725     
 -0.177928392243789     
  0.165070271280558     
 -0.242513073025328     
  3.302759705115869E-002
 -0.100252211073903     
 -0.232312350454872     
  8.677373127152155E-002
  0.119625142520385     
 -1.142992656856184E-002
  0.343685254970439     
  0.310251627737061     
  7.806421956456062E-002
 -1.913772161215141E-002
  0.324287930098165     
  0.123092942965020     
 -2.377356007824843E-003
 -0.114146170978066     
  0.121696475938570     
 -4.659602392904998E-002
  3.024797689503828E-002
  3.912037515153392E-002
 -0.124445004504184     
 -5.055976165137367E-002
  6.370429519561786E-002
  4.146552342884786E-002
 -6.649606661180013E-002
 -0.161243285467392     
 -0.125115799765375     
 -9.178058394768372E-002
  0.254776333355992     
 -0.170199777715619     
  0.326389326642619     
  0.189614003387732     
 -8.185278053364534E-002
 -5.080122823004404E-002
  0.171628835753563     
 -1.439653793188862E-002
 -0.197160885717457     
 -0.560964501007599     
  0.209844060499935     
  9.296227492955500E-002
  8.352603533436985E-002
 -0.208511154025911     
  0.174548265724590     
 -0.327792541909763     
 -5.383199608969039E-002
 -0.173666808432932     
 -0.199013195856324     
  6.316179092279335E-002
  0.294174109418475     
 -3.777499446499426E-002
 -6.426538878189607E-002
 -0.529453069887130     
 -0.168439426021142     
 -0.495998191674883     
  9.372411383476269E-002
 -0.225040437134972     
 -7.330671871845759E-002
  5.295763320334259E-003
 -4.174428050885823E-002
 -0.122984370430146     
 -0.113828130871239     
 -7.816009767965876E-002
 -6.961539246960871E-002
  0.531177756315228     
 -0.138999898375249     
 -0.171876235475008     
 -0.247377477168198     
 -0.308331306155342     
  0.124777176767279     
  0.236610608867782     
 -9.964448990692905E-002
  0.150941436833995     
  4.261693281257387E-002
  0.284505711365825     
 -0.133767739244801     
  6.025793561404858E-004
  9.953540835778978E-004
  0.279118358862953     
 -1.959084223694992E-002
 -7.289120388892495E-002
 -0.441730957514618     
  0.200930981949124     
  0.260598254752559     
 -1.050903526410433E-002
  0.155719285788269     
  9.391933713630828E-002
  0.109735869146932     
  0.140027793537409     
 -7.637508383445218E-002
 -0.160246524351445     
 -0.298576769367971     
 -8.919618915169066E-002
  4.971726338812458E-002
 -1.061116120115239E-002
 -0.181707667778863     
 -0.647363643162250     
 -0.552435423894656     
  0.140203060100390     
 -0.166732649467556     
 -0.316217532618227     
 -0.208464257872871     
 -5.558440543573731E-002
  9.542519358345403E-002
  0.281246325649633     
  0.334476781675242     
  0.420272952133700     
  0.167452293720063     
  7.714619514393557E-002
  3.458452752867466E-002
 -2.482315743070534E-002
  0.213093788111864     
  0.213638896317583     
  4.423415948149393E-002
 -6.138362756310356E-002
 -0.262204830521175     
 -0.322846291347695     
 -0.126948772915104     
 -3.303062236335817E-003
 -0.214780352130215     
 -0.291237893121122     
  9.615810349855319E-002
  0.162258543695488     
  7.864718351699122E-002
 -0.222161246641929     
 -2.784100524298731E-002
  9.676923118725290E-002
 -0.164477536813362     
  0.131909793242538     
  0.273071489795727     
 -0.143236999287185     
 -5.984396872439904E-002
  0.312321519674684     
 -8.364740599377808E-002
 -4.082997146141348E-002
 -1.986939512706605E-002
 -7.883983283823917E-002
 -1.649661208231802E-002
 -3.808621718420032E-002
 -6.287763289226055E-002
  0.188360501986657     
 -0.138233391217474     
  0.170553858268557     
  0.228590662336969     
 -9.426076030818148E-002
  0.107050751192553     
 -0.172733170591371     
  0.292704357926017     
  0.437706093011451     
 -0.768479772434557     
 -0.352546514033849     
 -2.277097633520942E-002
 -0.257190254261438     
 -0.120408896674510     
  0.359444332376005     
 -0.117785015646375     
 -0.102118654665415     
  0.242939542323584     
 -9.197571153896536E-002
  0.295897699640271     
 -0.269794819275148     
 -0.179141305937162     
  0.439610201384081     
 -0.287214308952509     
  0.289022532513579     
 -0.174582778378001     
 -0.178085556590649     
 -2.116586744135139E-002
 -6.977980101520626E-002
  0.164712098002718     
  8.060836199937914E-002
 -0.107910704319590     
 -0.174295969282704     
  0.328049518864064     
 -0.146115093000111     
  0.224251661418342     
  0.263183003879922     
 -0.144765889246541     
 -0.173683872974032     
  6.971722739732202E-002
  4.420516805586943E-002
  6.433117993584378E-002
  6.821143007442414E-003
  3.147504641309855E-002
 -5.287576423079863E-002
 -9.714154728287344E-002
 -0.162380457252086     
 -0.354709019285942     
  7.750468307609715E-002
 -0.123898933069587     
  7.678484658789586E-003
  2.466403204140214E-002
 -0.150751268643388     
 -9.045193161120663E-002
 -0.268408771370461     
 -6.572935086363865E-002
 -0.223206094046038     
 -0.147895745301800     
  0.227170470023875     
  0.149817063586920     
  8.584375365397433E-002
 -0.234671928166011     
  0.110386891869864     
 -0.173482243390574     
  0.111159161314359     
  0.147355966386011     
 -0.224759524984121     
 -0.301983155510817     
 -0.109250402820639     
 -0.212532820952588     
 -0.218615995429426     
  9.379432857819134E-002
 -0.111039009473969     
  0.111104884012508     
  3.824112848104840E-002
 -0.227188100038089     
 -0.177048237949621     
  0.210744500272211     
 -0.307737332912328     
 -0.529192264656186     
 -0.115783852643365     
 -0.257621860698824     
 -9.918272326106213E-002
  0.240664040213913     
 -7.227181674250660E-002
  0.198038548984752     
  0.365172779996929     
  0.144246673385910     
  0.398190684403415     
 -0.326964419039686     
  0.124672879578671     
  0.228423079902497     
  0.175628787732581     
 -0.376453215898708     
 -5.786681631540030E-002
  0.422354816727392     
 -0.155000171631759     
  0.304269038705666     
  7.283281898877457E-002
 -0.388387825241556     
  0.236022930405330     
  0.430629176495860     
  0.187010553611219     
 -0.113318075511193     
 -0.226658955996009     
  9.332528195042933E-002
 -5.964776707980633E-002
  0.129356930303338     
 -4.042550710229773E-002
 -0.419124604151116     
 -0.445677376144687     
 -0.134292733080157     
 -0.286727364660958     
 -0.228009612011785     
 -0.197445053758841     
  7.012757956328700E-002
 -0.249373596028370     
  0.213740795850635     
 -0.436384913752258     
 -0.278159612879969     
  0.250829387891757     
  0.144073557209378     
 -0.129646012338902     
  0.148143227876303     
 -0.133452018532372     
 -7.657208514733845E-002
  3.680840425843197E-002
 -3.663556264955203E-002
 -0.119206844082279     
  0.249484746179185     
  0.251947395351182     
 -6.739230663471690E-002
 -3.596028803814336E-002
  0.139537720152655     
  0.154925828362435     
 -0.106952914267617     
 -9.121916990042105E-002
 -0.158526920230981     
  6.012005962484926E-003
 -5.482200664784318E-002
 -0.363811723162433     
 -0.195305009209034     
 -0.232284975952882     
 -0.235845492729426     
  2.420032319518538E-003
 -0.246778359621779     
  3.569256241067893E-002
 -1.864559197761786E-002
 -9.345925711901161E-003
  0.117548874418006     
 -3.164729040195069E-002
  0.446494102658322     
  3.053640401746026E-004
  5.738127757446884E-002
  3.166866432507780E-002
 -9.270529078114235E-002
 -0.152333249387760     
 -5.219023019344968E-002
 -1.824721615989564E-002
 -0.101899123256147     
 -3.398180315981278E-003
 -0.268339000394275     
  0.305964941766786     
 -9.231434410117326E-002
  0.214297010338069     
 -0.175102422599079     
 -2.656019434934948E-002
  0.178696479069706     
  0.229103997661541     
  0.169115911564373     
  0.406865294890103     
  0.207154064813852     
 -0.107439656607515     
  9.466508336014962E-002
  0.113741877130557     
 -0.979696622831246     
 -8.031521077507212E-002
  0.156881703441456     
 -0.320083574997153     
  0.160712700122948     
 -9.394315242607905E-002
  3.969847927943352E-002
 -0.135578106597967     
 -0.194742960828361     
  0.154516628916859     
  0.289108157747423     
  7.637359375380845E-002
  0.309076061338070     
 -7.468613815645109E-002
 -1.977042002579132E-002
 -0.111312158954397     
  0.140918595835519     
 -0.292296508457467     
 -0.201311581928144     
  8.765880127995943E-002
  0.358127937162455     
 -7.423495953049192E-002
  0.205481109648191     
 -0.354534144963092     
  0.117000663882991     
 -9.670301957186406E-002
 -0.175332611972287     
  0.241003848120235     
 -0.161612675370581     
  3.060690585867090E-002
 -4.754673170463747E-002
  7.213467932837367E-003
  0.385849351485954     
 -0.385201806484603     
  6.787911683984052E-002
  0.138421769872294     
  4.267489924031862E-002
 -8.627703273441403E-002
 -8.177797821801257E-002
  4.099146139871538E-002
  6.541479465185263E-003
 -2.765007651930813E-002
 -0.322156958540755     
  0.466088520991213     
  0.432287892908339     
  0.264822025286763     
  0.154885147528429     
 -0.243094697740155     
  0.280291236850848     
 -5.088181911930079E-002
 -0.233981042158097     
  0.172479787669753     
 -4.765665296270744E-002
  5.219188187733194E-002
 -9.360618787957833E-002
 -0.136666493982011     
  2.463164713777807E-002
 -4.065536530420231E-002
 -0.340812139448434     
 -4.591868716696604E-002
  0.130525655376974     
  4.132651935263265E-002
  0.170807577079102     
 -6.521850387223108E-002
 -0.136551884771123     
 -0.369009329208313     
  0.176795868211129     
 -0.129402352723558     
  0.153510679246660     
 -1.713050702948404E-002
  0.183803023237607     
 -0.230928093032302     
 -0.165412976235662     
 -0.248252885964719     
  3.738539046790104E-003
  0.206509632097278     
  0.504949791693745     
  0.265261244623695     
  5.228362430864607E-002
 -0.348462335407119     
 -2.560959278171910E-002
  0.273259829335636     
  0.127370247587449     
 -0.132290915150885     
  9.142556474323086E-003
 -6.343963161723502E-002
 -4.049777849973130E-002
 -0.130661031280990     
 -3.245527869732671E-002
  3.825356674463774E-002
 -0.118803752448701     
 -0.262721825043441     
 -0.167286627904235     
  5.573068141923322E-002
  8.607162899224088E-002
 -5.815411764112376E-002
 -5.668503897420029E-002
 -0.103412260952102     
 -0.115701885528127     
  0.399258783015039     
 -0.115354919988873     
  0.100685995364514     
 -0.202597089349372     
 -5.904611933118791E-002
  1.523422436897854E-002
  0.267423229196316     
  8.405436229071014E-003
 -0.126752714868840     
  0.297933435245846     
 -0.165020917800183     
 -0.383673365965068     
 -5.245919122199432E-002
 -0.247757341304616     
 -9.903043410701923E-002
 -1.896438636893147E-002
  0.109207100532325     
 -1.909307494571110E-002
 -2.019335475870233E-002
  7.879371646749324E-002
 -0.396061114874474     
 -5.618880532256958E-002
 -0.110233108209716     
 -0.187049195485229     
  5.640848614310861E-002
 -8.898086462027979E-002
 -0.204917017582643     
 -0.186419071926484     
  0.279590604878243     
  2.929897980602158E-002
 -0.338717723818227     
  0.169444988364933     
 -8.356601056236121E-002
 -0.195250170255581     
 -0.208896717224535     
 -0.190890533515886     
  0.191830562515861     
 -0.262985916425853     
  0.111334069499786     
  0.209081201465144     
 -0.177549804837129     
  2.751550367808192E-002
  0.120028693682074     
 -0.121130553460230     
 -1.179324892782174E-002
 -0.138743409040368     
  6.969049573091145E-002
  0.120084812626627     
  7.475054106799275E-002
  0.234591211064444     
  0.118112797284631     
 -4.727546973947722E-002
 -0.187731232205234     
  4.574299219304760E-002
  2.296909975386706E-002
  3.770661504247461E-002
 -0.176234150878579     
  0.249790675590913     
 -0.244681031180234     
 -0.285545706112467     
  8.219618014492941E-002
 -4.299950579787289E-002
  0.246555681949558     
 -0.149740161185380     
  7.009194868964193E-002
  0.207578595734657     
  0.285866567007254     
 -3.334431517984344E-002
  2.186848726529972E-002
 -0.205070555785093     
 -6.818545363998514E-002
  9.063461722098458E-002
 -0.430040136190380     
 -7.719276205105896E-002
 -0.197544385613226     
 -3.725498144683956E-002
 -0.161706667975849     
  8.070075635093914E-002
 -0.334268225210496     
  0.103531791349402     
  2.268522503368652E-002
 -0.193485301963613     
  0.109891142105986     
  0.172478917294177     
  0.362471295237129     
 -0.247882104129816     
 -0.330631440709829     
  0.414412051131088     
  0.304984486675127     
 -2.107516618841991E-003
  2.954611441696114E-002
 -3.275760789040755E-002
 -8.994881995602862E-002
  0.182046189553013     
 -3.886308991795953E-002
  0.155619671958874     
  0.282402642613941     
  8.557222077003802E-002
 -0.167694370703685     
  9.208842468699498E-002
  0.230708533512823     
 -0.195731006102226     
 -0.172502894999626     
 -0.214407249409710     
  8.485824278439852E-002
  0.116234139129605     
  0.288392497915975     
  0.431028686597486     
  0.327044132597384     
 -9.827620119560125E-002
  0.205350941053629     
  4.338944088209678E-002
  0.301132217735337     
  5.290074120799282E-002
 -0.298689429293369     
 -9.854090630059982E-002
 -0.130684342118279     
  7.220831078050445E-002
 -2.944576197477953E-002
 -0.167190765081291     
  0.395880755255251     
 -0.168912483184455     
  9.736879141539462E-002
 -0.100795459038848     
  0.117034619052903     
  4.657904480633727E-002
  0.254832876765401     
 -2.507459983905759E-002
  1.502407265283369E-002
 -0.282215549513555     
  6.725997690317320E-002
  3.049940584107762E-002
 -0.171064198542816     
  0.298355865321805     
  0.192998771096471     
 -3.057300712834607E-002
  3.948431347326434E-002
  0.208606768123846     
  0.179760401391745     
 -1.273462832899854E-004
 -0.323599942322084     
 -0.214084371021608     
  0.260684587706194     
  6.479706608031044E-002
 -1.303970614558582E-002
  0.290611468736583     
 -0.243435841365661     
 -0.370839510007205     
  0.117658802205490     
 -0.113880339535779     
 -2.386650909648515E-002
 -6.334136172984320E-002
  0.255689698471690     
  9.768464382560035E-003
 -0.375315551593303     
 -0.211811313378026     
  0.131990675100375     
 -0.149354480947631     
 -0.465000696535577     
  8.973690321483629E-002
  1.633946029211841E-002
 -0.140344330538999     
 -1.040424489422481E-002
  0.150205520990381     
  0.177121856455483     
  3.941946249335245E-002
  2.833221516043776E-002
  4.142900902253635E-002
 -4.303754528349218E-002
 -0.251173911592442     
  0.203057317757434     
 -0.111266572755840     
 -2.763150686678851E-003
 -0.150091748934842     
 -9.333452900225531E-002
 -0.188543351805589     
  0.222283714792188     
 -6.333757928185167E-002
  0.134411757253752     
 -0.197201315424647     
  9.686776398200955E-002
  4.107375180394997E-002
 -5.330166466355243E-002
  0.122936238039946     
 -3.795833565343825E-002
  0.215647617188640     
 -0.191164742383214     
 -6.946062301023996E-002
  1.176240340337162E-002
  7.056527542061855E-002
  2.002203394800976E-002
 -2.286677011529202E-003
 -2.810442989766789E-002
 -0.167453272226166     
 -0.262447103319647     
  0.226126663348095     
 -0.210142018448340     
 -6.942068179150200E-002
 -0.364344403097584     
  0.443706801237879     
  0.111513567546095     
 -0.188485454364335     
  0.154749652960649     
 -0.109464385135938     
 -0.357464458764134     
 -6.018193344107369E-002
 -0.247837650203135     
 -0.207263818407025     
 -6.376658403051355E-002
  0.478843714543567     
  0.226906152348803     
  8.431391758456187E-002
  9.398129415933966E-003
 -0.151379066730484     
 -6.291104432741727E-002
  0.124882384408176     
  0.243756540032380     
  8.124399898623218E-002
  5.262464449841795E-002
 -0.375011896132332     
  0.365311292476270     
 -0.209125907376560     
  0.129458083082138     
  0.136865798244886     
  0.144444330413234     
  0.242300768160941     
 -1.494170629363032E-002
  0.136425131791596     
  5.449083954791119E-002
 -8.228514792674101E-002
  2.075028996901120E-002
 -0.124766301995114     
 -0.247567442097518     
 -0.147705708654711     
 -0.126193707971256     
  0.295933306343784     
  0.345001668668281     
  0.243017602080585     
 -0.123942175395668     
  1.397528404200914E-002
  0.123611746406932     
  9.526647305017651E-002
  1.085134708322750E-002
  9.456387283336706E-002
 -0.302131054232053     
 -0.170334543821856     
 -0.126560844063958     
 -8.111095973798377E-002
 -0.178376101793066     
 -0.165210617704330     
 -0.312946381266709     
 -0.133195356884249     
  0.410236197110784     
  0.185247481900001     
  0.137851005948030     
  0.248785266326554     
  0.192518421069429     
 -3.061217041148817E-002
  0.224119488785159     
  0.263333288261007     
 -0.103549143035798     
  3.459300001846356E-002
 -2.220514258934795E-002
  0.484199409233107     
 -0.202377100296062     
  5.710980072413003E-002
 -2.812956547792391E-003
  0.394634568091989     
  0.254954213891543     
  0.229158890014495     
  0.118819303748594     
  0.174383143286053     
  0.111653259263260     
 -8.518332848712745E-002
  0.179798375375623     
 -4.766507817981738E-002
 -0.122146083572374     
  5.585078367220269E-002
  2.218976605625829E-003
 -4.219512827136918E-002
  6.415450394129760E-003
 -5.386151128809077E-003
  0.111349855502096     
  0.143412733375313     
 -0.230783219153806     
  0.387369593419941     
  0.303497881872497     
  0.390067080978511     
  0.171712368586393     
 -2.366942756163884E-002
 -5.805840282292501E-002
 -3.477457225097268E-002
 -0.181630066599295     
 -0.142432945074350     
 -0.281846859449046     
 -0.197889586202890     
  0.134771739595169     
 -4.306456807547442E-002
  0.638832267155039     
  0.101245366744336     
 -0.199005392783840     
 -0.232924131253918     
 -0.188071233811959     
 -0.286699239544192     
 -0.167677602575156     
  0.274489555755680     
  0.227818904096975     
 -0.474899746643205     
 -0.178056450860196     
  0.117084041879632     
 -0.282920910165469     
  0.206445168739218     
  0.307607814972601     
 -5.877888849156151E-002
  0.181658579363818     
  1.518408327360144E-003
 -0.111070060733677     
  0.183977092111482     
 -0.116634468249192     
  0.325687923796441     
  8.825607329730094E-002
 -0.478103817924547     
 -1.569376787676342E-002
  4.095696974302158E-002
  0.314695207946534     
  0.164933024375530     
 -0.228249599836097     
 -7.465813924289280E-002
 -4.927809821551989E-003
 -1.245952461531239E-002
  6.280492570323423E-003
  0.200518898102452     
  0.414141179338607     
 -3.698515656814248E-002
 -0.146937364232822     
 -0.135348864985701     
  4.058678582876638E-002
  2.642219469233370E-003
  0.190373790572395     
 -0.210517112534907     
 -0.219560418427584     
 -9.699787025726186E-002
 -0.224634261524749     
 -0.382914922775571     
  0.120327869346864     
 -0.109828850279001     
  0.114657534232408     
 -4.732144903633986E-002
  0.210302222839071     
  0.188108720816027     
 -0.285175370394676     
  5.291597249177617E-002
 -0.219261531682651     
 -3.904489244909863E-002
  3.043149959966523E-002
 -0.300866149428465     
 -0.140756483059929     
 -0.213126595274333     
  1.640525034173228E-002
 -0.121918405307029     
 -3.920120588018058E-002
 -0.165359250495697     
  0.221370040025344     
 -0.247847249801517     
 -0.174459302283707     
 -0.315717887570064     
 -7.875911136769172E-002
  0.234291306557743     
  0.163195714186596     
  3.768707916580252E-002
 -0.233870780850473     
 -0.206270747754177     
 -0.183439183929461     
  0.174624101550094     
 -7.582341472203770E-002
 -0.189747009448341     
  0.124191182518028     
 -0.166804134923843     
 -0.230040613277267     
  1.260150588078391E-002
  0.218772426758645     
 -0.170221226392972     
 -5.519707183829054E-002
  0.132136112436881     
 -0.224428833349141     
  0.197092864580433     
 -0.124510911716732     
  5.731973012486287E-002
  0.237525614381866     
 -4.279356030704132E-002
 -3.757090341836090E-002
 -0.150277726201317     
  5.821043423397584E-002
  0.292798545748246     
  0.117403703813450     
  0.282664332955431     
  6.940615195364400E-002
 -8.762552606891248E-002
 -0.178040554796160     
 -0.178569058695772     
  0.205150991443134     
  0.219269385705113     
  1.043519609273858E-002
 -1.233144217796817E-002
  8.493887615220995E-002
  9.524033029028628E-002
  5.020800030875687E-003
 -0.387477616952925     
 -0.149794525800960     
  5.014650900121948E-002
  5.114143436068704E-002
  0.184347819697359     
  9.119532535624367E-002
  0.172417863726494     
  3.678002575293167E-002
  0.252924034546133     
 -0.113501791004641     
 -5.003061129041936E-002
  0.130463453479009     
 -4.418329361904383E-002
  0.387462938505692     
 -4.976321309771656E-002
 -2.121325050340194E-002
  0.142952043395588     
  2.325068068656762E-003
 -0.126959872979040     
 -4.669375889644092E-002
 -0.237874378795979     
 -7.538971291345228E-002
 -0.221142430157584     
 -0.138787473767925     
  0.340819259375435     
  0.276870792967110     
  0.111859468017346     
  0.295044021062322     
  0.355860703142511     
  0.102762813653427     
  0.210782002511637     
  6.321894960993900E-002
  6.762364786638103E-002
 -0.111851086415108     
  0.112482631094839     
 -9.381436653014910E-002
  9.858200280878636E-003
  0.162638855372151     
 -0.201149642968864     
 -0.290314370064949     
 -0.161318862755664     
  0.291229736018012     
 -0.171730951521985     
 -0.186303398483628     
 -0.329329002194172     
 -5.051060075747643E-003
 -3.166387914911487E-002
 -0.372212486444263     
  7.674436442546337E-003
  7.794499069757645E-002
  0.116497208493948     
  1.999923055974803E-002
  0.166462150752477     
  0.334161887208499     
  0.433076906774261     
  0.160350166217504     
 -0.124205513949336     
  2.276828900600606E-002
 -0.140403360736509     
  0.142745959840178     
 -0.168512823960576     
 -2.618364124857507E-002
 -4.259905621677449E-002
 -0.315075738935582     
  1.208196769161014E-002
  0.220940156954421     
 -0.180356177553032     
  0.205543168252973     
  8.033615489569645E-002
  4.204413804953559E-003
 -0.294979022352838     
  0.108512623780420     
  0.137663462012254     
 -0.191767167574555     
  0.102934535061981     
  0.437748039897616     
 -3.795078485345862E-002
 -0.312734639380955     
  8.086789726295017E-002
  9.986276331960432E-002
  8.544330342564388E-002
 -0.273402360237162     
  0.296546157057973     
 -4.354748752465301E-002
 -0.257613903333866     
  0.139981981479688     
 -4.246312154147542E-002
  0.414012945885427     
  9.332600357232711E-002
 -0.117717688018621     
  2.677351832755301E-002
  0.164816531837316     
  0.105414391911307     
  4.322411379239892E-002
  3.770714387153926E-002
 -0.125278413777074     
 -0.230417747228272     
 -0.365492085525934     
  0.160040065187975     
 -0.309748996279165     
 -0.102001599503524     
  9.553234303453015E-002
  0.407136493810881     
  0.298919669012519     
  1.136235689610249E-002
  0.268280153467019     
  0.128055428132010     
 -0.383972354496898     
  0.388780538621774     
 -0.364137140776409     
  0.111615249917899     
 -0.312882842668846     
 -0.101834504983088     
  4.347954464720892E-002
 -0.208909005105580     
 -0.240409589214639     
 -0.181037317868163     
 -0.141384924898760     
  0.192583655592440     
 
  1.117956886676748E-002
  0.133016988877847     
 -4.450317506310664E-002
  7.600785654196315E-002
 -0.192649710923248     
 -1.167639905704693E-003
  0.193251836812692     
  0.173325046259251     
 -0.277834228361346     
 -0.401861048637529     
  0.203748924683129     
 -5.116090551271599E-002
  1.161657416403281E-002
 -0.166142309512495     
  6.388914294914261E-002
 -4.850636773832577E-002
 -2.041207174251871E-002
 -0.279691677585184     
  1.751889318347351E-003
  0.133649987318646     
  0.255408257131151     
 -0.145243955907316     
 -0.177738526126646     
 -0.289292147719950     
  0.121667090685100     
 -0.109882545978008     
 -0.228108357553681     
  0.160027982820158     
 -8.414731403874144E-002
 -0.129516474013858     
 
 -4.392470363159209E-002
  9.628130339879849E-003
 -2.072098223530473E-002
 -4.523006068096645E-002
 -0.355278576735515     
  1.123114658303996E-002
 -0.429455799424357     
 -3.833063035121857E-002
  3.935778313852398E-002
 -0.348195676770091     
  1.115850936443119E-002
  0.644452679877669     
 -0.242519638300776     
 -1.763044178843662E-002
  0.104481198302989     
  5.429792439251913E-002
 -5.642054157588285E-002
  0.169037913503694     
 -3.485129939084188E-002
  0.231053726480087     
  0.130697990891941     
 -0.480996845313596     
  4.670002149041584E-002
 -0.110976507247086     
  2.666846824147845E-002
  4.122834660605564E-002
 -0.273621984606865     
 -6.208959447428742E-002
 -0.196199956467270     
 -0.128327057545790     
 -6.437922546017272E-003
 -0.138700452826065     
  5.527910771729293E-002
  1.448741684786066E-002
  5.924597737442307E-002
 -0.264534080998974     
 -0.217008913313014     
 -0.249256551159122     
 -0.138648480774118     
  4.778729278656092E-002
  0.427702339536628     
  0.381272851053293     
 -0.117735899171580     
 -0.175780768519755     
  0.227256037831841     
 -0.221934635236877     
  0.121570726505723     
  0.330306407320754     
  0.190568083935827     
  4.060010628899887E-002
 -0.129836678860094     
 -0.204322519282629     
  0.216409516342047     
  9.206294252907105E-002
  6.473952562989936E-002
 -7.807813558751493E-002
  0.287211793938893     
  7.321784305279226E-002
  6.184873104164735E-002
  0.213439808663943     
  0.124150955036023     
  0.115603109673573     
  0.147721901854948     
 -4.871397332713685E-002
  0.113098039868342     
 -7.893801621952731E-002
  3.584336378228844E-003
  9.482135439318728E-002
  2.150773490232361E-002
  0.303102459309018     
  0.185119772459554     
  0.114155836593797     
 -6.368293465192886E-003
  3.903327469923271E-002
 -9.101325283021290E-002
  0.232890816854189     
 -1.204599191130480E-002
 -0.323235935538356     
  0.241134351631071     
 -9.848060272684309E-002
  8.300808463922972E-002
  7.524979881749230E-002
 -9.233140720804356E-002
  9.524341002940760E-002
 -6.288244948504984E-002
  0.129654054825734     
 -0.189310608370905     
 -0.359295969463135     
  0.113600767282782     
 -7.526516609041951E-002
 -0.216047464000613     
 -0.334459430373287     
 -7.694551858338769E-002
  0.223963815861398     
 -3.532363080292275E-002
  0.186400070075597     
  9.058786860694074E-002
  2.403420773805106E-002
  0.279855940200527     
 -1.437252160116153E-002
  0.334151934640942     
  0.207151573961715     
  0.243937570285799     
  0.136087215137258     
  4.163799810165241E-002
 -0.162434375790614     
 -0.341129183559536     
 -0.205779390385963     
  0.113352100741273     
  5.604804676455553E-002
  9.520415730938499E-002
  0.195520977150452     
 -0.116292881245263     
 -0.246528185182411     
  0.142072853420972     
 -0.317320789975840     
  0.216650906591378     
  4.792461634340081E-002
  6.677522530499301E-002
 -0.103860501322557     
 -2.192713670714706E-002
  0.162323416243120     
 -0.109306590151477     
  0.151066069204313     
  0.344998812540746     
  0.161729415781150     
  2.524831261531171E-002
  0.257565979072415     
  0.224357209631889     
  6.965834050966264E-002
  7.318554541176541E-003
  0.164240112824748     
  0.232810120382716     
  7.063373622254841E-003
  2.836728182104457E-002
  0.154951649395428     
 -3.882806505530397E-002
 -9.623142548443873E-002
 -0.125924916554903     
 -3.040548037476796E-002
 -0.280146752595730     
  5.305703824970689E-002
  0.112805574051821     
  0.247989877631293     
 -0.213107714639593     
  0.278073146635866     
  9.304649793573766E-002
  0.135562807732280     
 -5.268742397106305E-002
  5.161465951783004E-002
 -0.180847184264390     
  6.917300369329994E-002
 -0.245557864684492     
  0.158806035447118     
  8.513710621283907E-002
 -0.225060554345543     
  0.228028642509641     
  0.218037551267849     
  0.396539326749396     
 -5.355309847836046E-002
 -0.191266548593177     
 -4.991592435228039E-002
 -0.176230830263161     
  8.317582392432261E-002
  0.290050006298881     
  0.127346539052631     
 -3.579447830815704E-002
 -0.146313673680864     
 -4.043053909780717E-002
  0.207329510751494     
 -0.291797145927586     
  7.517810811902277E-003
 -0.220264363343673     
 -0.175058326574297     
 -0.302001357827683     
  0.246078192324828     
  4.765059198897440E-002
 -8.581763483849558E-002
  0.170233698629168     
  0.122128295829985     
  0.290320464284262     
 -0.227439739518435     
  5.864116979748667E-003
 -2.365229962862954E-002
  8.379864974128259E-002
 -0.195130395770747     
 -0.120780189477665     
  0.259501427146352     
  8.821098073021198E-002
  5.498865264791947E-002
  6.956229268965407E-002
 -0.120959764200126     
 -0.306824310329557     
 -0.264638768324050     
  9.928744558153251E-003
 -0.184142694337108     
  0.246088567618791     
 -3.115768663026391E-002
 -0.366355173915321     
  0.213187191064386     
  2.510023755386780E-002
 -0.263340556159729     
 -0.465847945912043     
  2.305269583561114E-002
  0.103115656053211     
 -0.103149822279372     
 -0.202775823445489     
 -0.301317999835318     
 -0.123907136788251     
  0.239562860711465     
  6.040147097859406E-003
  0.250425557195806     
  0.329631667174201     
  0.113209167676773     
 -8.616725446303385E-002
  0.112706380528460     
 -6.428367351708381E-002
  0.169253125730452     
  0.500787445693200     
 -7.536861941601182E-002
 -5.925582691570142E-002
  0.205129892776911     
 -0.339563243449559     
 -9.815537255237017E-002
 -0.259222976294144     
 -0.259676901841537     
 -0.197092889280419     
 -0.189863308939806     
  0.215914749666757     
 -0.173259080587617     
  0.161979824215769     
  8.078162747256508E-002
 -0.146207578153237     
 -5.747738537192259E-002
 -3.362946512148514E-002
  0.164853942374964     
 -9.493924243994641E-003
  9.728585039621832E-003
  9.546840819360929E-002
 -0.453249908220176     
  0.274987154613199     
 -0.467653269216937     
  0.293893201075564     
 -0.112874336953894     
 -0.123893044515408     
 -0.411027901981794     
  9.407719977406964E-002
 -7.535390503862700E-002
  0.243741140112933     
  1.080945218902753E-002
 -7.431949276725079E-002
  0.176318840536661     
  0.351674263674725     
  0.254476839032809     
  0.289482168039084     
  0.112381791117506     
  0.224395473939432     
  8.142809116070426E-002
 -0.151201647962906     
 -7.399913669700529E-003
 -0.146457186314288     
 -0.234794704411369     
  6.993008619176332E-002
 -0.166604747544180     
  9.615698074726174E-002
  0.129788120037432     
 -0.100977516465961     
  0.420547371281649     
 -2.687355177799939E-002
  0.387228523317482     
 -3.918241194999546E-002
 -2.893931774838891E-002
 -0.111090549613471     
 -0.270825399570818     
 -0.253438227499139     
  6.438522457501579E-002
  4.963612573179078E-002
  8.294538969668062E-002
  0.193456674522209     
 -7.301455475187128E-002
  0.128251010500012     
 -0.102501292410726     
  0.188381045844356     
 -0.192682560827277     
 -0.138677099062806     
 -5.554632639876675E-003
  3.864064602073691E-002
  0.310327357776240     
  4.852691760878067E-002
 -0.204546995938093     
 -8.315752066047049E-004
  9.910232105409718E-002
  7.431110135669680E-002
  0.316323784090806     
 -0.335877107978652     
 -0.176494412006898     
 -0.162606005522434     
 -0.395321815045737     
 -1.410016656104537E-002
  0.115445280015629     
 -5.265980880984214E-002
  0.240463618113005     
 -0.218275515754203     
  3.403481043447844E-002
 -0.129018070990643     
 -0.235691948250043     
 -0.105895219225203     
  0.128211977490140     
  0.270743840707786     
  0.141407189234984     
 -0.151010807629875     
  5.326203074965959E-002
 -0.160686242571692     
  0.127125965245742     
  0.169285429444493     
 -0.182862802805582     
  0.368571025398727     
 -0.236110511423844     
 -7.923379099880920E-002
 -2.951557530795047E-002
  0.137731429433644     
 -5.283824027521213E-002
  3.523258212434185E-002
  3.459522987950115E-002
  4.744430283950246E-002
  1.141913275022480E-002
  0.158790550467924     
 -4.315760723551627E-002
 -0.133849223067491     
  0.170033383148074     
 -0.137065126243188     
 -2.742441113021078E-002
  1.297962364665770E-002
 -0.137798119647906     
  3.256920252384286E-002
 -4.158945922083836E-002
 -0.185407372478567     
  0.177963807538557     
 -0.127815569140671     
  8.666318343883601E-002
 -4.378957771568998E-002
  3.729172728957231E-002
 -0.234362183834983     
  0.242896793213631     
  0.254917013130845     
 -0.134487695546958     
 -0.153252212485627     
 -0.213494433009199     
 -0.211604651626965     
  4.114818162857915E-002
  0.560116984242031     
 -7.677438808608869E-002
  0.270323032920777     
  0.216738058288319     
 -0.182993847436936     
  0.234299549310745     
  0.178851244563899     
  0.289231517201353     
  0.117094483335375     
 -8.469285230863352E-002
  3.828857789789421E-002
  0.124592254764711     
 -0.302386652848650     
  0.280022775141328     
  0.297789911755954     
 -0.225750669899371     
 -0.158892979167328     
  0.125045776035334     
  0.150197135458978     
 -0.161170255229609     
 -0.135971379667719     
  0.249309415020015     
 -9.554856129981781E-002
 -0.196912873270960     
 -0.120205092886573     
  0.211634594254301     
  9.576551729165041E-002
  0.202732554427772     
  4.084685789214483E-002
  0.367687943672004     
  0.334367574812757     
 -9.451168675560906E-002
 -0.112451972980944     
 -2.187691565097375E-002
 -0.149020094010007     
  4.396715416537097E-002
  0.192234467028061     
  7.096890482805842E-003
 -5.239329851343597E-002
  6.185554388072916E-002
  0.139705149194535     
 -0.205533696052263     
 -7.273093151678447E-002
  0.159739203199347     
  0.133846410581899     
 -0.104064053380896     
  0.107852920105077     
  4.688814033662392E-002
  0.644152479710262     
 -0.182000532459103     
  6.060047089394191E-002
  0.237868136990255     
 -0.215422089840225     
 -0.188291542593907     
  0.315279917666932     
 -0.286151643427187     
 -0.407669210816862     
  1.414075823096340E-002
 -0.120748246187789     
 -1.446498534988422E-002
  7.637316046617393E-002
 -0.123214253680634     
 -0.322022669491889     
  0.342416413954636     
  3.995254472284119E-002
 -0.148173101654816     
 -0.108296429102051     
  0.208742037587341     
 -0.313078042166693     
 -0.149013691451693     
 -0.412587565444255     
 -6.434097854491355E-002
 -0.165919005739121     
 -1.346923425433385E-002
  0.199151567128381     
  0.145949764840265     
  0.240633550450912     
 -0.325137111701585     
  0.235076396038237     
 -5.368363297280947E-002
 -0.278673211291729     
  0.177425341009553     
 -0.334801337216578     
  0.194455865634797     
  1.987359579370751E-002
 -9.723910619151339E-002
  0.150773526589654     
  0.122690795126485     
  0.239054902211735     
  0.131761408293032     
 -0.341253750550438     
  0.374818951424007     
  0.498769085270294     
  0.124618254127160     
 -4.412879079576249E-002
 -0.181322703231055     
 -2.483437138399633E-003
 -9.026650880329090E-002
 -0.102893793308355     
 -0.109913728391907     
  3.683170341185288E-002
  7.186124130117449E-002
 -0.178618618941366     
  0.102204415946284     
 -0.101048745997392     
 -0.199938487953084     
  0.154140436504151     
 -0.101366258390433     
 -8.053607019104026E-003
  0.180881018744670     
 -0.224713472650970     
 -1.446116916763786E-002
  0.225371853096496     
 -0.136496469506012     
  0.337839004287875     
  0.154841721280539     
  0.168869324594421     
 -0.259634248156674     
 -0.238646899196174     
  5.388953948823348E-002
 -0.231262815091801     
 -2.113037966978397E-002
  4.760307735615724E-002
  0.209983707971488     
  1.818489800066157E-002
  0.115093192645863     
 -0.161572493732150     
  7.623784559144672E-002
 -0.248536516808660     
 -1.397008658537620E-002
 -0.186505045059050     
  0.292724627602702     
 -0.148877711397696     
  0.246274181482555     
 -0.124674542454228     
  0.119083745340691     
 -0.125123899880849     
 -8.949012026395860E-002
 -5.818530221276337E-002
 -0.156537343336255     
  0.372473721479888     
  0.141213345594166     
 -8.994027669539324E-002
 -0.156648142105448     
  5.439159366283128E-002
  0.144899001166189     
  0.254297961089493     
 -0.188753121929375     
  0.109116609744001     
  0.125241740949334     
 -0.116619676082779     
 -6.626387736527573E-002
  9.284448894898605E-002
 -0.214409272727010     
  4.136788262447147E-002
  0.298641886851457     
  9.797246251894208E-002
 -6.964256786854066E-002
 -3.873790705822773E-002
  0.225978459273372     
  0.127998543674337     
 -3.163124115389453E-002
 -0.220657074707432     
 -2.561998168047258E-002
  0.365595131769698     
 -0.135968221929750     
  0.187967701305977     
  6.628647026572163E-002
 -3.129565176992207E-002
 -0.119039594913085     
  1.501419304535026E-002
 -1.294390898784037E-002
  0.265668092347104     
  0.421086989755901     
  0.144670650259750     
 -8.095523399325752E-002
 -0.233431723080857     
  7.065623195569742E-002
  0.162823600129747     
 -0.190622514231113     
  0.257963660642184     
 -0.175197367017606     
  2.880327564348858E-002
  9.840112095125584E-003
  4.482602848243777E-002
  0.229941669178922     
  0.293477289524478     
  0.233564184100557     
  0.146998930036385     
  3.993140823301303E-002
  0.181150250560849     
 -0.127714676709184     
 -4.461814179476303E-002
 -0.110059126132792     
  4.666986566979491E-002
 -1.860627612698907E-003
  0.168722069113138     
  1.667357083607414E-002
  8.435900973349302E-002
 -0.162749345278493     
 -0.125514763896205     
 -0.311964108090877     
  0.107156010574398     
 -9.962351182038172E-002
 -0.171177563649984     
  0.108175438280508     
 -0.105012952398542     
 -0.118555877467852     
 -0.126180525360668     
  0.179213732528603     
 -0.124099389640038     
  6.079352975562020E-002
 -0.164892249058786     
 -8.852282441354893E-002
  0.215109394555135     
  0.150458340344336     
 -4.415854464296944E-002
  0.120004273328704     
 -5.576081337404439E-002
  6.154912411922889E-002
 -0.569643411125994     
 -0.100727448026956     
  0.211088538466013     
  0.120552327809562     
 -9.495661949821828E-002
 -8.753867758238515E-002
  3.797371447523816E-002
 -8.309886486355242E-002
  1.635944807510194E-002
  0.171199784175902     
  0.257134102402718     
 -0.347779243837838     
 -0.188940522277628     
  1.793980703938151E-002
 -0.129055767308782     
 -5.924810984255804E-002
 -2.999367459207776E-002
  0.273321563347514     
 -5.345542726390962E-002
  0.156138825869467     
 -2.452467440093983E-002
  0.240428198474644     
  9.132824283149431E-002
  0.331245138484064     
  0.135255961392230     
  2.541330811064876E-002
 -0.240997487603180     
  7.107787763195972E-002
 -0.144610026643560     
 -6.161215652003821E-002
  8.910732694126473E-002
 -0.333149893869769     
  8.760411532456509E-003
 -9.484050325121887E-002
 -9.328779751960158E-002
  0.196068883071698     
  0.279034414477125     
 -8.793650043939559E-002
 -0.201467907518142     
 -4.174145836806513E-002
  0.122115071741307     
  4.597770471355081E-004
  0.237221643255573     
  9.325385679619670E-002
 -0.120749735005811     
  0.219871528022762     
 -1.897572336924692E-002
  3.314056823958134E-002
 -0.135673328882138     
 -1.914963272815644E-002
 -0.134348286264451     
  5.769482465451933E-002
  7.202305263267432E-002
  0.147817549260466     
 -0.107305212179259     
  0.119413158280675     
  8.677937414114976E-002
  4.356211205402212E-002
  1.050627466476205E-002
 -0.205131335283643     
 -0.138653026685141     
  0.184119423100721     
  0.156032948102834     
  0.223962702264654     
 -0.165921391314550     
 -5.153007591636863E-002
 -0.333828227430273     
  0.135049973802343     
 -0.218317977028446     
 -0.167263397116560     
  1.681868925562083E-002
 -7.965718591384700E-002
  4.773456189120619E-002
 -0.120100943942855     
 -0.324654078928024     
  0.246983943124869     
 -0.139525977793561     
  5.644444458389136E-002
  0.152476498388070     
  1.765414794948635E-002
 -0.259927983459733     
 -0.196739029476963     
 -4.254046043696552E-002
 -0.126175353941707     
  1.140981959629202E-002
  9.559695337761576E-002
  0.233218976375230     
 -0.122697986311125     
  0.218436294082201     
  7.343358302513600E-002
  0.263922274050279     
 -0.329480638343246     
 -3.227081700237924E-003
  0.234642120324340     
  8.419725314704321E-002
  9.004024212942222E-002
  0.252189472114286     
  0.130813274684985     
  0.179622728460631     
 -0.112435419928694     
 -1.269514163010459E-002
  0.264068415693350     
 -0.303888334010206     
  4.565108823343103E-002
 -0.132955396541651     
  0.325716681032260     
  4.968397950426814E-002
 -5.596964516397494E-002
  0.134874125912142     
  0.245683377080399     
 -0.252005694511519     
  0.155208950209976     
 -8.084880115018368E-002
  4.448820271447145E-002
 -0.238122377218826     
 -5.993765956372554E-002
 -0.121698007394188     
 -0.148618748935913     
  0.147376711073285     
  4.465480753875594E-002
  0.112341011400803     
 -3.586489665383249E-002
  0.141354839727338     
  0.181598127920651     
 -0.100323856537390     
  8.839604736735590E-002
 -4.865053131714864E-002
 -0.242474125219790     
  8.649809485573326E-002
 -0.233491857327015     
  8.695679005309505E-002
  0.169681156097548     
 -6.235429532677644E-002
 -0.163636460145124     
  4.544544607931535E-002
 -7.721228750505003E-002
 -0.123448030652738     
 -0.110703215028978     
 -0.233422690273992     
 -7.148434802839991E-002
 -0.203808189452293     
  0.139813794721491     
  0.112659170852833     
  0.164760986705920     
  0.203011846570567     
  0.137859822395619     
  1.718760729267049E-003
 -6.193995332197529E-002
 -0.133078140831089     
  8.739891427738161E-002
 -0.151425995534740     
 -0.244310694369799     
 -5.648075884872827E-002
  0.137457355306236     
  0.222449632763051     
 -8.272798587887122E-002
 -0.381102846249921     
 -4.048207851689420E-002
 -0.213792125747212     
 -0.267330149647382     
  0.183046235111086     
 -7.182220826307067E-002
 -9.548698044599264E-002
  0.279033947994833     
 -0.217804836968799     
  0.116228928179187     
  0.302688861648858     
  0.139209731380482     
 -0.299259057056368     
 -0.109169180503943     
  0.280732227049411     
 -0.356652554933684     
  0.328728222020911     
  4.470821675458947E-003
  9.701823108324172E-002
 -9.637299835475118E-003
 -0.175442747033097     
  1.027159090967166E-002
 -8.607416685823828E-002
  0.252550379694688     
 -1.662149027327023E-003
 -0.211451194557320     
  0.324858053714285     
 -0.466703564221486     
 -0.431859146676417     
  0.176999415094335     
 -0.289949865610815     
 -0.235528224580116     
 -8.916440284457093E-002
 -0.267871973373303     
  0.266954955143438     
 -0.272968658607413     
 -4.035703899434152E-002
  0.105829270422928     
  1.902765710396751E-002
 -0.263017916232664     
 -0.135763702567904     
  0.210721613968583     
 -4.142043753419556E-002
 -0.351464571641414     
  0.145433563441080     
  7.529785171489291E-002
 -0.144263493406707     
 -0.548907749132604     
 -6.271764957436707E-002
 -9.364578322363182E-002
 -0.154727284735675     
  0.207920247003253     
 -0.110940243080416     
  3.590026417499624E-002
  8.443002630494075E-003
 -0.140248755930325     
 -0.195903832392046     
 -0.258181662388543     
  0.101943984268557     
  0.187901652870709     
  0.526806863297636     
 -0.102277944512428     
  0.156384988751444     
 -0.270770768323410     
 -5.034839477206738E-002
 -0.313044726716610     
 -0.109873935812491     
 -1.755814487051306E-002
  0.270391682446675     
  0.521761259468817     
 -0.129862542071060     
  0.290025247108655     
  8.071180371828102E-002
  2.374848621334680E-002
 -2.774312973837496E-002
  0.111179374737855     
 -0.202085417927271     
 -0.100622103256180     
  2.610632855501771E-002
  0.374920189437499     
  0.302537372562788     
 -0.400598281369451     
  7.689502846428423E-002
 -0.281500027586745     
 -0.207250090815227     
 -3.635013232745830E-002
  6.313153874232812E-002
 -0.249281002749362     
  2.046215009980829E-002
 -0.247118761266626     
 -2.007263680601510E-002
 -0.143176245308129     
 -1.694529634788399E-003
 -0.101946063471121     
 -9.869942619771947E-002
 -0.394450156433792     
 -5.541525725910332E-003
  0.175486129038745     
  8.955694270312915E-002
 -0.267913468511815     
 -8.049967506136071E-002
  9.453481038040996E-002
 -8.294946896652436E-002
 -0.330068333456301     
 -9.411350210130472E-002
  5.089276841895268E-002
  0.155926066977877     
 -0.111069904260996     
 -2.394563048657113E-002
 -0.209680991123623     
  0.167046026356510     
 -0.262596028831822     
 -8.765491814566337E-002
 -1.106106431049015E-002
  6.442036740906000E-002
 -5.435348792145558E-002
 -0.158974974436707     
 -0.108403812637254     
 -0.185998942306468     
 -0.250820200837573     
 -4.111003021380550E-002
 -4.677354799667730E-004
 -1.049368775762682E-002
 -0.164536685156295     
  0.300468046094908     
 -5.565906970883053E-002
  0.161438670945756     
 -7.849950464486312E-002
  0.143128538800234     
  4.161777014842907E-002
  0.290918310120893     
  2.854472870756566E-002
 -0.368177033578090     
 -0.152697546817493     
 -0.334465466096203     
  0.318162277546364     
 -0.139994423390399     
 -0.110407642943499     
  0.207678059587018     
 -0.235728295959613     
  5.296715988711919E-002
  0.130554156824416     
 -0.225445122650948     
  1.842332245138018E-002
  8.229183724647836E-002
  9.186178323831015E-002
  8.345633162436984E-002
 -0.466426776953077     
 -7.657054767923008E-002
 -3.777640049917462E-002
 -0.141204204856541     
  0.116014869464640     
  0.242424484857337     
  0.179763069197483     
 -5.370703457833310E-002
  0.415086351577979     
 -0.103911918550957     
 -0.135771872162455     
 -0.115271964562744     
  0.215226413082200     
  7.777383719163365E-003
  0.498754627452995     
 -0.241483911698234     
  3.223288029874372E-005
  0.185840034760537     
  1.192476059596378E-002
 -7.286338917713800E-002
 -0.173432048508658     
 -0.154867513305750     
  0.351581552427396     
  3.607820623862577E-002
 -5.549025484104084E-002
 -0.437659704444765     
 -0.270655705329575     
 
  9.848184829831591E-002
 -0.254959022162052     
 -0.217495085353545     
  0.171044761099435     
  0.119593831684574     
  2.306932011482041E-002
 -0.147957151802672     
  2.469703689193635E-003
 -1.736441038974273E-002
 -0.302077111084944     
  7.509229485677797E-002
 -0.129708983239647     
  0.184141721157884     
  0.196808798146922     
  4.242768661870722E-002
  0.279355984336348     
  2.374230272933969E-002
  0.234729752674304     
  0.176570281831814     
  0.100694954325465     
  0.341258768149472     
 -0.185933548880492     
 -0.332732225495209     
 -0.220656412911171     
  5.978901511907712E-002
  0.443759870068551     
  0.141545615136865     
 -7.368147978527874E-002
  7.341769059507623E-003
  0.110124647041058     
 
   17.1565687503265     
  -6.40197382053686     
   3.32502852409449     
   6.28033425233477     
   14.5502879849688     
  -5.47839001172522     
   6.04721779855766     
  -6.75697022768508     
  -4.03973834236648     
  -4.41008198690045     
 -0.217109073037935     
   4.91305416477993     
   32.8151040080585     
  -7.15295254825322     
 -0.864921389380622     
  -4.14690719602677     
  -2.31644302107604     
  -18.7072162919523     
 -0.427131119110237     
  -6.69344514872384     
   6.75003954723288     
  -7.56434150838590     
  -6.60699617290836     
  -2.19844248493432     
  -24.6472082009485     
   4.21838992699203     
  -20.0059872221177     
   27.7445432392453     
   9.38725066373571     
  -16.0371932221712     
 
 -1.366165487804878E-003
 
  tansig  tansig 
