     33 -    30 -    30 -     1 
rmse=  13.5768meV
  1.832268051993161E-002
  0.183107197844789     
  0.221446869948930     
 -0.634982382594350     
 -0.350626397161413     
 -0.383237716719760     
 -7.180296927833088E-002
  0.202818726476056     
  0.541565557548416     
 -5.905975481019884E-002
 -0.417614742221616     
 -0.437664450733346     
  3.161567946439469E-002
 -0.244828356682492     
  0.365093226910047     
  0.352043798755971     
 -0.437260745432966     
  4.114437471931347E-004
 -6.410622278626309E-002
 -0.451435616207833     
  4.526291691560314E-002
  0.251234713819904     
  0.355001738103129     
  1.927133945409223E-002
  3.756483667266332E-002
  0.117016878811547     
 -0.504354733372780     
  8.020265614921458E-002
  7.320188238414545E-002
 -7.788027437733334E-002
 -0.209714755215417     
  0.242248136225451     
  8.197274701248486E-002
 -0.214231008834651     
 -0.737573635305937     
  0.796853318792857     
 -1.107968226453198E-002
  0.104031522064532     
  0.305161778809874     
  0.409298512704118     
  6.388801562800374E-003
 -0.158931865679645     
 -9.869182471558589E-002
 -0.208443318199740     
  0.589562663158733     
 -0.142844621862528     
 -0.415190500943684     
  0.396505723845693     
  3.912995371509788E-002
 -0.156829355427050     
  8.816212431557441E-002
  0.170326236373504     
 -0.346185590085666     
  0.434010655292263     
 -0.120223015500567     
 -0.363709460044137     
  0.346346273422377     
 -0.387508527315989     
 -0.433204187163048     
 -0.304105061375423     
 -0.258259183964754     
  0.377037987349963     
  3.173550978764957E-002
 -0.279838140177500     
  0.220456904390282     
  8.864881714767045E-002
  4.391765028998734E-002
  8.318666053236347E-002
 -0.165931532122822     
  0.146722998052767     
 -0.415920349334350     
  0.150087259021730     
 -0.101285094274673     
 -7.536337930321592E-002
  4.932555023166128E-002
  0.306099860403329     
 -7.450338910796789E-002
 -0.138029766905953     
 -0.167152406333292     
  0.586953041341277     
 -0.107354690248733     
  8.261731423208298E-002
  4.285173026143831E-002
  6.586500672401102E-002
  0.145925292627779     
  0.158378705422511     
  0.206438217932341     
 -0.288595192924961     
  0.128975089985914     
  7.684876655835923E-002
 -0.189101729041189     
  0.293012502638716     
 -0.310311547149172     
  4.628985468924459E-002
  4.282211603378210E-002
 -0.167144451584636     
 -8.747573081216882E-002
 -0.226748318366633     
  0.385243227053508     
  0.592562529337081     
 -0.498374369981744     
 -0.102462729470972     
 -0.255011077046264     
 -0.553757589440049     
  0.264693002728491     
  7.607726440956011E-002
 -3.069120550681212E-002
 -4.838940268500573E-002
 -0.228419007060066     
 -4.735906160442235E-002
  0.449322570566858     
 -0.228303079030115     
 -0.140612254846020     
  0.875677093039814     
 -0.153301011546986     
  0.164724363475055     
 -0.281467453209892     
 -0.101968343621861     
 -0.354452889905562     
  0.388512123624863     
 -0.171260729238528     
  0.617351895868468     
 -0.377720958736079     
 -9.359201479809011E-002
 -0.139758772275030     
 -1.271804611088050E-004
 -0.196338673615500     
  0.394962655352717     
 -0.136901020106233     
  0.162328593598261     
 -3.051978816341843E-002
  7.336351175892350E-002
  0.114081905105579     
 -0.386724363099635     
  0.308872241454813     
  8.988753680561372E-002
 -6.521754900295333E-002
  8.209634371863894E-002
  0.192064460032952     
  4.122524118205514E-002
  0.281253626154927     
 -0.169185321302331     
 -0.129124862775675     
 -0.103161357711292     
 -0.143929671464619     
  0.627119769506669     
 -1.571111931887560E-002
  9.569523383316017E-002
 -0.117533265339678     
 -0.500758591091572     
  0.298563343726123     
  0.151114691712366     
 -7.437954092039299E-002
 -0.189813196455012     
 -3.764406528108854E-002
 -0.273240730831561     
 -0.434598742890887     
  0.210963970239882     
 -0.140379134839276     
  1.988195312321003E-002
  0.133346928012912     
 -0.102556104060892     
  2.784474163863783E-002
 -0.189912137853660     
  0.500334744470684     
  0.249929475564663     
 -8.774789141833714E-002
  0.413560814224523     
 -0.446473548930756     
  0.284604444959094     
  0.272065484711998     
  0.557145854142172     
 -0.240802022572227     
  1.743817674321024E-002
 -8.365026366951955E-002
  3.909667215854570E-002
 -2.509429978205877E-002
 -0.118684554071071     
  0.280939222591839     
 -0.449181571818206     
  0.156968875178818     
 -0.384618255496773     
 -5.172430567043555E-002
 -0.360168451958447     
 -0.136554707069012     
  0.153357040642070     
  8.839827617102460E-002
  7.804639281713291E-002
 -0.312318439170770     
 -0.110266657127462     
 -5.965903688678897E-002
 -0.208574158374780     
 -0.109294095297946     
  0.149491257116988     
  0.102340699716291     
  0.156066533022393     
 -0.182081841052957     
  7.553411459286030E-003
  0.103462976600407     
 -1.121832712858397E-002
 -0.884956478502801     
  0.296489553018867     
 -7.102595551492270E-002
 -0.115046436921354     
  1.979847325140537E-002
 -5.281532027382353E-002
  0.255005150162287     
 -0.203664124376151     
 -3.071227345912073E-002
  0.236818374803491     
  0.329779263205156     
 -0.373094577100196     
 -0.184643892485068     
  0.594658600855979     
 -0.823783654570262     
  0.233480409885917     
  0.357972429898918     
  0.270912267428248     
 -2.803499301600833E-002
 -1.009280447224960E-002
  0.129838541328945     
  0.463911240978227     
  0.361817977240249     
 -0.193920796370511     
 -0.502396474706083     
  0.212938694589083     
 -2.072451006111618E-002
 -0.500511121989409     
 -2.920692322441543E-003
  0.178290510680542     
 -8.274965793006324E-002
 -6.555045452078156E-002
 -1.969945998167889E-002
 -0.175101612539754     
  0.301493094864471     
 -0.138672713923553     
 -6.107283107359687E-002
 -0.245578865209970     
  1.220170817256624E-002
  0.403377679946214     
 -0.361169132327607     
 -0.300996938677091     
  0.226535881384082     
  4.015280743538944E-002
 -0.366262003080056     
  0.115867307095585     
  0.332982612552147     
 -0.129710377679041     
 -0.248614861966402     
 -0.131188062199926     
  0.321269323753643     
 -0.106101447742158     
 -1.463561489337460E-002
  0.287644879675390     
 -0.209334334446299     
  9.215535636066025E-002
 -0.660376352158858     
  0.134990844186530     
  8.513504394335872E-002
 -0.222736552067925     
  0.156363686535604     
 -8.436267486665509E-002
 -7.189113348539444E-002
  0.275634706401277     
 -0.112387427731258     
 -0.342390672937294     
  8.562990104023289E-002
 -9.258432114842172E-002
 -0.417862275222130     
  0.145315662674985     
 -0.174508236798671     
  0.344302210555638     
 -0.185068262105289     
  8.603378562311416E-002
 -0.195303901256840     
  0.399972097612070     
  0.317692791391640     
 -0.702177583443341     
  0.542235393422248     
 -0.131799785424186     
  8.097468912527417E-002
 -0.209375539777932     
 -0.194845104828840     
  0.167756970037253     
 -0.227348717223891     
  0.129233929638055     
 -0.128595439360698     
 -1.896251462508215E-002
 -0.154597704780354     
 -0.139794441033703     
  0.158732870442726     
  0.169065608429939     
 -0.221053393836729     
  0.358364943440261     
 -0.212253402478686     
  0.400176159792635     
 -0.316382459703542     
  0.219528271331717     
 -0.136870370926846     
 -0.430180334480846     
 -0.486548971162338     
 -0.199030491833191     
 -0.470784029095152     
 -8.911469813608337E-002
 -9.790151644599884E-002
 -7.634067620046830E-002
  4.828980718092145E-002
 -0.177533343649001     
 -0.103590136488854     
  0.554482848729805     
  6.308476068544880E-002
  8.057785161515378E-002
 -2.958960791766615E-002
 -0.221351785579604     
  0.243662967477773     
  0.561236965615588     
  6.683793881039563E-002
 -0.391190554091715     
  0.256988039314943     
  0.359573515638169     
 -0.191913746285034     
  0.167571577670645     
  0.719857030890436     
 -0.879437089401297     
  0.214019126321403     
 -0.241011308412579     
 -0.114844291848021     
  7.010699357992158E-003
  2.387657823732307E-002
  3.900856150556528E-002
  4.470744532685783E-002
  2.650981402181714E-002
 -0.224098553983612     
 -5.287455431946987E-003
  0.184777272158081     
 -8.650451448085011E-002
 -2.831276427427533E-002
  5.645374523784657E-002
 -4.161325166586621E-002
 -2.590056705477007E-002
 -9.105130979490617E-002
  0.117589885527392     
 -0.384704193114822     
  0.338263601131388     
 -0.472055308539694     
  0.131151893411345     
  0.451478327215841     
  1.728252939810904E-002
 -0.220445454077992     
  5.321745363401095E-002
  0.371957293731260     
 -0.247909948927582     
  0.110177299107570     
  0.109500404126097     
 -1.326230584989571E-002
  0.422302462399914     
 -0.119024501415443     
 -0.480171884735317     
  0.414874724936839     
 -0.204436780478297     
 -0.137243427419958     
  0.404079316566792     
 -0.235097872766909     
  0.205310812530120     
  0.491908464604713     
 -0.481548794371461     
 -0.223205108883036     
  7.959164225014445E-002
  0.813941898684300     
 -3.363808780088327E-002
 -0.615637204077954     
 -0.467035560166339     
 -0.180900473218144     
  0.109408168702992     
 -0.251790310673999     
  5.235426267056002E-002
  0.311682464348554     
 -0.276384926171362     
 -0.365727755602191     
  0.191555865404381     
  0.661743757318680     
  0.238871836050100     
 -7.089034578444539E-002
 -0.240620404681609     
 -6.076375014944638E-002
 -0.277436147005752     
  0.756033182605657     
 -0.370852155595968     
  0.113084949885625     
  8.046456197774768E-002
 -0.297395585439838     
 -0.436406698589536     
 -0.118007654630164     
  0.537084606758453     
  0.119966474154716     
 -0.175300518417785     
  0.287878600065758     
 -0.246412539171684     
  0.129942105570966     
 -8.471498608535585E-002
 -5.421753807000184E-002
  0.150566373029308     
  7.210529540480809E-002
  7.474376372987249E-002
  0.119269539453945     
  0.261993406350583     
  0.440772136963186     
  0.422503009610336     
 -0.495577027815864     
  9.639394491638555E-002
  0.283113823580201     
  0.244485235087572     
 -0.298096283578233     
 -0.331906621678260     
  0.261137385610404     
  3.347327347451516E-002
 -0.142075207660035     
 -6.342848747076953E-002
 -6.907116270348956E-002
  0.278721125226020     
 -0.485566666271406     
 -2.634414345765761E-002
 -5.993321055749429E-002
  0.149998383926220     
 -0.389221802034384     
  0.309578735371784     
 -0.155951664578423     
  0.152584239316246     
 -0.415079686822010     
  0.174573646974926     
 -0.384740862580441     
  0.464049761009648     
 -0.348967219507638     
 -0.507144435346732     
 -3.997458270668585E-002
 -0.250866417801617     
  7.836522666089418E-002
  0.174191054774338     
  0.222876922363870     
  9.198995463491290E-002
  0.424792881663169     
 -0.589515300824069     
 -0.514497117145931     
  0.602824210783670     
  0.181569327879199     
 -0.247516619788737     
 -6.931817203324220E-003
  0.155749273353266     
  9.024728940717212E-002
 -0.221340155811665     
  0.603249551371561     
  0.279668149582447     
 -0.274827913557928     
  0.162072641099208     
 -0.134347860790233     
  0.385124263878496     
  0.359900527816595     
 -0.518739254303432     
  0.161221561275807     
 -0.105914973136907     
 -0.268214870372240     
  5.231419628794543E-002
 -0.129118866207217     
  0.109455191820040     
  0.451682511925273     
 -0.251556061728412     
 -0.281318971116825     
  5.665467539842089E-002
  0.339000762631962     
  0.194318156036969     
 -0.350110558079290     
  9.679569937097331E-002
  2.274763550795972E-002
 -0.459494424994778     
 -0.224619908849601     
  0.106798985168560     
  0.222233583186415     
 -0.334210031256124     
 -0.213915413997571     
 -4.426203041279799E-003
 -3.150528559449402E-002
 -0.100918469981438     
 -0.247120307028932     
  0.243639224175264     
 -0.496182081985688     
  0.247224534695283     
 -0.303604813330418     
  4.295910546366366E-002
  0.371004020882580     
  1.336269563661581E-002
  0.246486874158755     
 -0.332216762607948     
  0.649447313765571     
 -0.254136605159743     
 -4.361919661312345E-002
  0.262472177837108     
 -0.105721066191746     
 -0.504734282313056     
  6.415462802714131E-002
  1.774796279876012E-002
 -0.327334469875123     
 -0.252589619205687     
 -0.149446880715664     
  0.190082218331081     
  0.280810441417354     
 -0.177767442759802     
 -1.572864007144464E-002
  7.767861102383325E-002
 -0.145339253876178     
  0.107571353584691     
  0.215205453430544     
 -0.279759519972756     
  2.757858991391558E-002
 -0.193042308749690     
 -5.009907214208177E-002
  0.624784594435203     
 -0.628108522008725     
  9.797680893458138E-002
 -7.354068355479559E-002
  0.387781677200733     
  0.199133168696155     
 -0.109648310882857     
  3.701101207238694E-002
  0.331264342877142     
 -2.028643938181983E-002
 -0.367046465868942     
  0.232927837524995     
 -4.210912317510165E-002
 -7.194517716113881E-002
  0.103182923482870     
 -0.384831917578782     
  0.306586728090247     
 -3.591990167778205E-002
 -0.460578369079318     
 -0.154210105482370     
  0.206109467645510     
  5.985080969650153E-002
 -9.922057419053819E-002
 -0.262390365267511     
 -0.181066620930720     
  0.454233574864346     
 -0.196358343875356     
 -0.148718271091906     
  0.125923898502487     
 -0.403532284735666     
  6.863801356700501E-002
 -1.329752653203263E-002
 -4.301441150086373E-002
 -0.161158217048258     
  0.302950285477716     
  0.226496352011096     
 -0.282861012577912     
  0.320123318318997     
 -3.341954525410743E-002
 -0.276005248459616     
  0.424791405738826     
 -0.111824572242345     
  1.844561987498135E-002
 -0.298684964517783     
  0.148941114999656     
  7.052490229898947E-002
 -0.237414206059786     
  0.322277918919513     
 -0.194576714126124     
  0.438793217716022     
 -5.802549752295309E-002
 -0.151823396400585     
  0.120907269245878     
  2.268849630206020E-002
  0.189097918252007     
  0.437671830734990     
  0.297876919919551     
 -0.209488757366067     
 -0.268026210715362     
  0.255367787172618     
  5.449509915432840E-002
 -1.806364726969747E-002
 -0.176472228166413     
 -7.647524849913380E-002
  2.099351222319404E-002
 -8.782037874150227E-002
 -9.538688829672416E-002
  0.102392989861023     
 -0.112051915889254     
  6.423146970385070E-002
 -1.395089700895906E-002
  6.494214474128142E-002
 -0.144566103305799     
 -5.967811812213878E-003
  0.421686622799410     
 -0.198659022666349     
 -0.189093151685889     
 -3.526454120923495E-003
 -0.277434187684514     
 -0.359678186469694     
  0.317101686980046     
 -0.371071869281498     
 -0.408976817848825     
  0.114734391579910     
  0.275513740582964     
  0.516248886454659     
  0.703056555877249     
 -0.315561653965199     
 -7.960645352451851E-002
  4.951083388726680E-002
 -0.159548916571329     
  0.384034500185190     
  0.513180737647748     
 -0.551774101621837     
  0.385725626762468     
 -0.752998027709020     
 -0.165689510763146     
  0.179047190493929     
 -6.571449932667233E-003
 -7.208118346386712E-002
 -6.599489425674242E-002
  0.365239348590358     
 -0.384815640712963     
  0.292509420313946     
 -0.382002055132718     
 -4.934099375463891E-002
  7.165608949994738E-002
 -0.131159078230839     
 -3.656867730129566E-002
 -0.138910242094215     
  0.344565779006594     
 -0.139176558923234     
  2.895386664897705E-002
  0.125584612141193     
  0.145137485576211     
 -0.167083447937512     
 -0.171032638356778     
 -3.625355429764466E-002
 -1.952706433213643E-002
 -0.164383308221095     
  0.166635997178274     
  0.235129359448339     
 -2.939152222777313E-002
 -5.476020673534091E-002
 -0.370844356164425     
  0.428400117072781     
 -0.684462343996402     
  0.715041788407046     
 -5.332861178681144E-002
 -2.654096471230789E-002
 -0.269375248184179     
  0.173171102189463     
  6.632108076517582E-002
  0.189087206413310     
  0.463113672888290     
 -0.368589072209798     
  0.113074814756242     
 -0.500611801983421     
 -0.881637431933337     
 -0.179558764978922     
  0.188379591206046     
  0.120015138294433     
 -0.186611634076427     
 -0.312033596402831     
  0.147529778896887     
  4.952482715025660E-002
 -0.247093374425646     
  0.235872875616712     
  0.384276946754492     
 -0.499396161687979     
 -0.546854922152467     
  0.151423298387148     
  0.264770250195821     
 -0.122950404021054     
  2.321281290715487E-002
  0.287000236587220     
  3.248603343335418E-002
 -0.270777731770932     
 -4.461648786682061E-002
  0.327613818593372     
  0.263051275824915     
 -0.231038133248887     
 -0.184149257477139     
  9.516231411867256E-002
  0.316467057992666     
 -7.292066298299762E-003
  1.428895478102248E-002
  0.171265423555988     
 -0.350787109371459     
  0.106772316892707     
  3.796377636686157E-002
 -3.414083791060282E-002
  0.271603890552735     
  0.326318514091599     
 -0.378891133095240     
 -1.726683722260858E-003
 -0.236470037746695     
  4.707302830782733E-003
 -5.891035058927711E-002
  9.237225337259693E-002
 -2.764436884758875E-003
 -0.256515367594315     
 -2.525494175078737E-002
  0.435313726556184     
 -0.457879308746702     
  0.260923804585513     
 -1.340199172197205E-002
  1.155306251271456E-002
  8.850455267757720E-002
 -0.132855967527801     
  6.883646012980031E-002
 -8.835077046952437E-002
  0.371742057510503     
 -0.298452415460037     
  0.114989859248506     
 -1.025949873179340E-002
 -0.186949018022119     
  0.453112557458044     
 -0.200303243632705     
 -0.134988941036131     
  0.134470678683307     
 -7.144395307378969E-002
 -5.274392987862252E-002
 -2.687130495376436E-002
  0.267616251231977     
  7.288539673905074E-003
 -0.264236382573606     
  0.213542596514915     
 -0.287249977835146     
  0.183179936304515     
  5.088540067814051E-002
  0.311704645637248     
 -0.573561755281665     
  0.343025274042321     
  0.719026419388177     
  0.602054985392318     
 -7.236895771835196E-003
 -0.255756484426899     
 -0.139188986375860     
  0.661767410018073     
 -0.115541309005644     
 -3.233412130431838E-002
  0.507156387043513     
 -0.518250910171272     
  0.166819110182525     
 -0.266062634130466     
  9.613511541000880E-002
  0.348712660824994     
 -0.245496430626575     
 -2.475152869402218E-002
 -5.290550899972771E-003
 -6.953860894875964E-002
  2.810653112151087E-002
 -0.123135630341262     
  8.781980781358345E-002
 -0.473378047349152     
 -0.243258776276611     
  0.204091471359345     
 -0.130795764364205     
  0.326833369564246     
 -0.175863266779291     
  4.440280418233881E-002
 -0.180775450653773     
  4.010025462166201E-002
  1.943633528367097E-002
 -9.712906077006073E-002
 -0.215596194198041     
 -0.218845819673769     
 -3.858369578873705E-003
 -2.660383593498899E-002
 -0.162559140468428     
  7.497995965697714E-002
 -7.875572722176442E-002
 -0.500150611772046     
 -0.222968291640487     
  2.744350396506310E-002
 -3.650861878882541E-002
  5.804377667060701E-002
  5.040355885742816E-002
  0.564529395982041     
 -0.388815885117244     
 -9.001891980656826E-002
 -0.187960174383752     
 -9.219282397155235E-002
  0.411575263003876     
 -0.443197650542506     
 -0.210082747566566     
 -7.376943831582781E-002
 -0.655943555543965     
 -0.143601369921119     
 -0.126731968549688     
  3.362017169905552E-002
  0.327928281989055     
  0.120166348371331     
 -0.201039963314780     
  0.152829543417274     
  0.326270801416620     
  0.286373471177127     
 -0.478228843565569     
  0.244179465713933     
 -0.282657310397211     
 -0.105086789840350     
 -0.385578268171300     
 -1.450263667032950E-002
 -0.114351618917299     
 -3.851052556918487E-002
  0.388093078222246     
  0.155019425100362     
  0.614649500966988     
 -0.334464350176614     
  0.358029990022208     
 -0.222431741181367     
  4.362878969146975E-002
  0.177804453229669     
 -0.325399451533259     
  0.243528557753246     
 -0.336276784131549     
 -0.223112051302756     
  0.410106524949992     
  0.368689239323375     
  6.144567657447728E-002
  0.261452387580431     
  8.075527858965084E-002
 -0.134523134973396     
  0.289369439703329     
  0.402000385214125     
  3.030291977724937E-004
 -2.852752205372995E-002
  3.571330223550324E-002
 -0.250052117768853     
 -4.877315203561635E-002
  0.237236498310048     
  0.128321320225965     
  0.271121545981111     
  0.547137308972976     
  7.863391753545171E-002
  2.492124476970616E-002
 -1.046758121724452E-002
 -8.364347732090130E-002
 -0.370330419895354     
 -1.594977469796778E-002
 -0.198816604814979     
 -6.767977610729491E-002
  2.113708650042187E-002
  6.475648609607657E-002
  0.273061979788835     
 -0.267687916657944     
 -0.263601751544166     
 -3.757625276113752E-002
 -0.147932636370253     
  0.500302078301963     
 -0.325802718611590     
  4.985276957302590E-002
 -0.160282770800289     
 -0.326126871580683     
 -0.178219676817986     
 -0.175180632168839     
  0.153881386609773     
 -0.167608133072751     
  0.122656395596614     
  0.222934024401035     
 -0.344257590297563     
  0.297648532329503     
 -2.364406284463457E-002
 -0.268315564464880     
  1.562217612249554E-003
  0.498246345949617     
  0.296166145947789     
 -0.182978944735906     
  0.358103492569627     
 -4.617721173412737E-002
  7.326515303620816E-002
 -9.196171979584900E-002
 -0.338150751512830     
  0.218253116454248     
 -2.535398352979710E-002
 -8.455633588853737E-003
  0.390055107971917     
 -0.222218479025246     
 -0.128950200280553     
  0.183527191166107     
 -0.503007365756246     
 -0.439083806923054     
  0.363961873329379     
 -0.197825548676413     
 -8.820911130742783E-002
 -7.326590960345914E-003
 -0.355338443782304     
  5.048050870508398E-002
 -0.199442159857458     
  0.233588677289258     
 -0.180214004754261     
  0.313120432980972     
  8.514429716719843E-002
 -4.577478585994842E-002
  0.107392899833657     
  0.351468733248928     
 -2.661570863670128E-002
 -0.391361212528231     
  0.478076122484065     
 -0.155142494366584     
  0.302536337351658     
  0.184997849705602     
  0.178672357757693     
 -7.741101434512536E-002
  0.375637987597142     
 -0.369878561591991     
  0.117724398268735     
  0.210968350943916     
 -0.215740967018474     
 -0.234790620795985     
  0.165919502158875     
 -4.459241330870156E-002
 -0.116087517793596     
 -6.330177074009453E-002
 -0.164148368610235     
 -7.347920718824343E-002
  0.102617259062309     
 -9.764526905461104E-002
  0.249028182618522     
 -0.274003391257484     
 -0.422968850234101     
 -0.315323975568541     
 -0.229241139602660     
  6.724191370373801E-002
 -2.536275254658465E-003
  0.123303130022418     
  0.121972445436659     
 -0.114818189267466     
 -0.211972853138040     
  0.258017510170724     
  0.469528502658487     
 -0.223069643694733     
 -0.296641452258277     
  0.650326194608950     
  7.809367578519093E-002
 -0.352476237997823     
  8.397580659297169E-002
  0.115839264217615     
  0.128558263776252     
 -3.361543888970014E-002
 -0.485636867859581     
 -2.624555599801046E-002
  3.023973321991435E-002
  0.308214067391968     
  0.131648693670173     
 -1.426420341049443E-002
  0.317055976749322     
  0.249094062021295     
  0.210464654202219     
  7.015640218848858E-003
  0.239036390671308     
 -2.009714815774475E-002
 -0.150905899539397     
 -0.355826444058297     
  0.186345968784731     
 -0.396518375328691     
  9.889054271770258E-002
  6.026136418878009E-002
 -0.289772369227293     
 -0.119039120966986     
 -3.010666329942339E-002
 -0.421647715111620     
  0.491638422067780     
 -0.124121827612952     
  2.040134018904637E-002
 -0.360613241938104     
  6.379041959761310E-002
 -0.479373661182778     
  0.141477179406652     
 -0.151407340766578     
  0.266856666176671     
 -0.289005627372762     
 -7.403809615576579E-002
  0.176964314233255     
 -0.498589088359320     
  0.316981070065667     
 -0.150337595960619     
 -4.834484228181081E-002
  0.453766191999773     
 -0.539376548786172     
 -0.366280957283299     
  0.383382907969015     
 -6.533955200582435E-002
 -0.375843762539394     
  0.410474513478981     
 -7.081779876310745E-002
  8.372081807004200E-002
  0.517887389503520     
 -0.343099127320088     
 -4.578829959666096E-002
  0.292490543698565     
 -0.163007336514445     
  0.383292968782654     
 -0.394276118240999     
 
  0.686711806926526     
 -0.517736103792705     
 -0.366080429103832     
 -0.245384100584130     
 -3.882263502498560E-002
  0.833336458989677     
  1.479498170407022E-002
 -8.525741012825583E-002
  0.594484058116796     
  0.165659001787360     
  0.200443128509840     
  2.209171789270254E-003
  0.786093669897804     
 -0.779117818344597     
 -0.192536503607336     
  9.922423775106541E-002
  0.209574874460257     
 -0.274290658886695     
  0.685544933815617     
 -0.750794897876270     
  8.957126911417358E-002
  2.458307408315490E-002
  0.129594912575164     
  0.241147490045501     
 -0.346504662773545     
  0.163725681247142     
  0.357492824016643     
  0.151354058332147     
 -0.184813888115373     
  0.353112216676206     
 
 -0.159110763461160     
 -0.233599127682101     
 -0.189259191731798     
  0.325306486831007     
  6.723749043556305E-002
  0.389148382087584     
  0.258724644850052     
 -0.165721669298856     
  0.476962021240112     
 -6.380717328826724E-002
 -0.490371167709149     
 -4.723283873408086E-002
  0.459634755721864     
 -2.304223228283638E-002
  0.392368144359085     
  0.310886013323454     
 -9.319811397374275E-002
 -0.251963214501432     
  0.196937475948022     
  0.496896183718142     
 -0.460330067528379     
  6.924673090787027E-002
  0.412340607306977     
  0.286842368352529     
 -2.480904403406433E-002
 -0.152576055862139     
  7.919270563995653E-002
 -0.537226269046927     
  0.179311598479478     
  0.251450180302753     
 -0.118116704828974     
 -5.589990894052781E-002
  0.205123896257822     
  0.222381632001090     
 -0.124480335124469     
  0.545194730921882     
 -0.347641076809975     
  0.200212011251854     
  0.500407883837901     
  0.520641815815500     
  0.418072954319091     
  0.576935444543637     
 -0.208733033269041     
  0.450364398303741     
 -0.105477172461817     
 -4.823191548596367E-002
  0.487151073665304     
  0.742922986049973     
 -0.250018887258635     
 -0.478378948749563     
 -0.677858700440788     
 -0.760036060251271     
 -0.283123226720164     
  0.167950447330581     
 -0.158592512971925     
  0.162583175226617     
  0.694066037002240     
 -0.384737130252666     
 -0.119370003101102     
 -0.269182902144822     
 -0.178639129377015     
  0.165458235297456     
 -9.876841901027877E-002
  7.369254602704520E-002
  0.549767159493522     
  0.320119930589591     
  0.421718402714531     
 -0.335678272003291     
 -0.394086531531729     
  0.113276874929270     
  0.214040598027327     
  0.265152320577748     
 -0.310364916690144     
  1.165008746933062E-002
  0.145114267441529     
 -6.670980980768793E-002
 -7.103153226272833E-002
  5.684433031436165E-002
  5.498392925708658E-002
 -8.522946768593616E-002
  3.285605673565457E-002
  0.511258644376291     
  0.195074708164038     
 -0.170937415120941     
  0.111672908392494     
  0.340063364197910     
  0.324694307112455     
  2.597953172425238E-002
  0.377591588553440     
  0.357292025415938     
 -0.714689814894752     
 -0.255529437144627     
  0.174355735661000     
  0.524163829334434     
  0.482470012507712     
  0.294450781095865     
  0.271934338996413     
 -2.555102692759326E-002
 -0.880069690309969     
 -0.907160758365656     
  0.199281022706533     
 -0.582089742029635     
  0.596637627419155     
  0.290350452641041     
  0.144809387943256     
 -0.184211941624678     
  0.751109955651086     
 -0.169072603321537     
  0.171027085155844     
 -0.210915776563301     
 -0.765973421711037     
 -5.084916878973509E-003
  0.160022002710504     
  0.640669380188825     
 -0.186022656960127     
 -0.282840033906486     
 -0.120919937617921     
 -0.708896783007803     
  0.262754011119903     
  0.170908023142810     
 -0.397898640254467     
  0.240685889517730     
 -6.687329192238879E-002
  7.670724220539112E-002
 -0.137583225574634     
  1.074407294323577E-002
  0.283519463561177     
  0.338137241466135     
 -0.260562811042600     
 -0.367422999316581     
  3.282274996222159E-002
  0.277594971858353     
 -1.242940668980151E-002
  0.127216183514676     
 -0.116844740549772     
 -0.613234304228301     
 -0.352803388034401     
 -0.291946398823469     
 -2.781585850812047E-002
  0.218929963222190     
 -9.315664053591455E-003
  0.312052646268912     
  0.447750448943266     
 -4.865226380137434E-002
 -6.550603677454742E-002
 -0.205014703615193     
 -0.149546922641235     
  1.950587879067955E-002
  -1.00223675638672     
 -0.208324912029262     
  3.447609458258316E-002
  0.330930337478771     
  3.384376521495269E-002
  0.167453177994623     
 -0.212356401970339     
  0.546832959429438     
  0.109827725901342     
  5.899650991748800E-002
 -0.246796638712104     
  0.508005261663597     
 -0.100506689630092     
  0.625363125456003     
 -1.449768656016920E-002
  0.154342057792808     
  5.361898830833312E-002
 -0.211311365419796     
  7.285964886299684E-002
 -2.364937123835323E-002
 -0.152406301532412     
  4.902642538602217E-002
  4.437319578661977E-002
  0.282446072941053     
  0.185086648615418     
 -0.114039134008637     
  6.130318368903291E-002
 -0.354522177869906     
  0.495768939653700     
 -0.214983007558728     
  3.148994337457727E-002
  7.135294003022076E-002
 -0.137711235802983     
  0.114107268145919     
 -0.183576682904152     
 -0.368099378247825     
  8.939501816395388E-002
 -0.361099416940436     
  9.250186932558553E-003
  0.174322911389233     
 -7.553491558307332E-002
 -6.674697767166858E-002
  8.420649658027898E-002
 -0.184357101137215     
 -0.317410089505528     
 -0.249707360813013     
 -7.531785802989562E-002
  0.222338020785196     
 -2.828977356520962E-002
 -9.193014263292067E-002
 -0.305788922346601     
  4.599598880144092E-002
 -0.219969621003935     
 -7.613248713119301E-002
 -3.319202413348810E-002
  0.190102807178782     
 -0.105450970590925     
  0.176215570902084     
 -6.200714552686971E-002
 -0.241563112987681     
 -3.238222086781101E-002
 -0.204277423329940     
 -0.614655457180928     
 -0.565600023606525     
  0.399460552497705     
  6.483739995283867E-002
 -0.315929190420146     
  0.812444709692862     
 -0.573655819725180     
 -8.617231955989600E-002
  4.106608347059169E-002
 -0.256002850077643     
 -0.287820669815636     
 -0.294643654678318     
 -9.935835597205256E-002
 -0.393377173750043     
 -0.424022204111417     
  0.344379490785510     
 -0.462403947649291     
 -0.394880433555391     
  1.843340165440508E-002
  0.154951525350703     
  0.131957288586182     
 -0.326170772273792     
  0.423463311659381     
 -0.220291439700448     
  0.139817947229988     
 -6.851518164946196E-002
  0.139489683314688     
  0.170656979680108     
  0.107225136205195     
 -0.785014333557228     
 -0.561814393677922     
 -0.185198157454408     
 -0.206435931429012     
  0.217619545221800     
  1.759128575211719E-002
 -7.819568663509496E-002
 -7.198606338495547E-002
  3.082044457022962E-002
  0.219980709680259     
 -0.854364526228440     
  4.061526793441789E-002
 -0.559479183498418     
 -0.360328922214978     
  0.188418263654334     
 -0.378951616830037     
  0.109583402266297     
 -0.329257221047616     
 -0.148009382517144     
  0.618776897488721     
  0.439208062940752     
 -0.147910341131105     
  0.454723746155927     
  0.586041618399779     
  9.474773928706189E-002
  0.210708003426226     
 -0.532158581805640     
 -0.619949100161007     
 -5.164197975411459E-002
 -0.102857254512250     
 -0.428671465038114     
 -0.439854885101398     
  0.158202625676163     
 -0.358426927528641     
  0.184623708856194     
  0.349724019961121     
  0.389768292954478     
  0.137414594024136     
  0.466307467138061     
 -0.141084556043213     
  0.404098142932402     
  0.652473058695520     
 -0.195265655145477     
  0.185070755576821     
 -0.193167526529810     
 -0.372959744691705     
 -0.579678216652538     
 -0.187056935721332     
  0.669263721300650     
 -0.175603060787557     
 -0.409156561962677     
  7.438378728922969E-002
 -0.331264374182394     
 -0.500928252736714     
 -0.107119114500841     
 -0.434036818599384     
 -0.409213217503598     
  0.344713961195837     
  3.156121832836981E-002
  0.431164551845426     
 -9.007717633435872E-002
  5.670201707770524E-002
 -0.105552069246721     
 -0.555336092517137     
 -0.228580990330713     
 -0.118925762204793     
  0.251787286643864     
 -6.782285103388465E-002
 -0.572619999573825     
 -0.148654020848101     
  6.109605249196154E-002
  0.444336061903841     
 -0.297448264804035     
  0.383109719476855     
 -0.489808590479571     
  -1.17745995813609     
 -0.181979654782846     
 -0.218557253178961     
  0.494035039806600     
 -0.867849047547173     
  0.310441588936313     
  0.221965429063545     
  0.494083673762671     
 -0.463549519074301     
  4.728942576436265E-002
 -0.402819658623368     
 -0.715725225062513     
  0.256748119560676     
  2.300378833907022E-002
  2.013066875253979E-002
 -0.382497636792811     
  4.506570171931706E-002
  0.275561511327148     
  0.292520755625838     
 -5.401704289682807E-002
 -0.364988807758114     
 -0.160068283000167     
  0.142066959369286     
  0.348154498392842     
  0.207148015861528     
  0.261178824627582     
 -0.404031240738971     
 -0.233938001071778     
 -0.452657753210662     
 -1.338392545690311E-003
 -0.266305502886087     
  0.137044892022041     
  0.404169354273773     
 -2.697859181614076E-002
  7.886058642577098E-002
  0.604881695247134     
  0.226239862550078     
  4.000311072105894E-002
  0.171389882135033     
  0.156849352615837     
  2.514980571713052E-002
  5.715026734810506E-002
 -0.498708225940339     
  4.867140620482477E-003
  0.271210681196031     
 -0.333007364081940     
 -0.173959142104940     
 -5.546940159339982E-002
 -0.108007091673563     
  0.272564855197748     
 -0.366011149075584     
 -0.151528124005282     
 -0.379415985044976     
 -0.299791767102687     
 -0.196750417936430     
  0.437398893251227     
  0.166850277499637     
 -6.144022188268940E-002
 -0.327479446758780     
  2.117271807100597E-002
  0.266474367107748     
  0.308615349695997     
 -8.797899405467481E-002
  0.214542533020610     
 -0.150241239847276     
  0.333357927162531     
  0.232897159150879     
  0.564823444628740     
  0.123089032600798     
  0.555111456600753     
  0.393380401731179     
  0.600337795213528     
 -9.411649000499440E-002
 -0.130120075345166     
  0.395579316383333     
 -0.184667224799548     
  0.275321518091900     
 -0.663199631967492     
  8.789388591902093E-002
  0.140806500272463     
 -0.644108514382235     
 -0.213781915634586     
 -0.468986562137727     
 -7.025822808185884E-003
  0.156627149296138     
 -2.878972594838708E-002
  0.296175867989973     
 -0.131967333643175     
  0.138399359879378     
 -0.320205472464811     
 -0.371951203392784     
 -0.211877251317799     
  2.899762158743585E-002
 -2.136109851154850E-002
  0.400864944085863     
  0.185041286976205     
  0.157765537783721     
  0.292652550703350     
 -0.181654657878627     
  0.325933624213958     
  9.885749846058274E-002
  4.195145177543906E-002
 -0.641019969345648     
  0.320756685362989     
  0.258629130428331     
 -0.279050596034407     
  0.562182105659106     
  0.388014731586071     
  0.131896364471003     
  0.688195573964867     
 -0.239278161803995     
 -0.385492068012810     
  0.620584547555884     
 -0.267517428774570     
 -0.275473896450565     
  0.168181845169424     
  0.273686389390211     
  0.445183231747653     
  0.319702705692994     
  0.687713774596974     
 -0.434117571921100     
  0.738040846936000     
 -7.767801530039101E-002
  0.326986703818265     
 -0.273885056656262     
  0.157032615915031     
  0.339931013288092     
  7.703821503379428E-002
 -8.517817184589370E-002
 -0.113413309623539     
  0.587070258674180     
 -0.172512855520490     
 -0.575403583251817     
 -8.119742261574298E-002
  0.154281056919063     
  0.160702484255411     
 -0.453773946489266     
 -0.635697494149856     
  2.908654689305073E-002
 -2.925345142254103E-002
 -8.131425744732422E-002
 -5.974610625727857E-002
  0.357797235653915     
 -0.158139774914087     
 -4.613868658865770E-002
 -0.474807837195733     
  0.389165008318301     
 -0.831090509700978     
  0.308158532816634     
  0.234101572779514     
 -0.333764067958344     
  0.175278058363796     
  0.299443733723683     
 -0.318472791966391     
  4.312795820816713E-002
 -0.170295415907754     
  0.430304497299147     
  0.167810716511057     
 -0.200917113040295     
 -4.785866312610883E-002
 -0.394980577959061     
  0.166824372099073     
 -0.708017978558045     
  0.421082943269328     
 -0.586351032164227     
 -0.224355135061434     
 -0.319766040028521     
  0.187478389019860     
 -0.308201243473079     
 -4.269785515146445E-002
 -0.174392741010634     
 -0.381633500423263     
  1.406036895656731E-002
 -0.147065687400417     
  9.536149605074951E-002
 -0.107015454419501     
  0.288155455342215     
  3.741804772159743E-002
  0.464088789127367     
 -7.315212811899707E-002
  0.178191412586170     
  0.457851282391402     
 -0.671302197590570     
 -9.734705273130077E-003
 -0.380951241057940     
 -0.203432621727327     
 -0.423959294187480     
 -0.157526158472670     
  4.655058858260355E-002
 -1.186898564626133E-002
 -8.821510217760763E-002
  0.609000200155732     
 -0.909927277208146     
 -0.358616914295604     
  0.145037743858843     
 -0.224508033491035     
  0.351818038502658     
  0.344988786135975     
  0.361308465862435     
 -0.418035215242192     
 -7.582093951310501E-003
  0.455692553123107     
 -1.303042523646163E-002
 -0.233863880252621     
 -2.227384947941261E-003
 -0.177011661603997     
  0.513953087462164     
 -0.799807876196980     
  0.394672824445856     
  0.626668528607233     
 -0.450033375523843     
  0.120663632000017     
 -0.285176192952200     
 -6.292326110607806E-002
 -5.241082054199129E-002
 -6.316079669090981E-002
  2.689206208316835E-002
 -7.487621616216783E-002
 -0.448367148267280     
  0.124518052641574     
  0.253042967268238     
  0.461349231278493     
 -0.163506659583567     
  0.182311594403209     
 -0.166561067709252     
 -0.117662409375873     
 -0.193665285084229     
  0.293196336595292     
 -0.184583562631786     
 -0.177978476677542     
 -0.265344650674915     
  8.462644330746910E-002
  0.228996481465420     
 -0.107589845883137     
 -0.177969053317634     
 -0.351005477596718     
 -0.634834907955511     
  0.205177845802165     
  0.105930192081445     
 -0.536134073633298     
 -9.272823567022442E-002
  0.376596414441298     
  0.229850437707313     
  0.776086554726921     
 -0.294604541632020     
 -0.190509074389237     
  1.807256286145268E-002
  0.296096798953212     
  0.184458290447784     
 -0.132666015770528     
 -0.252277366549177     
 -6.622408390145217E-002
 -0.130846962326852     
  0.719931947843420     
  0.264045303828622     
 -0.625161155284784     
  3.193334014182561E-002
 -0.185754709085404     
  0.542741398142589     
  0.255554799832853     
  6.998634425989100E-002
 -1.048671772482800E-002
  0.374312168687441     
 -0.280557939162466     
  4.690897636020422E-002
 -0.578354657562401     
  1.339896080012474E-003
 -0.140809027920419     
  0.354793463688879     
 -0.219723704268118     
  9.538473951215154E-002
 -0.140523256807873     
 -0.147746404845773     
  0.236823737012616     
 -0.258727865379797     
 -2.762464555927967E-003
 -0.371852172283874     
 -9.487439722821631E-002
  0.358692903696847     
  8.921999678338385E-002
 -0.212564251464833     
  0.143823443035245     
 -4.331466643758351E-002
 -0.338568461756513     
 -0.421650615279942     
 -0.230705139611591     
 -0.432289675576275     
 -0.203378769897434     
  0.222519996937041     
  0.239751713362167     
 -0.294812718145829     
 -0.185470761470397     
 -0.388602417959878     
  5.143727319003859E-002
 -0.327013165711414     
 -2.848956497094560E-002
  0.114563500426193     
 -6.308192625429128E-002
 -5.372139613523477E-002
  0.114937506062335     
 -0.140890150522927     
  0.107317245438351     
  0.659036774408060     
 -5.017740049350131E-002
 -7.813838484762893E-002
  0.152809242509573     
  0.622694744968326     
 -5.101551041218200E-002
  3.302387610737108E-002
  0.218925976309153     
  0.153876432799661     
  0.224144148779924     
 -0.292419817589833     
  9.191062678179422E-003
 -0.399063152279315     
 -0.164412219456602     
 -0.211465264707657     
  3.023317904687566E-002
 -9.111154712918079E-002
  0.207725515421249     
  0.268804382019785     
  0.211424340143132     
  6.126479283237530E-002
  0.127096726815884     
 -9.888757597183081E-003
  0.119433455016256     
 -0.370014743197272     
  0.264462600243886     
  0.166234933437886     
  0.157006205121707     
  0.373526875395598     
 -8.527138437279569E-002
  2.902698916862341E-003
  0.272661985417275     
  0.574467856376250     
  0.125992953152224     
  6.252537419339819E-002
 -0.305710800113603     
 -0.478975518421719     
  2.594100060085414E-002
 -7.571344149525969E-002
  3.267603690609420E-002
 -0.368598770970624     
  0.365427406220761     
 -3.780412789563689E-002
 -0.203858682737540     
  0.580286087421222     
  8.039824386244220E-002
  6.261118279823831E-002
  0.459849336358350     
 -0.268856108314814     
  0.115621024822227     
 -0.170241475895467     
  1.929013180241656E-002
 -0.238271127062865     
 -0.161440481272873     
 -1.790175198221737E-002
  0.617409214154225     
 -0.472060427781327     
  0.294166865507371     
 -0.201266684920745     
  0.212174988473717     
  0.251887263186223     
  0.268824445992235     
  4.327638260680481E-002
 -9.616955177843244E-002
 -0.203059328301431     
 -0.224218701520499     
 -0.122072192501144     
 -0.121330826302854     
  0.234980625358790     
  0.678988766266171     
  0.349684250820020     
 -0.141681139751536     
  0.333325286612294     
 -0.101355863546510     
 -5.231784122009410E-002
  0.502543941442589     
  4.774737913626896E-002
  4.093198098065615E-002
  2.400431180485374E-002
  0.418273930627204     
 -0.142557289585770     
  0.619256856698803     
 -0.193667062228593     
  0.165353856919403     
  0.665168454375757     
 -5.373609262452092E-002
 -3.910364129691269E-002
  0.269499012778764     
 -8.806150643671140E-002
 -0.454279364225612     
  0.442546236699851     
 -0.236093240540061     
  4.460694229639739E-002
 -0.439165735669800     
  0.224853523453053     
 -0.131457970159543     
 -0.195614664951387     
  3.784477789105505E-002
  0.704386125951656     
 -0.241661604563750     
  0.213707634880032     
 -0.615487836432804     
 -0.971006779789070     
  0.901761289819698     
  0.775190266017108     
 -0.348140854687475     
 -0.325442985880357     
  3.052224428159475E-003
  7.128129529317767E-002
 -0.306400164652994     
 -0.405936633969462     
  0.103658839110293     
 -0.168486111608726     
 -0.297313378387159     
 -0.495305656465366     
  0.166100500341722     
  0.156219942726807     
  0.168099771716027     
 -0.135790453340861     
  0.391181434358200     
 -0.238642845911431     
 -0.397768613793721     
  4.632350985393659E-002
  0.119969661550634     
  0.224438843207042     
  0.157741987518256     
  7.539811843813556E-002
  3.279412151887272E-002
  7.313494628586473E-002
 -0.333134389070194     
 -0.452289851973478     
 -0.142993713391975     
 -0.532102389234188     
  3.180398364693463E-002
  2.645624579470053E-002
 -2.539068380150791E-002
  0.278913866817416     
  0.162043064609381     
 -0.421824860481824     
  9.728504193388669E-002
 -0.230594414657020     
 -7.408313583940868E-002
  0.316336520507128     
 -6.999253260320158E-002
 -0.190236553948967     
 -0.148334617138104     
  3.049175998606015E-003
 -0.101955536857145     
  7.870105259357420E-002
  1.925858056880748E-003
 -9.219485767457429E-002
  7.849742979751756E-002
 -0.120852115879187     
 -0.105429857393827     
  4.897194428388760E-002
 -0.368128171213884     
 -0.418328352691762     
  3.755558705651127E-002
  0.622608857620441     
 -0.517660102694491     
 -6.988894038213453E-002
 -0.232387938388829     
  0.382213161444197     
 -7.305593035647293E-002
 -0.297832997353556     
  9.514242585129871E-003
 -0.187931752711195     
 -0.294170419129676     
  0.211278992687192     
  0.704620732750355     
  0.222410112793847     
 -0.159590821322774     
 -0.416651470785810     
 -0.223826785847804     
  3.445564016429020E-002
  0.224758644697914     
 -0.502844674996185     
  7.520859676714371E-002
 -0.412826046570687     
  0.174379701849500     
  2.863272388197519E-002
  0.177586188111131     
  0.156094453239066     
  0.236161376859679     
 -0.514943422139391     
  0.498376735843420     
  0.248780610126586     
 -0.119402863080361     
 -0.721384404023084     
 -0.150516330388893     
 -6.159936759980100E-002
 -0.600157175852500     
 -0.103877590712960     
  8.203854162815251E-002
  2.221609665590597E-002
 -0.492166269546985     
  0.342758323147521     
 -0.514378251528152     
  0.565097190897848     
 -0.706378838000390     
  0.276040049631241     
  0.348356201513868     
  7.747014878683191E-002
  0.219807478308956     
  0.239074937744386     
 -0.707947337861077     
 -0.455998838111760     
 -7.961724075243609E-002
 -0.874833180255559     
 -0.279248116939135     
 -6.972807385408711E-002
 -0.296797951561998     
  8.216537883513171E-002
  0.673856244060560     
  0.327809079572909     
 -0.618166650768033     
  6.414913033418808E-002
  0.283094041421901     
 -2.742368882368102E-002
  0.238278069953174     
 -0.100722932046938     
 -0.200226142364309     
 -7.890358964388146E-002
 -0.561039348368509     
 -0.290245231386542     
  0.322288457518988     
  0.367166396781938     
  0.171120465997927     
 -0.520558446148252     
 -0.262540052160062     
 -9.790251711682665E-002
 -5.749941816073841E-002
 -0.501758872977771     
  0.502236123591504     
 -0.594503054094578     
  0.547964934871883     
 -0.454038123605949     
  0.219293790913424     
  5.390887681439039E-002
 -6.859379667829164E-002
  4.483302818259548E-002
 -2.540696860355146E-002
  0.618173019521697     
 -0.114288192266141     
 -6.557468163078010E-003
  0.305181517632488     
 -0.166520825293414     
 -0.175056461769930     
  7.963906693933033E-002
 -0.426876088380070     
  0.383680153561997     
  0.206148934563566     
 -0.216256159050953     
  0.430863860778901     
 -0.825374889474731     
 -4.034512041617409E-002
 -0.258279358847580     
 -0.307913225922345     
  0.234492828589866     
  0.238772776398672     
 -0.275148083817440     
 -0.404307391133393     
  0.579048476582582     
 -0.270095303076042     
 -5.122825439055170E-002
 -0.276873731670870     
  4.339755512052095E-002
 -7.694384269957366E-002
  0.121295876327389     
  0.187445205090121     
 -8.875698758108345E-002
 -7.190340164693826E-002
  7.055854007998218E-002
 -0.423120572583131     
  0.222374967816575     
  1.856527860548921E-002
 -0.322749809941165     
 -0.160795105579871     
  1.030361977580879E-002
 -0.114410156271178     
 -0.881222238019244     
  0.133152423501113     
  1.208381197860850E-002
  8.420180368620918E-002
 
  0.135448120779843     
  3.321088163768244E-002
  1.316622409399136E-002
 -0.109208149418582     
 -0.632564383878587     
 -0.390026337486419     
 -0.227416293552182     
  1.363090535691684E-003
 -0.156162322138790     
  0.167868980353612     
 -0.429164880554453     
  1.768079433955646E-002
  0.384522798049803     
  0.304865510032076     
  5.357185294600023E-002
  0.122561044259495     
  6.450541377711103E-002
  0.560474785851046     
 -4.731584340873499E-003
 -0.285008452577289     
 -0.434899591666975     
  4.827101998033035E-002
 -0.369496284814244     
  5.697807255407913E-002
 -0.728392666640443     
  0.215466299259169     
 -0.153474194561251     
 -1.904774098869698E-002
  0.602786598102060     
 -3.466139183029095E-002
 
  -7.38108144573453     
   6.46351021761891     
  -23.8717644331131     
  -4.61508604262448     
   15.0461315101701     
  -12.6465958454229     
 -0.191279578130730     
  -3.74702447274250     
  -4.28853789581830     
   7.56398509915078     
  -9.04768692911444     
 -0.787873738112553     
   6.28841023492283     
   1.76993027113251     
  0.400394044032286     
  -2.27509026617267     
  -1.64626490354629     
   2.89034811482340     
  -2.04107297539737     
   7.17444046526122     
  -4.92692539542735     
   1.06908710204822     
  -4.73159824956285     
  -4.32682619156043     
  -8.35495666792345     
   11.8452517039539     
   10.7923390076190     
  -1.46696173236737     
  -3.87801361297027     
  -3.89951642871317     
 
 -1.366165487804878E-003
 
  tansig  tansig 
