 0.353058903214656272E+01
 0.182053604803433000E+01
 0.144610651843972504E+01
 0.455178806312842443E+01
 0.195636353703284760E+01
 0.782468404247352090E+00
 0.400450275797767874E+00
 0.189237223662532172E+01
 0.110862733615258624E+01
 0.458401283761837364E+00
 0.198724786541794735E+00
 0.104432217427136820E+01
 0.802631873044476141E+00
 0.352312236641400267E+00
 0.692776595171248455E+00
 0.532724600936947179E+00
 0.492600079030124427E+00
 0.325776274096594154E+00
 0.766722676748633480E+00
 0.309820173989139684E-01
 0.328035045616020399E-01
 0.344929232844725819E+00
 0.973339160873961551E+00
 0.828180820114498228E+00
 0.987057016438390056E+00
 0.411099618809123879E+00
 0.216668691888400100E+00
 0.948641727298172310E+00
 0.134098042714222276E+01
 0.581121962659976177E+00
 0.791327571198612079E+00
 0.117018142279620330E+01
 0.211325043858643280E+01
 0.104945798876972907E+01
 0.125827846591954962E+01
 0.314657033777238127E+01
 0.732756072785584234E+01
 0.244392030641455982E+01
 0.235759326493764565E+01
 0.461082948781705060E+01
 0.135472672911462446E+02
 0.718058252137467878E+01
 0.712870261920650350E+01
 0.771568299876028707E+01
 0.206055185056719026E+01
 0.191764780965552206E+01
 0.173076721408983669E+01
 0.372585613117535486E+01
 0.209211728506503780E+01
 0.107678449945457855E+01
 0.759396961255208613E+00
 0.219030026246349863E+01
 0.112722732529093084E+01
 0.554161880010798691E+00
 0.636167680211384590E+00
 0.126090213124758410E+01
 0.831911035824925538E+00
 0.365621860880136429E+00
 0.106850070009415085E+00
 0.510191321028626854E+00
 0.420954475972045605E+00
 0.301671456387016979E+00
-0.366971266584755040E+00
 0.515550042742512260E+00
 0.463890130929458910E+00
 0.271442924641453420E+00
 0.166898043771535304E+00
 0.481775943547448127E+00
 0.520998819678924363E+00
 0.293541936334694609E+00
 0.274740670566318124E+00
 0.593387740845091716E+00
 0.766167461090962565E+00
 0.379014031811604923E+00
 0.359786951818300060E+00
 0.919733909281056694E+00
 0.149024150092852703E+01
 0.614115054300229612E+00
 0.592376333375125075E+00
 0.126263753682046964E+01
 0.242087503358614287E+01
 0.117745256207776805E+01
 0.116653302987671337E+01
 0.182990171030985982E+01
 0.458572306120681716E+01
 0.295068928400682884E+01
 0.296452162055749646E+01
 0.687873878330910760E+01
 0.313235036915867227E+01
 0.134364640949268010E+01
 0.145992769257881827E+01
 0.238786194769855298E+01
 0.910948593588488564E+00
 0.512589435158626650E+00
 0.618443416048691796E+00
 0.159503994776482094E+01
 0.809245334819362672E+00
 0.260062833950395922E+00
-0.165146487549811191E-01
 0.639650885292570526E+00
 0.432502089159557068E+00
 0.175842356483028928E+00
 0.110963536906470553E+00
 0.416786031631221299E+00
 0.306753383043717520E+00
 0.129419494992278533E+00
 0.825998064029241502E-01
 0.124085302531809979E+00
 0.980845663198770812E-01
 0.102301036308477797E+00
 0.271253548346184259E+00
 0.180668207771265937E+00
 0.168769814006689778E+00
 0.955637247054118982E-01
 0.502248387465819152E-01
 0.152270885795497718E+00
 0.183267536515918400E+00
 0.115016920769525632E+00
 0.163608215558227077E+00
 0.193305189316422876E+00
 0.304184309094343241E+00
 0.180990188117337775E+00
 0.164791120547223335E+00
 0.266122923701973713E+00
 0.545946317412291937E+00
 0.371298065254517862E+00
 0.376982235758526352E+00
 0.466998524668833515E+00
 0.115985200742982086E+01
 0.922167380819141069E+00
 0.923171633340368891E+00
-0.190692242887615576E+00
