     33 -    30 -    30 -     1 
rmse=  14.4953meV
 -1.739113918802760E-002
 -0.229849296284426     
 -5.638810145218181E-003
  0.928949261173538     
  0.693387873066631     
  0.473082850467144     
  0.355481007758573     
  7.386724168902889E-003
  1.534747554717991E-002
 -0.645878826268309     
  0.251224419730860     
  0.323542520417439     
 -0.414272288527124     
  0.250436882932855     
  0.239068747013536     
  0.226104102973527     
 -0.471393873787617     
 -0.354161440947292     
 -3.751340206944759E-002
  0.283573634939667     
 -0.231803136436462     
  0.155680838894871     
  0.146399785147729     
 -0.375544783537686     
 -0.246565878294867     
  5.866973860071590E-003
 -0.304271613772764     
  0.292028351288015     
  0.464082930270161     
 -0.297080413875868     
  0.310071358221802     
  0.374489528304970     
 -0.316202849035582     
  0.375976453084938     
 -0.435306359136724     
  7.457187232867850E-002
  0.348192585518916     
  0.567180761493027     
  0.146242732521804     
  7.069067918846758E-002
  0.228703469425335     
 -0.908454577988645     
 -0.123184439341536     
  1.202656607269780E-002
 -0.185311614941601     
 -3.909374432055412E-002
 -0.539144006941390     
  0.191456641789854     
 -3.867389107849781E-002
 -0.760402538715440     
  4.466376510609485E-002
  0.490746137851221     
  0.345670429609496     
 -0.300632003047114     
  0.126394228040427     
 -0.137280665576583     
  2.619920406086888E-002
 -0.198631557859005     
 -5.314547245299630E-002
  0.128718495010502     
 -0.178802915383547     
  0.393808466383190     
 -1.455964222355096E-002
  0.232313576267479     
  0.312478849219697     
 -2.714479217554717E-002
 -6.987391957623457E-002
  3.493707542350512E-002
 -0.183346150135528     
 -0.151452340813010     
  0.785300898371508     
  0.320189087012487     
  0.852655655548984     
 -0.163528630470781     
 -7.667251581400805E-002
  0.228376323070609     
 -0.213174617012448     
 -0.623393804232778     
  0.412672279899175     
  0.146364424891892     
 -0.152035276966557     
  0.429686537702655     
 -6.930064282929142E-002
  0.174423352430840     
 -2.479618933656089E-002
  0.667165526924851     
  6.010208753482263E-002
 -0.916040742005025     
  5.974570011804537E-002
 -0.203456302281722     
 -0.201924958811299     
 -3.327852493577674E-002
  3.241947818886813E-002
 -0.762610376691255     
 -5.529366917594837E-002
 -0.429998690001167     
 -0.304170013968668     
  3.161983309704918E-002
  0.586246013094330     
  0.255032247157018     
  1.581771196715519E-002
  0.331730460630197     
 -1.966357042111630E-003
  0.307644281452730     
  0.158177469900903     
 -0.206026414539696     
  0.198979179412384     
  0.132984737158656     
 -0.603747840495823     
 -0.146124793270199     
 -3.644365507509555E-002
 -6.367540113524799E-002
 -8.035318283155921E-002
  3.142921063620388E-002
 -0.107210185995762     
 -0.160600520873451     
  0.146765811675761     
  0.199468287180963     
  0.598794422579696     
 -0.335958796391454     
 -0.191618097334181     
  3.765655399093026E-002
 -0.746296861849280     
  1.842808905649011E-002
  0.152125262993462     
 -0.103579716817325     
  0.185081729861578     
  0.200343623822141     
 -1.115854297027025E-002
 -0.189284917736869     
  0.410155623554566     
  0.505639898099873     
 -0.475396032349919     
  0.216480975671966     
  0.221388580826993     
 -0.350243931425436     
 -0.282941193524014     
   1.29116500185150     
  0.166478381926811     
 -0.112706514998437     
 -5.983823066483255E-002
 -0.289678592571357     
 -1.446199711710088E-002
 -0.376916341544116     
  0.341363578910125     
  0.525006184768274     
  8.095453910221879E-002
 -0.572767576838992     
  0.168613763858295     
  0.243566741641070     
 -7.355549859501179E-002
  0.194953779209854     
 -9.471529504323795E-002
  0.265352444639728     
 -0.532855282653785     
 -0.609346827645412     
  0.433417874001032     
 -0.299948063164665     
  6.116360424589509E-002
 -0.655578581274473     
  0.341442070552048     
  0.481041842969315     
  0.152353869946017     
  0.117451395482114     
 -2.000159101521211E-002
 -0.207634123242495     
  0.132781598875899     
  0.684170610624862     
  0.154197187576741     
  0.432536820368761     
  0.124120323736740     
 -0.380468741949055     
 -0.253047852570784     
 -0.224330182422507     
  0.560035849635797     
 -0.384228369980403     
  0.544991399692084     
 -0.232492856217968     
 -0.181836158761115     
 -7.516077501052629E-002
  0.470021008782446     
 -0.512441203999369     
 -0.162029043180049     
  0.371737432250369     
 -0.471814904052929     
  0.240686866285681     
 -0.231270197086246     
  9.744248582692829E-002
 -8.557048203052596E-002
  0.337054299245359     
 -0.213372294475833     
 -7.750690177929345E-003
  4.244891645318669E-002
  0.593636345854174     
  5.929362042155764E-002
 -0.706740000534825     
  0.201506245071691     
  0.452836238108467     
 -0.138974282786234     
  0.561731558739662     
  0.420811544613624     
 -9.082116017284493E-002
  0.261046802272164     
  0.442102644787071     
  0.201851068811167     
 -0.120199535778580     
  0.170057560637441     
  0.181767082648399     
  0.140096785781503     
 -0.322295656097036     
  0.307763414778091     
 -0.440235849790241     
  0.693298962059937     
 -5.281503190822553E-002
 -0.197855359080317     
 -0.225430911922074     
 -0.670544197308612     
  0.400219030778462     
  0.253515246739046     
 -0.969254260005657     
  2.310682677321327E-002
 -0.102579607253864     
 -0.353800071093002     
 -0.155262935857483     
 -3.668188143133441E-002
  8.501649069339631E-002
 -0.790932328766239     
 -0.151823205012856     
  0.325111435835568     
 -8.585624111921115E-002
 -3.781641902503542E-002
 -0.845983147791979     
   1.05725045088259     
 -0.300337049135740     
  0.257220546961084     
  0.602421127731205     
 -0.567293567456102     
   1.23473225447818     
  0.455820969522578     
 -0.582453842279653     
  5.416450637451237E-002
 -0.214502682668520     
  0.514988170260933     
 -0.216559327646809     
  0.696636220277449     
 -2.900752612035610E-002
  9.490640922236341E-003
 -0.129033508678875     
  0.467933622269921     
 -4.269268970901267E-002
  0.182503337430788     
  2.954680016920646E-002
 -0.218593854457744     
 -2.085301914277866E-002
 -0.245771208995264     
 -0.319013245043352     
  1.274971241026049E-002
  9.279286504930945E-002
 -0.104970454507406     
 -0.578586393188413     
 -0.100939005960853     
 -0.497343015264972     
  0.478778759761238     
  0.241887508503521     
   1.26168155294784     
  0.384332037090015     
  0.636312115732204     
  0.200359463156842     
 -0.182791774464549     
 -3.532385269957918E-002
  0.467385238361289     
   2.59831182349709     
   1.51343744861467     
  0.845421797190345     
   2.65154510993588     
 -0.250126615384121     
  -2.41853896924881     
  8.932074954653800E-002
 -0.915828608537202     
 -0.150681868004949     
 -0.256719253667852     
  8.749260562618463E-002
 -0.764601001155200     
  -1.80994311477864     
  -2.53481250789952     
  0.391910981308067     
   2.70703662828942     
   1.52800988220322     
 -0.868285585796804     
  -2.11008957340403     
  -3.20255251970098     
 -0.706978924806622     
  0.137926314815048     
 -0.366577390238153     
 -0.123687405317980     
 -0.782631742384510     
   1.52355969727834     
  -1.17272860421864     
 -0.795482409488042     
 -0.183565151936434     
  0.812593455430410     
  0.867270845362254     
  0.878681856570704     
  0.251795572281650     
 -0.486886827828859     
 -0.264103288495213     
  0.199308058474846     
  0.313158038373062     
  0.188071628140342     
 -0.227213244874650     
 -0.564872198233463     
  0.126036522355197     
  0.263192268627687     
 -8.475198276026095E-002
  0.124378088033644     
  0.294387557122047     
 -0.115837551362160     
 -0.182372575922227     
 -0.222012236309538     
 -0.263330411371896     
  0.720625472182775     
 -0.343757325568127     
  0.278763668542174     
 -0.156701400905315     
  0.944891266554707     
  0.141908312268629     
 -0.114860829875648     
 -0.188275273169995     
 -0.345908682480089     
  0.379081470756709     
 -0.145052544576497     
  0.631878636872527     
  0.588681715366863     
  0.265119257906182     
  0.557678492625733     
  3.966405951915045E-002
 -0.105872835074091     
  0.290458628405967     
 -0.423327853340336     
  9.899739531043930E-002
  0.152815419758994     
 -1.772031617984153E-002
  0.249399787545951     
  0.303337634561541     
 -0.488120075504284     
 -0.389786614077769     
  0.553885438142547     
  1.573868522445892E-002
  0.246970523360902     
  0.105554431230422     
  0.175350324259267     
  0.102884387524034     
 -0.230603052012219     
 -0.385253868711569     
  0.145422459960904     
 -0.148064179978871     
  6.900226710819037E-002
 -0.560642037762968     
 -0.367623629278665     
 -0.220064806493642     
  0.151883225197671     
  8.513684166906214E-002
 -0.680076265272726     
 -0.544341145696166     
  0.575849230623653     
  0.827912361094547     
 -0.524845648197094     
 -0.255829547503494     
 -0.308434789870394     
 -1.355277336269274E-002
 -2.663708793035846E-002
 -1.210846827482357E-002
  0.336029010454610     
 -0.113437105051435     
 -0.367700310251154     
  5.578258136723727E-002
  0.929225224820742     
  0.638778461966036     
 -0.992784602614126     
  0.164432474251971     
 -0.183098529101545     
 -0.171825112259195     
 -0.113300808273219     
  2.661697521717730E-002
  0.229860515607494     
  0.145750114853185     
 -0.574020215567808     
  0.160424167545498     
 -6.088742376873769E-002
  0.169651574598236     
  0.264066861789297     
 -0.206877984397998     
 -0.387444981408384     
  8.374019674648747E-002
  0.322387370304605     
 -0.177245007429081     
  0.802967419841924     
 -0.536509445489253     
 -0.391207280506972     
  0.121759386753747     
  0.691366786970898     
  0.365393530427492     
  0.257975163823623     
 -0.124539243964947     
 -0.132897076828381     
  0.122177798950964     
  0.104478395211884     
  0.803670805449070     
 -0.599429506050392     
  0.440168564803302     
  0.395445009598233     
  0.473443112677630     
 -0.143898730563237     
 -0.160973140332709     
  0.171966421282540     
  0.363135388882600     
 -0.292126063738952     
  0.141595897646302     
  0.160709058879007     
 -0.176264314788203     
  0.670347800042950     
 -0.602589084635015     
 -6.156260686863269E-002
 -7.673584824879034E-002
 -0.182268379979425     
  0.240368457782467     
  0.212898329353104     
 -0.316246362376784     
 -6.100505180206801E-003
 -0.243345935926578     
 -0.279412434697531     
 -6.037003174887193E-002
 -0.419576657706859     
 -0.428120673429671     
  0.917945089375350     
  0.317577189403358     
 -0.310947727779153     
  0.372925682636964     
  8.675255528031644E-004
  4.706078405273514E-002
 -9.986999492248787E-002
  0.113767323168714     
 -0.216616037187189     
  0.225092649306551     
 -0.572939725721269     
  0.650221947552471     
  0.102895016954203     
 -0.333368898512803     
  2.086208002393442E-002
  0.323763910843244     
 -0.342381442571547     
  2.319259387868137E-002
  0.136676693624296     
 -0.353534888502493     
  0.466246176520455     
 -0.254743717787607     
 -6.382153185116732E-002
  0.104606231238081     
  0.294139916468005     
 -0.324059873146248     
 -0.472978976210054     
 -6.376758617738275E-002
  0.363209483846996     
 -0.150272815799857     
  5.413413964228152E-003
 -5.367653455618323E-002
 -0.234167607391184     
  0.551515418433492     
  0.149130769244789     
  0.378245390112453     
  0.318655271195885     
  0.217840727347909     
  0.110569390569299     
  -1.02825063376496     
  0.117002739456714     
 -0.180299864721047     
 -0.910439478339259     
 -0.165810819769411     
 -0.184983494612354     
 -9.023385868458496E-002
 -0.125388437813779     
  0.115360803657225     
  8.612760281409422E-002
  0.254915818646793     
 -6.285636963456229E-002
 -0.205085057458677     
 -0.750343594512485     
  0.751452914423831     
 -0.202622115136780     
 -0.599616498362763     
 -0.535764561378808     
 -0.250628182494494     
  0.328064539152991     
 -0.544632683982779     
 -0.402146578661774     
 -0.283521178061463     
  0.572541594994998     
 -1.224425274557790E-002
 -0.739526548666786     
 -0.679723952560261     
 -0.904123810413155     
 -0.565052095333651     
 -2.216226522890949E-002
  0.171940866067733     
 -0.374235621497774     
  0.227180604348188     
  0.426590572551185     
 -0.166015056448900     
  0.287272253504550     
  0.400856182370648     
 -0.450084576607303     
 -1.531766302857581E-002
  0.112796702998835     
 -7.366125308321790E-002
  0.482469794824062     
 -0.520976931241027     
  0.865960189025227     
 -2.614516705567489E-002
  0.258569822705997     
  0.380339771422509     
  0.379195443731500     
  8.249189551850189E-002
  0.327545600896135     
 -0.175057512030143     
  5.900177826200378E-002
  0.481709482617979     
 -0.532754910789525     
 -0.298368717130473     
  0.160304054191390     
  2.677654447824767E-002
 -0.410005624984757     
  8.822722028019354E-002
  0.169869550869169     
  0.233785074872544     
  0.475691688728438     
 -0.183503017080577     
  0.599099782613328     
  0.236811426739491     
 -6.157453607675322E-002
 -0.519932737061317     
  7.468916974454655E-002
  0.316881006452845     
 -0.421585394410163     
  0.124210023012672     
 -0.266603197087140     
  7.993903910440964E-002
  7.589629143088467E-002
 -9.237157021295221E-002
  5.874869892060271E-002
 -0.166691598859315     
 -0.141044056140039     
  0.122811915701684     
 -0.679082522405563     
  0.105574258843788     
 -0.142774997846162     
  0.484373519464399     
 -0.401112934270707     
 -0.261025687611339     
  7.380741511411571E-003
 -0.543471688176109     
  0.352213664096579     
  0.346090904123552     
  0.510417726620266     
 -2.735491026571319E-002
 -0.433703086218014     
 -0.515977516555136     
 -6.358803940645215E-002
  0.398066599612761     
  0.118332331110813     
 -2.042397126048408E-002
  0.472011976646299     
 -3.157841300011153E-002
  0.178791799659416     
 -5.764985483519278E-002
 -0.357950077910550     
  0.714560308168058     
 -0.562239328339382     
 -0.427685340380164     
  0.575376646908275     
  0.352410112881435     
  2.209823039269500E-003
 -0.245874762478304     
  0.224535987469013     
  5.047056606572414E-002
  0.182032502680839     
 -2.060338402829211E-002
 -1.228290683444700E-002
  4.607852752093358E-002
  7.851420706131766E-002
 -0.504197237167554     
 -8.548594803832883E-002
 -1.712476670415193E-002
 -0.550397074051115     
  0.325384021764618     
  0.154471434155647     
 -0.624371057544352     
  0.430179905861114     
   1.05319335732231     
 -3.379672159367089E-002
  0.113259944060089     
 -3.891054507234836E-002
  0.131865380936639     
  8.883534064054020E-002
 -0.570258740882663     
  0.329967466785974     
  0.650080379491954     
 -0.297025087910712     
 -0.156799232852055     
  0.112700082188582     
 -3.849979706429968E-002
 -0.588384677223827     
 -0.502887791820059     
 -0.217033415862562     
  0.702152285035165     
 -0.521624771373215     
  0.375439936189464     
 -8.412833998213473E-003
 -0.407518318062311     
  0.366068648797891     
  4.373827346914392E-003
  6.387737071085968E-002
 -9.207398652914395E-002
  8.900119669460749E-003
 -0.139522446558467     
  6.049394833290455E-002
  7.846682702211417E-002
 -0.328298362342398     
 -0.589377697535231     
  0.505215534535171     
 -0.230391446589998     
  0.271047142396406     
  0.280177459226077     
 -0.628685231144293     
 -0.621717724700107     
 -0.414439027713240     
  0.147405817235313     
  0.912876621497752     
 -0.114487297100458     
  0.478081813360511     
 -0.169406148114491     
  0.142227566660126     
  2.804999016900590E-002
  0.391589913657137     
  0.119049887680867     
  0.544884949174955     
  0.343311369355819     
 -0.488198434986541     
 -8.410462212386088E-004
  0.765117922833641     
 -0.241322571274721     
  0.191329072218830     
 -0.462048673668333     
 -0.245517804967553     
  0.110895484782978     
 -5.229650304520192E-002
 -0.622696252143897     
  0.334919870568388     
  0.481058090125191     
  8.840682565578095E-002
 -0.687374589084767     
 -3.560519783781144E-002
  0.522340550904942     
 -0.162799818022933     
  -1.19555173857092     
 -0.343732676276949     
  -1.14331186363121     
  0.220678833122028     
  0.482922024155583     
 -0.320824115174696     
 -0.152893574832146     
 -3.664187873717154E-002
 -0.393609520515325     
  0.193555843481741     
 -1.429340541190260E-002
  0.676768404121414     
  0.301748028853319     
  5.618768802389098E-002
  1.832710240341944E-002
 -0.686907460081060     
  0.195725026135440     
  2.886842487309205E-002
 -4.032660283937461E-002
 -1.935397050197386E-002
 -0.229188475204690     
  0.407919546789344     
 -0.123776135404451     
  8.021571337651674E-002
  0.267813562347594     
  2.528598172943311E-002
 -0.156149770938254     
 -6.277413001250279E-002
  0.302242555543518     
 -2.366553347741650E-002
 -0.288773202215731     
  0.443929116198592     
 -0.100131815301369     
 -0.557139818341151     
 -0.779589443180288     
  0.463098876998910     
 -1.556070533694274E-002
 -1.267743380518205E-002
  0.332399580968459     
 -0.359025792074853     
 -7.831801645744517E-002
  0.168111616330560     
 -0.122930467167609     
  0.411069700379207     
  0.634920819266104     
 -1.395275347927431E-003
 -0.587817043227972     
  8.532910108111134E-002
  0.455550376333202     
 -0.497535524882309     
  0.342644292225703     
 -0.411333052890241     
 -0.112967805380342     
 -0.492150589273643     
  0.262247675241039     
 -0.442705540659413     
  0.325366599129755     
 -0.770982217776797     
  0.417333418575191     
 -4.876886323508006E-003
  0.337585132413086     
  6.080720164826608E-002
  0.189850563186653     
 -0.476546033858459     
  0.457443655079018     
  0.496354217185469     
 -0.772286558229740     
  1.073301179022804E-002
  9.682594541470159E-002
   1.01202717513671     
  8.991734395440966E-002
 -4.563768747863781E-002
 -0.356458320133929     
  0.103819166968393     
  8.406012934394384E-003
  7.962996057265070E-002
 -0.179007320261419     
 -0.400093899606177     
  0.501859065477356     
 -0.110759831191957     
 -0.171565095342453     
 -0.116352033086504     
  0.104215028947334     
 -0.156447123468479     
  0.162063571186184     
  0.137233381407245     
 -7.434910509053291E-002
  0.446734035039349     
 -2.503621148040553E-002
 -4.814399632377937E-002
 -0.215581025466302     
 -0.160113019064986     
  3.148446410659195E-002
  0.366434633761567     
  0.375103857987698     
 -0.198475333574182     
 -0.357908952841554     
  0.615834788009224     
  0.442281684863595     
  9.760799047420218E-002
  3.005378050319063E-002
  0.218128994385242     
 -0.186020124876024     
  0.230248879376743     
 -0.136869013482490     
 -0.385419337798580     
  0.151298726746266     
 -6.127741244341803E-002
  8.508526991146936E-002
 -0.208064715322351     
  0.318600944583392     
 -0.138033814133986     
  0.374293754427085     
  0.112760879292779     
  1.677575898593488E-002
  0.138371755233914     
 -3.003839560687728E-002
 -0.617511525767792     
 -8.589965917526292E-002
 -0.355536796661180     
  0.251291991811833     
 -0.450084759657793     
  4.609272259817530E-002
 -0.237045636249121     
  0.462904486230244     
  5.707599394357951E-002
 -0.182310278766559     
 -0.137625281058099     
  0.319771459538734     
  0.177189633647798     
 -8.918179739576827E-002
 -0.136248936992935     
  8.041340281913970E-002
 -0.477177762830790     
 -0.458612759247164     
 -6.080749629847546E-002
  0.100007579195833     
 -8.502545595210104E-002
 -0.216866525480873     
 -0.301556970281468     
  9.944030470575273E-002
 -0.217955494990595     
 -0.514638042461258     
 -0.172269995869112     
 -0.119459464060222     
 -9.834724007379443E-002
 -0.251418209375222     
  0.208286871257247     
  0.210306106830194     
  0.438880348461174     
  0.424755474124482     
  0.275159348193350     
  1.657605193004731E-002
  0.651330647589595     
  6.510017407044883E-003
  0.176879562963423     
  0.391900405533948     
  0.452552381531806     
 -0.152374305039463     
 -0.241929574413954     
 -0.219313998720496     
 -0.215042721769595     
 -0.491121563802580     
  8.301648402794247E-002
 -0.267509448059182     
 -0.391040000388211     
  4.882291425128390E-002
 -0.293730348371010     
 -0.215910866814548     
  0.130851884930443     
  8.350702059913261E-002
  7.644946685487886E-002
  0.145386210331441     
 -0.550667489668051     
  0.103579153351895     
 -0.138372399113181     
  0.208465360397946     
  0.451430815546396     
 -0.266287906440584     
  0.511567598056027     
  0.224245040679020     
 -0.163046374556557     
 -8.316466663426855E-002
  6.358744014620571E-002
  9.839199028929595E-002
  0.225321620191392     
  0.466120910124223     
  0.142781430965337     
 -5.395224024408828E-002
  8.123639412825465E-002
 -0.550377476927461     
 -0.130745218962435     
 -7.455671856394874E-002
 -0.107020528005455     
 -0.129671669423003     
 -0.403262344384331     
  0.342612684821844     
  0.793196227064539     
  2.714965330449017E-003
  0.982509076681402     
 -0.426894029529813     
  0.330525769287979     
  0.215907697186557     
 -8.356367890148687E-002
 -0.209412336467138     
  0.146340835311816     
  0.198447070926317     
 -0.210176814061593     
 -0.142152787739094     
  0.529160191698056     
  5.287721017118761E-002
 -0.891013087368773     
 -0.312558280362944     
  0.248725673038622     
  0.134644840468600     
 -0.226970419529879     
  0.198003833205426     
  4.528085602354811E-002
  6.932462278169139E-002
 -0.177482457036155     
 -0.238899836824790     
  0.148418467178191     
  0.125838187058979     
 -0.419291670930176     
 -0.323973573882637     
  0.250354908964564     
 -1.103631077272087E-002
 -9.946193371681276E-002
 -0.376873841655164     
  0.750957435357183     
  0.377551333813382     
 -0.411788343355164     
  0.201172835061738     
  0.324595240862227     
  0.329853186788453     
 -6.222903964341748E-002
 -0.548559375135085     
  0.143060970885668     
  3.016466464063604E-002
  0.475553367470909     
 -0.405477272097742     
  0.743732784539647     
  0.378552581527404     
  9.408385048393596E-002
 -0.715842899058791     
 -0.297255420432854     
 -8.080265939512669E-002
  0.382620551512280     
 -0.392184167412059     
  0.554119714838753     
  9.552704087718285E-002
 -0.286341768793567     
 -0.777657903693448     
 -9.292463573411597E-002
  9.027885399936429E-002
 -4.449340650969823E-002
 -0.412948531114830     
  0.414113342454342     
  0.197761231180786     
  0.190523493595390     
 -0.297397391260366     
  0.177741394355236     
 -0.129532116234038     
 -0.301304051185826     
  0.221653877205194     
 -0.116994623804480     
  0.271846425243380     
 -3.520902798786817E-002
  0.253572376661454     
  0.154925283057771     
 -0.446355224187814     
  6.151876625560707E-002
  0.188077124855977     
 -0.244449682597845     
  0.468767426794991     
  0.361145606042020     
 -0.687852309642279     
  0.722129361412539     
 -5.889304010085472E-002
 -0.488335434861042     
  0.653565740985602     
 -0.431543463094593     
  0.162642852575138     
  1.751318100633343E-003
 -2.765130497129322E-002
 -3.697728528774025E-002
 -1.199815231277379E-002
 -4.359203809505868E-002
 -0.185389643890398     
  0.548193594487624     
 -0.903230322828025     
 -0.115429484876245     
  0.341939461378527     
  0.110860796814511     
  0.196850675873636     
  0.811266398857854     
  0.680816105914703     
  0.428589897480108     
  0.626198137497547     
  0.282163715274693     
 -0.184412791668169     
 -0.205522552512805     
  0.185075686437715     
  0.138826312360846     
 -0.106785654796152     
  0.206164278291471     
 -0.320397720031530     
 -0.706157010027354     
 -0.337458579850356     
 -0.201400200859719     
  4.819002891679932E-002
  0.458418721879235     
  0.222604917062333     
 -0.327176909556642     
  0.373128342980038     
 -0.341032812046072     
  0.576761174644348     
  0.796309961641799     
 -0.449547313913186     
  0.374194759733281     
 -7.143056906902959E-002
 -7.599996960470816E-002
  8.982174286641062E-003
 -0.160484972434496     
 -7.812622311921535E-002
 -0.225819127407078     
  0.158494542308785     
 
 -0.386824113428583     
 -3.357629603544116E-003
  0.117144160243516     
 -0.314210807501658     
 -0.549239491366512     
 -0.792739316839569     
  0.932874068651854     
  -1.08519744800562     
 -0.430377972808546     
  0.549018822362927     
  0.114620252739913     
  -1.13260358398818     
 -3.578945345878400E-002
  0.539651811092777     
  0.273560759415021     
 -0.105455130232424     
   1.58756902174948     
   1.01823150229385     
  -1.09492937227034     
  0.811833167350186     
  0.651056884257699     
  7.315117388163404E-002
 -0.253062756594346     
 -0.378000444258818     
  0.223973061725348     
 -0.293929744333069     
  0.142223911224159     
 -0.478525374289062     
  0.138733396722100     
  0.317103723495951     
 
  5.302280329014009E-002
  0.773244145800381     
  0.175228057577386     
 -0.802669301079910     
 -0.181679727160900     
  4.029367977712811E-002
 -3.619234384203514E-002
  0.507017506959915     
   1.00053261439167     
  0.281839044767046     
  6.817607466453018E-003
 -0.574246146582878     
 -5.951307530533674E-002
 -0.174052405107768     
 -0.695528040675017     
 -6.086343646601489E-002
  0.155602314420194     
 -0.630215172072691     
  0.669829319800399     
  0.111368514565382     
  0.510858868026915     
 -0.396623091775949     
 -0.181892388123194     
  0.134503179591469     
  0.480165328670415     
 -1.953649790801244E-002
  0.350161116024955     
  0.587582798988630     
 -0.312380112281361     
  0.294414646587217     
 -0.354451739031008     
 -0.607106405691777     
  6.546361173094202E-002
 -9.890291495674862E-002
 -0.245260538298795     
 -8.139370827139021E-002
 -0.354544002979383     
 -0.220791104069403     
  -1.24504650343650     
  0.412388834762937     
  0.157475744403410     
 -8.305121571978745E-002
 -0.761797976757218     
  6.560419052402164E-003
 -0.128150365721562     
 -0.734280239916118     
  0.723600347276473     
  3.653950010250205E-003
  0.531609708381745     
 -0.808653803865480     
 -0.701356005334236     
  0.793922456534376     
 -0.870490298515837     
  4.115433076486577E-002
 -0.167672074232687     
  1.693538871540320E-002
 -2.689118096654160E-002
  2.561564534643790E-002
  0.363096450770475     
  -1.23233792304431     
 -0.429991158757614     
 -0.809929464350104     
 -0.206435807892534     
  0.149788105661268     
  0.681624313503017     
  0.472907833335798     
  6.988635732003277E-002
  0.441689036336719     
  -1.64030428671367     
  4.912935882374315E-003
  3.768999285188693E-002
 -9.223933418815933E-002
 -4.967124930611119E-002
  0.550307289128252     
  2.204421677772861E-002
  3.729456100770917E-002
  0.612522322872184     
 -0.543077191239696     
  0.129672413306653     
 -5.212678996789342E-002
 -0.241422290828257     
 -0.473663406889774     
 -0.191347110451216     
  0.318325327283050     
 -0.434158603725421     
  0.590146056509661     
  0.572094930939415     
 -0.172662983688558     
 -0.409409083037669     
 -0.332880472463028     
  0.483985566571192     
  0.512407475806144     
  0.273515135500885     
 -3.464945415944798E-002
  0.129913494386477     
 -0.357754069175377     
  0.195823088320677     
 -0.170926375535790     
 -0.121072001976106     
 -0.230218598506081     
  0.195472108231055     
  7.419747197327974E-002
 -0.124857496558671     
 -0.278587751951101     
 -0.108681174462017     
  0.364243603147589     
 -0.803665326774212     
  0.223105226895432     
 -0.163806283330744     
  3.569963690755461E-002
  0.140747725502961     
 -2.553992115012254E-002
  0.247091153315940     
 -0.135986303885173     
 -0.611589098989837     
 -0.255224430589399     
 -0.355687324635208     
 -0.339825696468655     
  0.568020852403444     
  0.163561516551659     
  2.314518566096331E-002
 -0.352127846028166     
  7.591721865504204E-002
  0.218641990045993     
 -1.864690755077040E-003
  0.182160951507537     
 -8.081002778538321E-002
 -0.357244985029871     
  5.408658952874153E-002
 -0.680050924353673     
 -0.397234887047382     
 -0.260179547320415     
  0.360796172400244     
 -0.149206024347321     
 -0.154523315488284     
  0.885650638131038     
 -0.125715246952241     
  0.218258639965225     
 -9.322485983628052E-002
  0.360025154204988     
  0.192385051358905     
  0.494922802537905     
  0.162878744683805     
  5.250882435815069E-002
  3.997598341948982E-002
 -0.233520846771229     
  0.296745803743743     
 -0.129845526856090     
  0.224356515753523     
 -0.107191226473224     
 -0.105179893676037     
  0.258605214911902     
  0.308386937690823     
 -0.240499327670114     
  1.857615553178772E-004
  0.268560827518718     
 -0.242978745511840     
 -5.604061773624856E-003
  0.554355136752322     
  0.603871873863400     
  0.472312052079737     
 -0.579946097053242     
 -0.194937874222029     
 -4.154255399780284E-002
 -0.194164724715429     
 -0.195042064752794     
  4.776960775484874E-002
 -0.459349734863517     
 -0.587639815136451     
  6.245676136301399E-002
 -5.265580134728946E-002
  8.876034637125285E-002
 -0.980725371864036     
 -0.608621080167348     
 -0.618259657645075     
 -0.284958829349906     
  0.559530216093958     
  0.388145289324602     
  0.431506485145370     
 -0.117644600113017     
  0.226552405080630     
  -1.03092378824078     
  7.316497214824387E-002
  0.481378374898145     
  0.897619133779565     
  4.991748739544122E-002
  0.307347229016712     
  0.434383414956701     
  0.377885674789063     
 -0.324813127959342     
  0.148865354823594     
 -3.383736374312880E-002
 -6.833478042157677E-002
  0.247605419459733     
 -0.137979279554376     
  0.194071269679451     
 -0.288529780451247     
 -0.663194411904729     
  0.802805040847894     
 -0.301827081447277     
  0.478398388796191     
 -0.732273188918456     
 -0.306547915355358     
  0.482906505998668     
 -0.314226217772434     
 -1.009982316674835E-004
 -0.814900300494346     
  0.292442803062598     
  0.793265495210916     
  0.645353433342249     
  4.756370622085025E-002
  0.590975334090601     
 -0.263098492975895     
 -0.163547389770324     
  0.130914496432658     
  0.100981797102590     
 -0.111436914951895     
  6.185531660361464E-002
 -0.623361357740629     
  0.160564247720685     
  0.242131636359606     
 -4.851780390769755E-002
 -0.450939205886790     
  0.116012888878274     
  0.463305660164296     
 -0.268678077956019     
 -0.441330203041212     
  0.410529025425705     
  0.450313429630058     
  0.277377361484440     
  0.453675664439418     
  6.599485107982923E-002
 -5.629776633305779E-002
  0.583478537053058     
 -0.453772129468769     
  0.364630360373510     
  0.128510331652636     
  0.213076280236013     
 -4.249348108850685E-002
 -0.282469551617351     
  8.548679971166671E-002
 -0.538433231866614     
 -0.240432499256080     
 -0.401321788880649     
 -5.229844194744685E-002
 -0.365043491247005     
  0.215293357165649     
 -0.130303916611950     
  0.116707040403512     
 -6.079167914595084E-002
 -8.724550411184748E-002
 -0.231551340363721     
 -3.484735749181611E-002
  0.588193399154715     
 -0.380470963160502     
 -0.227967043103245     
 -0.109828729323873     
  0.448568855834888     
  0.348384963683429     
  0.104854031184787     
  0.414515988262846     
  0.352857663131910     
 -0.321849191349243     
 -6.853910691760982E-002
 -0.173473297897074     
 -0.442200783889558     
 -0.941374568061021     
 -0.342285160137010     
  0.376144962763513     
  0.225961223793777     
 -0.304306744779381     
 -0.222922394605973     
 -0.521540041099126     
 -0.255998268346249     
 -0.572333515687319     
 -0.218296741962956     
 -0.205868156321777     
 -0.570096265803202     
 -0.189908874335223     
 -0.417403882841840     
 -0.502272472734684     
  0.380379904609230     
  0.577166962033642     
  1.254633123040859E-003
  0.342495629904662     
 -0.601050727170393     
 -0.428362008686626     
  0.197511580843802     
  8.955028645805507E-002
 -0.488831089991115     
  0.249095135668493     
 -1.982146390281224E-002
 -0.337840265626940     
  0.143695906544651     
 -0.235539506288113     
  0.488571013471409     
 -0.266315504964669     
 -0.401478859866022     
 -0.237643510318962     
 -0.571648568478380     
  0.722388392756405     
  0.433290988957372     
  0.503319188876091     
 -0.228880336567933     
 -0.158751719789065     
 -2.561573986403560E-002
 -0.315205637290610     
  0.561020369597577     
 -0.626246801743918     
  0.297137564470686     
  2.791196474201069E-002
 -0.962475250845465     
 -0.169392617326071     
  -1.08140783459483     
 -0.432724682062879     
 -0.543483826434151     
 -0.764518861767400     
 -0.215425816075138     
 -0.130703680847853     
  0.463160740777416     
  0.396297571692026     
 -9.285512729884883E-002
  0.331144502195605     
 -0.137759995229016     
 -0.741982688294240     
 -0.661903020299431     
  0.519383270025065     
   1.01525503913221     
  0.276369916071227     
  0.669052449123936     
  0.444774633851338     
 -0.162760328014313     
  0.209257645928354     
 -0.404315087158858     
 -0.153313773980413     
 -0.626975471973158     
  0.115001745481157     
 -0.177830690603467     
  0.387657034775325     
  9.294038018989825E-002
  3.485599859819800E-002
 -0.206767355930930     
 -0.116521241341683     
  0.143735870692205     
 -0.253319278001231     
  5.503940671328095E-002
 -0.435057748002534     
 -0.449497791004562     
 -0.231524134803331     
 -0.510574230520770     
 -9.125476672064881E-002
  4.399864194327301E-002
 -9.519196244464295E-002
 -0.175695946514419     
  0.503525007232891     
 -0.385085452857927     
 -0.571329462663452     
  9.426139491241592E-002
  0.435509288296002     
  0.362245149521433     
  0.382508419391608     
  0.694401298255975     
 -0.680993138968430     
  0.241520338853561     
 -2.975793620049262E-003
 -0.210369226318769     
 -0.366829167095742     
  0.959542585313386     
   1.02253881992450     
  -1.08127341497863     
  0.106378239135010     
 -0.440439211043708     
 -0.189393725230860     
 -0.442591500832509     
  0.458953034361448     
 -0.386601256705441     
 -0.745855493865527     
  0.759501623337969     
 -5.048739909377561E-002
  0.299368590703976     
 -0.149492903352483     
  -1.01310618033386     
   1.27612700917981     
 -0.816362786007271     
  0.165463900717104     
 -0.279218718034581     
 -0.499134370861940     
 -0.733818184920259     
  0.314785423808874     
  1.642172644978313E-002
 -0.318661255758642     
 -0.953082704567108     
  0.204919839998059     
 -0.153517618940973     
  0.954458563178253     
  7.568060709160589E-002
  5.944241494477310E-002
 -0.130034882986346     
  -2.16375344399532     
 -0.197972643408288     
  9.289344818516462E-002
  0.468385331571298     
  7.716585122305319E-002
  0.132859988517126     
  3.651112037219093E-002
  0.267392009056755     
   1.16295972383014     
 -0.373194455910372     
  0.702344305177222     
 -0.372946781049291     
  0.883965342436193     
  0.334606201569250     
 -0.173629154802075     
 -9.961803247782898E-002
  0.101092143927374     
  0.235292188691919     
  0.974622525414904     
 -0.535268472523052     
  9.891188004569250E-002
 -0.200866159272694     
  8.395534659707200E-002
 -2.054303362623536E-002
 -0.253319181929902     
  4.229671934122848E-002
  0.395459349166105     
 -0.299783623852246     
 -0.288171341167511     
  0.159935729705832     
 -0.253357032813201     
  0.740354621364937     
 -0.283242079556454     
  0.422235277779005     
  0.843249923134549     
  0.277971618552828     
 -7.051816125242977E-002
  4.846711421258966E-002
 -0.107221812568845     
  0.173917910401380     
  -1.33549500061094     
 -0.218881991784108     
 -0.322054587244191     
  0.137503318300077     
  0.366916564408346     
 -0.567632610930542     
  0.402809213773518     
  7.941340004744715E-002
 -0.720963399254125     
  6.992122663597396E-003
 -2.123682907159637E-002
 -0.432115176886088     
  2.782027073981258E-003
 -0.444043280821093     
  3.235535131876322E-002
 -0.206306541449920     
  0.670457019601305     
  0.370260189410606     
  0.163526696073582     
 -0.110619610295046     
 -0.163632232861482     
 -0.361476515939805     
  0.437875042099918     
 -0.222284423214186     
 -0.182723722855563     
 -0.434946030656855     
 -0.207176147851397     
  0.431074227902075     
  0.461101324196303     
 -0.242994607608443     
  0.483428517079512     
 -3.191926816320292E-002
  0.133862377799747     
  0.130731946744315     
 -0.750981668626730     
  0.200359771315622     
 -2.511238952991799E-003
  0.732951526576536     
  0.724665056795758     
 -0.361728138748217     
  0.182178048182437     
  0.241200345689495     
  0.407421647592616     
 -0.387646842903436     
  8.554643132162615E-002
  9.185657411375331E-002
 -0.522661167467311     
 -0.194123390426378     
  2.869171051077664E-002
 -9.628361513312149E-002
  0.225418909354862     
  0.129769043579639     
  0.236482240490547     
 -0.139278609810661     
 -0.253625611638287     
 -0.150625227729340     
  0.113036064756950     
  0.214688466040118     
  8.244827394126156E-002
 -0.261414300032049     
 -0.804074386827721     
 -0.264829537085988     
 -0.418994375186863     
  0.361656782692279     
 -7.931271137894168E-002
  0.198706100684854     
  0.559913857901301     
  0.378430199342787     
  0.572059870115682     
 -0.190897829511053     
 -5.189068482639417E-002
  0.341762168664485     
  0.821499148736455     
 -0.431981638648356     
  0.396240465962106     
   1.57424519982348     
 -0.387968331618151     
 -0.311494446814495     
 -0.350090755965567     
 -0.373010170524369     
   1.02337480138477     
 -0.781879717534390     
 -9.968110207670730E-002
 -0.157135221915063     
  0.326521984403746     
 -0.609553729355643     
  0.390750176957734     
  0.108255612819170     
  0.274332808018343     
 -6.201893826060212E-002
  0.118023004805155     
  2.480594944309133E-002
  0.696935074567128     
  0.163245076056405     
 -0.705952316864063     
  0.198217820741740     
  0.195806274465176     
 -0.430988733166457     
  0.800719021453244     
  0.173804167183398     
 -0.347991680119083     
 -5.773337520797562E-002
  0.408984334438971     
  0.301630197950824     
 -0.288743028576246     
  0.416552552465015     
  0.321738331388122     
  0.102085670036921     
  0.251918736085263     
 -8.706325002417166E-002
  0.337882961170076     
 -0.602696734934436     
 -0.664704563493456     
 -0.171701690012048     
 -0.243992172042595     
 -1.177146999325027E-002
  0.189698665419991     
  0.686781193305390     
 -5.929070167063608E-002
 -0.201535573342538     
  0.121256641806305     
  0.599576302582121     
  0.278660855719766     
  0.495852120371333     
  2.915899872299398E-002
 -0.458202987831929     
  0.358191365555882     
 -0.174798737581559     
  0.194595586328417     
 -0.131254823478419     
 -0.326905643455905     
 -0.720684263800551     
 -0.906380505480139     
 -3.713634116641279E-002
  0.365992062247431     
  4.303320630821160E-002
  0.109598618531186     
  0.617353106540484     
  0.474888487043389     
  0.302343682321135     
  0.421838889222701     
  0.229589610566087     
  0.436283220768154     
 -0.168033727938996     
  7.588542784549518E-002
 -0.282523734236945     
 -0.160764886552605     
  0.357518105356948     
  0.776271650460012     
 -0.435924883022354     
  0.743072669282633     
  0.240644783630751     
 -2.832689099207364E-003
 -0.408887621545964     
 -0.508222199135493     
  0.278973606438894     
 -7.606315865908440E-002
  0.630556567908530     
 -0.198091287168902     
 -0.796033840382385     
  0.704059036545691     
 -0.543084156437106     
  0.898551781760718     
 -0.603307304911898     
 -0.434531148240409     
  0.116048821172778     
  0.157657866891203     
 -0.963191174583446     
  0.364332516484482     
 -0.101899137225676     
 -0.162662775396153     
 -6.469155384936069E-002
 -0.618889036806550     
  0.127110983644932     
 -0.608110487240293     
  0.652292898443622     
 -0.158591616257875     
 -0.176026220122553     
 -0.318916574701380     
  0.468237920982066     
 -0.183326599556364     
 -0.577434831092784     
  0.206976778771548     
 -0.417666091491057     
  0.304993604888419     
  0.332820972102832     
 -0.172888677501442     
 -0.760404854485223     
  0.125741442803972     
  0.664696201949832     
 -0.617734969053371     
  0.423543837211575     
 -0.226736429255253     
 -0.168262083972378     
  0.242343607378090     
 -8.984958502438632E-002
  0.745176484019257     
  0.356358166449215     
  0.512574831789044     
  0.245377257810934     
 -0.323536121403900     
 -0.266392575688005     
  8.791868398855225E-002
  0.709758261244960     
 -4.138989375456218E-002
  0.129035086313393     
 -0.253208102073494     
  0.619170602403086     
  0.507999384386877     
  0.266838835990171     
 -5.305841742135925E-002
 -0.154458568323750     
  0.350563876592616     
  0.392994087512755     
  2.377879441299705E-002
 -0.184398838187799     
  0.602775008774656     
  9.158476529972018E-002
 -0.279534804359101     
 -0.327638752689384     
  8.431579735578772E-002
  0.245240325699439     
 -0.109099684144425     
  0.130604933619384     
  0.500689218273722     
  0.556584500488563     
  0.461564618600620     
   1.43344941453579     
 -0.147820417841366     
 -6.798864555313035E-002
   1.12605831627224     
  0.105748721520564     
  0.352678616780530     
 -0.785671189277281     
 -0.479025298628404     
  0.358530622666564     
 -2.533191312354193E-002
 -0.253356652826657     
  0.401217711706960     
 -4.514483403033385E-002
  0.454093808593840     
  0.431829105815481     
  7.580478961856732E-002
 -0.363385699874350     
 -0.308493690389716     
 -0.401340205577924     
  0.128637687298889     
  6.254509486692675E-002
  0.510186118053139     
  0.159818863605800     
 -0.559625920448788     
  0.296492238715329     
  0.463488595502516     
 -0.267272563064097     
 -0.270948432588182     
  0.254369465334436     
  0.753733157062831     
 -0.273682827680949     
  0.361649410908076     
  0.278921046334494     
  0.148509872144485     
  8.224067280312571E-002
   1.27197522666969     
 -0.817754831464800     
 -0.476029810586362     
 -0.519012625177305     
  0.824117737339286     
 -0.954306380876271     
 -0.389465521350822     
  0.190477493272651     
 -0.406762851348088     
 -0.369106652968500     
 -0.273840027548660     
 -0.286448711435662     
  0.421007638324848     
  0.296229638979972     
  5.146953415083668E-002
  0.107153443125559     
  0.125078104357787     
 -0.590122349503981     
 -3.977580989334641E-002
 -0.250333986082118     
  0.222185896012819     
  0.402624453048853     
  0.486530000769025     
  0.162132575389701     
  0.171303679923560     
  0.420422514377537     
 -0.378556310099650     
  0.769728161060712     
  6.147389002692565E-002
   1.50780439296994     
  0.785324716763630     
  0.217359389903726     
  0.581518556028423     
 -0.533712300568937     
 -6.514421445954158E-002
  5.127172195085154E-002
 -0.296891742724340     
  0.248524704339368     
 -0.175001554440007     
 -0.295771611023701     
  0.224418801918581     
  0.188319269203174     
 -0.126759036030838     
  0.488781694198651     
  3.475027779824817E-002
  1.764112413833855E-002
  0.255141278811275     
 -0.680604391665918     
  0.192756466034905     
 -6.474946664330514E-002
 -0.109377367171928     
  0.357315465645674     
 -0.307577432794126     
 -0.572018887951400     
 -3.778319368377352E-002
 -0.575323479949195     
  2.208762926419871E-002
 -1.692327537466698E-002
  0.336268550013884     
  0.407788164627160     
  0.119576836882584     
 -3.275082208959420E-002
 -0.106872475837664     
 -0.649418558422109     
 -0.474336590226659     
  0.109749201529084     
  0.349861642484252     
  0.569892839184630     
  8.432885084091442E-002
 -0.382810540127998     
  0.359477907683248     
  0.154638182553894     
  0.219395670940387     
  0.378549218747666     
 -0.226473655444900     
  0.205963286171178     
 -0.208125099557704     
  0.565841635588279     
  0.357254773451396     
  0.266920678509386     
  0.293406364433359     
 -0.510495239885870     
 -0.124793206604971     
  0.407687994903953     
  0.407967017079358     
  0.905827020429581     
 -0.736290790733660     
 -0.488460538139038     
 -0.357618586188076     
  0.458005614297112     
 -0.819393547515899     
  0.748014915290489     
 -0.402329545427417     
 -0.153258085396937     
 -0.654588456542666     
  9.956715152363832E-002
 -0.344873064468185     
  0.219003758689073     
 -5.734329956534850E-002
  0.268271221845757     
  5.356295261096101E-002
 -0.730468277275251     
 -0.410641177852067     
  0.179145053898817     
  1.130791168777364E-002
 -0.237934176789454     
 -0.331343473677670     
 -0.199483446271226     
  0.188543790286987     
  0.196958592276240     
  0.506086484050773     
 -0.600476657858467     
  0.175320442976952     
 -0.213985226297592     
 -4.046437645612138E-002
 -9.003432670239479E-002
  0.591463830250642     
 -0.745052062167358     
 -0.912938697293334     
  6.899011624437096E-002
 -0.103053320092067     
  9.362857993692002E-002
  0.199469254541344     
  0.110880928948472     
 -0.865405661922061     
  0.946233661418709     
 -0.524333881465493     
 -0.577915422113004     
  0.446015406242116     
  0.168977437041324     
 -0.246538992354215     
 -0.199017548010527     
 -0.756079703145630     
 -0.312607140793862     
  4.299553308379274E-002
 -0.213303530004895     
  -1.09281396499152     
 -0.137300832896217     
  0.156843142890915     
  -1.16644729257416     
 -0.126328969593598     
 -0.291699183522534     
 -0.180136663182841     
 -0.103769718817937     
 -0.174140017529590     
  0.245797299574719     
 -0.143211962719075     
 -0.369883920354003     
  0.223083136659584     
 -0.332239018608021     
  7.343545217443018E-002
  0.285311218731806     
  0.271294027363202     
  6.466964432601485E-002
 -0.268344828043854     
 -0.238531361883097     
 -0.263660279282726     
 -0.287009902862643     
 -0.526838273310564     
  0.554110847215216     
 -7.665733735562077E-002
  4.043808155238088E-002
  2.672777040811879E-002
 -0.184676164939809     
  2.819112729616676E-002
 -0.203940987451426     
  3.116897277926536E-002
 -6.803537985576497E-002
 -7.357097174907289E-002
 -0.107509723151247     
 -0.784145458156858     
 -0.488293862052993     
 -0.306780373431733     
  9.422230660904610E-002
  0.170490663124268     
  0.347369936761798     
  0.230413755357149     
 -0.392139939793696     
   1.99349002574745     
  4.986973461002796E-002
  0.161267371794247     
  0.434160456621748     
  0.186793367579418     
  0.651917419213770     
  0.198547170446288     
 -3.857705316919461E-002
  0.750334133851731     
 -7.021273897569962E-002
 -2.566183367088498E-002
 -0.462245843744155     
  0.142716987032643     
  0.132568065251842     
  4.553104415959763E-002
  0.109276858819164     
  0.681328993038391     
  0.353543019650687     
  0.404660078917055     
 -0.140640010749064     
  0.160886903186576     
  1.343860985075510E-002
 
 -0.380773095394618     
  0.169654634313508     
 -0.355752566759472     
  4.630452472310085E-002
  0.367522498759865     
 -0.487891027177943     
  0.239245573918730     
  0.618766835432894     
  0.113191676142890     
  0.458068975878327     
 -0.205430211907835     
 -6.988311840700770E-002
 -0.120419709985500     
 -0.184136222795018     
  0.837025040672937     
  0.695623801727758     
  0.279240748015263     
 -1.963824920156513E-002
 -9.424352285543043E-002
 -0.112781126369728     
  0.141011757580381     
  0.706560074056470     
  0.286425598046901     
 -0.165021755715408     
  0.796713412940936     
 -0.855785349622690     
  0.453118893381300     
  -1.16187201337683     
 -0.180187940587262     
   1.03008402428537     
 
  -3.58605920871259     
   1.36716377448265     
  -4.27339724848223     
  -3.98269018339605     
  0.252323838653143     
   1.75766470481177     
   7.98502434580902     
   2.45969147985067     
   1.32883070212711     
   1.19238494649974     
  -1.66129064453210     
   4.29438904693114     
  0.184505019949008     
  -1.92943811346588     
  0.751887651073691     
   3.43697476683666     
  -6.52440794669841     
  0.324529282106479     
  0.108371901497528     
   1.74043484904420     
 -0.272031187876300     
   1.34344789150945     
   1.21493430478766     
 -9.497575047639667E-002
  0.104229933139506     
   1.32431371286277     
 -0.160768253603490     
  0.994230152111753     
  0.143042531827303     
  -4.17377913253524     
 
 -1.366165487804878E-003
 
  tansig  tansig 
