  5.767283430031494E-002
  0.132436843769321     
   2.95511153112936     
 -3.415810619333974E-002
  3.376771427454844E-002
  0.321094027392938     
 -0.252998002862875     
   2.26578623792264     
 -0.207299366209595     
  0.250890937972955     
  -2.26739707749217     
  0.185746607439245     
   1.03192310113482     
  0.454250599407047     
  -3.05920943644014     
  -1.02208046201288     
 -0.454345776520706     
   2.72890586853891     
  0.433462021749654     
  0.471154094624738     
   4.66159948520630     
 -0.428921666416284     
 -0.471618050946405     
  -4.15543569108311     
 -0.392242594690023     
  -1.22514344283817     
 -6.971743843252291E-002
  0.381290396174331     
   1.23285870420433     
  5.252292850489549E-002
  0.123327395506616     
  -2.05024620764665     
 -0.728508329665397     
 -0.121114178101692     
   2.05038691084419     
  0.650525311962555     
 -0.470992902132627     
 -0.690544532664012     
   2.14465200590965     
  0.558407104061118     
  0.788200413421670     
   1.43425580419120     
  0.114475856594996     
 -0.637539006357366     
   1.48541119961281     
  2.520961993137546E-002
  4.792390839294881E-002
  0.274670281048062     
   1.19732421658689     
 -0.408591869720239     
 -0.189277411179233     
  -1.18645520258676     
  0.408419377879010     
  0.172095774574047     
  0.867333906309972     
  0.155018219469703     
   2.03893221052497     
 -0.859477797558693     
 -0.154157130104179     
  -1.81845761870061     
   1.42785391824375     
 -0.869354946851692     
 -0.990079325174099     
  -1.41425881985952     
  0.868404436648948     
  0.884694286208208     
   1.34884553007118     
 -0.198269304872350     
   1.85523158856874     
  -1.33555624275429     
  0.196878808427294     
  -1.65493062716796     
  0.928502554552722     
  0.965159615176189     
 -0.897733190365482     
  0.149063462138363     
  0.131391982623966     
  -1.36407095865452     
 -0.846204446076821     
  -1.00217423578341     
 -1.507706597864173E-004
  0.840551606954080     
   1.00080639883101     
  1.017259867836238E-003
 -0.431665921491297     
   2.53879791268351     
 -0.185624553596054     
  0.428836442140283     
  -2.53888378366510     
  0.164426318122952     
  0.401624231352292     
 -0.605951868015123     
  -3.35440416592888     
  0.606839657786629     
  0.256139472588791     
  0.621655759361731     
  0.983910218729654     
   1.60256320616043     
  -1.84892535688356     
 -0.973515271757427     
  -1.60353138086444     
   1.64756013198952     
 -7.415583173254826E-002
   1.20646869393306     
  -2.51726087788923     
 -5.350466245583527E-002
 -0.219237739356303     
  0.185728087471655     
  1.942883346253510E-002
  0.205573688784719     
  0.362237167377551     
 -6.580734256348862E-002
 -4.571303311673807E-002
  0.468740057254849     
 -0.288758734877216     
   1.99034153803928     
   2.49546145444949     
 -4.469284656629597E-002
  0.310099473510767     
  0.190936822481960     
   1.47308056757537     
  -1.34881560728237     
  -1.20372949212373     
  -1.45972099387092     
   1.35052784837991     
   1.07203591689378     
  0.755327312444881     
  -1.48326524145655     
  -1.54362034266736     
 -0.749502163587883     
   1.48345726656870     
   1.37481044843221     
 -0.146558870082780     
  5.948347131944600E-002
   1.28196157907414     
  0.468947007683950     
  0.387978897131243     
   2.79791997481998     
   1.47310500713287     
 -0.160739839813182     
  0.346951743834992     
  -1.45865106175072     
  0.161198706839099     
 -0.307065713756857     
 -0.998938398967310     
  -1.62860871317921     
   1.99574158427624     
  0.989863815129648     
   1.62793339412867     
  -1.78083622601616     
  0.790782982716566     
  0.374618412173454     
  -2.24098803800217     
  0.198338059413873     
  1.426907796893657E-002
 -8.023201355115574E-002
 -0.217103259622912     
 -0.369815621186873     
   1.29040723372135     
  0.878083236311208     
   1.28581241147079     
   2.77029878078319     
  -1.39948593406417     
 -0.400784295101920     
  -1.06367622258708     
   1.38605520577464     
  0.400851369733464     
  0.945340551907790     
 -9.056066752842852E-002
 -0.554079193159526     
  -3.60124536505748     
  9.733570925404428E-002
 -7.362216797016036E-002
  0.556710422426706     
  -1.05315694714870     
   1.34499806498849     
  -1.05671598368226     
   1.04359331721294     
  -1.34586490495813     
  0.940513033452810     
  0.103673584174958     
  -1.53176027053995     
  -1.17947526048458     
 -0.101947281384200     
   1.52952677189823     
   1.05067506698365     
  0.146236864283950     
  0.354072393315383     
   2.72359715943481     
  0.499920808152811     
  0.882925413875285     
   1.24700525003475     
  0.697457438840936     
 -0.591399013239884     
  -2.30174209048961     
  1.328011775212027E-003
  4.315675147475247E-002
 -3.421312518656143E-002
  1.248181091956436E-002
  0.485824381913703     
   3.13557690685687     
 -1.239413946696159E-002
 -0.486092053447096     
  -2.79481207759446     
  0.745417394311593     
  0.871696707998905     
  -2.20093310289958     
 -0.737579260935627     
 -0.872218012291586     
   1.96530877663401     
  4.273098329298218E-002
   1.52486842028230     
   1.46015622092313     
 -4.238218105385821E-002
  -1.52343554855768     
  -1.30064690404047     
 -0.645128659048550     
  0.672213635965794     
  -1.97657419341154     
  0.638919348216694     
 -0.672502552705482     
   1.76197453991235     
  -1.15006599205597     
  -1.45734312565913     
 -0.859489448851444     
   1.13963383151623     
   1.45635774619210     
  0.769453086025910     
  0.413713161126734     
  -1.55789526505335     
   1.88294500617867     
 -0.409977275449982     
   1.55773848875194     
  -1.67930368955611     
 -0.738565063010337     
  -1.85238347742435     
  -1.10147123294761     
  0.732478770326949     
   1.85192249637637     
  0.982107177802435     
 
   2.34633219133298     
  0.559009844019751     
  -1.62452937522907     
  -2.14100131159095     
  -2.09777712384848     
 -3.062172758765075E-002
   3.93032660343033     
   2.06929176267333     
  0.423380806847829     
  0.596214417147832     
 -0.690157200541261     
  -1.36648316643286     
  -2.95324386820946     
  -1.82138942909253     
 -0.918084614315812     
  -3.44629544000550     
   1.12956955980191     
  -1.45833909332458     
   3.25906548254586     
   3.40531369107461     
   1.26460350891528     
  0.469659294322212     
   3.50239272762857     
 -7.932205209458910E-002
  0.878097221729965     
  -2.34218485847840     
   4.28675690695578     
 -0.414552687666779     
  -3.13233995064325     
  -1.63159703239939     
  -1.99771690210803     
   4.34309922310532     
  -1.48556472212778     
  0.462791907150811     
   1.05248786533515     
  8.039780908203856E-002
  0.692571910576100     
   1.27734435912849     
  0.282044561422463     
  0.621608956640561     
 
  0.149078951155799     
  -1.23808508184376     
  -2.05549892148022     
   3.47858402180606     
  -2.61230645250798     
  0.376432372692904     
 -0.609579510684466     
 -0.648892032470290     
  0.597909664015849     
   1.04013280715755     
   1.69999309522707     
  0.345218584631161     
  0.154498016530464     
  -1.01276261200030     
  0.535932302039716     
  0.406831621076112     
 -0.941727158117278     
 -0.106238114820414     
   2.60890966906171     
 -0.693578613009267     
  -2.19958169701469     
  0.450714242535374     
  0.387146922521489     
  -1.28805471230973     
  -2.22131001317413     
  0.434175276484889     
  0.458034824290106     
   1.85640119738806     
  -1.07273089515472     
 -0.933911052418590     
 -0.885726252959894     
 -2.929658366429103E-002
  1.156635881883600E-002
  0.246694120709700     
  2.122555057668896E-003
  -1.55785564287048     
 -0.759220115603221     
  -1.28067768821828     
  -2.13030362436188     
 -4.785885654072655E-002
  0.373637601889106     
 -0.735308882205600     
 -0.692333127268707     
  0.497585616963983     
 -9.052399879185760E-002
 -0.583921700070360     
  1.307464464938999E-002
 -0.840580500967866     
  0.378984872990333     
  0.569896022135072     
  4.358478749958305E-002
  0.811903794944332     
 -0.182711801643701     
 -6.832321483378959E-002
 -0.266633070520232     
  -2.07747092544789     
  0.260967215706380     
 -0.189193075329017     
  0.463302489644382     
   1.05510128431275     
  2.396165225463277E-002
 -9.097897542162418E-003
  -1.13332882082704     
  0.279181115916022     
  0.578355745304927     
  4.074038930481697E-002
  0.665674251562398     
  0.650140455333395     
   1.50036757127723     
 -0.411007488802775     
  7.211090228930142E-002
  0.881443054756895     
 -0.113100049123742     
  -1.27274125385307     
  0.289464975396852     
  0.184219436626710     
 -0.882433392803156     
 -0.701460997726229     
 -0.114748677896805     
 -0.226203694908504     
 -0.146326814484124     
 -0.289855973421799     
 -0.141245370197037     
 -0.347403048391105     
  0.959332283330104     
 -0.829440233969795     
   1.85246040506004     
 -0.581980932059629     
   1.18758762144867     
 -0.380388118562600     
 -0.181070757460229     
 -0.534061668065594     
  0.717503942947257     
   1.49645354226544     
 -0.630406023840990     
  0.592841786009343     
   1.08934298469208     
 -5.536886419567758E-002
 -0.693073857710611     
  3.242631780304412E-002
  0.924457156476273     
 -0.666818685871643     
 -0.295442584674891     
 -0.227430910919884     
  0.562188052955577     
  -2.41286512612041     
 -0.713485614391644     
 -0.287360058400513     
   1.62801284069201     
  0.107555780769031     
 -0.536765730702620     
  7.376491126889526E-002
  2.491532045077139E-002
  0.260314875518043     
  4.264576060649207E-002
  0.278096542161115     
  3.973360215558387E-002
 -0.263224259925842     
  4.768568610844264E-002
  0.364671127613813     
  4.756103104431701E-003
 -0.112955036129713     
  4.331174417998319E-002
  0.261400341397880     
  0.330000472055277     
  0.420287408622352     
 -0.158384196120478     
  -1.39061100238486     
  2.500314470635418E-002
  0.254440321518119     
 -0.174541951725484     
  0.831935661782345     
 -0.178335172321681     
 -0.337093544060149     
  2.357344573351322E-002
  -1.10077949445737     
  0.107216998910616     
 -0.335406009472423     
   1.33387669992248     
 -0.244518138687200     
 -0.842888159521958     
  0.133937005398437     
  0.665495159302025     
 -0.505824277207694     
 -0.866914823129297     
   1.27132828537167     
  0.595745165511957     
 -0.114820324786180     
  -1.29032550010945     
 -0.112519352431025     
 -0.593421668476833     
 -0.720970157968841     
 -0.583653339131741     
 -0.996958054897778     
  0.415105372698010     
  0.372429730878140     
  -1.67821751215187     
 -0.733849248824248     
 -8.261749805172437E-002
  0.344489801327598     
  8.221288340233678E-003
 -0.563729402673819     
 -0.185129156290511     
  0.747236882120132     
 -0.865430373712269     
  0.555014858140729     
  0.121798210740631     
 -0.237353782781678     
  6.784810453511830E-002
  0.540047107522714     
   1.02663918556106     
  0.588182820532281     
  0.499417382394873     
  7.873761172062760E-002
  0.403289686124403     
  -1.35509489860203     
 -0.542947219319735     
 -6.869516303773023E-002
  0.188483655720144     
  0.346873261829828     
 -0.204350206038861     
  0.268236498108102     
  0.283616570450728     
 -0.722634105905540     
  -1.08071859351723     
  0.114769470967346     
  0.441749744150742     
  0.281298880835434     
 -8.028199406253447E-002
 -0.625916739545434     
  7.605649764597881E-002
  -1.24147470898634     
  2.378370291918274E-002
  0.110215519458477     
  0.673436652902620     
  0.749325272575808     
  -1.15840606043220     
 -0.502760117153499     
  -1.60379408931138     
  0.881207839032634     
  0.217934957136399     
 -0.520779223029662     
  -2.46979862211835     
   3.56720581628974     
  -1.52240642462425     
  0.894300585318893     
  -1.08126719710547     
  -1.06722854878760     
 -0.896431993809011     
   1.61267367415708     
   1.05811087870610     
   1.25895034107710     
  0.275348300094734     
  -1.61294402471905     
  0.754617034998339     
 -1.520047916095518E-002
 -0.346953290509808     
 -0.229678652668418     
   1.16334302583531     
 -0.808911731349415     
  -1.65241954260619     
   1.55663166424595     
  0.545582292805791     
  -1.45593950481528     
  -1.29501127730047     
  0.709846801023673     
   1.02912996624966     
 -0.535352505927548     
  -1.61183757725263     
  -1.56478673318248     
 -0.549666764504892     
 -0.858910035088744     
 -4.829846128146846E-002
 -8.479102559617471E-002
 -0.693166977732566     
 -0.250494655602531     
   1.01546076286491     
  -2.21678759006815     
  -1.61711699676360     
   1.20282671867127     
  0.459456074012348     
 -7.548044124586860E-002
  0.585485961733557     
 -0.254647482972473     
 -9.034236131025582E-002
 -0.347400878718995     
 -0.110957296128109     
   1.25940721128705     
  0.108765680348820     
 -0.397207495327170     
 -0.285430975176217     
 -0.809522527250068     
  0.519217946146159     
 -0.710240321112953     
  0.522339358988685     
 -0.720948141481810     
 -8.376011219909354E-002
  0.179509300799635     
  0.571975399556871     
  0.795325473467996     
 -8.263482637508437E-002
 -0.148191020882856     
  4.671345263009484E-002
   1.16448975604593     
  5.387793907939486E-002
 -0.655688136347649     
 -0.968028861298922     
   1.26322064261982     
   3.54113944117182     
  0.232900131499836     
  -1.10626564870883     
   1.20382515778078     
  0.167271319628558     
  -1.22286997676337     
 -0.618401531579367     
 -0.350517797014748     
  -1.20438677137757     
  0.132798421136698     
  0.388105255114905     
 -0.980770227616097     
  0.208484262407763     
  -1.05494287048617     
 -0.582127705337748     
  0.258333523860173     
 -0.138685082666360     
  0.211979466233257     
  0.497109293652292     
 -0.416948276300489     
  0.919817830164310     
 -0.356332483968925     
  0.628674805458344     
 -0.295157851767264     
  0.366574996375683     
  -1.40318829790027     
 -7.873712534160704E-002
 -0.743583479017492     
 -0.715219153568418     
 -0.100860343433311     
 -0.185920602427111     
 -0.118360099945766     
  -1.31112650529029     
  7.787093225661269E-002
 -0.117586707334345     
 -0.706567295993108     
 -0.917502780476606     
  0.338494927169738     
  0.399064082591538     
   1.25063734737056     
  5.371245321563934E-002
  -1.09335757562561     
  0.513457203079285     
 -0.840476331867413     
 -3.870931198024800E-002
 -0.855125608662380     
   1.13702396820503     
 -1.565832066244868E-004
 -0.499871132224621     
  0.290433635764132     
 -0.280319037149158     
 -0.632084669618227     
  -1.28245556287524     
  0.874730734254525     
 -0.747334689191597     
  0.353582371452483     
  0.895432067397162     
  0.622465816303599     
 -7.446017330382622E-003
  0.757063115042261     
 -5.216521894085106E-004
  0.747220711288379     
  0.706402538788543     
 -0.362903010800213     
   2.20123151409714     
  0.252073422602408     
  0.624690358213390     
   2.11039034679873     
 -6.633806129048790E-002
  0.586590005769711     
 -0.467944077005487     
  0.883321551428791     
 -0.638957825012053     
  0.435796541853984     
 -3.558568459953296E-002
  0.332648983028845     
  0.542328001363204     
  -2.69454889612310     
  0.112918525044890     
  0.659223782035253     
  2.398180365997565E-002
  0.148164429331681     
  5.508869645595644E-002
   1.91977968437491     
   1.04292741258952     
  0.413897937017178     
  -1.10407265397632     
 -0.625629281183169     
  9.103610385808898E-002
 -0.263096274257978     
  0.100039976214504     
  3.436105255274687E-002
  -1.26121006115426     
  0.508068986449981     
  0.280063300571942     
  0.215055251055460     
 -0.744850023291440     
 -0.192842018018243     
  0.234481556322281     
 -3.848069333672183E-002
   1.08838591887344     
  0.655370443650064     
  0.133876982980850     
 -0.722200623185675     
  0.381186328186727     
 -7.474612226002650E-002
 -0.209570632152598     
  0.356237340424835     
 -0.360249697200752     
 -0.757268072008489     
  0.361877123366874     
 -9.032594517332977E-002
 -9.238497949644989E-002
 -0.248163215005946     
   2.36891128652658     
  -1.14868321211868     
  5.609046001059843E-002
  0.677463737634332     
 -0.875525229691920     
 -0.399459215765607     
 -0.688107596976415     
 -7.513249706929334E-002
 -0.943902511502173     
  0.282442073832288     
 -0.623822717165856     
 -5.772245444946932E-002
  1.991434269153165E-002
  0.747477369929835     
 -0.942012944395311     
 -0.556450201919286     
  0.214706198461189     
   1.67333251071833     
  0.271080776639477     
  0.596681729465509     
 -0.523832837861178     
  0.212756051330693     
  0.274261438863527     
 -0.431909682462885     
  0.374551279793385     
  6.183392204635371E-002
 -0.181595179236983     
  1.559981765816486E-002
  0.663826363237043     
 -0.152205726977838     
 -0.203246849315087     
  0.951982010891102     
  0.494097195462590     
  -1.27240953970811     
  0.499330854884443     
 -9.003132587093300E-003
 -0.911274442118742     
 -0.392974962680279     
  0.106178015838172     
  0.337040583006824     
 -0.303549368365728     
 -0.427338330081455     
 -0.294532618617665     
  0.888434448664168     
  0.766687691481465     
 -0.830131030819260     
 -0.725599466608425     
  0.195940933200939     
   1.36229988998436     
  1.394390534071548E-002
 -8.359970376901087E-002
  0.356052715760848     
  0.308015340078642     
 -0.562571575195341     
   1.12335935665494     
  0.538317262986162     
  0.794069411514796     
  0.911816206470367     
  -1.42391733038223     
 -0.269364913541024     
  0.873500751061676     
  -1.05523915778358     
 -0.756992698159667     
  0.144529323871420     
  8.742171379055794E-002
  -1.22456717928187     
 -0.144992568844142     
 -0.817557957053678     
  0.619445794890972     
 -0.713585342800506     
   1.16582943276272     
 -0.443581209502704     
 -0.288070529560163     
  -1.06375118729913     
  0.154694161756844     
  -1.95080780022357     
  0.714037286218330     
  -1.35272587863585     
 -5.262357632905560E-002
  0.519030061316929     
   1.72409973583355     
 -0.497025924761979     
 -0.367918973320894     
   3.85392508614663     
   1.14284717665709     
 -5.091066527798238E-002
  -3.97690586543970     
  -1.05902698981000     
  0.237810018949505     
  -1.33080938572575     
  -2.29041018295021     
   1.63180301433614     
   1.22357178495442     
  0.638948256554424     
 -0.404237168981443     
  0.296303789148228     
  2.888376912853056E-002
 -0.661460166427771     
 -1.987798587739397E-002
   1.58399589809902     
  -1.58348932163766     
 -8.083419218548250E-002
  0.163498028024189     
 -0.272742700528844     
 -0.713838376187109     
  0.187820855070429     
  0.658121835867552     
  -1.07340778170135     
  0.211966187567939     
 -0.577972369256127     
  2.945477897636925E-002
  0.154837882683134     
 -4.600545484516018E-002
 -0.573863781471908     
  0.183664387934812     
  2.989295632291718E-002
  -1.46645555103339     
 -0.111576592968848     
  0.152905544220596     
  9.172470262641814E-002
  0.238131715212213     
  0.707244608475827     
  0.736508430253847     
 -0.455410805629062     
  2.647116541876900E-002
  0.573210712961039     
  0.489359781035873     
 -0.633227148447101     
   1.61701687817992     
  0.189458450303182     
  4.100685703006742E-003
   1.42442459141766     
  -1.49513882272910     
  0.750362353983831     
   1.61306542108227     
   1.06004965311671     
   1.16932805965928     
  0.413883137374011     
  0.192560291392434     
  0.844866030875699     
  0.201819035356696     
  -1.65416845381878     
  0.238165286013399     
 -0.289137636455578     
  0.309583555977015     
 -0.146495191798151     
 -0.752063362143334     
 -0.625739359170000     
  -1.32926427428354     
  0.100583296568280     
  2.560596266970857E-002
  0.570302042280681     
 -0.135424229930189     
 -3.280624273929600E-002
  0.284361117260122     
 -1.624638864054564E-002
 -0.173162095487328     
  0.175962221905579     
  9.833724541794167E-002
 -0.576714035004142     
 -0.210017467898059     
   2.00305031608135     
  0.805039280107938     
 -0.141615650182309     
 -0.427180425823003     
 -0.474972484198998     
  0.985588503071797     
  0.296675228321835     
 -0.402269523140229     
  0.363722826904264     
 -1.067722381162312E-002
 -0.210818129145771     
  -1.17894529783153     
  0.106861766099544     
 -0.230936771436939     
  0.391960245919627     
   1.34788975225570     
 -0.109430086362293     
 -0.158923683313296     
 -0.364034089470773     
  0.528916669335176     
 -0.547481700520128     
   1.13644923509965     
  0.630692662818559     
 -0.317811712117613     
   1.36427612049266     
 -0.180241269646519     
 -0.138602534757987     
 -0.821866085053422     
 -0.614768759569648     
  0.511206173746579     
 -0.968808620887320     
 -0.356341132902133     
  0.227360448712082     
  0.366687593494721     
 -8.594932407278191E-002
  0.566067159557220     
  0.699433619732188     
  -1.04257024762016     
 -0.273741052998167     
 -0.390518155592346     
   1.44446957549856     
 -0.718422036950366     
 -0.429973842663089     
  0.488238458954308     
   1.01997467339271     
  0.821908778742018     
  8.631103647869329E-003
 -0.172696134969208     
  -1.02218862251756     
   1.58171202061767     
  0.409373503568827     
 -0.397341922179474     
 -0.299325798425671     
  2.989543468331627E-002
 -0.713248213709330     
  0.105705650346703     
  0.331758781933634     
  0.494725492705054     
 -7.748651302345100E-002
 -0.678096100461260     
  0.836618071019851     
  0.113952709632343     
 -0.722323694812788     
  0.311123911102766     
 -0.345988409404794     
  3.715043064606800E-002
 -0.340861767475849     
 -5.255938276614928E-002
  7.245472554669177E-002
  0.984182676432466     
   1.08402939858134     
 -0.284032441827108     
  0.938769367415579     
  0.561818895721330     
 -0.224832203565947     
  0.215910816597803     
  -1.73201785450036     
 -0.309830025107398     
  0.546277369817890     
  0.276399781669921     
 -0.532185094670007     
 -1.380661186866902E-002
 -0.890070159785431     
  -1.02123142399376     
 -0.684145686677338     
 -0.222622774587326     
 -0.639093607490435     
  0.561907312726180     
  9.179334965010927E-005
  0.403614730183294     
  -1.32197238891523     
  4.353937735186761E-002
 -0.299906914349080     
 -0.159094281547277     
 -0.543189204097312     
 -0.717666239127054     
  0.369075531967359     
  8.309615765106476E-002
 -0.640366836530314     
 -0.462627065666929     
  0.356169733071007     
  -1.13001761212502     
 -0.113713998292395     
 -3.955577713325391E-002
 -0.503444161783214     
  0.433382310923989     
  9.205966561015537E-002
   1.11222121556897     
  0.526905605876906     
  0.416539131355978     
  -1.19598213547365     
  0.987983735449570     
  0.147096423284751     
 -0.981337537782994     
 -0.117048827792645     
   1.60553145463792     
 -0.286973278682319     
 -0.766599951712990     
  0.217259682359557     
  0.330405649193488     
 -0.693360760465567     
 -0.906206382233320     
  0.234621776736526     
 -0.332858107278514     
   1.32061151258859     
 -0.178517348882611     
 -0.579252975802099     
  0.197168400128667     
  0.421508344697062     
 -4.696475388575828E-003
 -0.794121082891139     
  0.216931511345599     
 -0.945489272373868     
 -6.851429331462046E-002
 -0.229981866684154     
 -0.495571796888497     
 -0.577853624229883     
  0.154367717210133     
 -0.768717352441715     
  0.439379631856426     
  -1.17952484276080     
   1.61352840152079     
  -1.03655948440267     
  -1.29732762743948     
   1.07687174939592     
  0.263848346139421     
  0.548929075563627     
 -0.689302450311041     
 -0.296707403455509     
 -0.552460884969839     
  0.183803033013605     
 -0.764780505872916     
 -0.239659272717636     
 -4.694196769777548E-002
  4.854805449008448E-002
 -0.900827887538079     
  0.264373892866528     
   1.29294193055460     
 -0.920343182251090     
  5.131844573712077E-002
  0.296189205580495     
  0.173678684172036     
 -0.154037499504472     
 -0.178511592301885     
  0.640187939000339     
  0.164710867751841     
 -0.286587970702244     
 -0.912850820785891     
   1.03808123909170     
 -0.997517392756147     
 -9.005664446058412E-002
 -0.114382789163573     
 -0.147610391516211     
  -1.36118987740271     
  0.238505857758707     
 -0.445093770585694     
 -0.243437401820130     
 -1.442818065115742E-003
  0.928939539501210     
  0.828572089352771     
  0.645188645196902     
   1.18431961430356     
  0.391135117623513     
 -0.236053124706988     
  0.455870253947151     
   1.27657920200686     
  0.329584899726395     
 -0.304665847725995     
 -8.409517227571574E-002
 -0.289709432054384     
  0.144174405933047     
  0.434565784188849     
 -4.285874352218581E-003
  0.171834825514489     
  4.591738768538792E-002
  -1.27058369979764     
  0.107971707190734     
   1.05760465422164     
  -1.04076829707808     
 -1.007773130764917E-002
  0.257938987643537     
  0.521228026570934     
  0.234211704300389     
 -0.219589823670294     
 -5.137522625102998E-002
 -9.802428630262257E-002
   1.20310353022775     
 -0.142874035275025     
   2.14632440254492     
  5.818317395305170E-002
  0.698534991387457     
  0.801257884714857     
  4.413073395944590E-002
   1.18704620337399     
 -0.259076073461451     
  0.951863409247753     
  0.527136963700039     
  9.293496946773859E-002
 -0.313631403445541     
  0.692703886264119     
 -0.685433614272892     
  0.263432843030220     
  0.429504869746865     
  0.855515721653089     
  9.459130039690647E-002
   1.50455955475833     
  3.271409148104546E-002
 -0.233390568283327     
  7.897043293298762E-002
  0.393747518170603     
  0.501953830525548     
  0.235622121682390     
  -1.17038849953011     
  0.103789396306302     
  1.664270876886810E-002
  7.437101197583891E-002
  0.795669798612853     
 -0.438374055826726     
  2.699280952197698E-002
  0.120467108603691     
 -0.319995884318303     
 -0.807127972388210     
  7.284180539188170E-002
 -0.142580226355831     
   1.00095647572995     
  0.774695861576575     
  0.763763097164709     
   1.40801064020365     
  0.166668786362540     
  8.958393986384491E-002
  0.578890096380894     
  0.913974998418655     
  0.417801127487339     
 -0.995965990655241     
  0.641013003274771     
 -0.240898245942813     
 -0.105957546499319     
 -0.157979660713215     
  -1.65833417081213     
  -3.90396429246184     
   7.77167070049198     
  -3.08980996264388     
   1.32993676017455     
 -0.997969897217845     
 -0.692739249638771     
  -1.40813247684046     
   4.30938456155559     
   3.18858111427419     
   2.05992327497185     
  0.652178346601219     
  -3.72481698785275     
   1.42707816884836     
  -1.64456528873586     
 -0.761075351477456     
 -0.198875336432445     
   2.50631743072136     
 -0.636879372242183     
  -3.17623979367719     
   1.91866882640208     
  0.661783871948599     
  -3.46255463553340     
  -3.44148922132630     
  0.739422542987798     
   2.01303041053700     
  0.697056578608173     
 -0.830754637943913     
  -3.75113538624969     
  -1.55511529675446     
  -2.13156540441812     
 -6.126322317706044E-002
 -0.774277595560398     
 -0.973573740849456     
  -1.50398824824937     
  0.370100252519868     
  -4.80069238369448     
  -4.24701763640033     
   2.26554602625646     
  0.832833712238951     
 -0.781202115930201     
  0.877790963160769     
 -7.250641949253370E-002
  0.827703502064685     
  0.493608113886845     
 -0.351080486988599     
   4.32457477298786     
  0.262799338831797     
  5.387111379468038E-002
  -1.08187956674915     
  0.625302560548122     
  0.905865230642748     
  0.131504529352062     
  -1.13024661548132     
  0.572149360697296     
  6.148816646849303E-002
  0.586905857442347     
  4.051201298731683E-002
  0.912202034174994     
  0.176517029766064     
 -0.490021928179631     
  0.537691933546588     
 -3.714839598378743E-002
 -0.189922712398459     
 -0.256279067899747     
 -0.675119380078953     
 -0.505127736171035     
   1.83140176341434     
   1.37796250923776     
  0.998941845114224     
  0.796821635424301     
  0.472258038709348     
  0.351901945330033     
  0.754009908023465     
   2.02125777779958     
   1.34813523110421     
  0.262332205417469     
  0.716991841616092     
  0.563070793295730     
 -0.109017654334951     
  0.630075080129944     
  -1.66040514528886     
 -0.205206941834393     
 -0.323929478551466     
 -0.155251085327096     
   1.36825629691170     
 -0.210008378060319     
 -0.701356993339592     
 -0.451360531048510     
 -0.197079343418993     
  4.020856705762192E-002
  -1.07268334740698     
 -0.632062242602975     
 -6.545309658108610E-002
   1.00270660645935     
 -6.245385050833589E-002
 -6.333373592927923E-002
  0.644727952429156     
 -0.153632816293917     
  0.356553148482044     
  0.634994186366333     
  0.336485740430673     
  0.196083016756064     
  0.189662154827336     
  0.586386484094089     
  -1.99159229449714     
 -0.701987772862631     
 -0.644108206602828     
  0.431683562001256     
  0.921662161178789     
 -7.956477812999649E-002
 -6.947543980508317E-002
  -1.11890560601320     
  0.220526142557261     
  0.624808726489789     
 -0.605420699362699     
 -0.103524680908879     
 -0.351114013350405     
 -0.636235326864060     
 -4.975777499171524E-003
  0.492025518100679     
 -0.900683793802407     
  -1.32261007999132     
   1.08546524116507     
 -0.602829123096157     
  1.950116228582794E-002
  0.425677959019862     
 -0.359833917310439     
  -1.06185453369301     
  -1.38965709455142     
 -0.744720570498511     
 -0.429002215503494     
   1.08700581919980     
 -0.892486795476686     
  0.682829663762310     
  4.762329916851826E-002
  0.113332419062178     
  -1.44115708543896     
  0.392004084269033     
  0.456273376511029     
  0.114755874230949     
 -0.307565381723396     
   1.48861294184566     
  0.880082956684956     
 -0.436550714814285     
 -0.644275262136945     
 -0.797192061693837     
  0.200386951932521     
   1.88296023498090     
   1.72645211282024     
  0.447260226838444     
  6.523495808958521E-002
   1.31581851405324     
 -1.008447684138175E-002
  0.788082660720967     
   1.47414121568258     
   1.10818347645096     
   1.69333142746734     
 -0.184819807337853     
  -1.42297670154612     
  0.646606457929569     
 -6.055670692666226E-002
 -0.812181470406003     
  0.923727726027498     
  0.223400250906913     
   1.02181988337355     
 -0.405388085185070     
  0.448604418480128     
  4.506357487010963E-003
  0.661904402137794     
 -0.696855658884894     
   1.97584432096853     
   1.18988835525694     
  0.490134094477998     
  0.317486982223347     
 -0.184069374082034     
 -0.117051604092277     
  0.200879746150212     
   1.40190052732149     
 -0.597425027866329     
  0.649016788865647     
  0.317879669082971     
 -0.798568196535222     
 -6.112762416955280E-002
  -1.86066834849942     
 -0.379678953575101     
 -0.568400302361123     
   2.28462325921451     
 -0.862736936665050     
  0.220377287991569     
  0.182214504914637     
  0.480235541400063     
  0.671467382694455     
 -5.329919384260570E-002
  0.394720698469019     
 -0.554808815734072     
 -0.105117991025465     
  0.586180072896573     
  0.288173761832701     
  0.325461584638568     
 -0.515141831665126     
  -1.18140843459391     
  0.434272659769898     
  7.381498427621716E-002
  9.945396795310046E-002
 -0.485134714740610     
 -0.244641346168934     
  0.672931080160085     
 -0.719909603542234     
 -0.361057186630051     
 -0.513305462443668     
  0.174674068486893     
  8.179901912516355E-002
 -0.361900610609740     
  0.488827699945278     
 -0.524215744815920     
 -4.132794228704010E-002
  0.847087695082789     
 -0.133437415871675     
  0.282130693686955     
  0.460466868080704     
 -0.313158479779708     
 -0.590386877967815     
 -0.638925703932450     
 -9.643094630980015E-002
  0.771119728731027     
  0.394033990358574     
 -0.159022349853795     
  0.116742337767236     
  8.229584419889061E-003
 -0.858710325157000     
  3.259950545722846E-002
 -0.226242268993256     
  0.205775397810086     
 -0.285590461335833     
   1.36156378874038     
  0.889102175398509     
  0.665401142439805     
 -0.597060039225028     
  -1.20469605526331     
  0.613884764532129     
   1.20387297856238     
 -1.053163245279361E-002
  0.622155761844443     
   1.40981819304398     
  -1.18700655394010     
   1.15148699171823     
  5.169723919928062E-002
  -1.19614615485229     
 -0.230196592297642     
 -2.897293676904903E-002
  0.152151258640389     
 -0.323233522743066     
  0.452642752557227     
   1.62340203704847     
  0.173554208394852     
  0.483159284445502     
  0.875698525461320     
  0.932284762308708     
 -7.370275956017307E-002
 -0.134171956646107     
  0.118082214597535     
  0.158575443383259     
   1.09264014999314     
 -0.124164113872233     
 -4.274161520927257E-002
 -0.671164067510206     
  0.131479352160314     
 -0.788769532338585     
 -0.482630640910495     
  0.583011434525359     
  6.645924813270798E-002
 -9.761969428024997E-002
  -1.03731820880900     
   1.74327927072493     
 -0.937291772864933     
  0.216232421804897     
 -3.293728104337053E-002
  7.311584718856165E-002
  0.431485882083210     
 -0.130883095264759     
  0.177439996719073     
  3.221535360681023E-003
  0.760471037471350     
 -2.906155690666851E-002
  0.962171396683452     
 -0.305733469999031     
 -0.126190992164465     
 -0.646230211359655     
 -2.728135792152702E-002
  0.188282910578657     
  0.849468888815684     
  0.166684265680811     
 -0.411738001691070     
 -0.288498057315333     
  0.762692854316990     
 -9.817175572490325E-002
 -0.747683351164655     
 -0.307280527632115     
  6.802837652022560E-002
 -0.175802047100527     
 -5.072612248780840E-002
 -0.200472247584172     
  0.396996687684781     
  0.802098190581900     
 -0.266439657622122     
 -0.978681073155766     
 -0.395155620275935     
 -0.197623547863017     
 -0.163964153059372     
  0.919750848691212     
 -5.518212203565583E-003
  0.749959952485356     
 -0.720751643421987     
  0.796262209722728     
  0.571700396871881     
  3.104564773386012E-002
  0.122265125751767     
  0.424111332183294     
  0.517064556352814     
  5.084729667364810E-002
 -0.113113716162041     
   1.13053179371487     
  0.381113337547470     
  0.126756824990622     
 -0.355646831555792     
 -2.701567284399608E-002
  0.642021424458264     
  2.068997589868816E-002
  0.286223297609405     
  7.852550802830023E-002
  0.216580390152446     
 -3.272385099567401E-002
  0.149925024575239     
  0.400924505954259     
 -0.271953126118370     
 -5.000416581733078E-002
   1.11734723195014     
 -0.417060471874060     
 -0.391842754619481     
  4.080461903542982E-002
  0.199070420035436     
 -0.135922003925373     
 -3.798603174302396E-002
  0.831620653454106     
  0.459443747114787     
  0.648290602306892     
  -1.90408910013655     
 -0.476457543198468     
  0.318860600267660     
 -0.184825993457649     
 -1.212136554424002E-002
 -6.877008488218447E-002
  0.377223717027630     
 -0.340379830228968     
  0.539344029419373     
  0.194125768088683     
 -0.373633146286044     
 -8.671918821939981E-002
  0.125584318932072     
 -0.374807630180737     
 -0.357460867953207     
  0.806816264371134     
  0.525583977750560     
 -0.462317899213121     
 -0.916120218134549     
 -0.368278356475086     
  0.108638863431606     
  0.107105782216010     
   1.05197837955298     
  0.550824673693135     
 -0.633784552789163     
 -0.691261247972013     
  0.435643024885317     
  0.109920377178120     
 -0.701132025383428     
 -1.684953718297927E-002
 -0.866299746830564     
  -1.01154535456992     
  0.181208764628034     
  0.134883479197848     
  0.241970702101866     
 -0.577437533394757     
 -0.827089491209843     
  0.763259597397350     
  0.222026537727194     
 -0.358019946917679     
 -0.853877342980427     
  0.493548550259267     
  0.857244015661152     
 -7.239753446955392E-002
   1.15725508294517     
  -1.08242404077130     
 -0.305348514656967     
 -7.487429322469218E-002
  0.440935569002252     
 -0.833413048021037     
 -0.165419651302491     
 -0.326046830779678     
  -1.52058468558113     
  0.402749107904137     
  0.107345432351402     
  0.517462501342658     
 -0.467453721076849     
 -9.671435640222306E-002
 -0.113623513114085     
 -0.372391518073842     
 -0.269545546969117     
  0.856501872252734     
  0.470851540544571     
 -0.372261943846389     
   1.39431937963919     
  -1.00046144157041     
  0.380986764898760     
 -0.868600297094318     
 -0.634138557941468     
  0.746196900104107     
  0.101683289386433     
  0.551764328672949     
  7.528453796317759E-002
  0.547128981316659     
 -0.148587953440686     
 -9.130671887554478E-002
  0.242879257757452     
 -0.961750351769703     
  0.679344100757763     
   1.08038497839617     
   1.46712751287320     
 -0.740635851168219     
  0.611316877456016     
 -0.816671817921004     
  -1.04973985606746     
  7.110283535525599E-003
  0.188319980096352     
 -0.546747950765799     
 -0.890954404758740     
 -0.336832400912561     
 -0.619637894255110     
 -0.533481954772508     
 -1.658567867080828E-002
  -1.36018044336253     
   2.06138734838511     
  0.928515252223327     
  -1.07448336981563     
 -1.137066353665187E-002
 -0.226480618932883     
 -0.329306382681137     
 -0.856393433941359     
  0.281870591488281     
  0.986583085140038     
  0.420005553975298     
  0.421456144714048     
 -0.610194141429714     
  0.520113905091166     
  -1.24468256446188     
  0.155762246743241     
 -9.351362767623385E-002
   2.18876107991512     
 -0.344942877617383     
 -0.216745914491444     
 -0.179144300267670     
  0.340389028006320     
  -1.16616398256258     
  -1.00974363764867     
  0.505586600428735     
  0.628782440744522     
  0.445439258926971     
  2.874764271910771E-002
  -2.12676873437104     
 -0.304551581952579     
 -0.688384656902504     
 -4.186426602444607E-002
 -0.934111336868716     
  0.418414310916534     
 -0.830244701333215     
  -2.46749395719509     
 -0.887225324152317     
  -1.77734130760295     
 -0.221290214726310     
  -1.37901952555094     
  0.488990991592777     
  0.972564972013906     
 -0.899033721546926     
 -0.198697194257723     
  0.102414595948205     
  0.224556260963309     
 -0.854680320528675     
  0.625746341857231     
  5.643483173025286E-002
 -0.603770223815592     
  0.275268905078591     
  0.390290904478717     
  0.344936906125857     
  2.049109012670288E-002
  0.360283689646583     
  0.961878933667644     
  0.102471093325442     
  0.759646733247138     
  0.115540445151513     
  0.411722338088143     
 -0.278376464197503     
 -7.220253167480477E-002
 -3.021894407301034E-002
  0.426600183436247     
 -0.458490833245126     
 -7.480231764363249E-002
  7.358517784711309E-002
 -0.510557686367010     
  0.128976124923326     
  0.830705136649208     
 -0.226386653887997     
  0.129896062569949     
 -0.416742334369123     
 -0.975657173879430     
 -0.287649109320662     
 -0.135620281671984     
  0.128214687284870     
 -1.174048045419580E-002
  0.126496981190790     
 -0.243675205759578     
 -0.584123688370762     
 -0.737272175581857     
  0.818471299227668     
 -0.149856451074699     
 -0.306531766325820     
 -1.598389092572452E-002
  0.256588028628088     
  0.124854367938502     
 -0.777275397244383     
   1.00402993097594     
  7.186747450509016E-003
  0.208638027151103     
 -0.809281762927783     
  7.275474142735955E-002
  1.812488949266961E-002
 -0.232644404072102     
  4.163890777500567E-002
   2.50449936881983     
  8.567219936505921E-002
 -0.453795365843698     
 -0.678362791424799     
 -2.809974090860795E-002
  0.107682720959519     
 -0.493171430492191     
 -0.406928979009861     
 -0.329884780838957     
  0.555877073674344     
 -0.378273096898579     
 -0.350758890560087     
  0.541665342049844     
  0.191937341419962     
  3.183019301994961E-002
 -0.487342670238826     
 -0.983093510170228     
  -1.02010368140563     
 -0.753220140162189     
 -0.633617468919440     
 -0.998679358863722     
 -0.570509599611878     
 -0.799133642771607     
 -0.317141778072711     
  0.539656512505097     
 -0.383048305298977     
  0.224615972305295     
 -0.221687659360283     
   3.13651750968631     
  -2.01064390663608     
 -0.827152589988980     
 -0.811665582731431     
 -1.630581032159281E-002
 -0.255840014529919     
 -7.622391323807057E-002
  9.211907617309797E-002
 -1.411414863461717E-002
 -0.504494014201266     
 -1.913070702565301E-002
  -1.75731406442195     
  0.400297542695231     
 -0.613593064698831     
  0.461598633259498     
 -0.313193470516148     
 -0.314381786337934     
  0.536465352913739     
 -8.713331779001568E-002
 -0.985677886298967     
 -0.958054594898624     
  0.195686027003019     
  0.243335589799375     
  -1.07168966080956     
 -0.973598695915758     
 -0.247084105461157     
  -1.16670080121310     
  0.199611686996996     
  0.444328457248234     
  0.302149863180003     
  0.306809565269509     
 -0.474183954377823     
  0.480199320012739     
 -5.050951907844033E-002
  3.543244672767961E-002
 -0.592960331975441     
  -1.75783212781997     
   4.98714761613443     
  -1.50141794206393     
 -4.510422398630111E-002
 -0.876670818140861     
 -0.386386448127577     
  0.115438099358724     
   1.67933176841229     
  0.836328917333482     
  0.676683484043996     
 -0.713131036820754     
 -0.318327321388024     
  0.654075132878793     
  3.097393998008712E-002
  0.496782860448098     
 -5.966922063021490E-002
   1.83171032617670     
 -0.271266347457043     
  -1.36526349974904     
  0.313228300765212     
 -0.107775017115866     
 -0.311889556170691     
  -1.00071743263380     
  6.881569251162178E-002
  0.533393681340773     
   1.24560840830598     
 -0.910410372307361     
  -1.51848835540219     
  -1.13107684950178     
  5.650658743782667E-002
  1.575648277027110E-003
 -0.688796967845312     
  -1.71764139190422     
  -1.03554561023284     
 -0.353214386318816     
 -0.913317295437577     
 -0.927744491056737     
  3.642506375578149E-002
 -0.115215879472502     
   1.48462110672520     
  0.782210628849802     
  -1.85820029740148     
   3.34669483752933     
  0.501254251044191     
 -0.949145072605688     
  0.118045517504128     
   1.23327393660298     
  0.748668381105188     
  -1.87940111883109     
  -1.58643398546445     
  0.284009843215840     
   3.69186433345875     
  -1.14868858405635     
 -5.726357794867537E-004
   2.42186632079194     
  2.540104540376775E-003
  -3.35161496706256     
 -7.604069287924910E-002
   2.63908671106138     
   2.21975668835518     
  0.151660723167829     
 -0.708578862062497     
   2.27249918496553     
 -2.614601695836863E-002
   1.04095686602185     
  -1.96169560329919     
 -0.549388840535962     
   3.04428275105151     
   3.80042772613644     
  -1.23077616599146     
 -1.819632004726393E-002
   5.73470694821684     
   1.79582981103018     
   3.11948680393078     
   4.79078565170106     
   1.63225664798599     
   2.24166626932760     
   2.24167879131241     
  0.273852936343348     
  0.663599312408267     
  0.375434042857484     
  -1.61122569236210     
 -0.234539434063460     
  0.939870928021627     
 -0.117346528309569     
   1.53897918692505     
  0.576114292570858     
  0.144647980443635     
 -0.719538208607754     
  0.327312344785850     
  -1.19889861745501     
 -0.760048599618076     
  0.120882797296769     
  -1.32933309171126     
  0.191689833820522     
  0.226543753832934     
 -0.206094401197467     
   1.02423867191581     
 -0.117979618417357     
 -0.383737464144571     
 -0.443641538703913     
  0.165340070294398     
  0.429907085186714     
  0.457164109502492     
  5.335918441485644E-002
 -0.584561650000785     
   1.61807029221438     
   1.67513703715319     
 -0.402022234068815     
  -1.40712263434170     
  2.228627141229490E-002
  -1.43247283166093     
 -0.524477186719912     
  0.911336590930121     
 -0.244159113684545     
 -0.615957634887298     
  0.483212584427942     
 -3.877128988183456E-002
  8.547105963909320E-002
  0.191386554210752     
  0.712693346558518     
  0.276131718688166     
  0.313744482010638     
  0.886296764905537     
 -0.506839292970954     
  0.115781080652136     
 -0.981001973847738     
   1.70872198534155     
 -0.613835026246351     
  0.630561001232849     
  0.145301493866803     
 -0.105819845001070     
  4.100564767224536E-002
  0.371514498954076     
  0.254449196941566     
 -2.071499123262979E-002
   1.35113310971498     
 -0.348834238179035     
  0.120102036377573     
   1.38609332161521     
  0.201462665185119     
 -0.544621986048576     
  2.459765523333486E-002
  0.405800368023397     
  0.197914690454937     
 -0.435195758304085     
 -2.747991336302842E-002
   1.45393383938287     
  0.626310675907545     
 -3.345161401564730E-002
 -2.047003891043927E-002
  0.347722895350477     
  0.611072466060935     
   1.09171288739051     
   1.03866030742238     
 -0.243751956669729     
  0.174916043487975     
  0.704287852802132     
 -5.184913596965338E-002
  0.443144795236125     
  0.221497005902029     
 -0.177733829961781     
  0.823005966023012     
  0.473701655781940     
  0.394612950265551     
  0.123922002116193     
  0.121412814745623     
  0.376542031609153     
  -1.02372806353964     
 -0.513735378132731     
 -0.386947897534725     
  0.917852490166829     
  -1.33752934173491     
 -0.790786697330007     
   1.05545325548850     
  2.860965403077580E-002
 -0.998487180718637     
  0.213649385173525     
  0.161927081243614     
 -0.235422778223661     
 -0.289891588277176     
  0.551484144434478     
  0.899419312090952     
 -9.649967849312827E-002
  9.792720402593513E-002
  -1.27068432968655     
  0.611741676591978     
   1.26835489270420     
   1.11188629668245     
  0.165972087492515     
  5.869953502514652E-003
   1.12089183922055     
 -0.698959848995667     
  0.978685328404282     
  0.512794567731165     
 -1.053604223607835E-002
  0.323174938420037     
  0.228771874646935     
 
   1.93120789924133     
 -0.461986832803357     
 -0.324336288237248     
   1.47895452109769     
  0.634557966947929     
   1.88795290880632     
  0.732473555821614     
   1.17555467841502     
 -0.656253518010337     
 -0.185043396577349     
 -0.434006652936887     
  0.433778001448660     
 -0.376127876880918     
 -0.681942968310079     
 -0.822530457426243     
  -1.11773890052499     
  0.891665649024607     
  0.811860170692323     
  5.053057461146430E-002
  0.515308623268442     
   2.98477406902652     
  0.705450019468337     
  0.562914905615079     
 -0.404388822853824     
 -0.176310204400590     
 -9.106956601943782E-002
 -0.512245259756048     
  0.156551987822794     
  2.758940475149571E-002
  0.214137866287950     
 -0.150772823462427     
   1.94412033815558     
  0.466447843830621     
  0.746097451482657     
 -0.477665800531676     
   1.96299098199005     
  -4.90249417117449     
 -0.821114469792670     
  3.695551821666990E-002
 -0.839273602205082     
 
  -2.70379684631353     
  0.835956422491865     
   1.01041062488848     
  -1.14283543633622     
  -1.79587997175332     
   8.76235009921760     
  -2.76019248872123     
  -4.24561269373604     
  -4.14931923009609     
   5.90104012349012     
   2.05047591131952     
  -5.38769007614583     
  -1.45645422456678     
   2.72448642967208     
   1.79437994949114     
  -3.67440353382660     
   4.37893266417077     
   3.52420725220327     
  -2.25396232281253     
   2.49693871053595     
  -2.36054883221027     
   2.22920977330467     
  -2.19049580640578     
   2.48200611394418     
   3.33585189369249     
   1.03420308954625     
   2.01062392031255     
  -2.66667673355953     
   2.88769925466246     
  -4.12751273472455     
   2.00631278698545     
   2.91310531603642     
  0.619419802322409     
   8.85750056307475     
   1.80021288809706     
  -3.94317701312230     
   8.49361814242822     
   1.69253526963329     
   5.63754919331667     
   4.12962330360004     
 
   4.56341831403041     
 
 -0.569216000000000        2.43548600000000     
  -1.40612800000000        2.81225700000000     
  0.875848000000000        8.13692700000000     
 -0.540973000000000        2.43548600000000     
  -1.40612800000000        2.81225700000000     
   1.68057000000000        8.15393300000000     
 
  -59.6445600000000       -57.1500918100000     
 
  tansig  tansig 
   6 - 40 - 40 -  1 
rmse=     12.4762 meV
