 -0.631272786956812     
 -0.946308035499583     
  0.639354305793679     
  0.159475197937615     
  0.929831120618524     
 -0.449339664119514     
  0.691428413681833     
  0.632199297256296     
  -3.10063210848433     
 -0.686697764448255     
 -0.638078303440851     
   2.77670390140089     
 -0.399094936756753     
   1.44592689182947     
   2.91714877514715     
 -1.962669483668206E-002
  6.580507469079501E-002
  0.456928559584892     
 -5.489951502645062E-002
  -1.10619210916404     
  0.941398644387979     
  5.328040650361386E-002
   1.10736736182140     
 -0.843106030440277     
 -0.623035505577216     
  0.880000071517578     
  -3.93591613571452     
 -4.351308018023082E-002
 -0.118827610163027     
  0.266866903398929     
 -0.311736072402430     
  -1.14227133462809     
  0.781374747843711     
  0.474538783148226     
   1.12040215070633     
 -0.738447948806678     
  0.735855538502178     
  -1.82749611318880     
   1.36238784709930     
 -0.815971855232590     
   1.81191279591906     
  -1.19366068203831     
 -0.903944407502160     
 -0.388568992511503     
  0.380194503048588     
  0.897536479360958     
  0.388865459157860     
 -0.340713402973426     
 -2.820118189545021E-002
  0.174059996746885     
  -1.88787527273601     
 -6.896708418473177E-002
 -9.164971189323898E-002
  -1.93576640926906     
  -1.02090328350346     
  7.736556980560978E-002
   1.19573662099895     
  0.369663742910057     
 -3.933522310052377E-002
 -0.909156299236787     
  0.366661523912354     
 -0.295412144471548     
   2.54505836216944     
  4.849210608053271E-002
 -8.203627716146787E-002
   1.91033275173994     
 -0.991950689372241     
 -0.867832273812009     
 -0.142642912239199     
  0.677858595935045     
  0.780751363986023     
  0.222285075402209     
 -0.321027065911342     
  0.647495594477892     
   2.04212503616269     
 -0.123710435191794     
  0.123842758810919     
  0.460655523213403     
 -0.679987775551413     
  0.236601503511902     
  -1.84247547401323     
  0.669147100752338     
 -0.236175430282831     
   1.65046980135084     
  0.949601683669553     
  0.544711451612174     
 -0.441878634677469     
 -0.946112909612759     
 -0.543165281175890     
  0.396501632881789     
 -0.748386429411651     
   1.17129356994108     
  0.239153488013644     
  0.746627775024765     
  -1.17636521072934     
 -0.219083109421600     
 -0.689306876401511     
 -0.855747396407480     
 -0.375111848445284     
  0.667364955120747     
  0.859409531533357     
  0.336891359248018     
  0.326355262193299     
 -0.821841290530487     
   2.91067958251341     
 -0.135763707417154     
  1.400775749630824E-002
  0.337629513032929     
  0.794600803122724     
  6.060466364793419E-002
  0.669876934463104     
 -0.776195881312706     
 -5.968849445426737E-002
 -0.600078398322313     
   1.63129262296225     
  0.820511177562718     
   1.24617024992115     
  0.101499995532391     
  0.471774136140802     
   2.16230486745890     
  0.705335418400352     
 -0.252679233608181     
   1.68942109030724     
 -0.700242507194679     
  0.252519942098126     
  -1.51063458638639     
  -1.11316938319082     
  -1.60277840530453     
   1.32105772962421     
 -0.315999838094790     
 -5.152305200567150E-002
   1.23861831159749     
 -7.274512096117970E-002
 -0.767252226100092     
   1.29912771151125     
  7.801798887995981E-002
  0.768898107777833     
  -1.16082281382625     
 -0.643924932460117     
  0.812019207437382     
  0.382651823371016     
  0.634693818805962     
 -0.809184688330444     
 -0.341660734941186     
  1.250496058275982E-002
  0.655553992626470     
   2.24383058186185     
  3.993790107170346E-002
  0.264515002420632     
  0.386465309100127     
 -0.832113753321228     
 -0.271301583879031     
   2.12075849590682     
  0.547232078392437     
  0.285396033217665     
  -1.82856635053118     
  0.193461825385866     
 -0.686195515124212     
  -2.71148315661631     
 -7.329362925726447E-002
 -4.877231657280247E-002
 -0.363746309805078     
  0.282875859341383     
   1.12246125978701     
   1.30960200124607     
 -0.274282646941792     
  -1.12291345134428     
  -1.17291846390415     
 -4.249254099662682E-002
  -1.24316653201305     
  0.996621858865407     
  4.259520733020323E-002
   1.24371011738344     
 -0.890781899178161     
 -0.234969431948914     
 -1.052897480301638E-002
   1.81536818220109     
  0.236635715937934     
  9.096524984080142E-003
  -1.62596550680051     
  0.581773066655140     
  -1.17940475605083     
 -0.655107384044071     
 -0.421834666848418     
   1.16371061189398     
  0.551359160578872     
 -8.258465434668630E-002
 -0.277740389119234     
   2.05193106946546     
  0.164196762193379     
  0.140142790457657     
  0.948893737919621     
  -1.53016019853635     
 -4.717140258500275E-002
   2.14353939560039     
   1.52876212338948     
  5.924100684301478E-002
  -1.92719151068565     
   1.35043208498497     
  -1.96104617170785     
  -4.12106427985363     
  -1.69952110940658     
   1.90244588219957     
   1.34133545027415     
 -0.315956995935043     
  -1.18308745564637     
  -1.55219992705677     
  0.324703936509178     
   1.18303877641312     
   1.38899472779533     
  0.492885307719338     
   1.08767097875313     
  -2.25694519649989     
  9.928928661593787E-002
  1.700736721646966E-002
 -0.455345389704289     
  0.268974158976319     
 -0.714457493773505     
  -1.25664585046398     
 -0.269378968994419     
  0.714488798162007     
   1.12401514330440     
 -0.270253910235662     
  0.145003611366809     
   1.97603532206934     
  0.258786977214743     
 -0.141979293074621     
  -1.76642941923542     
 -0.271233082191016     
  -1.04699878678314     
 -0.392776026666147     
  0.433842521863545     
   1.03469466078996     
  0.313021937816606     
 -0.670753660167864     
  0.875289828814759     
  0.489768521098618     
  0.668573121966787     
 -0.879234165101512     
 -0.439856358643379     
 
  0.110506676527371     
  -2.81425381280016     
   2.72933162582666     
  0.695898791922745     
  -2.96185551407747     
 -0.467580056146762     
   1.75413537227773     
  0.783426887373266     
  -3.75064240471302     
 -0.353725313665402     
   4.70022715140161     
   1.25158324244526     
   3.27220225649304     
 -0.595827663731272     
  0.920131254807046     
   2.62388395381243     
 -0.356964625640380     
   3.87754430554126     
 -0.100788012509690     
   2.97169943882638     
  -1.05567017330077     
   2.94182503537232     
  -2.30259579591891     
 -0.739372418582322     
   2.71740339688338     
  0.992140007584344     
  -2.20485209013790     
  0.699233991162229     
  -1.02328816030490     
 -0.918163353416613     
 -0.553660853810986     
   1.57298972907625     
  -2.92861077578110     
  -6.39244777449181     
  0.967370699761717     
  -2.32678859139395     
 -0.233169928212822     
  0.624138062261668     
 -0.202119202549015     
  0.880101980103379     
 
 -0.302670969805601     
   1.21978154113179     
 -0.825590984114314     
   1.35309468978477     
 -0.342238589555968     
 -0.590957622382624     
  -1.07333377685859     
 -0.112653105942291     
   1.91930825368463     
  1.211276112211580E-002
   2.50273031041903     
  0.845205996464646     
   2.03793583876819     
 -0.307427448401116     
 -0.915149611342531     
  -1.39494080126352     
  0.991761032084231     
  0.295847704951554     
 -2.867368520332761E-002
  1.204263009965739E-002
   1.07570325572257     
 -0.117995085445855     
  0.952177471935723     
  0.424469114309504     
 -0.866355028668838     
  -1.58026461962368     
  -1.03577036906659     
   1.70176349246375     
  0.637750441439759     
  -1.04165270325964     
  0.711324814438851     
  -1.18568687930860     
  0.391802461210308     
 -0.923425241152400     
  -1.13220780184376     
 -5.967556886028538E-003
   1.58594837968872     
  0.704069684587771     
  0.277541820846966     
   1.98402573110475     
 -0.624286959351686     
  -1.78663176559432     
  -1.24805393312052     
 -0.291652876556336     
  0.229958505106858     
 -0.889535879212090     
 -2.411925324073776E-002
 -0.227043564040608     
   1.67671408276086     
  0.517399934307727     
 -4.605478964108239E-003
  0.422107583124089     
   2.34784234208640     
 -0.390685841534387     
  0.445157486712914     
 -0.663392713128243     
   2.25518793731358     
  0.151156684088514     
  5.634066265019784E-002
 -0.100948849385770     
   1.76163967513143     
 -0.124828576455157     
 -5.574646829511447E-002
 -0.786177921143587     
   1.81745643076563     
 -0.186712389033505     
 -0.378466088006186     
   2.35141310308586     
 -0.499934898059211     
  0.380460775880758     
  0.557934736363769     
  -1.04842137912165     
   1.97294636567019     
   2.98078354742270     
 -0.609434930641110     
 -0.213878513070706     
   2.21117621325148     
 -0.238281504862485     
   1.33307590219265     
   2.01206572164161     
  -1.67078908004090     
 -0.378344430156336     
  0.509048396848906     
  9.829543683448362E-002
 -0.812952455061418     
 -0.486690259387257     
 -0.755982688645427     
  0.827371338235248     
   5.25725123843681     
   1.24887344435389     
   3.92844005545192     
  -1.53309574730057     
   3.44582500580497     
 -0.196250320768956     
  0.268933943053447     
 -0.513246467120528     
  0.238510915964665     
   1.51489297199606     
 -0.633566599940441     
  0.127825431797116     
   1.43742142418567     
  0.230058943139799     
 -9.108433996971563E-002
  0.127208665630559     
  -2.35090015504942     
  0.384074649995658     
 -0.566687193849008     
  -1.57171555969889     
  0.342871979171018     
   1.01118439012900     
   1.15479097832784     
  -1.48860535663666     
   1.95390427151801     
  0.392694742146425     
  0.662875203000951     
 -0.429505775419499     
  -1.49437969147157     
  0.692809243004002     
  0.456890740155347     
  -1.25106857010634     
  -1.27419071188412     
  0.309825193159712     
   1.10638903981181     
 -0.732634614826724     
  -2.06668298284410     
 -8.342856276666126E-002
  0.549914867910902     
 -0.883218358354371     
  0.261787352414088     
   1.58485498652639     
   1.45630171931720     
  -1.43134123272701     
  -1.19117679175097     
   1.08336211513274     
  0.926120117074971     
 -0.548495358750679     
 -0.230289130896615     
 -0.528309439911621     
 -0.283025160043568     
 -0.182344877356129     
   1.46295292977061     
   1.91512873088114     
  0.506989491792909     
  0.281017668553144     
  0.294455823452397     
  0.783595657055215     
   2.13511204616580     
  -1.28395870629630     
   1.28794601512471     
  0.777753712536066     
   2.10628723727977     
 -2.708019759556267E-002
  0.388199384601543     
 -0.891003617217071     
  0.153057679984446     
   2.49288415445755     
 -0.704026764713097     
   1.93692856890373     
 -0.145176331320845     
  0.535477854266566     
 -0.121277117710086     
  -2.21707806954145     
 -0.577635861648847     
  0.237365069374784     
  0.218442676694324     
   1.23211322091122     
 -6.894660283573938E-002
   1.27051381161078     
  -2.00559500269164     
  0.122529466558715     
  -2.13370414629516     
 -0.431591827382435     
   3.88197301024426     
  0.323852543243323     
 -0.271614364134680     
  -2.07802653239263     
  0.612086092853396     
  0.597851673679753     
  0.407814073178271     
  0.177331027121725     
 -0.792102237964664     
  -1.81033086495988     
  -1.10816447073748     
 -0.958656184887161     
  -2.98413094703419     
 -0.238710010952527     
  -1.12096135508495     
  0.833739671120360     
 -0.380777893849112     
 -0.395521341338322     
 -0.255590962835080     
  0.156680722960837     
  0.625329811646207     
   1.58791643412754     
 -0.435268199771433     
  -1.43599439525541     
 -0.383017120575980     
 -0.399964907749432     
  -1.38262601892133     
  -1.46750926699089     
 -7.104539262422742E-002
  0.406420557326719     
  0.337584239371055     
  0.593535621926095     
 -0.132663340709585     
  0.118782727416790     
  0.204583991195324     
 -0.326137731652066     
   1.55221207973372     
 -0.487713568580572     
 -0.904882068146628     
  0.337281206788635     
   2.60457032267435     
  0.613628621338216     
  0.958570747577268     
 -0.925208747722886     
   1.60308602096708     
   1.09340862577540     
  0.623469999047414     
  4.010277162133478E-002
 -0.956359218534849     
  0.137220404623663     
   1.51394044397871     
   1.03515741446219     
  0.303003591763623     
  -1.62895341473853     
  2.076662740680668E-003
   1.59471654150468     
 -8.722391913226928E-002
 -0.759438036846293     
  4.865970419159229E-002
  -1.34320234492165     
   2.54133300280406     
 -0.945313414246462     
 -0.886710896062708     
  0.351562762088522     
   3.66707861737438     
   2.91226937303085     
  0.387462104489616     
   1.28426547479495     
  0.274447791504520     
 -0.708778317798453     
 -3.721846224706598E-002
  0.121257724564175     
 -0.277767396228926     
  0.557545890621718     
 -0.178670433361213     
 -0.415268777567428     
  -2.78384006319755     
  0.445826598581983     
  -3.55537444695593     
   1.45157097773090     
 -0.569238527355774     
  0.734637978751859     
  0.793656006469063     
   2.29404488292914     
   1.11107534696492     
  9.621612941378686E-002
  0.865114886495476     
  0.219152730584923     
 -8.061016205920696E-002
 -0.337132178709593     
  -1.04410483810006     
 -0.221973526284805     
 -0.294218396273468     
  -1.16261554735892     
 -0.269099362915513     
 -2.001644324214158E-002
  0.339969362780521     
   2.42349703697760     
 -0.769189323519022     
  0.711121155481009     
  -1.82869693848455     
  0.977464522306235     
  -1.66795230051825     
  0.430361577773117     
  0.610897582343820     
   1.61180699901625     
  -1.35196538549470     
  -1.32276446105340     
 -0.164087333503569     
   2.37243178955318     
   2.09198604474531     
  -3.30150645823865     
  -2.88799028131001     
  -1.00381592149435     
  0.241765094103261     
  0.976600478262650     
  -2.13799887846670     
   2.42704179932773     
  -1.47492255073102     
 -0.537044259686668     
  -1.09456960160307     
  -1.73009652030441     
  -1.31987952323441     
  0.995581086433270     
  0.418996719997379     
   2.07984417650412     
 -0.473764038672039     
  0.406573679763919     
   2.20784938022169     
  -1.21123985974495     
  -1.22606890576412     
  -1.70131050258566     
  -1.40145455732656     
   1.51887215296844     
  0.496478791003003     
 -0.672465838933140     
  -2.51125401695169     
 -0.305246560788020     
  0.701325296328542     
 -0.403056806778458     
  -1.35878285647047     
 -0.500920802646296     
   1.34180698651766     
   1.93616387527117     
  6.120016951354314E-002
 -0.407436783568064     
 -0.220250965421140     
 -0.841318858880786     
 -0.396119034498403     
 -6.694543526700517E-002
  0.134020477238254     
  0.513622258029746     
  5.002868342355371E-002
  9.025649828544920E-002
 -0.642513266709104     
  0.721406292822187     
  -2.22780721647587     
  0.330852420868597     
  -1.08570476350693     
  9.987399706550706E-002
 -0.693372141837510     
 -0.204020339229391     
 -0.643610779394646     
  -1.87615963401630     
  0.544677026641519     
  0.508677440289206     
   1.18860126569032     
  3.126255915708358E-002
  2.719698612021006E-002
 -0.687644155548103     
  -1.18131044922945     
 -0.399222673560024     
 -0.551625988303481     
 -0.309751469570942     
 -0.177289560200388     
  -1.23414392670879     
  2.949496627471428E-002
  0.152002856834820     
  0.114275232081367     
  0.944188626062566     
 -0.982881030460237     
  -1.16618611232624     
  0.674947076474492     
 -3.807226767473441E-002
  -1.13131815586461     
  0.483861789794730     
  -1.85559630270074     
 -0.270058784879218     
 -0.283393311990701     
  -1.47188956870107     
  0.308432019248797     
  0.176111024975769     
  0.225838671686708     
  0.644034935053225     
  0.447560784058221     
 -0.252244512480757     
   1.08849695992451     
  0.191275543430580     
 -0.780886395924651     
  0.299802140548023     
   2.07433578649838     
 -0.121304753238701     
  3.991085793767565E-002
  0.125715656542183     
 -0.343030678227675     
  0.259542569453959     
 -0.913784499602753     
 -8.647334085412546E-003
  0.733670357998654     
  9.412066694624294E-002
  0.926927094640566     
  1.489478067468311E-002
 -0.613513032874685     
 -0.202372169675359     
  0.149573349787284     
  -1.31567205164830     
  4.846215961203042E-002
  -1.24900156181072     
  0.460153992520502     
  2.544061019856321E-002
   1.07764225541874     
  -2.26429697632648     
  0.101859107571685     
  4.152162723316707E-002
  -2.01927638104841     
 -0.927940644987940     
  -1.01770421911736     
 -0.439784683728211     
  0.412409671688310     
  -2.31093912093524     
  8.948470581682046E-002
  0.767258223862450     
 -0.106371989476960     
  9.255410310876652E-002
  0.224864133272247     
  0.336641227816714     
  -2.52749075757243     
  0.797066166919038     
 -0.471250829104576     
 -0.575015066905127     
  -4.28303478858016     
  0.862308139392031     
 -0.203642758817137     
 -0.308847392055579     
 -0.637470975024565     
  -1.50638829540610     
 -0.167183184296720     
 -0.143836248323704     
  3.858792219155607E-002
  0.460307858583856     
  -1.35866905027300     
  -1.19311798482655     
   1.57924143762056     
  0.929524214892370     
   1.10638244801842     
 -0.743903882642231     
  0.613798512444203     
  0.666240218555565     
  3.857336796532164E-002
   1.97762671114313     
   1.20353316650283     
  -2.42753337426666     
 -5.348463748777465E-002
  0.394537885476179     
  -3.15096964122716     
  -2.08921316599756     
  -1.70695092237299     
  -1.53946256853237     
  -1.34037475748261     
   2.37692613942533     
  -2.46593362379224     
  0.866828263533094     
   1.15580636464038     
  0.161154988612942     
  -1.03992582965791     
   1.61691583010685     
  6.155852990297769E-002
  0.827661880721325     
  -1.07256255851638     
   1.09102927622213     
   3.57458350653139     
 -0.707158503528754     
  0.262590278227836     
 -0.862930447779775     
   1.99418195093455     
  0.458928017463078     
   2.14305814587543     
  0.172178570380479     
  0.367566545109502     
 -0.594829876945754     
   1.25672824368067     
 -0.607868948981395     
  0.785040933054179     
  -1.37279107027561     
  -1.89486224190140     
  0.806869568207926     
  -2.52495053755659     
  0.529880867982564     
   1.70342300297454     
  -1.47483008941299     
   1.98069903012809     
  0.835790918667635     
 -0.116854271940324     
  0.241034716555749     
  0.638254373374126     
   2.29994412274608     
  0.442266277223759     
   3.03865499364571     
  1.377384652761103E-004
 -0.820141936872690     
   1.56092247826793     
 -0.553905143855453     
  0.279128010418446     
  -1.40650877459930     
 -0.137341566633620     
  0.188143454181930     
  2.511722943422591E-002
 -0.196082413983288     
  -1.18010910648341     
  0.481686473334204     
  -1.97823542644848     
 -0.670111027700691     
 -0.484708061494186     
  0.429545162571363     
  0.127838460403333     
  -1.97721596316683     
 -0.141615983972439     
  5.532116011820250E-002
 -0.106997452488610     
 -5.027946329385221E-002
  -1.35587480287991     
 -0.322321937122117     
   2.05473604349799     
  0.127904662947624     
   1.82667099067030     
  0.605437049277571     
   1.23944701003739     
 -0.346236689112269     
 -0.571805625025909     
  0.360111637081864     
   1.12973117727926     
 -9.244696549839870E-002
  0.800782373867776     
  0.845536282158443     
  0.990817764068731     
  0.509992359366724     
  0.651952402949370     
  0.964646966566729     
 -1.583039610557217E-002
   5.62927027850630     
  2.550223879044216E-002
   6.14721274792246     
 -1.609319751699048E-003
  3.214372822885322E-002
  6.599796963993354E-002
   4.66053797324103     
 -1.032679354440001E-002
  1.227813921927035E-002
  3.943586582884665E-002
  6.397148865658853E-002
 -0.105398058342364     
  -3.17187788239112     
   3.02311428646704     
  -7.00111210722537     
 -0.947797575618831     
 -8.020828995097982E-002
 -0.870027102810597     
 -1.841240068525995E-003
  -4.06471153570643     
 -7.454288504139691E-003
   9.16633462210521     
  -5.15477324918114     
 -5.254390916519981E-003
 -4.795518354945979E-002
  9.238872613594360E-003
   3.73933527648828     
  -4.43120227163847     
  -7.59500508190340     
 -6.393765547932267E-003
  2.171429544825593E-003
  0.585884473364070     
   4.85007047943540     
   1.98977517125056     
 -1.381106233208518E-002
  -1.47502098507722     
   4.56576951342463     
 -0.105248977803090     
   3.57042591955663     
 -0.300105050008513     
 -0.160816731101561     
  0.916217916312272     
 -0.445770829154981     
  0.217385128243414     
 -0.114219264716650     
  0.557315301269462     
 -0.524411881413839     
  -1.14916366153280     
  6.471783415046062E-002
  0.582790166203141     
 -0.419023193023884     
  4.498555674701427E-002
  -1.74372568627023     
 -0.343166369016528     
  0.698391160527600     
  -1.80766084298937     
 -0.835643803195005     
  0.370418367442562     
  2.525247296232681E-002
   1.55058194631887     
  0.867475842707813     
  0.241402180347926     
   2.13121256809299     
 -0.322528601598737     
   1.54106810846528     
  0.489213299090961     
  -1.41014005665884     
  0.994280802139057     
  -1.65404451358414     
  0.844814686160318     
   1.53597880189060     
 -0.905685317115136     
  1.344384097739732E-002
   1.40595749914734     
  0.625827510820601     
  -2.25111206334849     
  -2.42095698360148     
   1.47394826256450     
   2.02426551556451     
  5.063787799808143E-002
   1.91435572908397     
  0.867248142712476     
 -0.991314410720444     
  0.976960513065449     
  0.487170998500166     
  0.616824988317208     
 -0.400905969994503     
   2.70164255503716     
  4.027503588762224E-002
   1.89059173282905     
 -0.291570324135309     
   3.09555842326542     
 -6.721657123893118E-002
   1.10017214837581     
 -0.995014190571046     
  0.796700176476335     
   1.69643375889027     
 -3.756314699645690E-002
 -5.290470118207782E-002
  0.538554454612007     
 -0.118199600089644     
  2.583030018145911E-002
  0.695765478049010     
   1.51932707188181     
  2.813227763895408E-002
  0.795376252936127     
  -1.55191263444699     
 -0.855762821991615     
  0.864365114841592     
  0.188171426877430     
  0.360960272768960     
  0.474461179929233     
   1.16442644213266     
  0.786728297716345     
 -0.349293046966504     
 -0.315833902519166     
   1.00162423272051     
 -0.945533459557434     
 -7.794258667661336E-002
 -6.520082033811221E-002
  0.115734925914886     
  0.779352692839452     
   1.01974054035852     
 -6.133816855065703E-002
 -0.403940810490002     
 -0.250949885206372     
  0.449434888902125     
  -3.07375465792576     
  0.117026093972698     
 -0.243691263227886     
  0.982712319980476     
  -2.56808001076811     
 -0.333565599483220     
 -0.141718190021418     
 -2.726126364957338E-003
  0.469196769483502     
  -1.01582722839329     
 -0.897301832609301     
  0.125963906045979     
 -0.296945631062998     
  -1.12382295376347     
   1.18544140888869     
  -1.48052697708555     
  0.347395792957857     
 -0.438722549726869     
  0.368756680622341     
   1.33207961932588     
  0.155490213202991     
  -1.54737216852826     
  0.164987059762771     
  8.238415259192795E-002
   1.08061539568098     
 -8.437377329907725E-002
 -0.893447670720764     
 -0.653586078185379     
 -0.602415526507300     
  0.144008628017192     
 -3.629836403918738E-002
 -0.314853810546681     
  0.292539627168867     
  -2.32383739522090     
  0.789092406952134     
 -7.232565518465446E-003
  0.371565089480528     
  0.352664228143330     
  5.495993000033691E-002
 -0.403525544415824     
  -2.53763921681277     
 -0.129136746386294     
  0.448423232685265     
  0.297677465535270     
  0.403556881659425     
 -0.598901515157735     
   1.00048209686344     
 -0.562365842450598     
 -0.536571102879481     
  -1.44129183608955     
  0.654912811468253     
  0.197990192809369     
  0.272506258690431     
  8.784850495553327E-002
  0.338870330468794     
  0.467631789854269     
  -2.35654890801438     
 -0.443542316152601     
  0.105535690025932     
  -3.24243999257729     
 -0.681077461176264     
   1.08639354144441     
 -0.981672050371223     
  0.698631949102513     
  3.998602397969616E-002
  0.394970642023753     
   1.90033008524538     
  0.509454205750397     
  0.387572927800180     
  0.950541504329426     
 -0.731574658829297     
  -1.15750539331680     
 -0.194429297744714     
  -1.76622113605656     
  0.225106401402605     
  0.135142270223910     
  5.362946976701024E-002
  0.550446621411449     
  4.496457780873264E-003
  -1.29404903511608     
   1.72085952727261     
  9.460275592904008E-002
 -0.200488468032275     
  0.130049915741984     
  0.778551511482216     
  0.763004956047926     
  3.710229159573219E-002
   1.83786646268787     
 -0.228993343842701     
   1.40668535604366     
 -0.147236099320377     
  4.567563050459128E-003
  0.292509203712324     
 -0.122103190063025     
  0.367268438375305     
  0.964808953873642     
 -0.134425077220664     
 -0.179590482213861     
  0.287408153554773     
  -1.34158708787007     
   1.07934031371022     
  0.294946046394334     
  4.076794681031282E-002
  3.640716206499276E-003
  0.946268968344681     
  0.283190782499273     
 -0.307414653550550     
 -0.181662202195507     
 -0.933036966377051     
 -0.947483024632742     
 -0.632629752755865     
 -0.611460824186733     
  0.242085397885067     
 -0.821462669383198     
  0.212780008086072     
 -0.315747038396585     
  0.359815540258175     
  -1.22448887341487     
   1.55361348025507     
  0.516045132405555     
  -1.28828130078785     
 -3.005550461354950E-002
  -3.90694936062471     
  -2.39410468613109     
 -0.533286503526218     
  -1.02022228870028     
 -0.896733957251052     
 -0.655757744023959     
 -0.967953929204352     
 -0.875409734987802     
  -2.09092194663409     
 -4.439265618837218E-002
 -0.312898751304408     
 -0.276907122351095     
 -0.181791703568193     
   1.03790007542364     
  -1.01992617004317     
  -1.60559670179765     
  0.788109639605195     
 -5.419737990096582E-002
  0.993728460573613     
 -0.398736124867312     
   2.12841140515966     
 -0.432491054557052     
  0.568097889923990     
 -0.670531561424993     
  0.513764731218518     
  -2.67137244200925     
  -1.61111337865734     
   1.44262751986541     
   1.27644771386214     
  0.703548756481862     
 -0.445625277580366     
  0.244686309725853     
   1.03233365039718     
  -1.25442845408597     
   1.69524279029402     
  -1.52202462743915     
   1.05193656875920     
  -1.05205749964499     
  -1.89864811252136     
   1.73231307360055     
   2.65235242654388     
 -0.364968180852271     
 -0.339442802272110     
  -1.17569722000589     
  0.948221306582216     
 -0.824679601454404     
  0.313142747058979     
  -1.28499955156864     
  -2.03140574533345     
 -0.796733887818274     
  0.477508276423604     
  0.159356108753726     
 -0.484579392525194     
 -4.209440016979824E-002
 -0.473280351752016     
 -0.979123064051469     
  0.142963012385651     
  0.197679946548473     
   1.21446230198125     
  0.516166717268256     
   2.39259577235632     
  0.364927531953912     
  3.721667110354721E-002
 -0.947088749034487     
   1.12614591672354     
  -1.42576400387427     
  -1.29051072233270     
   3.46003240501851     
   1.00805716698176     
  0.156285344894336     
  0.472031741820322     
 -0.867797618692934     
 -0.641850095023747     
  0.175767041103276     
 -1.844860395121994E-002
 -0.822885233136051     
  0.274082679078483     
 -0.665496800112827     
 -0.603620378884003     
 -6.464104255898694E-002
   1.12024063507760     
  0.504757018496011     
  -2.99146490169620     
  0.253031316550058     
   1.15596753403255     
   1.27519834522911     
 -0.467668789183203     
 -0.327680373836335     
  -1.56115063135806     
  8.711160944322617E-002
  0.449156389020361     
  0.512926626783623     
  -1.37288170515341     
 -0.810315214682274     
 -0.231876570288380     
  -1.64030195958326     
  -1.12203902322441     
 -0.295980068403728     
  0.248381889534207     
  0.338352019333060     
 -0.216780453486237     
  0.283667814838145     
  6.278984494617856E-002
   2.76212471120369     
 -0.134399559702994     
  0.489702727341080     
  0.443904294818502     
   2.13771481418261     
  0.835901164362084     
  0.144476311413177     
  0.444442545237761     
   1.60366316181216     
  0.213781317519038     
 -0.654877106227204     
   1.25158730633866     
   1.85393230354968     
  0.241819501974022     
  1.729322678130266E-003
  -2.03561511596820     
 -0.212829220230484     
  -2.27443645162882     
 -0.425976746838868     
   4.55900989092217     
   1.13405165025951     
  0.673221749937782     
   1.70164029313799     
  0.159564553977228     
  -1.38609422192499     
  -1.10307611283032     
  5.570872452825046E-002
 -0.254147860622893     
  7.997599660915929E-003
  -1.90730673819670     
  -1.00564721882110     
  -4.67041226306878     
  0.729310061167271     
  -1.31289767208384     
 -0.924233531324884     
 -0.955700824134719     
   1.81582163731111     
 -8.860679186133627E-002
 -0.650410616135139     
  -2.59098475149480     
 -0.772261831920093     
 -0.333539434103601     
 -0.693137189682492     
  -2.17646042067029     
  -1.49553944339432     
  -1.74457042129857     
  -3.31814726959934     
  0.171246208737101     
   2.46282057960644     
  0.195639978712144     
  4.813809573830004E-002
  0.287204148459171     
 -0.379492394805101     
  0.596837506963121     
  -1.17446250105983     
 -0.282533853211460     
  0.187679713027304     
 -0.601521723038139     
  -1.10659503673297     
   1.28025435845399     
   1.29452151976274     
  0.989950680059173     
   1.91818238797483     
  -1.50425663145656     
 -0.985582310735669     
 -0.498721596907089     
 -4.755360375360351E-002
  -1.92861607741722     
  0.580897337456858     
 -0.657449284950256     
 -0.409185707091796     
  0.485019264439961     
   1.44958908768930     
 -0.251356326932756     
  -1.04095185707644     
  0.907792908759938     
   2.86449537682485     
 -0.247484603449823     
  0.526907835348962     
  -1.63042183767575     
   1.37954454268236     
  0.960559066468387     
  0.255592771615264     
 -0.530136013986529     
  0.978796499706031     
  9.605714910281582E-002
  -1.31933933879466     
  -2.47141769668925     
  -1.63533452679547     
 -0.917610347720962     
  0.744118334875577     
   1.09512493962645     
   1.08466315965697     
   2.30602702430944     
  0.117103719155932     
 -4.623318559172797E-002
   1.67071107857102     
  -1.06360038869024     
  0.621258666721633     
 -0.122690308859053     
 -6.005555218287678E-002
  0.662886447420440     
 -9.501848287339495E-002
  0.777540798654864     
   2.35325041990698     
  0.302786641968473     
  3.558975347367147E-002
   2.21848340639165     
 -0.996805686268801     
  -1.20601681595323     
   2.01651424617716     
  0.846656546610429     
  -1.54434668842799     
  -2.15622130691105     
  -1.43727402705265     
   1.01660806882946     
  -1.55485380901984     
 -0.874931009736831     
  0.654251534144567     
  0.500946865466770     
  0.352636728775183     
  0.836083942826048     
  0.423164889143836     
  -1.20097092191754     
 -0.871790253462858     
  -1.12075616255388     
  -2.23559661862721     
 -0.585152911459466     
  -2.13432697267100     
 -0.356353327131159     
  -1.73875674235904     
  5.407924397933054E-002
  -2.23863412396488     
 -6.575239691406896E-002
 -0.566478325496337     
  -1.81980145804947     
 -0.227965512510532     
   1.24283492074775     
   1.15366581717146     
  -1.88194652161143     
 -0.642165245511477     
  -1.69563044993523     
 -0.194354009079141     
 -0.294939202763309     
  0.225182101950754     
  0.754165055903954     
 -0.157152599715598     
  -1.64082755934948     
   1.45180994816958     
  0.690198986312819     
  -3.41436975702112     
   1.16895284151683     
   1.94091352058743     
 -0.292702593495480     
  0.185408949813827     
 -0.951938214469731     
  -1.49810050689038     
  0.720300477846389     
   1.07392003060792     
   3.64382894535156     
 -0.387112848769968     
  -2.38988081030311     
   2.29081562923154     
  -1.46121204404986     
   2.22507072407051     
   1.86149793646611     
 -0.474367495238709     
   1.47504254672590     
   1.34396231059492     
  -1.58416716253273     
  -1.78054403971623     
  2.106476229759707E-002
 -0.837800184771754     
 -6.919813185785031E-002
 -0.990677950272504     
   2.05579169402300     
 -0.363423272908196     
   1.13366220566373     
   2.28611805592308     
 -0.492400692667340     
 -0.548312765141693     
 -0.308661610385589     
  -3.51687837176295     
   1.97950508001949     
  0.404348772350011     
  0.404984501760152     
  7.662371850217919E-002
  0.563511289924649     
 -0.745664118699959     
 -0.441048403196175     
  0.712347250754469     
   1.47636141482377     
  -1.00966252767460     
  -1.67432066225087     
  0.504807925548438     
  -1.20491496772064     
  -1.27162943164789     
  0.574329614862839     
  -2.56163777390641     
  -1.18696354211818     
 -0.718810647300089     
 -0.342382223860023     
 -0.164322681667412     
   1.08810553246354     
  0.216112863508989     
 -0.146127790383636     
   1.54202243642845     
 -0.734683787559107     
  -1.93566805214342     
  0.824675886103809     
  0.672718183933768     
 -0.134965898136779     
  -1.27450659727299     
  0.742214840638257     
  0.470956839013650     
   1.62188746002200     
  2.778664528376304E-002
  0.195470442261760     
 -8.150529751696912E-004
  -1.65817794307293     
   2.35309733625890     
 -0.900660757455696     
  0.680817215110786     
 -0.892117151626822     
 -0.176787368835906     
   1.77732647176330     
  3.506106776347542E-002
  -1.88644241554606     
  0.453302350342800     
 -0.962855874608985     
  0.806931798836318     
   2.31707492226364     
  0.491388109342941     
   1.65388168465962     
  0.951584815104346     
   1.89627446387400     
  0.671584149089708     
   2.36272095851951     
 -0.302955542071594     
   1.77408589773490     
   1.14052294433083     
 -0.190773111709121     
  0.643867090356301     
  0.850416829307812     
 -4.839976691261152E-002
  0.302440814103761     
   2.23175313601313     
  0.428942025678807     
   1.92637340752190     
 -0.434480143172245     
  0.129170819597658     
  0.204278512929194     
 -9.311734334411802E-002
 -0.778357372003661     
 -0.120907684917253     
  -1.48086187573093     
 -3.213644901357460E-002
  5.469641995216776E-002
 -0.886608470638678     
  0.900999115319341     
 -2.332732954652419E-002
  2.360052926816421E-003
 -0.761447366589653     
 -0.614252453298564     
   1.11100627873927     
 -1.939974781931528E-003
 -6.871213621859865E-002
 -0.750329745093762     
  0.184978311597880     
 -0.854289226106341     
 -0.934373951586907     
  -1.02796170661179     
  0.146375929031860     
 -0.404033566815639     
  0.156860907763865     
  -1.02569393866369     
 -0.179024419007952     
  0.589611784192047     
   1.11417226479452     
 -0.423650188688184     
  0.502455154913609     
  0.278169642023648     
  5.420975231292925E-003
 -0.437234172889660     
   1.77751663383779     
  0.691119495592046     
 -1.706794980338939E-002
  0.115396341259400     
 -0.632887493880530     
  0.132860544481398     
  0.587753705389421     
 -0.100988394295182     
  0.479896635082951     
 -2.029606795160368E-002
   1.27252910349414     
  0.750128235480666     
  -1.31845134961226     
   1.50839820765028     
  0.797882104013827     
  0.234503283716440     
  0.132557643963640     
  -1.60173942320729     
 -0.723883565752599     
 -7.600009272928532E-003
  0.213107181796660     
   1.26649826674693     
  0.149249969766656     
  5.461587197417344E-003
 -0.341880997414203     
 -0.168558667726807     
   1.24178266189581     
 -0.285670040084913     
 -0.561803313529428     
  0.502514670089002     
   1.68588613774371     
  0.608513851431140     
  -2.12568102622009     
   1.39462479106360     
 -0.690915325032577     
 -2.156715095839830E-003
   2.87617439442331     
  -1.68908783925099     
  8.377797373415674E-003
  0.680800093880466     
  -1.99080968177068     
 -0.251576148755577     
   2.25838001881923     
  0.133273508637775     
   1.27479518097324     
 -0.651858895438570     
  -1.46216076262042     
 -0.253021384335299     
  -1.67792843694594     
  0.476104381140481     
 -0.839743233214769     
 -0.802065843999109     
  0.141247124404739     
  -2.99658102408501     
  0.455829970363605     
  -1.68686728690203     
  0.175686844659048     
  0.288303194318255     
 -0.435962993742095     
 -0.534091475437944     
   1.00253095978165     
  -2.31304179733567     
  8.897937531526512E-003
  0.832452503184734     
   1.16491664741638     
  0.616685559638636     
  -1.62128719415727     
 -0.363959722571770     
 -0.867182102475629     
 -0.967998885650405     
  0.507972689355235     
 -0.600029874245902     
   1.89209477608476     
  0.497849076782988     
  5.893507098658508E-002
  -1.10771915106403     
  -2.39887691467608     
 -4.549289816958174E-002
   1.14515312769139     
   1.39140219489778     
   3.03970557490729     
   1.80910982239958     
 -0.288292786256411     
 -0.937111771957969     
 -0.166377855605847     
   1.43907218763273     
   1.09511418513422     
 -0.433051793845482     
   1.40766074335636     
 -0.494418527329086     
   1.49497951443852     
  -2.58882910477650     
 -0.177333470817674     
  -3.18963508459213     
  5.172246767249089E-002
 -0.437888824520332     
 -0.720763151667602     
  0.746735207521338     
  0.747521827359192     
  0.450684329127238     
  0.154846601811377     
 -0.716164989304639     
  0.146030787332447     
   1.36448581878883     
  0.631425934769471     
  -1.46931839693753     
  -1.55755565084223     
  -1.83567682974799     
 -0.889973470330863     
   1.03202297235406     
 -0.113004780779638     
  -2.06469492610848     
   1.28203480153942     
 -0.654139210765264     
   1.35877087668901     
  -1.13945429966562     
   1.45422203399281     
 -0.278701056492563     
  7.634292054780614E-002
 -0.383802346258544     
   1.09335610722922     
 -0.949080240852050     
  -1.09991988715323     
  -1.12742585944283     
  0.919364536371882     
 -0.867037367023793     
 -0.222711214463969     
  0.397012012881259     
  0.692186385236077     
  0.319169104799334     
  0.991702871597709     
 -0.796331250786883     
   1.24915712069891     
 -0.241934331593392     
 -0.694766314763769     
  0.163147222401176     
  1.237696063899704E-002
 -0.233440007511421     
  0.217776689550378     
  0.759977396595174     
  0.181897476032449     
  0.405413434010087     
  5.722953332429883E-003
   1.19112028353929     
 -9.351809050864877E-002
  -2.01960511595389     
 -0.408960800210881     
 -2.055459429878655E-002
 -0.886908536977909     
  -1.84058966279634     
 -0.399193306000465     
 -0.656483893690361     
  0.324454221327500     
  0.359933271460717     
  0.863247297811547     
  -2.47152512701131     
  -1.35060518507660     
  0.267316088655095     
   1.00464051652724     
 -0.889384823282067     
 -0.209775506594453     
  -1.01512389283357     
  -1.71522886940288     
  6.534451636120015E-003
  -2.59627367076302     
 -0.282225883476876     
 -0.676339884590236     
 -6.937681800715774E-002
  7.911219445767201E-002
 -0.623426293227664     
  0.156168500543415     
 -0.240363626414707     
 -5.155054137170591E-002
  -2.11759020025519     
  0.662166635585906     
  -1.27646421268639     
 -0.804992922528628     
  5.563126611834127E-002
  -1.33178612195402     
   1.11459795962449     
   1.11975424730836     
  0.128924973914125     
  5.146310378045334E-002
   1.01631915711220     
 -0.519888907017605     
 -0.483292219196406     
 -7.809066413105564E-002
  0.211313615232637     
  -1.11636967446638     
  0.598425984744951     
  0.563246746555829     
  -1.54193747833677     
  0.334926938514876     
 -0.320693022325084     
 -0.338819713664859     
  0.440522937256267     
 -0.336501504262922     
 -0.201489903830673     
 -0.286310692564225     
   1.94246969212267     
   1.10727634993938     
  0.486436292979033     
  0.727219289602582     
  0.696609839151692     
  -1.29585029221902     
  -1.52446798706215     
  0.402364399752035     
 -0.388659139225594     
 -0.896983659265966     
  0.689675186035829     
 -0.835810736075623     
 -0.512192784889472     
 -0.888616678612871     
  0.441970687666681     
 -0.669963186347933     
  0.325257050575480     
  -1.59118202067875     
  0.141952565850770     
  0.481182752478642     
   1.24727870823081     
  0.702417298407092     
  0.229422081985709     
 -0.261321788854306     
  -1.14817338569530     
  9.549709627390440E-002
 -0.902032680043096     
 -0.301675914394206     
  0.394801679862832     
  0.921636282791863     
 -0.263949304142924     
 -0.764813643565047     
 -0.771808033026053     
  0.266335159844182     
 -0.835983688612791     
 -0.288192580563792     
  0.326944153266937     
  7.337918096950632E-002
 -0.312992128966645     
 -0.144619527156512     
  0.850461005493385     
   1.21563385871158     
 -0.696318831201754     
  0.718147472366303     
  0.962446249688638     
  0.852856497169653     
   2.25621971801718     
  -3.14822047774839     
   3.66646729917962     
   1.40425215605808     
   2.23553946685736     
  -1.69312789522680     
 -0.421681133602361     
 -0.257202593626987     
  -1.98697486459342     
  3.800107214879561E-002
   2.01354592720064     
  0.408799783307984     
  0.357066272747347     
  0.260587727882345     
  0.290669543043299     
 -0.514814864433547     
  -1.26170529601472     
  0.955146574665379     
  -1.07921600301390     
 -7.229835565630838E-002
 -4.806982091329603E-003
   2.11076003363987     
  -3.70441820904651     
   1.80793299289466     
  0.511227327448297     
  0.767413550100424     
  4.350672806965698E-003
  -2.58050823883583     
  0.694405523329670     
   1.01717208692179     
  0.552541140099017     
  0.569463748740670     
  0.988789957922460     
  0.732375634703099     
 -0.213683491395000     
   1.10059565251019     
 -0.115645285987456     
  -3.67830590705183     
  2.467636240921291E-002
  0.293493469399115     
 -0.549911587052416     
   2.64156791920810     
 -0.448475175081656     
 -0.282362283577532     
  0.420085495204167     
  -1.79329743740591     
 -0.114035666487608     
 -7.772905125003036E-002
  0.183674489833825     
 -0.425776505556767     
  -4.00585570384585     
   1.83447856098819     
   1.48921578049722     
   1.56372754886468     
 -0.865617662246071     
 -0.133928030326698     
 -0.408423380629481     
  5.647606549916070E-003
  -1.82863352577435     
   1.05776659464463     
  -1.49957851389986     
  0.586052797627361     
 -0.212168598880510     
 -7.389793842811453E-002
 -0.815181761027186     
  0.789762272275638     
   3.44313751927867     
 -0.128007944808761     
 -0.349598440106024     
  3.336080543449794E-002
  4.033576445544256E-002
 -0.628821712563045     
 -0.675262049628832     
  0.825851629408330     
 -7.272054205696857E-002
  0.170497695922683     
  0.289089117534523     
  0.551214972139930     
 -0.324921265464416     
 -0.915832241905388     
  0.588191388155626     
  0.949017729247640     
  0.264792477796841     
  0.864505227811638     
   1.21940309611589     
  5.547662106488507E-003
   2.09579774496515     
  0.145174846135510     
   4.25918173751607     
  5.263830374081493E-002
 -3.367999139965256E-002
  0.163961978642176     
 -0.135587426569516     
 -0.268100924145118     
  0.226771035469601     
  -3.49982120479584     
 -0.322769824276346     
 -3.447097901944819E-002
  0.753349797838198     
  0.334769928430716     
  -4.09904450349715     
   1.14276955796733     
  4.287687350756031E-003
  0.562463759054599     
  0.117121072256119     
 -0.602939216133046     
   2.36563095491165     
  -2.62700996944324     
  0.638748184501108     
  0.170904546264562     
   1.34849363353186     
  0.399958987997398     
 -0.566711869417055     
  0.344026291310023     
  -3.05071821263624     
  -3.59800327878667     
  -1.81446879761700     
 -5.028860278658970E-002
  0.250851264465046     
  0.785664214414617     
 -0.454644641205303     
  8.534550943915316E-002
  0.266230770635937     
  0.392295826718217     
  0.415686670856047     
  0.427883335506884     
  0.302589796698694     
  0.123190178175799     
 -0.456635385159241     
 -0.982701505640266     
   3.33534377052948     
  0.327538673902077     
  0.607514719430568     
  -1.34917424123084     
 -0.923681083093581     
  0.524525549999784     
  0.762171435417461     
  4.486529357699829E-002
 -0.941779732568749     
 -0.656583173447413     
  0.621044076549736     
  0.533543089734555     
  -1.47039406341274     
   1.00546219230978     
 -0.544776143190900     
 -0.729353131752081     
  0.233619466443811     
  -1.07717662293794     
 -9.594523231064057E-002
  0.728329771652247     
  0.527829434039568     
 -0.784478819281680     
  0.329225516511153     
 -0.916220213819583     
  -1.52002432844209     
 -0.488927962749341     
  0.184635152777473     
 -0.627358814311164     
   1.01664964021923     
  -2.16007300944543     
 -0.505756940350723     
 -3.913732953288272E-002
  0.118101271318076     
   1.11321538872681     
  0.507458430046722     
 -0.135235531800892     
  -1.17454730223022     
   1.04458542631783     
   1.40000095372451     
  -2.04853547622276     
 -0.229744218242259     
  0.654861337393916     
  0.177275377894198     
   2.20350372690158     
  -1.41377886626443     
  -2.83879589000645     
  -2.72837737073001     
  0.118062381072793     
  0.594211572996887     
 -0.800049497505171     
  -1.54531389701842     
   1.32740834461525     
 -0.530054425385309     
  -2.46818114338292     
  -1.34197745660677     
   3.94721191984698     
   1.24235105006823     
 -0.646910065336626     
 -0.710557542430582     
  0.939488346078591     
  -3.84744655206661     
 -0.576693470161371     
  -3.94174183445652     
  0.643770606746316     
   3.95806300851120     
   1.49675330142741     
   1.83414266371704     
  -2.50225920859048     
 
 -0.197891182533347     
  0.192869897458852     
  0.730073465526561     
  0.104415842303520     
  0.242138368022643     
 -0.731156108476156     
   1.74697270760838     
   1.80606119989752     
 -0.279484580451020     
  -1.38107621674100     
   1.47034067043101     
  0.161038696522123     
  0.826286916048973     
  -8.06558071178407     
 -0.415138264437455     
  -1.59618563428088     
 -0.706951148618097     
   1.47268702483991     
   2.39892475566594     
  0.926804002698140     
  0.148846665675453     
  0.615608303505477     
 -4.816982746810285E-002
  0.788334507984099     
   2.82843435571030     
 -0.977261132735895     
 -0.894972231289351     
 -0.243744795006643     
  -1.30205331298224     
  0.237935639620225     
   1.04436069226657     
  0.516287371011927     
 -4.791522312062279E-002
 -0.463513893897926     
  0.337702006470495     
  -1.36053576271313     
 -0.252456077277361     
 -0.517608280445208     
  0.886073070328237     
  0.523192187394407     
 
  -9.32325844958727     
   5.50054435469149     
   1.77845557179455     
  -7.93387210247466     
   2.80802563510913     
  -4.59515232059134     
   4.26518981646906     
  -12.5558346057080     
  -3.42054443206066     
  -10.0263707485579     
  -5.61290305068391     
  0.671690021627539     
  0.549749882182072     
   32.2929338200029     
  -8.51075771736412     
  -3.98352557022294     
  -1.90363952032132     
  -1.39732862138266     
   12.0379750285591     
   2.05511565940269     
   1.14702113635107     
   2.85214164173383     
  0.517822466919713     
  -8.14735883759979     
  -4.21598397581901     
   10.6378712146227     
  -7.19962136519703     
   1.19359222051350     
   3.45154442534264     
  -4.84964229329640     
   2.85578141701739     
  -8.81504218533964     
   14.4489749428962     
  -9.13990874460110     
   9.80248736276634     
   1.94841080623351     
  -3.45363737483505     
   3.65867251744073     
  -5.07336683264674     
  -2.85153481578569     
 
   11.8260656969289     
 
 -0.569216000000000        2.43548600000000     
  -1.40612800000000        2.81225700000000     
  0.875848000000000        8.13692700000000     
 -0.540973000000000        2.43548600000000     
  -1.40612800000000        2.81225700000000     
   1.63733400000000        8.13669100000000     
 
  -132.367517710000       -129.595769400000     
 
  tansig  tansig 
   6 - 40 - 40 -  1 
rmse=      2.3972 meV
