     33 -    30 -    30 -     1 
rmse=  15.5947meV
 -0.464297830042992     
  0.393634723472785     
 -0.562430545760201     
  0.203644063540844     
 -0.415398477224500     
 -0.214985238531094     
 -0.563789872875640     
 -0.332970135314455     
 -0.625397836671465     
  0.202465739461015     
  0.404196229908350     
 -4.141459532920649E-002
  0.368496492510266     
 -8.587056403840450E-002
 -0.642461132135175     
  0.888591986691896     
  0.319285906683111     
  0.676736329801190     
  0.445479850920539     
 -0.562336190742522     
  0.307864909209354     
  0.169359454200149     
  0.207452164709436     
 -0.145648085521827     
 -0.204243203190286     
  0.333110285139674     
 -0.469485623211299     
 -7.803227021179149E-002
  9.231520075512910E-002
  0.557567377877049     
 -0.232047845770738     
  0.134315746983546     
 -0.724923041749854     
  0.237697866894589     
  0.270206959881834     
 -0.577918311060101     
 -1.493051827910870E-002
 -0.208959480621212     
 -0.276694188273218     
 -0.248485752657989     
 -0.328416697322803     
  0.538167735288260     
 -0.542123093433079     
  6.197639046066399E-002
  1.067656922468404E-002
  0.185218600276552     
 -3.390421274829486E-002
   1.26932825214502     
 -1.862397654548444E-002
  0.162134953579266     
 -0.191725561560146     
 -3.361465555862580E-002
  1.867991027415392E-002
  0.216363241187613     
  0.157543890629399     
 -0.224124944387324     
 -0.614428693075974     
  0.400458577516354     
 -0.471506239843680     
  0.180540957223363     
 -0.427004295268585     
  0.142194960552918     
 -9.634842839953650E-002
  0.132593433721981     
 -0.206741049320641     
 -0.236634836836275     
  0.406747834362669     
  0.276767748214052     
 -0.308869253367722     
  9.067250478897498E-002
 -0.158154136867940     
 -0.161935316945121     
  0.456564214817354     
 -0.640154251045651     
 -0.819631367346186     
 -0.136286133491816     
 -4.707995819487531E-002
  0.182237884565651     
 -0.707128217325905     
  0.510054923787243     
  0.178952676176454     
  7.406222323850591E-002
  0.262049063419482     
  0.622112380071186     
  5.197306273622085E-002
  0.163199940650299     
 -0.201039491041691     
  0.196371433293699     
  1.028611895201523E-002
 -0.307144529426920     
 -1.171836515397388E-003
  0.466976472014750     
  0.504388379973200     
 -0.235617733551112     
 -0.296660683751283     
  0.204411116683199     
  0.240291841064505     
  0.254613440401290     
 -0.133722088803550     
  0.266726464954728     
 -0.101919394135837     
  0.207919305716303     
 -3.133679328554236E-002
 -0.218601640101299     
 -0.461756641695223     
  0.342809834238988     
 -0.304837986646858     
  9.260247841464732E-002
  2.672177965684856E-002
 -0.166719870187981     
  0.252678770387343     
 -0.137037171554549     
 -2.379219230801995E-002
  2.412070466469148E-002
  0.498244409635761     
 -3.216308096504555E-002
 -0.117712001586466     
  0.396799641817955     
 -0.263478033935130     
  0.494724219498430     
  2.592275043539191E-002
  8.838400092656937E-002
 -0.230159877992168     
  0.102457531581202     
 -7.251076229080462E-002
 -4.026825551695568E-002
  0.812285884382168     
 -0.376992445375432     
 -0.237466820494216     
 -8.197333200977536E-002
 -0.294725957978736     
  0.399341318551236     
 -2.800252764210016E-002
  0.413829544945070     
  0.940352620778074     
 -0.101748868288883     
 -0.358850380996499     
  0.291916072063953     
  0.285266924526762     
  0.206126231852687     
  0.478051543321590     
 -0.629528807246482     
  0.180375066822976     
 -0.248142690994599     
 -0.123423723252409     
  0.268830466870881     
  0.700551349745730     
 -0.664895616250697     
 -0.419432867479715     
  0.913201004088228     
 -0.402140808075342     
 -0.127680365628223     
  0.163137538969648     
  0.137507084780719     
 -0.152845799378357     
 -0.240001672228366     
  0.119068901430804     
 -0.451964784827062     
 -0.130132815873342     
  0.609273726461674     
  3.653218346309195E-003
 -0.242843475046776     
 -0.124630826545092     
 -2.505718904075652E-002
  0.316287719124598     
 -8.340930738690831E-002
  0.711310437033613     
 -0.177175572209899     
  0.647685009995364     
 -0.276000662428445     
 -0.493138677772808     
  2.197529099788599E-002
 -6.282111372504753E-002
  0.131658344178522     
  8.069272944579600E-002
  0.179775346398244     
 -0.296214339779096     
  0.144133116544254     
   1.03876396555424     
 -0.226615308599293     
   1.43153366792107     
 -0.612135785660520     
  0.594452387797393     
 -0.383897239555597     
  0.120224990351460     
  0.377444917816834     
  0.321122507960517     
 -0.899253543024493     
  1.901217270746952E-002
 -0.166286004195157     
 -0.856572203877007     
 -0.499823327060522     
  0.632214633850132     
  0.661455202787822     
 -0.281522289856148     
  0.155396466801836     
 -0.508023387734769     
 -7.906183293969384E-002
 -0.595309627540377     
  3.404942180497192E-002
  0.106452312500455     
 -1.211083357518293E-002
  6.911813636243005E-002
   1.21490417695532     
  0.783803258675920     
  1.830718070332681E-003
 -0.215534221222981     
  0.411835339892758     
  1.407444022440918E-002
  0.209116577557727     
 -0.428677902642659     
  0.581505667537616     
 -0.214419497375832     
 -0.478204455495067     
 -0.301331272296253     
  -1.18615974273453     
 -0.295445702074529     
  0.364677464705936     
 -0.145664725557736     
 -0.206419093176041     
 -0.241227000990486     
 -0.425697972300525     
  0.353237603930306     
  6.694522912628789E-002
 -0.346890496326865     
 -0.525725251828915     
  8.988302342852821E-002
  8.867621470610166E-003
  1.475882979223603E-002
 -0.183801695683027     
  0.253647851547666     
 -0.370021584949256     
  0.127633662713284     
  6.946528972708105E-002
 -0.434561095432811     
 -0.984028511596212     
 -0.123855607260644     
  0.645638148236801     
 -5.723512164276030E-003
  0.157704511542880     
 -1.989891498090197E-002
  0.388756227952636     
  0.519317557930335     
  0.165358486702914     
 -0.404341681903097     
 -9.534416477788261E-002
 -0.350855711304511     
  0.191278521269001     
 -6.032507345056860E-002
  0.279900793493932     
 -0.252552614400512     
 -0.109762750535584     
  0.209551133654502     
  0.404950970615622     
 -0.594889916925902     
  0.832284654639082     
 -0.169813546467048     
  0.340345964629784     
 -0.308411073695994     
 -0.146745465180425     
  0.717588917772333     
 -0.892189942729945     
 -0.313898820877796     
 -0.280005969841076     
 -0.702389541722136     
 -9.398552317078983E-002
  0.614806546667039     
  3.222257317041845E-002
  6.939083255838695E-002
 -0.157676845742126     
 -0.295288521957768     
 -0.483427900600839     
 -0.261598944656735     
  0.389550003435315     
 -0.152888719659495     
  0.633317187826972     
 -0.224075473365569     
 -6.279490047164071E-002
  0.455730985447500     
  0.468870035541023     
  0.327852059524121     
  9.246107042305458E-002
 -0.202557787226632     
 -0.272819694145326     
 -0.252744479080057     
  0.257973767777024     
 -8.383054597484618E-002
 -0.480347641791464     
  0.142189544559494     
 -0.468720956254882     
 -0.476271499959046     
 -0.471006077434608     
 -0.294100003900055     
  0.751991738063816     
  0.227989285308989     
 -0.141517872428429     
  0.166912198044993     
  0.565649776792049     
 -0.485742147101597     
   1.07885180828330     
  -1.11866266435424     
  0.483461635833520     
  3.321587626388391E-002
 -0.188111883870787     
 -0.231123677611560     
 -4.012901348671181E-002
  0.204466778508361     
 -0.306684964404382     
 -0.848213418489748     
   1.16557217242401     
 -0.562370058518526     
  0.260638270341382     
 -9.029158653125750E-003
 -0.112635751369387     
 -5.298904400695268E-002
  3.714755212998699E-002
  0.456975939895394     
  4.348968104682403E-002
 -0.423914619051270     
  0.224911123757769     
  0.888586440979414     
  0.132786629104637     
  0.147742199832751     
  0.527101836415083     
  0.119086819467283     
  0.734870790441130     
  0.492764181783476     
 -0.492280549938235     
 -6.540296768507223E-002
  0.677143875504366     
  0.708361988141671     
  0.176633132578679     
 -0.133122574376875     
 -0.167832029020662     
 -0.289240289885954     
  0.689367289753810     
 -0.464258579838901     
 -6.160557106426745E-002
 -0.370661947568555     
  0.237963826151920     
 -0.178223084360045     
 -0.231199696775058     
 -0.214548869952623     
  4.414917616153293E-002
 -7.964835868223089E-002
  0.162560153525080     
 -4.489725882838203E-002
  8.762240739640959E-002
 -0.228741714455902     
  0.524847794144153     
 -0.624940541168004     
 -8.460123984321562E-002
 -0.302595600780289     
  0.117430742208168     
  0.179530143523189     
  0.305606141239260     
 -0.119427937492529     
  0.485316804121501     
  0.785512052950439     
 -3.245891356524290E-002
  0.424103988483939     
  0.210908639044264     
 -4.641931155719487E-003
  0.351738371984462     
  0.144535199843992     
  6.774509896971763E-002
  0.140861910460266     
 -0.114341319354985     
  0.143521164944348     
 -0.628908439609676     
  0.123215537434400     
 -0.295233232837021     
  0.105851946964931     
 -1.426417420634599E-002
 -0.295224439756475     
  0.845923835772465     
  0.212614113761112     
 -0.526653030187531     
  0.142599571020129     
 -0.206734711775976     
  0.319971214631603     
 -0.552473483964484     
  0.591255757640639     
 -0.226077958703327     
 -4.673731718005372E-002
 -0.444974895127367     
  9.171809100879026E-002
 -0.185570686422001     
  0.509392191610105     
  0.461871105473612     
 -0.175775401370546     
  0.447666394824905     
 -5.135385310408598E-002
  0.289985456400517     
  9.277452935722680E-002
 -7.951993475010097E-002
 -0.472699173710429     
  0.145993531198071     
 -0.471216699201973     
 -0.513283328240989     
 -0.228042529633043     
  7.237378626169538E-002
 -0.125851441619876     
 -0.470986537750270     
  0.194722535807251     
  1.062050718308600E-003
   1.03083163261597     
 -0.247463684627818     
  0.127514265956192     
  0.416498608039615     
 -0.510493972065061     
 -0.338551060194242     
 -4.145589118370759E-002
  0.178083635020505     
  0.480695280454739     
  1.967133018809578E-002
 -0.425462693491720     
  0.469856909452304     
  0.363986461375066     
  0.309227663731213     
  8.589200167922456E-002
  0.138279852661516     
 -1.538276418439990E-002
 -5.573306349609546E-003
  0.313830934107826     
 -0.661042357924198     
  -1.38213613718570     
  0.112145765398725     
  -1.23810159524790     
  0.648986016716333     
 -6.160116882576719E-002
  0.121484495333016     
 -0.238484850996353     
 -0.207908905110109     
 -0.237407824552327     
  0.672416000290325     
 -0.251991174668046     
  0.172464362244178     
  0.136547754392649     
 -0.213269647697541     
  0.101714816624127     
 -3.357490235272181E-004
 -0.228187540110339     
  0.125057308281765     
 -0.168145542635706     
  0.394262174762014     
 -0.114927462089085     
  0.251737456184809     
 -8.724050484483029E-002
 -0.267866659719411     
 -0.123871554034103     
  0.106298793128228     
  0.361248703218854     
  0.130696616942686     
 -9.274299340358183E-002
 -0.212782307168201     
 -0.130788010435798     
  9.419022052762437E-002
  5.489267724585198E-004
 -0.467509553522186     
  0.278570991784392     
  0.280099835821616     
  0.408268697848796     
 -0.918274893618833     
  0.260552614053722     
 -0.362234786698542     
 -0.140339208749400     
 -0.128821758737082     
 -0.132729000021429     
  0.258723337199743     
  0.481819588734374     
 -0.417865967211921     
 -5.508796250004193E-002
  0.459092509227944     
 -0.591269630042860     
 -0.198987014546916     
  0.735257516588465     
 -0.397709627228126     
  0.272089726140502     
 -0.116206963306307     
  3.289352063645997E-003
 -5.537572618140898E-002
  0.134222871833155     
 -8.375747734189211E-003
  0.684016373933548     
 -0.467869241387092     
  0.347820563373703     
  0.270395080432015     
  0.398964070528390     
 -0.260203455409269     
 -0.450993194736400     
  0.324746251975242     
 -0.410443317268693     
 -1.760218796058602E-002
 -8.951148723920364E-002
  2.278719881720261E-002
 -8.723764037149022E-003
 -0.297267437650589     
 -0.517938653306079     
  0.305104085620396     
  0.641188445289929     
 -0.187700660324520     
 -0.449406909541171     
 -0.411926811007787     
 -0.178756907381857     
 -0.146556246049321     
  0.191868963481990     
  0.378892020647369     
  0.140046038787606     
  0.417826726386752     
 -0.303468243234485     
  0.146812814419143     
  0.183495522608903     
  8.668238380605763E-002
  0.377036264715684     
 -0.431992109503879     
 -0.302712047692952     
  0.854876225073025     
  -1.10755496466026     
   1.12974898957151     
 -0.685788795483366     
 -0.385380370053127     
 -0.186541131516206     
  0.505348021915134     
 -0.189536283125131     
  0.482586111855161     
  0.343929322961300     
 -2.279426153229504E-002
 -0.182735009245324     
  0.415069357965627     
  0.460460987974215     
 -0.117665297336554     
  0.425459086440448     
 -8.183472151836003E-002
  0.270402269578867     
  0.124990324500837     
  8.460799500565673E-002
 -0.173772316313260     
  0.572329406474127     
  0.529150220697790     
 -0.259971959961985     
  0.160496260043316     
  0.499539629928159     
  0.304777934182837     
  0.139162376286634     
 -0.421185948519226     
  0.191903738415195     
 -0.265347988074220     
 -0.326801112047733     
  0.431064051356896     
 -0.144531970348441     
  -1.17934113156321     
  0.459919652997030     
  -1.02404535424895     
 -0.677196598585492     
 -0.279316093302127     
  0.443308911270662     
 -0.168692769862452     
  6.639173260024811E-002
 -5.157969853689500E-002
 -0.882346291658769     
 -0.752268914747845     
  0.329550052599378     
 -4.205209774037667E-002
  0.104212807440815     
 -6.563070399992517E-002
 -0.424173629393269     
  -1.06340235290877     
 -0.285680412541161     
  1.282179840973277E-003
  0.128583954071906     
  5.300690865697736E-002
  6.671036817580275E-003
  0.654373785070015     
  0.246324573954286     
  0.460330991192156     
  0.487088612499936     
  9.019450217114963E-003
 -6.760933488130061E-002
  0.483577908726124     
 -0.581905538450088     
  3.877519401026476E-002
  0.522378670776807     
  0.294158535012143     
 -0.524454295622887     
  0.337956718638963     
  0.388528804653222     
 -0.946437196479279     
  0.869600143642233     
 -3.752537392487855E-002
 -8.059915162969253E-002
  2.337443541035893E-003
 -0.607490836656587     
  3.487922287327295E-004
 -0.617901950759488     
  0.203671372529092     
  7.224582246215534E-002
  0.129787718664538     
 -0.431155406468717     
  0.125821536697559     
  0.314566528924668     
  8.983419072231275E-002
 -0.143812633788230     
 -0.457526464236526     
  0.341119212684765     
  0.747636577162442     
  5.799582985473549E-003
 -9.931738328126404E-003
 -0.676349279870259     
 -6.420570660372943E-002
 -0.139999859680217     
  0.466908041297629     
  5.657989246855114E-002
 -4.157684714910599E-002
  6.979807841997489E-002
 -0.211434577706195     
 -0.573128615407615     
  0.458871150942323     
  6.733542680219584E-002
  0.199896430153119     
  0.131509009153617     
  0.831995488570857     
 -5.398931528461547E-002
  0.263329876532937     
  4.673895161279059E-003
 -0.140855252037145     
  4.060932274569013E-002
 -1.386543373453606E-002
 -0.208425667216373     
  3.122695756081783E-002
 -0.193898307099920     
  0.151826496527909     
  0.713969674557570     
  0.693272039878692     
  0.437133674897160     
  0.446340674475128     
  0.134034849530701     
 -9.679265923102509E-002
 -0.156141643902960     
  0.312781169803181     
 -0.273265194341248     
  0.612594040960009     
  0.168038677912764     
 -0.306846096980229     
  1.974951125187097E-002
 -0.516425401534435     
  0.719095369978519     
  0.455914055826480     
 -0.369607078972148     
  0.423838233841539     
 -0.394024791243913     
  0.147376947712570     
 -0.381859984324031     
  5.878297431426479E-003
  -1.23133467971501     
 -0.469271412747954     
 -5.135031203444097E-002
 -2.299600306619125E-002
  2.111484360067097E-002
  0.625074309302241     
  0.269895898202070     
  3.081495394828678E-002
  0.769390332407389     
 -0.529061344654405     
 -0.811109514303158     
 -0.108382897901832     
  0.411975313880054     
  5.614905839624482E-002
  7.921580032716821E-002
 -0.129793117504491     
  0.146571062501256     
 -4.112821472413040E-002
 -0.302893558043581     
  0.228699833716328     
 -0.166677166666634     
  0.375915107294868     
 -5.711347976578887E-002
  0.401077095118488     
  8.292525093944991E-002
 -8.767917632513290E-002
  0.273486693596240     
  3.815326799095396E-002
  0.386037597342451     
  0.100125733233978     
 -0.220037817655687     
 -0.539174667875505     
 -0.393689627659379     
  0.469046690693878     
 -0.126348536990880     
  4.800841555710560E-002
  0.187978120945706     
 -0.676938188117429     
  0.159839015785582     
 -0.493522366444297     
 -0.171215670696347     
  0.721501824087399     
  8.148347301426287E-002
  0.290966838056083     
 -0.123922602037102     
 -0.357056387899482     
  7.483142463150669E-002
 -4.970367132643792E-002
 -1.759809548961038E-002
  0.190938463296407     
 -0.298679084752637     
  0.601066101895044     
  0.265330318333620     
  8.808771809228981E-002
  0.235370556584303     
  0.298939439263451     
  -1.01043168002640     
 -7.749267548984272E-002
  0.119973109582227     
 -0.234351211345956     
 -0.470775258556715     
 -0.488711199145594     
 -0.691160678739972     
  0.291779516888793     
  0.124146018056220     
 -8.361054001923690E-002
 -0.106759407018152     
 -0.312075211440127     
  0.487909792600314     
  0.115651621394678     
  0.365993485990860     
 -0.327472629247353     
  0.556094327731858     
  0.223163082702699     
 -0.102396851978989     
 -8.348750871221805E-002
 -0.992507799119949     
 -0.650886202744583     
 -0.566492933739823     
  1.773953455097273E-002
 -0.612843441586570     
 -0.171266503628915     
  0.125030578756548     
 -0.361417393328011     
  0.375817526609117     
  0.198646612860023     
  7.323136743216138E-002
  0.403557161160587     
 -0.113095423910731     
  0.405486098459380     
 -0.249228339075150     
  0.719598896511596     
 -0.110812684309827     
  0.510187714520150     
  0.212076752035886     
 -0.342708863261555     
  0.624880309989628     
  0.137751487939543     
  0.385505737710826     
 -0.540878291393824     
 -0.894487062882228     
  0.858149683021637     
 -0.187803750117163     
 -0.201778577415253     
  0.203615995464746     
 -0.478289061229749     
  0.655123549062727     
 -1.871668060316343E-002
 -0.307660938585603     
  0.412765605361397     
  0.312946261208889     
  0.354136611191460     
 -0.632711683103722     
 -0.638369581095237     
  0.204498801596856     
  0.198614831166912     
 -0.425489237793412     
  0.909762366331997     
  0.205634254995188     
  9.520617985839741E-002
 -7.644425234884653E-002
 -0.967527054410393     
 -0.393130253578943     
  0.670168789415174     
  0.154771255523172     
 -0.553034452049028     
  0.223647972400262     
  0.555190244396186     
 -0.274102145834629     
 -0.706503646666353     
 -0.267874014552908     
  5.919945831942015E-002
  0.418267389279897     
  0.779031398473684     
  0.219336480342555     
 -0.257907306094159     
  0.109366036115124     
 -0.391315141371615     
 -0.182181804587532     
  0.299676685010655     
 -0.583957469121453     
  0.270670776806664     
  0.539758441103373     
 -7.335130313495761E-002
 -0.709125991982613     
 -2.708570727322437E-002
 -0.160273462859736     
 -0.210237013676716     
  1.769304149649315E-002
  0.208437963456468     
  0.145058550485590     
  0.512665915467186     
 -0.409915946025393     
 -8.416790378079206E-002
  0.525966970646539     
  0.609081556051523     
 -6.048544518405186E-002
  0.124136237977056     
 -0.168023615680776     
  0.175698817074872     
 -0.325326377242129     
 -0.478284706913034     
 -0.205592454873519     
 -0.835638383469318     
  0.494542587998731     
  3.592129343923181E-002
  0.485763345803001     
 -0.162405355317141     
 -0.490265522298513     
   1.22107703794481     
 -0.212991218130980     
 -0.858250042309836     
  0.557233281709856     
  3.605918240286470E-002
 -0.324314305507295     
  0.142362943753987     
  0.204250551488105     
  0.160119848185958     
 -0.171071068743810     
 -0.750343394838969     
  0.113233655008200     
  0.106812480753546     
  0.411324648083500     
 -7.982388533933454E-002
  0.384251770861676     
 -0.376497962903687     
  0.217850235816055     
  0.158875869678978     
 -0.606129180107074     
 -0.207713309491409     
  0.365499137247180     
  6.390202087219776E-002
 -0.383296719075999     
 -0.771589088328006     
 -0.550912309227170     
  0.765349641535893     
 -0.560557505539652     
  0.513344723268155     
 -5.386026250366075E-003
 -0.473295466944911     
  0.603299740704738     
 -0.120455223643782     
  5.802380792389386E-002
 -0.173480706790713     
  0.431446384256963     
  0.159573530995932     
 -0.319738720831429     
  0.215466553807958     
 -0.868003716615473     
  0.744193658766834     
  0.240784873010617     
 -0.126610540917712     
 -0.390135362310156     
  0.164767315139100     
 -0.539106980339683     
   1.05871617344845     
 -0.384327859219138     
 -0.232668920986501     
 -0.199063464018215     
 -7.861238306598409E-002
  0.413546169126838     
  0.514187418327109     
 -8.659605876148014E-003
  0.245541802247405     
  0.747814401133518     
 -0.808329187045516     
  5.484421275304577E-002
 -0.573473787223721     
  3.965620027570217E-002
   1.32377131024582     
  -1.05113773700412     
 -0.219490400805928     
 -0.106821765843151     
  9.831440628052487E-002
  0.179852136469666     
  0.617226877222892     
  0.428415708788746     
  0.105836391789169     
  0.173785791510939     
  0.211919091491079     
 -0.441384127102069     
  0.246740133009932     
 -0.166900967076717     
  0.170719919795417     
 -0.413026256689607     
  0.528189034925506     
 -0.296405074776751     
  2.358502570182820E-002
  0.418984131215772     
 -0.730749606581190     
  0.686597376501888     
 -0.548665419130397     
  0.243811368378750     
  1.143516566915069E-002
 -0.124904723234686     
 -0.350450472116275     
  0.202001111177712     
  0.649731340852950     
 -0.308517546193684     
 -3.748264757280285E-002
 -0.897528587579034     
  0.476712523135219     
  0.204922315237032     
 -0.427483776391657     
 -0.157898147724671     
 -0.528592070306949     
  4.221221190852592E-002
  0.151680559367312     
  0.295348519582846     
  0.390079854407544     
  0.174159365395768     
 -0.480984317540323     
 -8.036104369019506E-002
  0.627267037218272     
  0.704031694804490     
  0.345442392552859     
 -0.156109966180483     
  8.186989162157925E-002
 -0.243279901337035     
 -0.127892422856758     
 -0.120491553721984     
  0.943562293198052     
  0.650166860573679     
  -1.07059295866809     
  0.387795248369058     
 -0.862092339878266     
   1.21768633209957     
  0.222933464871891     
 -0.277535945881326     
  0.201711664678710     
  0.501235857501884     
 -0.487084073482779     
 -0.904505283863854     
  7.440920775286100E-002
   1.06542689867837     
  0.566707527825597     
  0.316501067835244     
 -0.716950905651149     
  -1.15425153179287     
  0.423416322308763     
  0.130412908337001     
 -0.104030698111776     
  0.343006347355247     
 -0.665977573489958     
 -0.962062211686184     
  0.785878196424487     
 -1.548091633765055E-002
  0.554714064769899     
 -0.618756646686243     
 -0.274703138706934     
 -0.151902869738935     
  0.295317178090049     
 -0.560594263586944     
  3.886087888523269E-002
 -6.450323734310173E-002
 -0.337771391431259     
 -0.372573903203740     
 -0.602022594897130     
 -0.106569681027621     
  0.167534175270374     
  0.351556799882684     
  3.211150848881705E-002
  0.161342574682837     
 -0.564120243600802     
 -0.102377537301643     
   1.02612714050440     
  0.730553885170347     
 -0.456017314608444     
  1.220885147299809E-002
  0.559767002554785     
  0.290468591475514     
  0.296093270324295     
  0.212854356799446     
 -7.711211966694334E-002
 -0.394814829722262     
  0.576192059651008     
 
  0.998662724357281     
 -9.120263707026217E-002
 -0.638981113436361     
 -0.581291797468495     
 -0.101940479147764     
 -0.518438928076356     
 -0.519600171158699     
  0.633863482887181     
 -0.541768402779256     
 -0.451587984522077     
 -0.184391295862561     
  7.451450656237656E-002
  8.282212168901378E-002
 -0.243832266039344     
  -1.17863337902741     
 -0.259866927605730     
  0.658012848548399     
  -1.33436097296057     
 -0.354050553092073     
 -0.394071245663974     
  0.144970223751640     
 -0.321648060169629     
 -5.172183665517011E-002
 -0.721534256367321     
  0.661483174267026     
  0.215212208010182     
  0.420814913499793     
  0.169487159719081     
 -0.506021893114875     
  5.046695641566954E-002
 
  1.517823155047264E-002
 -0.709163751040719     
 -0.203531540012275     
 -1.731538808591165E-002
 -0.224236406981781     
  2.672997155516301E-002
 -0.183980537839715     
 -9.879130858462644E-002
 -2.859258408400400E-002
  0.215340087651637     
  0.136257601749190     
  1.495269888765558E-002
 -0.394274346088912     
 -0.125509499252362     
  0.121993116487735     
  0.148505164453037     
  3.109448694538623E-002
 -0.412632598366257     
  0.239022419062081     
 -0.129032599019100     
 -0.385973812253291     
 -1.632181072514469E-002
  0.293955031559000     
  0.299408151009995     
 -0.287556901981580     
 -5.262569884366087E-002
  6.832403634230717E-002
  0.190509581667987     
 -1.870863393232184E-002
 -0.262827961273024     
 -0.707058817404242     
  2.211959746230938E-002
  2.061523056226482E-002
  0.217035153756009     
 -8.986319943870934E-002
  0.339721902459378     
 -0.969061343746275     
  0.499886400790091     
  8.942832000402968E-002
  0.277220472694397     
  0.538212779732105     
  0.182082291387702     
  2.684158900497813E-002
 -1.951370372918192E-002
  0.645410590171723     
 -0.568952197595171     
  0.410338727854978     
 -0.660975337734712     
 -0.462200712644402     
  0.322082815164722     
  0.155650611919781     
  0.365434835085213     
 -0.167948986399127     
  0.265644840939561     
  0.284076843259235     
 -6.958815505320501E-002
 -0.425782408734506     
 -0.104244352363062     
  0.164520816172800     
  0.411776386459981     
 -3.019169451042844E-003
 -0.228618507977333     
 -0.154743749677344     
  0.155289617839536     
 -0.196975923210977     
  0.489383657250766     
  0.694621734654925     
 -0.911775447852388     
  0.150318814463726     
  0.287521979737130     
  5.189065881397897E-002
 -0.336663069964177     
 -0.218775698288107     
  0.164324779488260     
 -0.198620842091643     
  0.438874000197640     
  0.310416429697856     
  1.165351602740905E-002
 -0.146831035919808     
  6.049554785695847E-002
  0.154634231726322     
 -6.431462656889876E-002
  0.140470235331836     
 -0.227250087173049     
  0.327208392314695     
   1.34167988913206     
 -0.881992203376011     
  0.296536197395891     
  0.750598686486795     
 -0.801172237859422     
 -0.622735513902231     
  6.707705136412800E-002
  0.105488276480916     
  0.383903631821528     
 -0.291815232121014     
 -0.322117346178441     
 -0.145353027242333     
 -4.263014423754226E-002
 -0.220318054964120     
 -0.465132645525963     
 -0.318867386710473     
  0.139695030115481     
 -0.286184649602968     
  0.196349779891654     
  0.648493896860193     
  0.779615368441346     
  0.537634045384818     
 -0.629992695535439     
 -0.114726769581276     
 -0.623811193667889     
 -4.873113177978285E-003
 -0.396081298254134     
 -7.549529074261557E-002
 -0.466709937604972     
  0.108220324745168     
  0.195230285617026     
  -1.24185305529846     
  0.643696141997768     
  6.349595970600146E-002
 -0.431433516769035     
  8.571507278463020E-002
 -1.145239345051045E-002
  0.227608098003688     
 -0.134217078075906     
  0.217116640807463     
 -7.372974956454714E-002
  0.191442819423092     
 -0.370335183737737     
  6.129868004442687E-002
  0.924294891152088     
 -0.693109802856383     
  0.382822979114416     
 -0.265731547995916     
  0.106435204418453     
  7.412171531415343E-002
  7.041820641493333E-002
  0.672519924948648     
 -0.345526768995063     
  0.301791199415013     
  0.180760696629819     
  0.505866651661575     
  0.143356307648500     
  2.468729932997501E-002
  0.464311620669005     
 -9.707311968018463E-002
  0.329825525509127     
 -2.086343670382364E-002
  0.372254403165405     
  6.489264977144299E-002
 -0.307957854905869     
  0.158101332482754     
 -0.140858508454342     
  0.251683003049576     
  0.129590091731162     
 -0.496910659265979     
  0.406459569273680     
  0.364937691807548     
 -0.587377000558566     
  0.178547210419293     
 -4.100346295184273E-002
 -0.141678578537480     
 -6.764654022501326E-002
 -0.155653661576987     
  2.477911987318675E-002
  0.208858668764520     
 -0.634820345017336     
 -0.186643006667753     
 -0.289280052679835     
 -0.148717116425241     
  0.272064353471349     
  7.245774977457134E-002
  0.180563588485481     
  0.517660510363157     
 -0.290227351020277     
 -0.188944261307139     
 -0.175649914105734     
  0.440869398565871     
  0.200711687848204     
 -0.647522274611336     
  9.203043292910929E-003
  0.873663708885549     
 -0.138803581003630     
  0.187099030002187     
  0.311355245512140     
  0.313319557583255     
 -0.411620464710103     
  0.348797062225489     
 -4.228042277871259E-002
  5.743621021959502E-002
 -0.146767188492986     
 -0.174228465965940     
 -4.938200183706667E-002
 -8.519576577415008E-002
  0.308810349741115     
 -0.120636838075886     
 -9.987655065003705E-002
 -0.303819710302892     
 -0.185701978521461     
 -0.113870230884148     
 -0.349337872333469     
  0.280802487536930     
  0.389120619969793     
  0.118200724943910     
 -0.355846086573453     
  0.437356872130651     
  3.811584770347592E-002
  0.308045866430406     
 -3.557997280247667E-002
 -0.271664045940199     
 -0.234267062909873     
  2.263194829690110E-002
 -9.867859079503828E-002
  0.145430466290498     
 -0.545457758212445     
 -0.296793237826374     
 -0.269072250584804     
  0.342061120507500     
  0.215777654084843     
 -0.619139511502549     
 -0.711277835057139     
  0.366560855837664     
  9.741314892751970E-002
  5.523417624607315E-002
  0.137854491224332     
  0.173493526461820     
 -0.269051183694652     
  0.278359482172563     
  0.287533156735140     
 -0.628199201891262     
 -0.211058048577178     
  0.250141646253720     
  0.260782240307867     
  2.428387180216918E-002
  0.331853780954407     
 -1.521324033681424E-002
 -0.344759763272612     
 -0.336213451998504     
 -8.772922116844847E-002
  6.481493485210514E-002
  0.654395685070290     
  6.030045784588996E-002
 -0.612721042427102     
 -0.169867965614912     
  0.271501909648048     
 -0.325874477876004     
   1.00022555318300     
 -0.585806725898650     
  0.261310481749392     
  0.464655439619998     
 -0.135876497117994     
  0.407253343351670     
 -6.590595783614138E-002
  0.491906546608608     
  0.257665727308383     
 -2.575455616565033E-002
  0.318682232687798     
 -0.327103647050577     
   1.16095439962854     
  0.364572293738952     
  0.977052670017709     
  0.163212513636486     
 -0.222987800727468     
 -0.203057044636493     
 -0.549239476095934     
  0.493475426163795     
  0.752429071400282     
  0.336987962741983     
  0.303422501652793     
  4.205148489342228E-002
  1.910347990464932E-002
 -0.349573933162248     
 -0.126098527069132     
 -0.121210473618939     
 -9.167172478275269E-002
  3.925699194974235E-002
 -0.179146880252608     
  0.251924202620134     
  9.909955299910320E-002
 -9.373134874872388E-002
  0.202824049616826     
 -9.648501894109886E-002
 -6.101946171994298E-002
 -0.332532025399452     
  0.392012757109567     
 -0.106851039070790     
  5.070778181848788E-002
 -0.148571312789654     
 -2.966467254807655E-002
 -7.940825404527127E-002
  0.181451759057374     
 -0.116226824139487     
  0.322548801125477     
 -0.106919310133111     
  6.169790304147636E-003
 -5.881176022213191E-002
  6.921297523667666E-003
 -0.319229722505144     
 -0.291980210423017     
  0.227596509846598     
  0.178729671232076     
  0.523508807593329     
 -0.231607713764977     
  0.104009192091008     
 -5.982460774122141E-002
 -6.624778235910800E-002
  0.219750430751401     
 -0.172055935303748     
 -0.233285696219832     
  0.290129608266758     
  0.698034109603503     
 -0.232601708408383     
 -0.470897475887169     
 -5.420714639923349E-002
 -0.538031166585533     
 -0.399562685543788     
 -0.102228997012318     
 -5.028394797436393E-002
  0.210559474238006     
  3.111915812915532E-002
  0.426156985636315     
 -0.206445222252766     
  0.262936108926731     
 -0.421278068085054     
  4.030453371921201E-002
  2.664391127028240E-002
 -0.195888611283040     
 -0.116651350677316     
 -0.159698785072071     
  4.823520953289148E-002
  6.460449306216615E-002
  0.403866648998377     
  0.861851743540305     
 -0.532190430457587     
 -0.250365144539760     
  0.455167809644238     
  0.162056562037755     
 -0.388234346111526     
  0.491042163141478     
 -0.123999759872603     
 -0.987681372528746     
 -0.314760789594092     
 -0.291884530156733     
 -0.277028236699071     
  0.426091364111690     
  0.523094245508154     
 -0.224515744579007     
 -0.964313874249028     
  0.672403925744086     
 -0.373140455935647     
  6.779903364705597E-002
  7.308111594019667E-002
  0.564218777014484     
  6.188448856588256E-002
 -0.360938143210893     
  4.869978443057088E-003
  0.265796052024651     
 -0.442326005344734     
 -0.109208256401824     
  0.428918204799595     
 -0.458718077269881     
  0.989613950239489     
 -0.131399277735687     
 -0.733390455054348     
   1.29643696942459     
  0.716156780002061     
   1.35233012592341     
 -0.796374897137540     
 -2.515602656339499E-002
  0.201574208440040     
 -0.626638498971366     
  0.229258872651962     
 -0.566573042930727     
  0.842211576993462     
  6.295417687279414E-002
  0.704565413654993     
 -0.640142928433133     
   1.21007331904744     
  0.684988238650838     
  0.326488960630786     
 -0.110682740848224     
   1.07008081467010     
 -0.840329441113110     
 -0.548761963824825     
   2.01113429593487     
 -0.373265874841512     
 -0.821796312227846     
  0.645969176616877     
 -0.254663227976644     
  -3.81892395663893     
 -0.175309061837105     
   1.05439487688430     
 -0.417541358828170     
 -0.632532458049501     
  0.600785534603048     
 -9.335350708734559E-002
 -0.859285030208666     
  0.253185979081295     
 -0.560897046465155     
 -0.545204070868713     
 -0.307240743696514     
  0.501906736717980     
  0.131137772489083     
 -0.480056760937110     
  0.475631053769916     
  0.562118804491013     
 -0.743386233247487     
 -0.547906736854199     
   1.31269725743641     
 -0.563687594030665     
 -0.540517095571356     
  0.237493901379818     
 -0.204949424577270     
  0.732139189346055     
 -0.564507652851787     
  0.208086440671778     
  6.598748873315964E-002
  7.784055484754263E-002
  0.156325988996340     
 -0.497103296356449     
  0.607188317159926     
 -0.154386342653867     
 -0.430909911494815     
 -0.306563500395232     
 -0.450139712291085     
  5.589321258449659E-002
 -0.129875380381645     
  1.156395368262243E-002
  2.066035267591325E-002
 -0.243124208722238     
  0.291517754029924     
  0.233188558205945     
  0.538677206515298     
 -4.584931426563639E-002
 -0.545735878628598     
  1.469247283585702E-002
  0.548856911051538     
  0.197083702076732     
 -0.450323211715992     
 -0.344774655330818     
  0.215657216643135     
 -1.920752415184274E-002
 -0.340645897556399     
 -0.151474433024534     
 -0.196336479428853     
  0.178333194802459     
 -0.253201466048806     
  0.280715162213135     
  0.530954071711163     
  9.781260600914500E-002
 -0.431662695319412     
  0.413944167812010     
  9.587848063046451E-003
 -8.927352349597921E-002
 -0.518926044691156     
   1.12030986566280     
 -0.784841151340750     
 -0.485016642859278     
  0.821551170229549     
  0.162881156392163     
  0.705472677384765     
 -0.767539178089471     
 -7.630213991369617E-002
 -0.178185538433796     
 -0.815438864334053     
  0.283541331886961     
 -0.153001346482388     
  0.440649784243583     
 -0.595991608963354     
 -0.135295529456578     
  -1.20341073497435     
   1.06917069570529     
  0.626011161248587     
   1.01559278158969     
 -0.214153401907694     
 -0.218811198844525     
   1.02663445420131     
  0.393603162495924     
  0.315488143577269     
  0.440457321100124     
 -0.340186123044004     
 -5.155905412513713E-002
 -0.423429928183899     
 -0.128909718035273     
  0.256645999389403     
  3.190483114583720E-002
  0.500968207331787     
 -3.325483439466448E-002
  6.514054242127185E-002
  3.169786382138834E-002
  0.607884680950112     
 -0.556287789617771     
 -0.146610177065491     
  0.529807892664616     
  0.102148352392680     
  0.238186537689886     
 -0.325629210824793     
 -0.457578213311719     
  0.406015812246293     
  0.294041716009610     
  0.332672413792334     
 -0.172078833260166     
 -0.277815071526227     
  0.234501564100377     
 -1.843223349751319E-002
  0.258354665093979     
 -6.025660197033218E-002
  0.109791640971381     
 -9.428115959893252E-002
 -0.460466587728035     
  0.606722064954981     
  4.297587018566801E-002
  0.296200135612289     
 -0.763392089092410     
  0.167957021998572     
 -0.376265255691129     
  0.280217337241122     
 -0.881995647113513     
 -6.455472196091741E-002
 -2.940353386557659E-002
 -0.316840421160278     
 -7.876448563796357E-002
  0.192343853769693     
 -0.460138975247949     
 -0.272869515299396     
  0.175271106307010     
  0.643079846267439     
 -0.438241044856069     
  0.317587899961935     
  9.925802128645220E-002
  0.296978911665940     
 -0.240511986639586     
 -0.626547044404463     
 -7.630027882811479E-004
 -0.591630230612548     
 -3.894817323418689E-002
  9.890134360796031E-002
 -0.315633842859444     
 -0.461583262293044     
 -0.406345303366380     
  0.235520639723343     
  1.703140199182973E-002
  9.117171200558555E-002
  0.120592717497383     
  8.701948691820469E-002
  8.575562465977005E-002
  0.553693154761718     
  0.686454130220964     
 -0.124473616761479     
 -0.133966441738323     
  3.931601106860284E-002
  0.840583900109934     
 -0.442878303090605     
  2.670554266061388E-002
 -0.257421309559379     
 -0.864641495521023     
  0.129321235591108     
 -0.395202133818586     
  8.794826307359330E-002
  0.684028782852005     
  0.113196893543620     
  2.696789917477092E-002
 -0.294411242314210     
 -0.492112182781781     
  0.112919315630755     
  0.132303518891144     
  8.884332389295178E-003
  0.149206486822416     
 -0.462253342314132     
  0.400504484967078     
 -0.352722165580909     
  0.312110840167375     
 -0.463150012855527     
 -0.124987957728896     
  0.402554462278427     
 -0.582514539043373     
  0.158179514342953     
 -0.151002517809939     
 -0.436104158274125     
 -0.233569205221417     
  0.152981707791478     
 -0.222553070585951     
  0.258254031066586     
 -0.506755454627117     
  5.062919439346002E-002
  0.123864121521477     
 -0.537916814701389     
  0.349294240153375     
  0.676457911970028     
  0.627933233155600     
 -0.410258444335387     
  1.681239897011238E-002
  0.351611624683680     
  0.103465491194549     
  0.282746072169026     
 -7.251575539979808E-002
 -0.973811738927010     
  0.120671425767504     
 -0.244336798005802     
  2.361598362472281E-003
 -0.235882107795408     
  3.660096774624166E-002
 -6.685068103285172E-002
 -0.208253150257697     
 -0.364010353497329     
 -0.470123602716968     
  0.314398973275238     
 -0.309856352839694     
 -0.779094417960478     
 -2.610769729405516E-002
  0.765895993640083     
  3.625011765250138E-003
  0.372752298865526     
  0.674213258510323     
  0.800857548859710     
  0.535289782127515     
 -0.695234358237675     
 -0.736745201883829     
 -0.119394455858305     
 -0.675167776954413     
 -0.593624470456011     
 -3.267860863958755E-002
 -9.643013117278540E-002
  0.309146462158068     
 -0.119947177507252     
  7.921425469285445E-002
 -0.888105615235815     
 -0.822791732818886     
  0.268460712249395     
  0.164193926111731     
  0.134165681093155     
 -0.344031134654942     
 -3.022431189159587E-002
 -0.413799812075912     
  0.179126331272878     
 -1.014829243129108E-002
 -0.163417136769900     
 -6.144226802252672E-002
  0.233504867571352     
  0.168775086268338     
 -7.776292991930774E-002
 -0.551346205134449     
  0.753123894524438     
  0.180035860816575     
  0.465891611194031     
  0.402037181882774     
 -0.128626796868436     
  0.102682553900849     
 -0.769181743758773     
 -3.557854821239626E-002
 -0.263131718072552     
  0.328706326911605     
  0.361756840515155     
 -0.238158460167423     
  0.430391316109878     
  7.297764067084407E-003
  0.240736742092996     
  8.566128932785555E-002
  0.424674748894359     
  2.965260329782131E-004
 -0.242104865465508     
 -0.416992650818789     
   1.03790604476115     
 -1.833106177187106E-002
 -9.315428619698310E-002
  7.296850297359408E-002
 -0.263714052396607     
  0.108897663258219     
 -0.199161447632301     
  7.038437815763192E-002
 -0.402209100663083     
  0.121375301434813     
 -0.474774233667877     
  3.037578436292609E-002
  0.572613293412936     
  0.245669206354002     
 -0.140870795887342     
 -0.435750379201552     
  8.021262069360165E-002
  0.623701989090155     
  0.218345573212996     
 -4.485265114466647E-002
 -0.362186233869826     
  0.179400532354337     
 -0.225088901101931     
  5.175802021936682E-004
  0.574225278636291     
  2.408538348122118E-002
 -5.796206326940537E-002
 -0.359143833555263     
 -0.450974287830332     
  2.786989729144152E-002
   1.05419005352249     
  0.181204215011691     
 -0.473684613799222     
 -0.200621086199281     
  0.244654100246719     
  0.317157996787250     
  0.393983386650713     
 -0.112095131082494     
 -8.394597374738352E-002
  0.609352836963134     
 -2.989721851672944E-002
  0.796048315408193     
  0.351257763057388     
 -0.530303643526998     
 -0.213843317752830     
 -9.817570978317301E-002
  6.391446179737609E-002
 -0.459609591170789     
 -0.105224250979597     
 -0.351105015294060     
  4.097077158921145E-002
 -0.532511461678176     
  5.327846354483456E-002
 -0.221408278448399     
  0.329737708320069     
 -0.273604105956032     
  0.952570495063788     
 -0.273894891632549     
  0.164220099315038     
  0.380259855407254     
 -0.627477281026782     
  0.391268292542110     
  0.149550779666558     
 -0.602248563771912     
 -0.334277250348583     
 -0.361069475647487     
  5.267600253038343E-002
 -0.231644317932088     
 -0.199122654751831     
 -0.669312821309508     
  0.241255842488346     
  0.207205712370615     
  0.326959355574949     
 -0.205338182351920     
  0.129076901816868     
  0.101778203534017     
  0.504532964516119     
 -0.487602632343288     
  0.135564712302594     
 -0.706314769129255     
 -0.681277546441151     
 -0.391568045427833     
 -0.175791967645931     
 -0.685349934180948     
 -4.645223413192596E-002
 -0.616270634109419     
  0.280008448216828     
 -0.451393870349819     
  0.298329240878472     
  5.660855650083665E-002
  0.243795499066996     
  0.172047664299925     
 -8.089991562086313E-002
 -0.255217961052069     
  0.245187009949543     
 -1.387937770056375E-002
  0.598087147180962     
  3.034021048997249E-002
 -0.304841599099629     
  0.306271586215155     
 -0.170734173185850     
  0.768445546372114     
 -0.131866405129532     
 -8.115169244026214E-002
 -0.295923000788546     
  0.170058299772308     
 -0.400186288768545     
 -0.214748499732153     
 -0.241274350256886     
  0.301323485049588     
 -0.435303211834099     
  0.439730587035447     
 -0.606450536540749     
  0.260096725184738     
  3.157963945424352E-002
 -0.423938578341971     
 -4.756820444369230E-002
  0.209149771462841     
 -4.494619967648780E-002
  0.283167771814845     
  1.160568497070242E-002
 -0.749596642124207     
  0.414669758982660     
 -0.330083521291873     
  0.259305295761599     
  0.247515738606703     
 -0.301376396827076     
  0.210653205343910     
  0.188297173500617     
 -0.345585869189029     
   1.17307504003649     
  0.164166549654137     
  0.211970888739874     
  0.329444454714798     
  0.381416340976496     
  2.635653996288907E-002
  0.523441890810907     
  0.474759525726882     
  0.313329012211973     
 -0.532883298491473     
  1.235956459235675E-002
 -0.293257312084923     
 -0.586725193519744     
  0.100422698055976     
 -0.798952203525612     
 -0.115857523138747     
 -0.721480216061557     
  0.115996517316432     
  0.223419982624589     
 -0.388519481394520     
  0.200408313646015     
 -0.121607708779927     
  4.359410716161433E-002
 -0.138830264674743     
 -0.543333887454319     
  0.450736284709529     
 -0.718552682985891     
  0.237834643497820     
 -0.120132886568741     
  0.472581155305051     
 -0.756240058811068     
  0.120843386901898     
 -0.735325131743026     
  0.267019952657613     
 -0.188502453669146     
 -0.312089704256522     
  0.414082539219791     
 -0.106931124636710     
  9.354033059216871E-002
  2.256217370896260E-002
 -0.466556496108376     
  7.605751731413471E-002
 -0.139353320142783     
  9.864597497012431E-002
 -4.627759153835104E-002
  4.821175720889634E-002
  0.108563223626626     
 -8.641677162904655E-002
  3.485930801275923E-002
  1.418328773898675E-002
  0.160197285329368     
  0.350941958348148     
  7.879853672219825E-002
  0.633308736755788     
 -6.301986772068710E-002
  0.190198152016692     
  6.767015533934775E-002
 -0.358993722587426     
 -0.170451909787838     
 -9.916817234857413E-002
 -1.884266810872252E-002
 -0.313561651197893     
  7.384074386739124E-002
 -0.283755314684035     
  1.700271205487521E-002
  2.696957632955964E-002
  0.400714872843692     
 -0.168568475519464     
 -5.537011245157251E-002
 -6.696897246964478E-002
 -0.236277474798707     
  0.325328351062725     
  0.221554910938374     
  0.186810379617384     
  0.261173117859374     
  0.165993796966870     
 -0.204119600110013     
 -4.637409882985774E-002
  0.576481078328410     
 -0.653311296884978     
  0.113215826212036     
 -0.303508104028756     
  0.582703885808600     
  0.115849231500527     
  2.993126353834924E-002
 -0.373732828755584     
  0.147520334625244     
 -0.438391815127955     
 -0.796600497186683     
  0.408651831980841     
  0.570043792192285     
 -0.133540240716139     
  0.425899142355918     
  0.388049423383466     
 -0.390345926386264     
 -0.237972114354895     
  0.157346520380420     
  0.151670510083742     
 -0.303657379873897     
  0.211695899747566     
  0.388665522395774     
 -0.138190963834872     
  0.305829019554723     
 -5.746939615499139E-002
 -0.703910095008217     
 -3.167931406007955E-002
 -0.219404317530476     
  0.118834989640541     
 -5.282086797945583E-003
 
  1.769125578476110E-002
 -7.133467407440411E-002
 -0.183998745552084     
  0.230643035365259     
 -2.255536839145629E-002
 -0.181206780291556     
 -0.276081038963490     
  0.236500348539705     
 -2.929368723374556E-003
  0.573113209584055     
  3.980579921493329E-002
  0.198425544742049     
 -0.264666526849558     
 -0.509270870315593     
  7.148651316155975E-002
  0.202775972758711     
  2.181265219557069E-002
  0.272333924991569     
  8.092683858948843E-002
 -0.139706597734843     
  0.155530575290310     
 -8.664180074430271E-002
 -3.680235586031796E-002
  0.274444922249877     
  0.103941262827890     
 -6.195381506918877E-002
  0.328356329915097     
 -0.981212030234300     
  9.688171070111933E-002
 -0.128338135969305     
 
  3.471306102294408E-002
  0.828934653818107     
  0.383583045856741     
  0.699713677554529     
   1.88887640327585     
 -9.065520253647363E-002
   1.16400411509626     
  -2.67359174435309     
 -0.479690903768491     
 -0.157661462937341     
  -3.01515245539577     
 -0.619574045393997     
   1.86964351410124     
  -1.01523547209326     
  -2.12613965205101     
   1.77647340207535     
 -0.213500964396605     
  0.670124526480553     
 -0.882676340508081     
  0.533185474757386     
  0.419641300996964     
   1.31191457618914     
  -10.5532013019887     
 -0.746457561926738     
   1.01952749145057     
 -0.155904572031678     
   1.29773675423121     
   4.94332802836817     
 -0.219135220880475     
  0.954529586362496     
 
 -1.366165487804878E-003
 
  tansig  tansig 
