     33 -    30 -    30 -     1 
rmse=  18.2058meV
  0.147019832386449     
  9.624669812602193E-002
 -0.108642510261722     
  0.145871201984120     
  0.185609760944439     
  2.649143717405317E-002
  7.910685299030625E-002
 -0.198755046712543     
 -0.102507822370413     
  0.242026272956455     
 -0.110767672248769     
 -0.269571050765254     
 -0.635016953024977     
 -0.195361397751537     
 -6.255530951745555E-002
 -5.055082359823228E-002
  3.110216802714019E-002
 -0.493707908264422     
 -1.027991124548733E-002
 -6.009354844076593E-002
 -0.520034277128508     
  9.324234911301824E-002
  0.123777129778876     
  8.457138401013589E-002
  0.126284210958058     
 -5.971220594025843E-002
 -0.214421422793468     
  0.309271774608143     
 -0.222518229353467     
 -0.210654002203299     
  0.268381623520511     
  0.117414421009213     
  4.603967421016967E-002
 -2.265188627282167E-002
  0.185094717317700     
  5.460910554610661E-003
  0.758392039275870     
 -0.313912941096538     
 -0.240401076344867     
 -0.120401133433433     
  0.431203165201466     
  0.124171887563175     
 -0.363273997386500     
  8.813668792359858E-002
  0.107145433119682     
 -0.227257990588098     
  0.207065482195864     
  0.163756822678646     
 -0.190093356897783     
  0.185716402979245     
 -0.312057756206143     
  0.342519620304306     
 -0.430027838621477     
  0.233016917783798     
  8.751050079440680E-002
 -7.753612438095767E-002
  0.119292795645970     
 -8.419206075334369E-002
  2.468163226665388E-002
 -4.259698386149927E-002
  0.184271385184113     
 -0.595567937266512     
  0.101664020813697     
 -0.405086623612004     
 -9.248155684724044E-002
  0.121677798621108     
 -0.502357552545843     
 -0.505232505500390     
  8.443111817174082E-002
 -0.281004592316123     
  0.394952357301277     
  5.356155218311713E-002
  0.331329570291769     
  0.235690545277964     
  0.164142274388142     
 -0.575254887408117     
 -0.105242332216262     
 -4.035683870509654E-002
  0.275659528162003     
  5.483266652378345E-002
 -7.722111793430662E-002
 -0.291305850740753     
  0.218731850270583     
  0.721357977250748     
 -4.033804341545892E-002
 -0.254495130261487     
  3.183837464895532E-002
  0.180605718783167     
  0.784772744285362     
 -8.628462985812702E-002
  0.158195014253338     
  6.697071900224368E-002
 -0.204816110136835     
  7.721996091141992E-002
 -0.277244755297320     
  9.834537231750283E-002
 -0.131179330425290     
 -5.998012022244372E-002
  0.539814117271542     
  0.153291266976602     
 -0.406032596056344     
 -0.373566601349647     
  0.519903138523326     
 -0.273283238558574     
 -0.264242356927273     
 -0.145055073017663     
 -0.175950609949446     
  0.225101099586647     
  1.492230989733949E-002
 -0.309787645244860     
  0.116503253540502     
  4.650480486145957E-002
  5.328391521474555E-002
  9.406501866407636E-002
 -0.267396808032779     
  0.136363413772532     
  0.138320041302731     
 -3.075609355375470E-002
  0.332346255797612     
 -7.590384125112788E-002
  0.153573760696370     
 -8.650399580553372E-002
  0.607350979569905     
 -0.502325595965228     
 -7.978140220667040E-002
  0.298128831107700     
 -0.156950416157740     
  0.313444889309559     
 -0.254694366198646     
  0.410564514279479     
 -0.148148467007890     
  0.702986514561687     
  0.130144537080163     
  0.141716685742220     
  7.146391047773464E-002
 -0.510397709981169     
 -0.500786277609872     
 -0.203367521009822     
 -0.173063366859340     
  9.233920123142340E-002
  0.246908688197768     
  0.122814473012293     
  0.125043510516129     
 -8.452005368915977E-002
  0.200384780456954     
  0.256524985327461     
  4.664574282803083E-002
  0.165800354521445     
 -1.984744930050394E-002
  0.153967913979870     
 -4.544086148428302E-002
  0.163309676271777     
  0.101837422211376     
  3.239191687871938E-002
 -4.839593370925908E-002
 -0.372375392768191     
 -0.343636527342652     
 -0.323344264210795     
 -0.526401563377882     
 -0.261469560332124     
  0.228768586333118     
 -8.476245462206215E-002
 -0.115135468431071     
 -6.824038595383856E-002
 -7.868457518029380E-002
 -0.190308509176779     
  0.395312202235520     
 -0.103363778822429     
  0.379998446705591     
 -0.193426823573278     
 -0.527467426238537     
 -6.541708599888566E-003
 -0.175412395267341     
 -4.729359563460159E-002
 -5.154263980362188E-002
 -3.727184595065025E-002
  0.458103275215215     
 -0.625562527297524     
  0.265000587363250     
 -0.184050818120907     
 -0.398391727454387     
  0.210215744661286     
 -0.559727237294790     
  3.054000952639372E-002
 -0.175745456334382     
 -0.220174959819215     
  0.580641708451263     
  0.154780832422698     
  3.562039361220400E-002
  0.240415538027477     
 -0.255422957635937     
  0.271789702459235     
 -0.192081628125155     
 -4.717515455973532E-002
  0.456913303393966     
  4.737127807158741E-002
 -0.311496348727590     
 -0.159222132688393     
  4.797563451888844E-002
 -0.412397348142269     
 -0.268280334168373     
 -0.267940860574225     
  0.413789343256466     
 -2.570472858536453E-002
  8.066191271672199E-002
  8.573988685738575E-003
 -7.220560653583032E-002
 -1.391095306359206E-002
  8.828730166638701E-002
  0.428403097307928     
 -0.201140489978836     
  0.418555327139218     
  9.960142155139663E-002
  0.452283632755418     
  0.203751228739888     
  0.160245741862820     
 -0.396279901063155     
 -0.475178560574574     
  0.202136165322345     
  0.232393240791528     
  2.957190012139405E-002
  0.117856388791783     
 -4.678867214386315E-002
  0.219942521765640     
 -0.355043498428095     
 -0.120532350560194     
  0.293624605615323     
  0.334727449690292     
 -0.237527353334197     
 -4.083825154239080E-002
  4.713974676352412E-002
  1.950781350205247E-002
 -0.240619228966007     
  0.173356700881242     
  0.837319407479616     
 -9.715532486533884E-002
  0.419948637760743     
 -0.358371104612536     
  0.263785890216266     
  4.435152777137557E-002
 -0.228262647721026     
  0.164080851036516     
  0.205233755939973     
 -0.343443392746476     
 -0.166844349840817     
  3.975218580055898E-002
  1.134057549718920E-002
 -0.234620085840799     
  0.192957638179394     
  8.509055437381599E-002
 -0.170164795412653     
  0.136737193564805     
 -9.285523147193502E-002
 -9.612229923617342E-002
  0.237687818025392     
 -0.646952007204920     
  0.206933932464686     
 -0.296815315529681     
  0.160376418319385     
 -0.195294982802043     
  0.237114302477120     
 -0.404472242311497     
  0.177966081581237     
 -0.225950829832664     
  0.419216194219245     
 -0.290063674652151     
  0.503480448071262     
  0.275742016974203     
  0.213960977321293     
  0.251419911088525     
  0.203669179831039     
  0.556773669487960     
 -0.132924293219128     
  1.939510187880034E-002
  0.161425344455038     
  0.184773940362664     
 -5.537406008618764E-002
  0.814882798481981     
 -6.196560084938664E-002
 -0.428269999484161     
 -3.476903619062542E-003
 -0.354362471368188     
 -0.144717934905603     
  6.003026753864256E-003
 -5.298580126557377E-002
 -4.091341870192085E-002
 -0.259793144853825     
 -0.116520820445262     
 -7.375056623596998E-002
  1.047585162621864E-002
  0.208050158244913     
 -0.241566687893178     
 -0.133497382872785     
 -6.013859533485632E-002
 -0.158464519718110     
  0.115297736201634     
  8.673720437116368E-002
 -0.481241932033906     
 -0.321154170650415     
  0.125605059978847     
  2.583453908419411E-002
 -4.303861163839606E-002
 -0.312378171698519     
  0.234460652128570     
  0.244690785369249     
  0.377405106314158     
  0.246184414251030     
  4.187788056796896E-002
 -6.470198709614951E-002
 -0.253549582006025     
 -2.859971051727110E-002
 -0.163780156514367     
 -0.278135643470053     
 -0.320807159948513     
 -0.248475971024155     
  0.431370883659499     
  0.196065482002276     
  1.409455355892340E-002
  0.104603260381102     
 -0.166041378027381     
  0.493979380144862     
 -0.225230999376125     
  0.123823921555408     
 -0.146856813604660     
  6.682682642902937E-002
 -5.587776341202719E-002
 -0.414841448393469     
 -0.105005354933125     
 -0.124895092369107     
 -0.207522236708004     
 -0.305580365041324     
 -1.694407550532818E-002
  1.606159515482445E-003
  0.206519819428822     
  2.511068994256901E-002
 -0.169867583776627     
  1.551755126134869E-003
 -0.359471343100588     
 -0.127987696441592     
 -4.573843170200104E-002
  9.571195965384148E-002
 -1.053875673544282E-002
  6.230330990105174E-003
 -0.378564779478062     
 -7.443131538756982E-003
 -0.502377200280644     
 -0.381500485510934     
 -0.283223307602533     
 -0.307219257653510     
  0.175405451615006     
 -0.266138201207913     
 -0.310336628819676     
 -0.182914306994802     
  0.149966557414982     
 -0.474940993382455     
 -5.511174202982588E-002
  0.459553914411125     
 -0.150018246187873     
  0.106262348934612     
  4.300805477279641E-002
  0.201955778715227     
  7.540812966356476E-002
  9.184357858681033E-002
  0.115856659532820     
  0.806642981231739     
 -3.778523329943892E-002
  2.270451416301994E-003
 -0.416961272738555     
 -0.242380105113688     
 -9.678457747361700E-002
 -0.351861979394871     
 -0.135692671052273     
  5.410948138218714E-002
  4.284704133927552E-004
 -0.423108509470950     
 -9.307874637011346E-002
 -0.174788348631910     
  0.306022950533737     
 -0.209242381880056     
  5.209815857042925E-002
  2.134181240167921E-002
  0.342608280320159     
  0.422272164236685     
  0.254601200318195     
 -1.837259376288209E-002
  0.571622812654179     
 -0.224654943220217     
 -1.025345083713950E-002
 -0.131475849709391     
  0.268295038440001     
 -0.605271194651816     
  0.249098776951874     
  5.199426514242792E-002
 -0.114395297898088     
 -0.242141147820603     
  0.227395030214921     
 -0.373449850627096     
  2.211971482066925E-002
 -0.137773303217499     
 -0.134846820788238     
 -0.219431421243591     
  0.161826194638692     
 -5.571435264316672E-002
 -7.274666895793216E-002
 -0.348625475860402     
  0.181069140617361     
 -0.312407229614497     
 -0.277284602712296     
 -0.391803237460664     
  0.221940462339903     
  0.109088680199143     
  0.200684837701725     
  5.355971371496283E-002
  5.839978254213744E-002
  0.158129129816111     
 -0.190950050212733     
 -0.125453851093533     
 -0.436236058602076     
 -0.258663894380930     
  0.450112630153780     
 -1.781200421906107E-004
  0.208385554644922     
 -0.212818209908141     
  0.298965265528369     
  2.982543611633437E-002
 -0.105915761495029     
 -0.125854337893105     
  3.813061866598728E-003
 -0.450487972670204     
 -0.205345205308839     
  4.339400007717412E-002
  0.173273533843070     
 -0.187590028211620     
  5.863936575124364E-002
 -0.164024784030718     
 -0.169085811489017     
 -0.355594860480540     
  0.196373196949198     
 -0.331187728876522     
 -0.116638259231645     
 -0.644183068525415     
 -0.839097045071666     
  0.145797742347482     
  0.221123969238919     
 -0.325083663514729     
  0.155438262941982     
  1.260897453983232E-002
  0.437864790463631     
 -0.520695828258864     
  0.365248148440524     
  0.280318445502020     
  8.705990979004572E-003
  7.944999100687844E-002
 -0.160260890211596     
 -7.206053077841405E-002
  0.243899639449986     
 -0.338963395739988     
  4.635378773094211E-002
  6.681374896348811E-002
 -4.279831937864307E-003
 -8.110089264559805E-002
 -8.645243417921894E-002
  0.550888176415962     
  0.496845426225554     
  0.312325244817611     
  0.458203792559038     
  0.143262832545456     
  0.306289449929944     
 -3.351446025804948E-003
 -9.096789329122919E-002
  0.165435703769849     
 -1.808815323409033E-002
 -0.241493507036556     
 -0.862776809267282     
 -0.358101938408054     
 -0.424556463458833     
  0.963837424789185     
  0.353997594393826     
 -0.396653573955721     
 -0.240527060003668     
  0.689647012041919     
  0.186336062548265     
  0.135336039328633     
 -0.520037373598990     
  4.479172979051121E-003
  0.890482113473558     
  0.146963014868774     
  0.452264671793277     
  0.231604231962585     
  -1.07489064349813     
  9.767689390544552E-002
  0.146186290481952     
 -0.130913406988655     
  6.754042944721314E-002
 -1.027721891528327E-003
  0.896191449799260     
 -0.436115047152158     
 -0.345504750688818     
 -0.117984989185291     
 -0.410407162443186     
  6.895875582840905E-002
 -0.174312416186930     
 -0.372444773189983     
 -0.290189308536066     
  0.282206108128228     
  6.903238071201420E-002
 -0.230753605885287     
  0.265321486319486     
  1.562438568675819E-002
 -6.983114038123478E-002
 -9.836839435142837E-002
  0.324223300182678     
 -0.235665847577277     
 -0.131403935559427     
 -2.374719506766273E-002
 -0.339094730330974     
  0.334712609332025     
  2.308114013474064E-002
  0.480223149705896     
 -0.695292320710101     
  0.207793853448206     
 -3.658775411493352E-003
 -0.285694425696715     
  0.333781287571929     
 -9.620876925466852E-002
  0.168133538397768     
 -0.141846955821271     
 -0.239735353291264     
  0.269143044409194     
 -0.132081671632414     
  0.179390065498702     
  0.213453872062067     
  2.582734531896697E-005
 -0.523798790623836     
  3.868858140900401E-002
  0.122445180547237     
  0.123237746601716     
 -1.696927662820769E-002
 -0.180766143756227     
  0.608356959595521     
  0.139481043653401     
  4.657050684076633E-002
  0.197946986814756     
 -0.755490025422998     
  0.504415389634836     
  0.454684252166666     
 -0.501534720282462     
  6.170497033590189E-002
 -0.190689997606397     
  0.304452569743188     
  0.635077252484486     
  0.171634622063447     
  0.449584282663851     
 -4.252307463818684E-002
  0.215713033783850     
 -0.115515449325112     
 -0.177707682621956     
  0.136425565032165     
  0.144631484390376     
 -1.958774903360571E-002
  0.364071392863383     
 -0.294175076329331     
 -8.569326121760490E-002
 -6.398556738558721E-002
  0.121561548281154     
  0.167042043171971     
  0.203603458840156     
 -0.166564613860537     
 -0.120887535481486     
  0.157119927352167     
  0.103967661961854     
  8.107535842794637E-002
 -0.109130913771935     
  0.336103952464484     
 -0.436758337299366     
  0.540308868826332     
  0.503188729909946     
  0.157867551116572     
  1.133145875210271E-003
  0.175261129960055     
  0.245181136638817     
 -0.342976089934669     
  6.218145709427089E-002
  0.494429921951735     
  0.349875850554566     
 -0.105216570993108     
 -0.209771639447632     
  0.125124915965019     
 -9.306868915252280E-002
 -4.631818752099431E-002
 -9.056618148668560E-002
 -2.062333636028928E-002
  5.485373737548635E-002
 -0.317863476465206     
  0.117526808753108     
  0.142200875446609     
  0.328233857913298     
  0.442835478818401     
 -2.436895262590207E-002
  0.118649324207231     
 -7.543556161983571E-002
 -1.123207036028566E-002
 -0.245280521945404     
 -1.373528690468016E-002
  0.308881631439225     
  0.412097410513494     
  0.301965587803312     
 -0.395390099848767     
  0.340894048622783     
 -0.387780799930737     
 -0.287769597967315     
  0.153808554110231     
  0.267270877810192     
 -0.189447153703243     
 -7.007968784007954E-002
  0.699611474556677     
  0.228192103921044     
  0.373775646433786     
  0.709737995342962     
 -0.138484187630899     
 -0.276329999584983     
  0.603871243161861     
  0.229753494707298     
 -0.207174914937187     
 -0.367781205976997     
  1.732450694188283E-003
 -0.196501445025164     
  0.162739829201728     
 -0.498101608961524     
  0.179821559676562     
  0.432857157426661     
  0.188951264194001     
 -0.135629387776173     
  1.138189166652682E-002
  0.404048181173363     
  0.103883762349548     
  0.102648600883765     
  8.988290733667775E-002
  5.403138613118939E-002
 -0.100465846160292     
 -0.188507933676094     
  0.434334523716702     
 -0.196167184368407     
  0.115366336231868     
  0.277572899614925     
 -7.531839468308950E-002
  0.255137012564199     
  0.150407252066615     
 -0.349488386615200     
 -0.408067528827397     
  0.506602840380546     
 -0.726189937545707     
  5.244644300556293E-002
 -6.253496753194242E-002
  0.405447570270476     
 -0.128581005774709     
  0.136623655468066     
  0.290050014602757     
  0.234317934250929     
 -0.342370587813915     
  0.306300345542022     
 -8.269936838666204E-002
  0.444747269100813     
  0.149606967450538     
  0.218011758724764     
 -8.805135324096645E-002
 -3.574460481255064E-002
  0.207432027368317     
  0.100291720429073     
 -5.108644501571775E-002
  1.100173634929840E-003
 -8.228311885699369E-002
 -0.137709844657910     
  0.351103598633037     
  0.294526703736967     
  0.236155128682707     
 -0.136752015397527     
  3.838861871675879E-002
 -0.156492929932726     
  0.155526372959156     
  3.368941551845983E-003
 -0.108689972487927     
  0.183134776705004     
 -2.426606729543099E-002
  0.229021486118794     
  0.475234073554750     
  9.678242112851358E-002
 -0.182883038162752     
 -3.751868347284765E-002
 -0.104749058412311     
  0.419194719660123     
 -0.150317662473654     
  0.342391926285081     
 -0.681601233315285     
  0.381956199546766     
  0.222500324909412     
  4.698265224319807E-002
 -0.143951066511956     
  0.298400170755344     
 -6.800278155312113E-002
 -0.374749787850948     
 -0.191029938969616     
  0.179046741543643     
  7.473171089626694E-002
 -0.284833354635205     
  0.587815196835064     
  0.143392383499603     
 -3.550064779498885E-002
  0.250301314652281     
  9.119443728743734E-002
  5.592909264557686E-002
 -0.210137704791018     
 -7.864213274156560E-002
  0.249190735084518     
  1.926800169552564E-002
 -0.197885678464450     
 -7.618297241987258E-002
 -0.352249118247147     
  0.350152391650154     
 -0.453254105065835     
  2.432052276475051E-002
  0.698495042447780     
 -8.794672337112498E-002
  8.949951057472207E-002
 -0.139576364319632     
  1.803328196688119E-002
 -4.531403744611935E-003
 -0.473689659771756     
 -5.183248776842620E-002
  0.351979531813159     
 -0.423608020629916     
 -0.352770308382755     
  0.125250091147631     
  0.131911644384215     
  0.116059810910186     
 -0.335683742671213     
  0.191353685350491     
 -2.186101376097538E-002
  0.158025657692404     
 -0.396274929998276     
 -0.389836965754389     
 -0.221661716906849     
  5.131365078289745E-002
 -0.344892223597494     
 -0.400169859724911     
  7.373111188237182E-002
  8.858892756100032E-003
 -0.502982124346324     
  0.129440169463752     
  0.318103943235130     
 -0.149294986810957     
  9.428331368782900E-002
  0.253719398688317     
 -5.171366921440585E-002
 -0.366074619883170     
  0.173228836855229     
 -9.183203103742398E-002
 -0.320791552891802     
 -9.956622009595742E-002
  7.627067142923863E-002
  4.885185433306756E-002
  0.350303254412939     
  0.227716365391676     
 -0.190926607947698     
  0.186054443939494     
  0.136769815903708     
  0.196413911331011     
  0.119434781071045     
  3.656193840750693E-002
 -9.636652452578236E-003
  9.480374792001550E-002
 -0.127031960422796     
 -0.212598365340176     
 -0.191318756660401     
  1.896699141346679E-002
  0.350848588522840     
  8.869371755011490E-002
 -0.194862555496917     
 -0.303386377010200     
  0.167462808712390     
 -0.127058187620654     
 -1.073122594033779E-002
 -0.254318324776560     
 -0.257740627090836     
  0.206155632856205     
 -0.145113562543804     
  0.348501253042806     
 -0.373643306088433     
  0.118020190237225     
 -0.117243059877103     
 -0.131561248967047     
  0.420900972893788     
  0.433371180706048     
 -5.590400997697426E-002
  0.144335505840617     
  0.360461524758956     
 -6.517727425668277E-002
  1.420894328211675E-002
  4.172161152532441E-002
  0.251314577678610     
  3.086691150961009E-002
 -9.174973109724007E-003
 -0.151443260527925     
 -0.244741842843433     
 -0.176978906818635     
 -0.313153754285278     
  0.619773553994665     
 -0.491444866089011     
 -6.055746405496697E-002
  0.274142756515408     
 -6.256770855697537E-002
 -8.547144483270726E-002
  8.327534416776805E-002
 -0.208646699219260     
 -5.514599223599903E-002
  0.300283861191704     
  0.260622520492355     
 -4.154326380877638E-002
  7.236210664361235E-002
 -0.217200550961165     
  0.422733629760701     
 -0.252616391109208     
  0.276351556811395     
  2.757216065694736E-002
  0.174216156209862     
 -0.231253624252582     
  0.481864745481475     
  1.679985653716946E-002
 -0.211240829757059     
 -0.121685130786510     
 -0.494095422356974     
 -0.178935249152963     
 -3.613676474504588E-002
  0.320809668934660     
  0.193841884679775     
  0.124496565631985     
 -3.568778731780144E-002
 -3.366112337924444E-002
  7.439785066915841E-002
  0.201718293741830     
  7.387342392625804E-002
  0.315503572702537     
  0.209415911452154     
 -0.236875059698266     
  7.297744669743485E-002
  1.802664123818389E-002
 -3.810519765652731E-002
 -0.245012074619832     
 -0.279700497956242     
 -6.635575996920599E-003
  1.207487421238542E-002
  0.195089018589956     
  1.402616850962998E-002
 -0.276240423917061     
  8.656501520388332E-002
  9.721771975685866E-003
  0.439385352564066     
 -0.142119346892508     
 -7.803113307349499E-002
  0.925926195382410     
  0.143032471667479     
 -0.528731891317564     
  0.158034573561618     
 -0.243829827098758     
 -7.306305265208507E-002
 -0.320727468065266     
  0.286010609094712     
  0.126309380187127     
 -8.735697539145856E-002
 -0.737281243223078     
  0.100946688836862     
  0.202862755123376     
  0.140736471021426     
 -7.840534404874873E-002
 -0.288874852302262     
 -0.211340861251491     
  0.354952849878900     
 -6.845533342360018E-002
  8.098443753439839E-002
  0.108845410772690     
 -5.888149691515048E-002
  0.362588541103467     
 -0.695341207585629     
  0.123233574067496     
  5.871027317577268E-002
  0.140723892311055     
 -0.275663150751858     
  0.242857476216522     
 -0.452683539917403     
  0.227270331136168     
 -0.111949509223118     
 -9.138314232713250E-003
 -7.257003822931263E-002
  0.177097785117522     
  4.624328807969633E-003
  0.138035904577592     
  0.423920782283482     
 -9.536512874538543E-002
 -0.203900308309323     
 -6.492192871656124E-002
 -0.132187532051611     
 -0.255714268484332     
 -0.311987281121237     
  8.520083219903715E-003
 -8.743013640496891E-002
  0.233366140842333     
 -0.241670375144855     
 -0.269801696226544     
 -0.451200692174846     
 -6.454178957182122E-002
 -0.196469144286006     
  0.110773065114719     
  1.011188606952399E-002
  0.116730755624992     
 -0.289585033444272     
  0.320484889120581     
  1.018339955382838E-002
 -0.339166315599135     
 -1.647794070028952E-002
  0.189160386193011     
 -6.926680283743920E-002
  6.116567295228550E-002
 -9.997981070371399E-002
  6.748566802555024E-002
  0.473972668491512     
  0.164337580300411     
  0.109364851510533     
 -0.386667780757426     
  6.738690592303714E-002
 -4.627968477018733E-002
 -6.278189824913005E-002
  1.576691111147644E-002
 -0.144718363711529     
 -0.191390421065630     
 -2.359486699558367E-002
  0.157941944545877     
  0.393571777342159     
  9.137520899506631E-002
  1.428312052440704E-002
  0.151408242835362     
  0.386585124601393     
  0.840710749659799     
 -0.103054749708156     
  0.270371657807906     
 -0.369295294530091     
 -1.367091033888288E-002
 -0.289456689625506     
  7.329887270786022E-002
  0.107977534078662     
  8.502957392249712E-002
  1.051061357293110E-003
  8.856642578119817E-002
  5.042101629949077E-002
 -0.228469096238728     
  0.211891558553813     
 -0.227840699013223     
 -0.100959573465307     
 -0.201087004066780     
 -0.388077687638978     
  0.111652490689104     
  0.117166117407540     
  9.863897642013204E-002
  0.221000766541738     
  0.551872186546669     
  0.396851428747701     
 -1.507857120358707E-002
  8.420889636428880E-002
  0.329753709351609     
  7.935386340398581E-002
  0.369311281154082     
  0.603903752146750     
 -0.552480568570463     
 -0.316085630869170     
 -0.279560679220240     
 -0.480075091854837     
  0.158677824306782     
 -0.147279095866479     
  0.169345219160058     
  8.749323860136504E-002
  0.419075875721379     
 -0.287204759530284     
 -0.372794226597994     
  -1.16034950703473     
 -0.371401097094220     
  0.793175443214981     
  0.575970795872385     
 -0.379386317774124     
  0.168685327405575     
  0.382237273645549     
 -0.129884442740461     
 
 -7.675639225668674E-003
 -0.303105377867896     
  0.872109247479387     
 -1.205555708721950E-002
 -0.371263082743695     
 -0.342745872446450     
  0.200013831524271     
  5.302224943591125E-002
 -0.361889659193700     
  5.135616550030547E-002
 -0.655265718875602     
  0.569015138900474     
 -0.379721620861728     
  7.071191189475300E-002
 -0.635400746605723     
 -1.700011599690092E-002
  4.058808548813748E-002
  0.193816880408262     
  0.428556442801825     
 -9.273671913566187E-002
 -8.931400345085649E-002
  0.268510215754985     
 -9.735575469317710E-002
  0.349893844460514     
 -0.403858931106652     
  0.433702475394683     
 -0.207931489784672     
  0.456409955406553     
  0.335066028390166     
  0.814994056856800     
 
 -0.259078051012491     
  0.193271403431291     
  0.429717209973920     
  0.162583820801675     
  6.661667476751796E-003
  0.603217321481632     
  0.133141206204441     
 -5.719999264545556E-003
  6.096075301150133E-002
 -8.688958954268695E-002
 -0.726067885403467     
  9.030193397252145E-003
 -0.202468693395423     
  0.183084254734895     
 -9.201393343110520E-002
 -0.100192040135795     
  0.212471094640989     
  0.126463362985901     
  9.111476060380194E-002
  0.216196533155095     
  0.133505398064522     
  0.129485332499131     
 -5.218930950703332E-002
  5.436942407103885E-003
  6.485853819138396E-003
 -0.309718169329800     
 -0.409248314756205     
 -0.414245435664710     
  0.194254099021703     
  0.321588379563515     
 -9.702478546804424E-002
  0.299169754989502     
  0.138590867908608     
 -0.165629002762085     
  0.122466443890159     
 -9.372644046260326E-002
  0.135843121784659     
 -0.240333969689600     
  0.218497612967392     
 -0.410619690604728     
 -0.249001059452550     
  0.442123710260495     
  1.734989102839995E-002
  0.116551781587442     
 -0.359777086082036     
 -0.497044404783512     
 -0.163384567743389     
  0.125832776913998     
  2.957182824777201E-003
  0.194617401335805     
 -5.148825426520293E-002
 -0.194528950308322     
 -0.149149904232909     
  0.245586267016629     
 -0.173735017500419     
  0.460628389826153     
  2.976656641082657E-002
 -0.100198724359965     
  0.329425019224622     
  9.310742305212322E-002
  0.143900492979737     
  8.948434441796334E-002
 -0.306998631610408     
  0.175921090736724     
  0.164587680664845     
  1.000146536413431E-003
 -0.110994596896005     
  0.107574054296719     
  0.248163576535868     
  9.371431939715186E-002
  0.194745854242461     
 -7.950388160513649E-002
  0.431178325060802     
  6.503081857673017E-002
   1.36132065242567     
 -0.148040799085161     
  0.335612778728061     
 -0.300800270645413     
 -0.224348599139480     
  0.402968597911906     
  0.151588310260535     
 -0.412631218918075     
  0.306340010983889     
 -0.180288436154992     
 -0.174769183466059     
  0.234951018732826     
  7.329979876782532E-002
  0.165247282301781     
  4.198656082229110E-002
 -0.682528953793845     
  0.160665355756869     
  0.453488787490743     
  0.117811797622676     
 -0.285267406847901     
  0.416970625320778     
  0.355721479349056     
  0.127816545980508     
  0.125828429242513     
  0.260081245832830     
  0.105851699614601     
  0.176677024927659     
 -0.352469815167433     
  3.612074121077686E-002
  0.128883990878433     
  9.746806524680893E-002
 -3.776792714051307E-002
 -6.842386216349226E-002
 -0.366965033692002     
  0.337630854799480     
 -0.103163968341439     
  0.288119379881596     
 -0.165835271333375     
  7.420395591221976E-002
  0.395828669288887     
 -0.159195437080036     
 -0.223038035491532     
 -0.356019983776540     
  0.229975829069934     
  2.784675821241516E-002
 -4.092381723079492E-003
 -0.215522538858078     
 -0.494223369703336     
 -0.146855550868148     
 -0.229290372788542     
  5.412778147508815E-002
 -7.115014807532874E-002
 -3.242350018482105E-002
 -0.333826872077053     
  0.122898431599349     
  9.189031935338975E-002
  0.323373751184729     
  0.510167370078677     
  0.169124008612402     
  0.166292475076830     
 -0.182456927254659     
  0.367176409553501     
  3.969329095860039E-002
 -0.114814785370744     
  5.505695161329392E-004
  0.135840964374881     
  0.107297666954134     
  0.423750207009122     
 -0.129766704953233     
 -0.159031299145241     
 -0.262430365834945     
  3.446690547522761E-002
  0.158939538922522     
 -0.188119870399706     
  0.478153164105254     
 -0.453373090949326     
 -0.125450443907145     
  2.242342976532986E-002
  0.263781088555226     
  2.702521114485732E-002
  0.131487342873811     
 -6.934776714918069E-002
  0.343778800120106     
  0.200315769079544     
  0.613364723813839     
  0.292187871724455     
 -0.320161389915777     
 -0.262012210814477     
 -0.136597684352733     
 -0.234360036680741     
 -0.460142376859948     
  0.218780343543635     
  0.106008584949198     
 -0.560810816995670     
  0.144334280147386     
 -0.330044659370177     
  0.276600186701366     
  0.282562080755169     
 -0.335056358955156     
 -0.123556480704670     
 -0.576066977414860     
 -4.936216521955000E-002
 -0.251444242187465     
 -0.386392267200553     
  0.134133827083002     
 -4.389894857275907E-002
 -1.892521340431380E-002
 -0.243531220155676     
  0.163618151031942     
 -0.159986127316605     
  6.197838847329828E-002
  2.234786694339239E-002
 -0.240603894081403     
 -7.148502374195663E-002
  0.169340825715444     
 -5.230678145103619E-002
 -4.411082815319205E-002
  0.119208539122557     
  0.215808253645970     
 -0.185328008369943     
 -5.182057265695864E-002
 -4.060285227296305E-002
  0.175405973620874     
  0.110046944516999     
 -4.963230627966961E-002
 -8.020962111228529E-002
  0.117569737792541     
 -0.336675652767881     
  0.108964711826566     
 -3.672002398614200E-002
  0.109512313706443     
  8.976399367098312E-002
 -0.279283967645224     
 -2.519818637204908E-002
 -0.111005210250454     
  0.284360678530072     
  0.175266137875996     
  0.447074360621671     
  0.316842055576267     
  0.676191419920255     
  6.301570229983797E-002
 -0.171682349461685     
  7.884190074810557E-002
  0.430240273750975     
  0.118064546816217     
  0.135309852839153     
 -0.244894324146255     
  0.229792057271195     
  0.179537032616964     
  0.274347983461139     
 -0.142446675041234     
  0.151239356053611     
  0.336912531987551     
  0.227573332331732     
  2.522215691175039E-002
  0.377376530960894     
  8.564354745622726E-002
  1.516576251616806E-002
  7.177103755661565E-002
 -5.270139602793167E-002
 -0.166761117877809     
 -0.160573972894705     
  0.302250166135413     
 -0.290207409535230     
 -0.379116644379676     
  0.315793083546687     
 -9.443596419458214E-002
  6.969713841413776E-002
 -9.375272041089733E-002
  1.485068320419486E-002
  0.280494603980983     
 -7.765976304004825E-002
 -0.249915029571314     
 -0.278503373848673     
 -2.556171923229009E-002
  0.125559642708534     
 -0.280766391080672     
  0.219571097736354     
 -1.520711896902911E-002
  4.971793395350453E-002
  0.278092287216186     
 -0.115462474275808     
 -0.159672173955692     
 -0.154742877569007     
  0.244996082302020     
  7.603117161305023E-002
  6.988544883376090E-002
  0.135467731144597     
  8.484177852474833E-003
 -1.388358257303139E-004
  0.193895058062147     
 -9.444172227752581E-002
  0.283490304109390     
  0.163877771200622     
 -0.177358253297872     
 -5.385770193881517E-002
 -0.153550555587328     
  0.206118772320285     
  0.194820206086998     
  3.001684090424621E-002
 -0.247390857248643     
  0.164156599472034     
  0.203319307607073     
  0.333778625995527     
  0.370660844275386     
  5.964506887041426E-002
 -6.186331742221257E-002
 -0.495491788793417     
  8.410987062269146E-002
 -0.150230729505893     
  0.416933436967365     
  0.318580725303617     
 -3.043263075402108E-002
  7.726744527710584E-002
  3.507988586383205E-002
 -7.599350779870867E-002
 -0.199954193678214     
 -0.204019335196976     
  0.178200406076936     
 -0.392705699905034     
  0.620827877309506     
 -2.395841512029376E-002
 -0.269880582270223     
 -1.642101655436575E-003
  0.118708321480924     
  0.187527198904344     
  0.166470989658735     
  0.182115378017794     
 -5.580269500924862E-002
 -0.311718137667346     
  1.710793956915521E-002
 -3.614310306826100E-003
  9.554179491632070E-002
  0.143787824663047     
 -8.051914684603723E-002
  4.411906904487738E-002
  0.243226035881192     
  0.165285608255316     
  0.125351981703642     
  0.241895525092679     
  8.183403405274860E-002
 -0.204773668603449     
 -8.108693103995157E-002
 -0.207003825311314     
  1.540910897866109E-002
 -0.233341958279320     
  0.156644207149586     
  1.156047853218599E-002
 -0.222550669042466     
  1.510771362919497E-002
  0.258842143416683     
  0.179543729651419     
  5.407278720442104E-002
 -0.141190095666011     
  0.116912141345792     
  0.113439083819795     
 -7.078533636195790E-002
  0.148753451293704     
 -2.580515022699903E-002
  1.059242631788593E-002
 -0.368632206743794     
  3.419023804678820E-002
 -4.927529320404361E-002
  0.208885245587707     
  0.157138613661652     
  0.285137020390522     
  0.238264087480963     
  0.153276476284847     
  2.019011069131554E-002
  0.224291400644586     
 -9.663502149344626E-002
 -2.509198543672141E-002
 -4.981996531942595E-002
  0.225771921768988     
 -8.178111278997686E-002
  0.318457291159758     
  6.670236438365550E-002
  0.120045297306360     
 -9.802624857533292E-002
 -7.798089286675393E-002
  0.309851712122861     
 -0.353922042393868     
  9.889376114345272E-002
 -2.576601829232388E-002
 -0.187081302280890     
  8.199598179544090E-002
  0.221401041002307     
 -0.122730388013219     
 -0.128777604970517     
  0.109257569885022     
 -6.280382688532034E-002
 -0.386037683582764     
 -4.586485186405491E-002
 -1.483708393688870E-002
  0.360582519542988     
  1.033629131837675E-002
  0.146226691732225     
 -8.120838868113206E-002
  9.914997945318671E-002
 -4.046343547105047E-002
  0.131686092336954     
  0.289177410768402     
  0.130256493871208     
 -7.750532851500445E-002
 -0.105889874944346     
  0.152263947051895     
 -0.311145411446123     
  0.168385430448187     
 -0.459779751838896     
  0.220820628798920     
  0.412994406726228     
  0.291488464393719     
  0.102384072446375     
 -0.260095418906444     
  0.272430928263881     
 -0.128672941685903     
  0.193197726658810     
  0.112545291214453     
  0.174396221723861     
  4.732683094687259E-002
  0.212859236293024     
 -0.484821908062961     
  0.161179898995221     
 -9.323594081328401E-002
 -0.100612706835743     
  0.176238730451587     
  0.184871822857109     
  0.183105371752113     
  9.772519763674857E-002
  4.077318281005302E-002
  5.381644987319671E-002
 -3.796410402323511E-003
  0.320255076047130     
 -0.273171169835427     
  8.620754928521846E-003
 -0.371822594420513     
 -8.001074330710609E-002
 -8.377065373112713E-002
 -7.617505006495788E-002
  9.917695294665994E-002
 -0.201644107381471     
 -1.484569468098830E-002
  0.169915759341730     
  0.209224335253247     
  0.253718022972835     
  5.109772253910170E-003
 -1.477489678231246E-002
 -0.155618880354624     
  7.276384863990559E-002
  0.452042169699062     
  0.100030403984812     
  2.427560201550435E-003
 -2.851836924733911E-002
  8.866422407922965E-002
  0.220180731523142     
  0.156949166084576     
  0.129917011652868     
 -0.247436348905691     
  6.704937413794436E-002
  0.110886536808795     
 -0.391066373074339     
  3.509901924683619E-002
  0.284271790526498     
 -0.178339634993638     
 -0.251519569455987     
  0.353263994771761     
 -0.126007734879510     
 -0.441140432767226     
 -0.205585647821838     
 -0.174743556912842     
 -0.142402473734084     
  0.178366982212112     
 -0.271808588815854     
  0.132625672404383     
 -6.716949973440609E-002
 -1.022474924408388E-002
  3.502835779709396E-002
  7.927415584824966E-003
 -3.618962297565508E-003
  0.240582684446194     
 -0.165497257342538     
 -2.063100926865744E-002
 -0.200936198035259     
  0.260289536281287     
 -0.393519244940719     
  0.155825171094134     
 -0.202157691683165     
  9.928175541186117E-002
  0.223454102125630     
 -0.186667580858680     
 -0.194739755858771     
  0.183820499185431     
 -0.193065637980707     
  3.270966364920074E-002
 -0.387662516059846     
  0.109842191661152     
  0.122822620855089     
 -0.260729719774785     
  0.197398143409892     
 -0.179497895738626     
 -7.568838448788691E-002
 -0.208584281165054     
 -0.170937933018586     
 -0.116033022331028     
  0.151500299324592     
  0.107000400544999     
 -0.389513629231505     
 -5.873379824929564E-002
 -0.335920314186913     
 -3.397005171374911E-002
 -6.016275919579058E-002
 -0.448065447763360     
 -0.638214411660978     
  5.872824893436066E-002
 -0.290695672354333     
 -0.358440813920912     
  0.238082029441556     
  0.529265315421150     
 -1.922746118881176E-002
 -0.104900313130537     
 -0.241800970649958     
 -0.262778735245073     
  0.710588247991838     
  0.372502537216851     
  0.141051808901573     
 -2.467028313738884E-002
  7.153472845344594E-002
  0.477979017403906     
 -0.141852529970830     
  0.370415754026822     
 -0.183407296694355     
  1.338527441123750E-002
 -0.148335991311211     
 -5.245106189083340E-002
  2.346845188361936E-002
 -9.258780409097074E-002
  0.429974642153181     
 -0.207739657888956     
  0.319130670152536     
 -8.213824117194451E-002
 -0.287805615031005     
  8.951328303383081E-002
 -0.241292196864886     
 -0.151049068764793     
  5.148373985494099E-002
 -0.324321921425798     
  0.377393685924061     
  0.325117629074421     
 -6.345125034119811E-002
  0.286602250825385     
  0.326883984080520     
 -0.201080982439432     
  0.419408151211521     
  0.273606676525394     
 -0.184985984305601     
  0.195297248633338     
  0.159202687412944     
  0.494725638065019     
 -9.892679077955595E-003
  1.127263178816042E-002
 -2.198428343750044E-002
 -0.482212975347527     
  0.518049872784068     
  0.107245361990325     
  0.139237843525206     
 -6.258746263638248E-002
 -0.148250846940735     
 -0.221375185348957     
  0.150982104441015     
  9.140602764773681E-002
  0.256081716132518     
  0.163091475518777     
  6.820473757661426E-002
  0.161700900107109     
 -5.243307378205186E-002
 -0.192913127651603     
 -7.870613787848209E-003
 -4.335481101192341E-003
  4.579413695908340E-002
  0.119803905174879     
 -5.207170204666590E-002
 -0.210046568484291     
  0.391784551947219     
  0.344099812081461     
 -5.395703251953640E-002
  0.334648631683540     
  0.274904834806370     
 -0.262484696496648     
 -0.183554609557672     
  4.848864078878826E-002
  0.408309448691055     
 -1.937546426164182E-002
  4.914407834601114E-002
  0.211304546072597     
  0.448234864079007     
  0.323037112611838     
  0.129986928422501     
 -8.094571981342046E-002
 -0.101712353441207     
 -0.120207932948635     
 -0.135172086783967     
  0.231900531222244     
  0.151766351340056     
 -0.251821360610233     
 -0.217798862191184     
  0.107442760179393     
 -7.082709358925750E-002
  0.298886718246905     
  0.166244216604383     
  8.028725713319176E-002
 -0.257948548084256     
 -0.385490796488562     
 -0.370998706949632     
 -0.325789377331000     
  0.334195090667050     
  0.176390711248653     
 -0.337930839938154     
 -0.147504189525385     
  0.226268228262374     
  0.235856983019393     
  2.389183793343098E-002
  0.172455375570572     
  0.424345320379213     
 -0.238246335936972     
 -0.375424427524681     
  0.347262688459863     
 -7.201888975798237E-002
  0.119836150337659     
  0.275629868200980     
  0.253896644540218     
  7.106762987010247E-002
 -1.613188094266669E-002
  0.157092248230175     
  3.566028671587894E-002
 -0.143771487020487     
  0.421291503807778     
  0.124361710546425     
 -0.294384821617092     
  0.185748558434525     
  2.552754488424421E-002
  0.208618999023336     
  0.108826687093918     
 -7.359426342858288E-002
 -0.305174217615947     
 -0.439729842637450     
  6.954226794904506E-002
  0.110528093872833     
 -0.267934374539393     
  9.047455934291018E-002
 -0.295347175386797     
 -0.124258774292173     
  0.140413316566786     
  0.115604253903027     
 -0.172477707326014     
 -1.366187187239834E-002
  1.530952329794508E-003
 -0.356782304898612     
  7.766330627681794E-002
 -0.131925190564974     
  6.149114494562997E-002
 -0.166039855684786     
  0.370202074847366     
 -0.124877245091804     
  0.181787171112897     
  0.197469830631607     
  0.143145847284150     
  0.360780625356023     
 -0.241728125825362     
 -0.430853659345324     
  0.196193016888122     
 -0.214147864983503     
  4.171919290181797E-003
 -4.027645787803235E-003
 -0.108522619276530     
  6.322456488133750E-002
  0.653038315355950     
  0.177292107754831     
 -0.259622195634777     
  0.394265849358977     
 -0.126488036155610     
  0.385949738651247     
  0.205900643929340     
 -4.788793475691063E-002
 -9.858263929220519E-002
  0.183067423434326     
 -4.570941908153581E-002
  0.327874554038438     
  0.147812087204752     
 -0.605464421451799     
  0.556056094315081     
 -6.439356061627984E-002
  0.551983775466490     
 -6.478148596474260E-003
 -0.156314185309492     
  0.550948981714891     
 -1.113869237801464E-002
 -0.261007967291459     
  0.208433325962053     
  0.270469531685516     
 -0.498699651567910     
  0.295474887416006     
  0.812995160497563     
 -0.317031454970388     
 -0.654355439177426     
 -5.424247965505358E-002
 -5.843375345154214E-003
  0.118758505694533     
  0.223375442376705     
 -0.219152641355057     
  0.374794613980240     
  0.376178622319647     
 -0.226901110873906     
 -0.192766769646852     
 -0.109761705380141     
  0.672113399008462     
  0.156000962416326     
 -6.120648862211939E-002
  0.121486786114220     
 -0.583605596599517     
  0.310070463305600     
 -0.175906122485639     
  0.452783202086764     
  0.200511570382385     
  4.549094491057754E-002
  0.249760627175557     
  0.219038171509848     
 -0.333724515182984     
  0.554114634351853     
 -0.232165036476245     
 -0.678920942289734     
  0.402738892660335     
 -0.308249536781948     
 -1.217850566529130E-002
  0.368106073346323     
  0.321941797047415     
  0.144589856268211     
  0.192491921156454     
  -1.10820406682597     
  0.186654373304950     
 -0.330190388931865     
 -6.315005705798994E-002
  0.214528202973292     
 -0.885377912916728     
 -0.228265052288682     
  0.249975252359540     
 -8.519028332080775E-002
  6.668942404676954E-002
 -0.281871632965159     
  0.225211788498709     
 -1.838431249890646E-002
 -0.151914375217794     
 -8.953423167283379E-002
  0.134392206514603     
 -0.452318991025014     
  0.175768277124955     
 -0.206878258410913     
  9.481492664310669E-002
 -0.322187528115159     
  0.183351161704067     
  8.507498819463420E-002
 -0.390156969120575     
 -0.350111675074614     
 -8.800995740211681E-002
 -0.191732995430663     
  0.201425775683568     
 -0.661856362247795     
  3.396864241900530E-002
  0.257594730138145     
 -6.923681216332465E-002
  0.563805270227709     
  0.278113703202493     
 -0.193211015174048     
  2.417359894447981E-003
 -9.482442080888086E-002
 -6.912540424906569E-002
  0.613734495853428     
 -8.471274332941822E-002
 -0.196619708741788     
 -3.684824881199811E-002
  0.879339424292305     
 -0.206870323939688     
  0.142457294641745     
  8.925755297294495E-002
  0.171449555367011     
  0.201956938695634     
  9.839114375414007E-002
  5.663836861547556E-003
  0.406941739673855     
 -0.128978522659599     
 -0.340419804145613     
 -0.343678620721022     
  0.186566280346833     
 -0.292736265873447     
 -4.088717562624190E-002
 -0.144433379122000     
 -0.174277826617090     
 -0.140065739510362     
 -0.103035615017636     
 -8.563090135338731E-002
  0.260628937534960     
  0.379070292482399     
 -4.916607961854768E-002
 -0.110204922135644     
 -0.160647819116234     
  0.198728224881802     
  0.491261278045484     
 -0.230583161588557     
 -0.459726850892087     
  2.607851464037322E-002
 -7.383147178306955E-002
  0.134931968957815     
  0.207375332777679     
 -0.166262864789238     
 -0.315916941570237     
 -0.209255742373049     
 -0.173249042977534     
  0.124032989323810     
  8.711631495733634E-002
  0.219723306895017     
 -0.143178690162987     
 -0.341759343378845     
 -0.356115401846758     
  9.361880612630760E-002
 -0.124234835052063     
  0.248971043275854     
 -0.241159565471446     
 -1.152093159201390E-002
  0.369567080459136     
 -0.173369754290128     
  2.445575505678803E-002
  0.324253446012039     
 -4.745625837331071E-002
 -0.132737774230929     
  0.205197140041977     
  4.193413853794201E-002
  0.144886195265964     
  2.650160394410178E-002
 -0.136448511318763     
 -0.142735778422207     
  0.190868420204173     
  0.148440564037647     
 -0.239867320076422     
  0.188653974130482     
  0.547432682560660     
 -0.347746242974558     
 -0.351792226367780     
  3.366982032350791E-002
 -0.156171795996077     
  7.666924073458360E-002
  0.240690017620344     
  0.180717458021465     
  0.208438434037886     
  0.210992166557997     
 -9.847670368270840E-002
  0.447382711347441     
 -4.540547364002707E-002
  0.241851878129769     
 -0.131293084127592     
 -3.201118530896232E-002
  0.265455691545502     
 -0.387393737720508     
 -0.149310791111645     
 -0.291376730405072     
  0.344335926555073     
 -3.281253350017212E-002
 -0.298086971267716     
 -6.445891509066119E-002
  0.299484521175578     
 -3.141483246745322E-002
  3.691919083700024E-002
  0.101832965535554     
  0.146557832693297     
 -3.459990985712174E-003
 -5.893281441597990E-003
 -0.160843224234010     
 -5.688090255629698E-002
  6.561307925781687E-002
  1.900188953958739E-002
  0.478492120003468     
 -0.142325613641422     
  2.689873917738342E-002
 -1.190478813808390E-004
 -0.185192417127466     
 -0.178768032416202     
 -0.291848274003167     
 -0.239589522848273     
 -0.116858634883430     
 -0.189392809253111     
  0.260758968770869     
  0.130628694741113     
 -0.155407128278379     
 -0.138884422939631     
  9.214042977822469E-002
  0.365700318751029     
 -6.565770110398403E-002
 -0.139710311528913     
  0.134478885476745     
 -4.655657242466810E-002
 -0.276515994653408     
 -0.265341178196389     
 -0.247630458387179     
 -0.254618147574194     
  0.241088996656601     
 -5.131735226924245E-002
 -0.608870154701784     
  0.366349179739705     
  0.176486965195452     
 -3.934188675772407E-002
  0.485325127563010     
  8.383736464689190E-002
 -8.076953409318324E-002
 -1.766839934265716E-002
 -7.968101097029372E-002
  0.392193647708597     
 -0.193431558269172     
 -5.865217989724686E-002
  4.921330004481213E-002
  0.135871435765084     
  0.131582959853361     
 -0.312235738729535     
 -8.164460213204806E-002
  0.129118270647932     
  0.418878609474602     
 -3.528576689303357E-002
  0.124627273677012     
  0.278403623852080     
 
  0.105193936813505     
  0.208815239379439     
 -0.304354272539197     
  9.780178271030539E-003
 -1.976555365777920E-002
  0.234156669023450     
 -9.069025910480010E-003
  0.307669281226371     
 -0.219799595504622     
 -6.673112704704610E-002
 -0.209760632777935     
 -0.135103007302770     
 -1.631565540119221E-002
 -5.568398355367261E-002
 -0.291035381269681     
 -4.935528764300134E-002
  0.321505574629355     
  0.399605561256840     
 -1.906051974774545E-002
 -0.159759353424897     
 -4.467369098449270E-002
  0.265575538156299     
 -0.324357416626159     
 -0.118889396895140     
  9.364450878235585E-002
 -6.264759337709674E-002
  0.204925347475069     
  9.208711071257610E-002
 -0.266634510315133     
  0.180692470463720     
 
 -0.924768144484847     
  0.974616080486844     
   1.07802088121770     
   1.67154101684114     
  -2.84608810011605     
  0.964159319269677     
 -2.264502851460515E-003
   1.19818146548074     
  0.383161688675859     
  0.840942552282510     
  0.262068465315263     
 -0.525117595602248     
  -1.75159755348960     
  -1.73334194968402     
 -0.268949290438903     
 -0.221621983322750     
   10.5441204548572     
  -10.0938347029351     
   1.02073315081438     
  -1.23096634490918     
  0.147832882860855     
   1.34495898175029     
   2.98770416426693     
  -1.51285314253589     
  -2.77115778620561     
   3.01250718002077     
 -0.222473194414192     
   3.43400161038032     
 -0.887287234655858     
   1.42447948674662     
 
 -1.366165487804878E-003
 
  tansig  tansig 
