     33 -    30 -    30 -     1 
rmse=  13.5768meV
 -0.271292677343768     
  7.927343003775561E-002
  0.156415786122944     
 -0.236731801261320     
  0.316000310508059     
  0.495769031130290     
  0.324026396421026     
 -0.339317916853904     
 -0.146047049108728     
  0.489709715411107     
 -0.682112250050835     
  4.052116661399255E-002
 -0.167103425135478     
  0.382957806460434     
 -0.228174570663521     
 -8.664478222855761E-002
  0.277960477625276     
 -0.486082204700939     
  0.350245080184145     
 -0.246549746429590     
  0.263333867121953     
 -0.197358188376099     
  8.680047370575383E-002
  0.418592757821169     
  1.891592703247437E-002
 -0.270764355952930     
  0.232248911524249     
 -9.611446115275232E-002
 -0.205545625962457     
  0.188045553350905     
 -0.403261794046076     
  0.215002600540117     
  0.158713268349693     
  0.322547847754802     
 -0.470975581548093     
 -0.694783903211726     
 -3.043831103220999E-002
 -9.711135289844847E-002
 -0.481439728304965     
 -0.238779371691757     
  2.160453220894899E-003
  0.133343205838311     
  0.480771936130034     
 -0.121394997171656     
 -0.130480374627674     
  0.651794983862270     
 -0.339357083441988     
  0.123973209913347     
  5.137614161728816E-003
  1.466196178525616E-002
  0.251618297114107     
 -0.513886754149345     
 -0.283658916032963     
  0.153965823210700     
  0.301256676355502     
 -0.250342340613041     
  0.552507897065725     
  0.268224262857859     
 -0.362899155902936     
 -0.117900426891773     
  0.329688029200025     
  0.320544952735229     
  0.204410452768511     
 -0.314143231159787     
 -0.209581246858316     
 -0.129710839150569     
 -0.446037307061807     
 -0.245972805991429     
 -8.303505776144007E-002
  0.185656154808635     
 -5.843790292922313E-002
 -0.317396614172400     
 -0.641208400877584     
  0.676335734323215     
 -0.242978409435032     
  0.270036291189587     
 -7.586675962678262E-002
 -0.568524800311017     
  6.762109808569478E-002
  7.554394100731052E-002
  5.908283091464599E-003
  4.616239759014260E-002
 -0.314986654960919     
 -8.227137676080012E-002
  0.293309137725088     
 -0.139939023365543     
 -0.194745899327189     
  0.428134751386879     
 -3.231410799668932E-002
 -0.150789641163762     
  0.379863057111080     
 -0.441704873304018     
  0.463676530946230     
 -0.554035795467142     
  5.974955241600086E-002
 -0.172684883950028     
 -0.330330464789919     
  0.206170973053400     
 -0.308500685928074     
 -1.725543250175097E-002
  0.314570564421247     
  0.110935938334828     
  -1.11868056779082     
 -2.476994493476092E-002
 -0.141985806944515     
  0.409102456946554     
 -8.656799832226478E-002
  0.382000095769369     
 -0.122221369011264     
 -0.281761589394500     
 -0.429578436754977     
 -0.204482882556970     
  0.134657872309666     
  0.223582020240806     
 -0.201272395550494     
 -0.382320411555795     
 -2.522793914423663E-002
 -6.831226941447120E-002
  7.981756739444075E-002
 -1.632106803133560E-002
 -0.162041620877895     
  0.216385891119067     
  0.359022973665372     
 -3.030171658223028E-002
 -5.005071260282594E-002
  0.274091748505426     
 -0.204255252664845     
 -7.025446218163385E-002
 -0.261122506544767     
 -1.859976316485450E-002
  0.406387854993412     
  0.154849474302042     
  1.058933490805361E-002
  6.996189056660995E-003
 -0.178281643841292     
  0.656813390400401     
 -0.117084805510453     
 -0.103494494406439     
 -5.656192532486479E-002
  0.219791203355282     
 -2.394460252243132E-002
 -0.282994728415255     
  0.277539298747079     
 -0.334441555829447     
  1.880178211901423E-002
 -4.842152675449080E-002
 -9.770424183331332E-002
  2.483794240515751E-002
 -0.319298006777283     
 -0.305806473648404     
  0.339936335219127     
  0.294169743602999     
 -0.517038298823707     
  0.157425924222201     
 -1.084678524326723E-002
 -0.191954019112351     
  4.244207352910117E-003
 -0.292513458713082     
  0.334913421000739     
  0.495116729524847     
 -0.282945833502194     
 -8.797013013966654E-003
  6.988283381311006E-002
  0.192704803221367     
 -0.103998451069123     
  0.248978692361294     
  3.849156415601425E-002
 -0.602681903411556     
 -0.149087345326187     
 -0.364462315339874     
 -0.214301539991613     
  0.191360196993259     
 -0.289738442987022     
  0.159578501812205     
  0.422463388704421     
 -0.101692927746808     
 -0.143239794217974     
  0.141600122465957     
 -0.111727969729234     
  4.569541221548183E-002
  0.268009931349905     
  6.724159958889528E-002
 -0.490098430891881     
  0.540277007167356     
 -0.253765405497704     
 -0.211246228157898     
  0.639943217629551     
 -0.197241185754128     
  0.602713527928548     
  0.317936193166287     
 -0.343071578160935     
  9.641296626402134E-002
  0.160872975017248     
  0.160501644116375     
 -0.312960914735683     
 -5.685715061986618E-002
 -0.529872694600348     
 -2.489748449971682E-002
 -7.935368310614628E-002
 -0.294383927848664     
  0.556064192444592     
  0.118467213909121     
 -0.617294148750761     
  0.313729150112222     
 -0.639109093367465     
  0.404149154863222     
 -0.621617603458743     
  2.557312686722581E-002
 -5.925333292280675E-002
  0.125090489518124     
 -1.286881864253996E-002
 -0.215631947428673     
  0.219776695902131     
 -0.304772236186451     
  0.199462467058639     
  0.187802842945908     
 -0.265959645018070     
  0.157128023657430     
 -0.272570967942074     
  0.214046320533161     
  1.267176080330863E-002
  0.237232397284406     
 -0.149770558817626     
  0.137897842933438     
 -1.063900013410622E-002
  0.215195821816288     
  0.182817763221293     
  0.198481350277931     
 -0.379370143852274     
  0.642521827476664     
 -0.318708957371056     
  0.230965682729015     
 -0.104347203493102     
 -0.283721424207867     
  0.161242655968862     
  0.254551907829885     
  0.343837837021483     
 -0.707988857614032     
 -0.160140625519993     
  0.402760935315432     
 -2.465908658438796E-002
  0.178742026488405     
 -0.105092075257994     
 -0.145417270896986     
  0.426357951486930     
 -0.326172265644357     
 -6.439011307255757E-002
  0.195256840444952     
  0.235770957966265     
 -0.439140860670746     
  5.730168228557567E-002
  0.212505720001915     
  1.434580635880537E-002
  0.188955134097722     
 -0.363999930085962     
  7.701584076792090E-002
  0.200818003034411     
 -9.959856559619346E-002
  0.272122490196651     
  0.398852673177964     
  8.587799352813982E-002
 -0.381599351957079     
  1.543169072836442E-003
 -0.286877579524864     
  0.216670097045385     
  0.106551549481347     
  5.075209128588557E-003
  0.432007266160304     
  0.527507460881094     
 -0.106885581348062     
  0.166319665211227     
 -5.974140683607190E-003
  0.404598973382186     
 -0.167683078447987     
  0.171966340811321     
  4.927982154685509E-002
 -0.400612409589159     
  0.158712304327051     
 -0.576852035161172     
  0.638341156943686     
  0.477213612991473     
 -0.800382273048201     
  0.374986609391889     
  7.224330590092916E-002
 -0.167853582669881     
  1.401747166824202E-002
 -3.436977218689989E-002
  0.150488468254647     
  1.226959682188137E-002
 -4.765570638212214E-002
 -0.237820580141486     
  0.491744103796641     
  0.161324561384976     
 -0.527764658629371     
 -2.289460861646091E-003
  0.192254605823262     
 -3.099400971070011E-002
 -0.391639909630536     
 -0.335768695028339     
  0.663469171348198     
  1.491471641982247E-002
 -0.219096761587424     
 -0.121591899612954     
  0.457898318724670     
  0.191216747685283     
 -0.137705173869299     
 -4.193960656786620E-002
 -0.463467580002951     
 -0.195456991204406     
 -0.173316994370246     
  0.265599974067699     
 -0.157387177210445     
 -0.102071742203808     
  0.476321743077307     
  0.101187333475762     
 -0.408010880745057     
  6.097262817090136E-002
  0.431018034854011     
 -0.172224732839440     
  0.282877708956447     
 -0.344884193998953     
 -0.560462085427076     
  0.598528653440239     
 -0.307254862354402     
  0.387614202425190     
  4.787324208238497E-002
 -3.242238329679820E-003
 -0.142789771639784     
 -4.340199559189300E-002
  0.453332380073423     
  0.245733972784894     
 -0.226650467866294     
 -0.215287293702890     
 -0.231152073932325     
  3.878045917149636E-002
 -7.297169820418233E-002
 -0.445409706584415     
 -0.130263197602843     
  0.165465407368479     
 -0.154903663493496     
  5.469620850844265E-003
  0.290055685639887     
  0.107306751006742     
 -0.435444856206554     
  0.163333990518095     
  0.259490113595828     
 -8.315462122372948E-002
 -0.458635801305560     
  0.743648524851541     
 -0.495456364002382     
  0.339719511402348     
 -8.468703556812164E-002
  6.774756813119036E-002
  0.406006930981727     
  0.208257831377565     
 -0.309260408885560     
  0.233767621581884     
 -7.717991453001384E-002
 -3.500287166235597E-002
  0.688068518464615     
 -0.273362002377937     
  4.114155071995837E-002
  9.707404716253584E-002
  2.223462998102783E-003
  0.110244328279442     
  0.395326723714422     
  0.383849572498291     
 -4.558018004711762E-003
  0.300809037660820     
  6.838482786728542E-002
  0.235373381144620     
  0.341300341721447     
  0.188169783214346     
 -1.903165429214058E-002
  0.201065810572545     
  0.331577774878169     
 -0.279463168992911     
  0.270920584393112     
 -0.204727207919890     
 -9.904867460098818E-002
  0.244857811451044     
 -3.408528520396432E-002
 -0.244362841594517     
  0.415558260730547     
 -3.588019970226482E-002
 -0.131517633917220     
 -0.558764562813941     
  6.674576494207878E-002
 -0.411466204492831     
  0.200200824412725     
 -0.471167114900243     
 -0.218258247708049     
 -3.695108711064560E-003
 -0.309186898861480     
 -0.193046727295919     
 -5.783225108500515E-002
 -0.185573686494653     
 -0.615250914661993     
 -0.153837232981158     
  0.139958641040334     
  0.293915012537595     
  1.149374370040019E-002
  7.888209261326204E-002
  0.151871239021437     
 -0.217267318771949     
 -0.178973268967167     
  0.276116730988764     
 -3.996913019619380E-002
  6.959957782403517E-002
  0.291096614298562     
 -0.315686803338709     
  0.231518481273600     
  2.613996884326199E-002
 -6.828219070263845E-003
 -3.216921805617911E-003
  0.117885022819032     
 -0.214916381129624     
  0.148079760389938     
 -0.111171292091124     
 -0.217365332655183     
  0.364370784354891     
 -0.113314020589973     
  8.211523791813594E-002
  0.195564542746368     
 -0.141857663494146     
 -0.134521847837031     
  0.343404763068475     
  6.593725603663027E-002
 -0.317503427942822     
  0.528192012106258     
 -0.585710816460876     
 -8.065200446018166E-002
  0.169293242855398     
  0.224219706509531     
  0.142283605471306     
  0.299971963341722     
 -6.498077208027446E-002
  0.459272203199646     
 -0.518093591843856     
  0.556526306294266     
  0.507516943481243     
 -0.218087415103400     
  2.655448551226670E-002
  4.648203685655093E-002
  0.201609856746045     
 -0.159265315600054     
  9.667034727648223E-002
 -0.114447807167852     
  0.381884687315648     
 -0.593089170033806     
  0.152359022151598     
 -3.748508689932606E-002
  0.367318513173523     
 -3.823975605671691E-002
 -1.797727880806434E-002
 -0.196285119627336     
  0.284590831446765     
 -0.164671860579901     
 -1.165261043525233E-002
  0.224733366067363     
 -2.793260704238310E-002
  0.145753132204347     
  0.192443777022552     
  3.808012606025640E-002
 -0.175276326222814     
 -0.191213824816380     
  0.262293100063935     
  0.531763052441851     
 -0.529632129519340     
  0.477073944017971     
 -0.248635761143729     
 -8.879432684781506E-002
  0.192618844296238     
  0.296445069284823     
 -0.964185436159707     
  0.756347244140856     
 -0.231430553144767     
 -0.121605699074334     
  0.289325682425116     
 -0.461727385245625     
 -0.134489132531506     
  0.319169074395305     
 -0.617252194277288     
  0.346978685521165     
  0.225033439173504     
  0.346088743022033     
  2.843096461040437E-002
 -0.110283169246960     
  0.148778263539333     
  0.323626752675662     
  0.510568962850565     
 -0.366479626254183     
 -7.667718918044417E-002
  0.474581595350919     
 -0.286304722306543     
  0.342508726229380     
  4.702217004195362E-002
 -0.154600795827146     
 -0.286224598525087     
  0.278133615529132     
  0.118961579116342     
  1.630681188212643E-002
  0.945221967604932     
  8.003744034386812E-002
 -0.239072508143922     
  0.253019960559314     
  0.367670867209628     
 -0.400864126301423     
  0.596798053408434     
 -2.577782383441202E-002
 -7.177270966437622E-002
 -0.618552756395278     
  0.293758413857886     
  0.133357253384482     
  0.194616586714524     
 -0.530756722543864     
  0.184136467275171     
 -1.315328997396575E-002
 -0.281508252443773     
 -0.272811253934346     
  0.365663898322142     
  4.103867298523981E-002
  0.323184662522098     
 -0.550883480869531     
  0.143457764680598     
 -0.327626426432693     
  0.243897474844983     
  0.330296147300277     
  0.250395724839733     
  2.959256979321278E-002
 -0.655248671927978     
 -0.654243242335246     
 -0.386649033550312     
 -0.639865668898616     
 -0.347858737709194     
 -0.233704866950891     
  9.785383221862824E-002
  0.460944281658645     
 -0.222396595689229     
 -0.156873009774389     
  0.556336955130008     
 -0.583180243917614     
  0.118485475505104     
 -0.155289435990929     
  9.251596520423492E-003
 -8.099453258757507E-002
  0.206320430826828     
 -0.250804066943196     
 -4.755862715165466E-002
  0.416446531913383     
 -2.578840614543191E-002
  0.452974441254023     
  0.335511517385920     
  2.398535338501505E-002
  9.454936120247091E-002
  6.358109676607371E-002
  4.673779840810796E-002
  0.436947890334073     
 -0.681767473085454     
 -7.517395221544286E-002
 -7.391506304456293E-002
  0.351534951063321     
 -0.486750086135873     
  0.198388249669772     
  0.879854517416876     
 -0.407575580819288     
 -0.339019041485641     
 -0.453969948069054     
  0.201704832438937     
  0.378994625800078     
 -3.983862006540776E-002
  0.120554628909364     
 -0.365539517712788     
 -0.216719821372852     
 -0.561378315543399     
  0.615397644721659     
 -0.250531410299687     
 -5.707370117042596E-002
  0.233225811287263     
  0.123080563178740     
 -0.166284268630859     
  0.250326703312505     
 -0.246127149391684     
  0.176586880024805     
  5.755357315055621E-002
 -0.533178864539274     
  0.387654358586804     
 -0.163249475757170     
 -0.118318686825176     
  6.567834622566603E-002
 -6.636827809705452E-003
 -0.226105806505708     
 -1.313631668164008E-002
 -4.424498513365688E-002
  0.235907242264795     
  5.377997100992065E-002
  0.504304991951866     
  2.802649118854396E-002
 -0.825882799229437     
 -0.163842557572551     
  1.202559341700863E-002
  8.247655340890389E-002
 -5.882883801262583E-002
 -6.309206503497934E-002
  0.196818182716940     
  0.474741744702213     
  0.193721414744612     
 -0.859693569273134     
 -0.106763505614440     
  0.618305504435063     
 -1.563079467265479E-002
 -0.406969307096375     
  0.328877969030476     
  1.150408086378319E-002
 -0.215901152210445     
  0.573345918747414     
 -0.203714667121289     
  0.599928559574815     
  0.261011961536991     
 -0.148795110687053     
  1.933506393352805E-002
  0.172225610592188     
  0.134379402397121     
 -2.075424926126488E-002
 -0.227294459881469     
  0.132812208175981     
 -0.336737838331161     
  0.223191889569165     
 -0.149916433125013     
 -0.180607210407837     
  0.964649427167579     
  0.988453923102820     
 -0.286374018465358     
 -4.025626300010932E-002
 -0.136620781288956     
  0.283697874785303     
 -0.116943636694023     
  0.157266752584882     
 -2.208157876240404E-002
  6.111836389676233E-004
 -0.250908536909129     
  0.690344985934011     
 -0.508570805821555     
  0.192475719620925     
  0.164165588948381     
 -0.287080151837237     
  0.206608706688315     
  4.176844430259698E-002
 -0.548507718718427     
 -0.252736915065766     
  9.833241922956896E-003
 -0.208155777724491     
 -0.323029644526063     
 -0.312812031841947     
  0.716088691276766     
  0.268921486781529     
 -2.298534643058132E-003
 -0.415293730096382     
  0.154509414569809     
  0.324471756582046     
  0.462620327263501     
 -0.622314855882670     
 -0.501818005195618     
  0.309936984128109     
  0.833575674712933     
 -0.499851484265528     
  0.623884536110790     
 -0.416277516785489     
  0.545085228541784     
 -0.262821806957403     
  0.263609917319794     
  0.384548440298404     
 -0.424229122095730     
 -7.604503010975852E-002
 -0.462561062425361     
  0.397127710958069     
  0.314667230988861     
 -0.108769381201748     
 -0.151049975715953     
  2.429114430798244E-002
 -5.807873362924774E-002
  0.131393663852846     
  0.343659959126030     
 -0.237152119137234     
  0.297089367176663     
 -0.406017441852850     
  7.046957260382919E-002
 -0.945439506028636     
 -0.323697577533360     
  0.585100269785621     
  0.183363281669448     
 -0.301809115755696     
 -1.552795126777367E-002
  0.570676808086801     
 -0.374668244893094     
  0.182387553669082     
 -3.234629118836854E-002
 -0.135431506354878     
 -0.389517542644961     
  0.289355293572476     
 -0.584150266129799     
 -0.291330614132569     
  0.571679014723951     
 -0.591575562531415     
 -0.228813496229438     
  0.306435614850275     
 -0.533791509237618     
  0.123935718310357     
  0.100252498602927     
 -0.629843963620666     
  0.224311423380230     
  8.708837143661163E-002
 -1.145539162361522E-002
 -0.338209725930661     
  0.596776647288009     
 -0.129349147931298     
 -3.007227985551989E-002
  3.857063738134488E-002
 -0.173707687034103     
  0.244541383496495     
 -0.247355869760108     
 -2.662313772836587E-002
  0.121079527812682     
  9.900408483512131E-002
 -0.340521150121252     
  0.106302127883140     
 -0.109986238266296     
 -0.136387931380626     
 -0.446697414332533     
  -1.04545514409579     
 -0.265280195190254     
 -0.150620957695224     
 -0.400496265614780     
  0.578267773882250     
 -0.328958081538489     
 -0.293427240063955     
  0.150177346273977     
 -0.406715546153564     
  0.547067175528001     
 -0.558529058843494     
  0.860318964852544     
 -0.311364894338439     
 -0.460437874966163     
  0.111876674187672     
 -0.384342977781113     
  0.543867150167730     
 -0.250541378551257     
 -0.361348380835652     
  8.852173612935842E-002
  0.268210917394848     
 -0.353511707887805     
  1.672444435994332E-002
  0.191432853091981     
  0.215633536400855     
  0.349701280076617     
 -0.198140433315536     
 -9.844853101739824E-002
  0.407446625984766     
  7.497152832264735E-002
  0.297298130172076     
 -0.729405193645077     
  0.162177429305312     
 -0.144256454994317     
 -0.218830371106169     
 -0.657012303513546     
 -9.409056551327698E-002
 -0.520817028910278     
  0.338274394362697     
 -5.608821938333668E-002
  8.561730312281202E-002
  0.231722482732440     
  1.776286133166492E-002
  0.273275105940339     
  7.690595379389054E-002
 -0.751532476036712     
  4.260240521831406E-002
 -0.237981434833955     
  0.507746814267301     
 -0.550040762431165     
  0.430254919689568     
  0.120744739107094     
 -9.230444716898477E-002
  0.141952242773706     
 -5.198881536386833E-002
  0.162974279671650     
  0.160514118056348     
  0.950589576101037     
 -0.356129566356903     
  0.528277211390610     
  0.161834802509281     
 -0.196463306108211     
 -0.217861498594363     
  1.531105074498572E-002
 -0.421398411780893     
 -0.535805159862971     
  0.241931913908116     
  0.208287458711089     
 -7.956377945286515E-002
  0.319271786615771     
  0.423988938999126     
 -2.526553549727860E-002
 -8.066685036218779E-002
  0.198644870242680     
 -0.267994146344316     
  3.484036446978711E-002
 -6.121138834520683E-003
 -0.356982963863440     
  1.342856088638033E-003
  0.107604065306996     
  2.557334872640272E-002
 -0.383174875871313     
  0.306276140276678     
  1.344608100054514E-002
  9.859886830706648E-002
 -9.507472639139043E-003
 -0.406597595315199     
  0.506598445833457     
 -0.143840907026015     
 -4.359207084791464E-002
 -0.165986326083217     
 -0.106892477274469     
 -8.238080669594527E-002
 -6.804518251395056E-002
  8.846684901398504E-002
 -0.354092522568173     
  8.370795459134861E-002
 -5.671469520442986E-002
 -0.160980538787708     
 -0.417347994323232     
 -0.307888358904319     
 -0.393282708478114     
 -2.017127116428652E-002
 -0.144233940629411     
  0.169404843743120     
 -2.900105553370248E-003
  0.380861491263664     
 -0.166121393399060     
  0.422496187446895     
 -0.490056234864188     
  0.197850245319871     
 -0.221084094821782     
  0.274172791043260     
 -2.633934581817233E-002
 -0.119885972915784     
  0.124043900497105     
 -0.435503523574925     
  0.494935683667947     
  2.537196512889586E-002
  0.306418162225595     
  9.643685595270714E-002
  0.313106643053081     
 -0.365213395191432     
  0.188336241027267     
  0.534224487476631     
 -0.738445954276631     
  0.430499094413330     
 -0.546687762310005     
  4.155197910241703E-003
  0.129865964402256     
 -0.251807455689052     
 -0.119838122483492     
  4.026871022019400E-002
 -0.149172978438418     
 -0.315417729888135     
 -0.138842084360275     
 -0.127209762091740     
  0.520925304373068     
  0.312021068602619     
 -0.420503694639442     
  7.614804394772465E-002
  0.389022959499764     
 -0.190415973410633     
 -0.490610859207832     
 -0.202586956343495     
 -0.105810917444347     
 -0.157835811746665     
 -0.337549347793893     
 -0.122397276275295     
  0.216176706770344     
  0.469359269333240     
 -0.163667218966099     
  2.753519023803922E-002
  0.659741637497220     
  0.102730700003703     
  0.370274630050771     
  8.764313498186949E-002
  0.207319635469205     
 -6.081434460785227E-002
 -7.268547261124453E-002
 -0.382351023911837     
 -3.180534886938899E-002
   1.12432970552735     
   1.07097934521371     
  0.378939312375358     
  0.155782898773849     
  3.222026769262082E-003
  0.161970749390653     
  0.382652060731735     
  0.548248064244825     
  0.602592307046228     
   1.71665041878860     
  0.560450000533006     
 -0.775254076589048     
 -0.281634555206039     
  0.178655357052660     
 -0.723159172475825     
 -0.595902629502082     
 -3.513525649108613E-002
 -0.200603436961102     
 -0.415479437167863     
  -1.38822826903086     
 -0.824711899736340     
  0.179606759145495     
   2.14095414542496     
  0.702924583802075     
  -1.75325244970964     
  -1.28598702346740     
  -1.36721028545759     
 -0.125066911353842     
 -0.139790723961312     
 -8.544006460042353E-002
  6.372885907807657E-002
 -0.213318469492905     
  0.488506570635072     
 -3.961862210171623E-002
  0.105888108515058     
  0.133776949959999     
 -0.704177985040274     
 -0.523936247459374     
 -0.464847711460676     
  0.252064317686372     
 -0.167125900174032     
 -0.402527831047869     
 -2.308463374221393E-002
  8.454882208575074E-002
 -0.492112245300110     
 -7.412964579785970E-002
  0.116743642474302     
  8.547443600308945E-002
 -0.220704873233214     
 -0.328816833504429     
  0.247196770847662     
 -0.139499448578908     
  1.021054057287107E-002
  1.158430194330828E-002
  0.343614483944453     
  3.155791762294594E-003
 -0.284580462726672     
  0.704763772572027     
 -0.669727210149735     
  0.374534392980117     
 -0.110954719291417     
  0.142517868170289     
  1.016137526264239E-002
 -0.135506311342685     
 -0.320260570539089     
  7.594080271985332E-002
  0.116033796611893     
 -0.135775822245141     
 -0.289572070395138     
 -3.258217623315290E-002
  7.896703480342493E-002
  0.150613184044558     
  0.495266561066337     
 -5.751923862983354E-002
  5.994396793861740E-002
 -0.606948781407029     
 -0.493576758079049     
 -0.319593744843530     
 -0.672967624612542     
 -0.424409582750912     
 -0.264029343142138     
  0.254756334920262     
  0.594239711401571     
 -4.199498585320972E-002
 -1.366732209010632E-002
  0.745846396697130     
  0.386260698093895     
  0.480866454507808     
 -0.186728980858859     
 -0.297658925947237     
  0.821271306098044     
  0.582756038470001     
  0.988908525806951     
  0.259061536301616     
  0.512210506748328     
 -0.150040769507411     
  0.191547006094492     
  6.427692307530276E-002
  -1.01289271391081     
 
 -0.414573517867020     
  2.352606286475358E-002
 -3.199511513548382E-002
  0.112564029638903     
 -0.166820523352674     
 -0.138688398462090     
 -0.629037298821922     
  0.243414431249088     
 -0.158648466993611     
 -0.397895267803998     
 -0.313890364020718     
 -0.284616177861490     
  0.115337570918480     
 -0.828700256690146     
  0.119348583743433     
  0.211842921861638     
  2.872095817345544E-002
  0.240088148573563     
  0.197810023345457     
  -1.47639911660239     
  0.153497115494387     
  0.341360873325272     
 -0.158222235317613     
 -0.422488365467411     
 -0.633139345282217     
 -0.152838289548037     
 -0.438868558086130     
 -0.108108387730644     
  0.774987965951181     
 -0.208001751328631     
 
 -0.137366964599069     
 -0.913091750213284     
  0.557166354739391     
  0.274036049831594     
 -0.690641986871088     
  0.488031630007396     
  0.501233958575062     
  0.170346045821227     
  0.748704642882392     
 -0.620575386696860     
  0.420664536362227     
  0.327883266291839     
  0.158608857311580     
  0.172114441061899     
 -9.390501407558455E-002
 -0.275638546264316     
 -0.652182010224345     
 -5.759871940787001E-003
  4.759594731524249E-002
  0.482282751436529     
 -0.447814836043107     
  0.294951871373229     
  0.746625361018629     
  1.155663211331305E-002
  0.471252550824020     
 -0.679562104514094     
  0.498999808813279     
 -0.366921363227805     
  0.409618793711369     
  0.343209981698906     
 -0.231079425936539     
 -5.381000993912859E-003
  0.338797388778307     
 -0.449063214892678     
  0.498048479653696     
  0.355651814741882     
  0.211548638845043     
 -0.176371863983245     
   1.18086308236468     
 -0.145510498677995     
  0.349548947989788     
 -2.827132112670904E-002
 -0.252801841239940     
 -0.390017809668320     
 -0.219933431091911     
 -0.328888574995073     
 -0.189387850842684     
 -0.256778703924470     
  6.989336962042894E-002
 -0.644897690177468     
 -0.504712067516543     
 -0.277084823751865     
 -0.155441947261280     
  0.174706212069265     
  1.580257948941046E-002
  0.138527418781686     
  0.216497052908596     
  -1.06245972622668     
 -4.229404616200021E-002
 -0.993839088223376     
 -3.603906774398223E-002
 -0.178406264433421     
  9.120233683835194E-002
 -2.228221668966958E-003
 -0.214102007678820     
 -0.116014957373856     
  0.165560673664383     
 -0.236027616734324     
 -0.337917859501156     
 -2.383669547616698E-002
 -0.752744188040225     
 -0.379456815803238     
 -0.423828243110551     
  0.309581286470093     
 -0.116442636517308     
  0.244313056857709     
 -0.357368409381116     
  7.505831230944204E-002
 -5.621630927583892E-003
  0.465712687627430     
 -5.952076074316259E-002
  0.144089273825902     
  6.008378673730115E-002
 -0.192010530624065     
  0.253341557863516     
  5.926724878468579E-002
  0.190980374714765     
  0.808082409939226     
 -3.276444645991806E-002
   1.13633374618717     
  0.286708855194699     
 -0.191223782721792     
 -0.539060960164566     
  0.145360015234214     
 -7.137574118376003E-002
 -7.406297535945205E-002
 -3.847917428608384E-002
   1.00253452403489     
  0.387370262604989     
  0.117440458426956     
 -0.173410056044723     
 -0.738325988626885     
  0.178019284553400     
  0.173958476187628     
 -2.274195198420834E-002
 -0.626281660404012     
  0.623804095682167     
  0.294653340247937     
  0.384784559038846     
  0.521770750300955     
 -0.266689447435582     
  0.663883982075025     
 -0.968342164109565     
  6.237340804390232E-002
  0.521504554270408     
  0.392175705967335     
  0.117147323473558     
  1.241263698005803E-002
  3.778380319667631E-002
 -0.153045144728046     
 -0.310850091148673     
 -0.266617315724480     
  0.201363719141466     
 -7.229735384486369E-002
 -0.430509911456400     
 -4.985918464582179E-002
 -0.189538713300684     
 -0.214103730689741     
  0.343929350307750     
 -0.187749377842374     
 -0.338248708424151     
 -0.426757069398034     
 -0.167783386404255     
 -0.367424260184531     
  0.273467933216838     
 -0.582450945977807     
 -0.136811408797534     
  0.836427665510044     
  0.445399040719191     
   1.03821300478908     
 -2.194477914385631E-002
 -0.419379609968827     
 -7.551848861657159E-002
  0.386735501114094     
  0.508563808640520     
  0.606366608221632     
  0.657102859887508     
  -1.38510832302308     
 -0.390202945068683     
 -0.739618652993966     
 -0.124322087984034     
 -0.214974538996564     
 -0.145120017844964     
 -0.310829248442162     
 -0.136725943156995     
  0.347471810134595     
 -1.608410756382393E-002
 -4.671442268914967E-002
 -0.653750012512020     
 -0.567735113799955     
 -0.205913494192756     
 -0.412294799198260     
 -0.435209070691370     
  0.363669289538987     
 -0.518853807051656     
 -0.383524543482750     
  7.516371340692712E-002
 -0.196442252681094     
  0.543788272493538     
 -0.142999008318455     
 -0.358540181749854     
 -0.482347439865463     
 -0.481502219187713     
  0.202410468755695     
  0.124039445723495     
  0.582382973746190     
 -0.295758428506053     
  0.320457397005422     
  0.380444037811350     
 -0.203489542770154     
 -4.388339171922632E-002
 -0.562963465871587     
 -0.490425775644850     
  0.324746145442387     
  0.184526254006259     
  2.163103559701684E-002
 -0.512709640415477     
  0.233255360229650     
  1.312720810020337E-002
 -1.176355571560714E-002
  0.295692735591366     
 -0.151232507320088     
  8.497551676727816E-002
 -0.711195321727955     
 -0.121755154595216     
 -6.750411506733960E-003
  0.572283271266601     
 -0.247201203427967     
  0.322506608433293     
  0.668580798114369     
  9.977554293409735E-002
 -0.452071226061074     
  1.774882837814383E-002
  0.920222535692155     
  0.242740913813511     
  0.880157990040239     
  3.637200904993690E-002
  2.817023132687911E-002
 -0.343293947171813     
 -1.514105659090145E-002
  0.538381402526548     
 -0.561243556193470     
 -0.177716806251944     
 -0.326690450634662     
 -0.220474908537590     
 -6.430361383440900E-002
 -0.273677886384856     
 -0.235262429949976     
  0.208717264609184     
 -0.202949085257630     
  6.736306338817488E-002
 -1.111960258810649E-002
 -7.419193257843636E-002
 -0.562586586404648     
  0.262762939388416     
  0.283973158349869     
  0.262469008103980     
  5.731853558307976E-002
  0.234600391175983     
  1.553040589368749E-002
 -0.177773995617381     
 -0.112668681881788     
 -0.283322458026623     
 -4.825881346495908E-002
  0.446208630962017     
 -0.185635493216050     
 -0.224982316585052     
 -0.214523141011707     
  0.175296812794212     
 -0.152409451065077     
 -0.876238450692465     
  0.573473451922946     
  0.799589454312283     
  0.409464813082243     
  0.697833831337404     
 -0.470760578226253     
  0.500720081033207     
 -0.465417238532697     
  0.244890847082753     
 -5.660212032119269E-003
 -0.685893614558425     
  0.351379166205489     
 -9.967657912951554E-002
  0.489172573264586     
 -0.523601912530039     
 -0.295633718996095     
 -7.957952178384700E-002
  0.151661505388370     
 -2.773671121469000E-002
 -0.133181996277196     
  6.285141349099860E-002
 -0.706371084625077     
 -0.692096920571423     
  7.139596021466527E-002
 -0.200956166024187     
 -0.463244858966045     
 -0.171098014456709     
 -0.100087890644279     
 -8.404869418956012E-002
  0.193209702982433     
  0.270739643672515     
  0.617585154567124     
  0.213110292685899     
 -0.208391246275369     
 -7.655293236227034E-002
 -8.491271852209632E-002
 -0.571010012154915     
  0.207925981226472     
 -0.978800246799235     
 -6.783848436102712E-002
 -0.166721031037911     
  2.327386260285834E-003
  6.137602138054391E-002
  6.503210177374384E-002
  0.638948333247286     
 -0.190342399695604     
 -0.529398041997284     
  0.199545182436398     
  0.263468703320133     
  4.660824726396980E-002
  0.107351058002123     
  0.365629676136536     
  0.190277419773658     
 -0.665685865674364     
 -0.231117962706361     
  0.448066976904202     
  0.449688420948982     
  0.586341004373344     
  0.145624500622180     
  0.589155253468724     
 -0.616961087038489     
 -0.204915543653550     
 -0.207248887783188     
  0.235302620676685     
  0.455674811447574     
  0.260122800777967     
  0.583423986215904     
 -0.218013315095685     
  0.139577103381438     
  4.667607403550350E-002
  0.325699901681057     
  3.728635054700791E-002
 -2.993924741494675E-002
 -0.333213177870557     
  4.721106307001405E-002
 -0.256967890873655     
  0.277783925264968     
 -0.617082452122544     
 -1.293131514840498E-002
 -6.964069467651239E-002
 -0.413309174889945     
 -0.366555609340437     
 -6.219604297613213E-003
  0.173342667521990     
  0.286285352453282     
  0.424138355816460     
 -0.160554236430038     
  5.488316909033171E-002
 -0.297333525102873     
  0.222884871063299     
 -0.954977017904019     
  0.255638355166377     
 -0.928203386073007     
 -0.396739684231853     
 -0.401644404389745     
  0.663690606957249     
 -0.265508266943969     
 -0.805873455901481     
 -0.184588921687935     
 -0.165132912480321     
 -0.338400437608233     
 -0.452178492023885     
 -0.760062319679208     
 -0.373257163110638     
 -7.589417761379670E-002
 -0.844117101592581     
 -0.198332709116907     
 -0.239863050326240     
  0.499634006413554     
  0.102442299763643     
  2.900228926968650E-002
  0.159071149227584     
  0.523993412677552     
  0.173881979832655     
 -0.128595582040270     
 -0.423702586699487     
 -2.533500966374850E-002
  0.307500946130613     
  0.186672414582093     
  0.299688911011186     
  0.553123668610610     
 -0.101945819935923     
 -0.173895043473716     
 -0.132233802438409     
 -6.509705201871471E-002
 -0.368638452317832     
 -0.431441633833677     
 -0.468757308814407     
  0.543657272311409     
  0.197602421190585     
  0.420986522738230     
  0.485100710214976     
  0.140343867623374     
 -0.152985325294135     
 -0.102077008173440     
  0.488285406067764     
  8.313208537548664E-002
 -0.477901672050028     
 -2.980539915518235E-002
 -0.114821715545834     
 -9.521162284318960E-002
  0.218144355109505     
 -0.531398673315938     
  2.920423827960077E-002
  2.636637048986082E-002
 -8.175650002400778E-002
 -0.584822368930433     
 -0.418107170779686     
  0.491437422309903     
  5.263255967970806E-002
  0.135470020995806     
 -0.310933809575457     
 -0.238577159539139     
 -0.422628445306417     
  1.244081123950545E-002
  0.271912494772721     
 -0.157441463148093     
 -0.179262870024611     
  0.165282849548867     
  0.540584998351534     
  0.756873692274456     
  0.198554092071609     
  9.189087820183278E-002
 -0.403571298037390     
  0.355167004835581     
 -0.316025198541233     
 -0.385089927714316     
  0.441648480132547     
 -0.639261225403721     
  5.945229139127318E-002
 -0.488829586951750     
  0.726431511003399     
 -0.246491549221340     
 -0.502341771747595     
  0.253336920937354     
  4.726284491625361E-002
  0.233575179793219     
  0.115003412790676     
  2.488466167024379E-002
  0.163820540609091     
  0.416882768263434     
  0.532714493681737     
  2.437374308046203E-002
  0.105083224579946     
 -0.457438809098467     
 -0.596738632736053     
  0.193864032245519     
  0.642241557231624     
  4.737003161766945E-003
 -0.548459159278712     
 -0.111577440986600     
 -0.418567375773972     
  0.398864710834153     
 -3.946128685641161E-002
  2.245197746281993E-002
 -2.588741552591400E-002
  0.439828400330245     
 -0.400015556148419     
  9.386546486228729E-002
  0.376924138613235     
 -9.119613389468106E-002
  0.393449191113657     
 -0.245316438782174     
  7.741465678678114E-002
  0.483925988886202     
  0.936500088585738     
 -0.104697991878398     
  0.811273513413055     
 -0.221133422950193     
  0.377877618602892     
 -0.424615936726460     
  0.659671819885068     
 -9.894381239552141E-002
 -0.101770382653347     
  0.251567593407067     
  -1.27816670382773     
  3.748150555222705E-002
  0.199759676539230     
 -0.892150380651038     
  0.315298735171412     
 -0.782185117059735     
  0.282094948647498     
 -0.154359169705992     
 -1.512638727469516E-002
 -0.642282426243075     
  0.717777345112992     
  0.676968378876797     
 -0.792375308813306     
 -0.539442986654391     
 -0.140607108373126     
 -0.296836314456831     
  0.541755783301650     
   1.10014827770502     
  0.797009931467218     
 -0.304694843801738     
 -2.204550969189729E-002
 -0.364692834693019     
 -0.372760593504499     
  0.348607799896659     
 -0.469086204404069     
 -0.274316315859877     
  0.227216473780232     
  0.316770613999796     
  8.092170048939629E-002
  9.001246498897462E-002
  0.171132026900274     
  7.207880511797328E-002
  0.424150578288277     
  0.240099000175413     
 -0.272547516327531     
 -0.352631689433446     
 -0.128228961764355     
 -4.595020782371886E-002
  0.171400786719493     
 -0.321390032446508     
 -0.192280029751705     
  0.278953177382200     
 -0.183735475637942     
  0.503679496711133     
  0.160764984701149     
  0.147009840982138     
 -0.562581255620764     
   1.39747573048842     
 -0.166014901759643     
 -0.322035244059083     
 -0.210330198370973     
  0.726293073889958     
 -0.136649792346382     
  0.172967568667385     
  0.219042172876945     
  0.496856954971704     
 -0.245485040887941     
 -0.397474171432513     
 -0.599479129975444     
  0.153552230103271     
 -0.167435024392954     
 -3.129024486334653E-002
 -0.747390645940742     
  4.083667326248006E-002
  0.401448887232837     
 -0.809706239286696     
  0.217115734370293     
 -1.969264357775927E-003
 -4.541810356839801E-003
  0.449880299879789     
  0.637791721639672     
  0.531034737601858     
 -0.583472504771096     
  0.507040288078925     
 -0.230659249743939     
  5.000990198690678E-002
  0.137794475146501     
 -0.386037061300176     
 -9.307870670622889E-002
 -0.284728195615341     
  0.548509352049280     
 -0.130680264639934     
 -0.116540079086395     
  0.471132818200839     
  0.173340854049619     
  0.615838057626467     
 -0.771490469516950     
 -0.104497007618906     
 -0.152001851365579     
  0.143712572327429     
 -0.773271817140459     
 -0.287991707578639     
 -5.367656011346482E-002
 -0.402639526411291     
  0.183970486067120     
  0.509604008446834     
  0.196544877510248     
 -0.831419465364539     
  0.355110687948940     
  0.809731982281141     
 -0.327323000337744     
  0.166840408171608     
 -0.335010912879493     
  8.994146721958447E-002
  9.148157102772024E-002
 -0.267592008724219     
 -1.582484841006514E-002
  -1.07898657120430     
  -1.05417384776601     
  0.585092265237998     
 -0.318558818342336     
 -0.119484553271369     
  0.516656629859794     
  0.253797213637475     
  0.450375595994353     
  0.160652341933118     
 -0.737786944134076     
  0.214240391573667     
 -0.897981492058702     
  0.356780921394372     
  0.507041175277263     
 -0.268158185849477     
 -1.868210142952810E-002
  0.264039445492360     
 -3.418439173186043E-002
  0.138083325315313     
  0.192182817920412     
 -0.556998162738549     
  0.460066802489740     
 -0.793489579537423     
  0.342090921134990     
  0.509521060497644     
  0.204706433393447     
 -0.187211318833032     
  8.402606034613733E-002
 -4.683743565407858E-002
 -0.275610958811752     
  2.897821511891588E-002
  0.348977734504954     
  0.245610050725546     
  8.412180832101242E-002
 -0.295264593796033     
   1.16589379519868     
  -1.06798859224248     
  0.643424315570101     
 -0.647183925501478     
  0.345850741166583     
 -7.582253347013092E-002
 -0.355433276937782     
  0.227395958106790     
  0.329755142787504     
 -2.962134794365365E-002
  5.387492465482431E-002
   1.13977429488388     
 -0.178082400336606     
 -0.346439652435156     
 -0.594135357531424     
 -0.354887925505686     
 -8.950375480805177E-002
 -0.448927897250637     
 -0.449941951133552     
  0.205453779962356     
  0.113881311257394     
 -0.284250839065433     
 -0.175171482196297     
 -0.168785565920519     
 -0.205205720714262     
 -0.873352841693373     
  0.812830088152043     
 -0.155495589023611     
  8.710678564302152E-002
  0.143218525837621     
 -2.678082431282754E-002
 -2.220714312100871E-002
 -7.891934755607122E-002
 -0.113651935667884     
 -0.393506727638446     
  0.334133781061065     
 -0.439460154487351     
  -1.12769654493933     
 -0.162850838357652     
 -1.082289863263561E-003
  1.930751105166226E-002
  0.575110604459466     
  0.403619396626156     
  0.879077880266524     
  0.697725575837147     
 -0.130220384629684     
  0.522221443227674     
 -2.630522225411688E-002
  0.243775436546175     
  0.214045907014340     
 -9.906458463814857E-002
 -0.144771292572934     
  0.542927759715260     
  0.192766148218365     
 -0.248939915989933     
 -6.285168491741552E-002
 -0.476635836603569     
  0.193243269053997     
 -0.187792752291001     
 -5.934795506245791E-002
  0.327528505986256     
  0.104763685954989     
  0.242587520653846     
 -9.723653219911676E-003
  1.420357123000511E-002
  4.661618848750883E-002
  0.662089450814927     
 -0.228668177717910     
 -0.192528592960652     
  0.130065585769894     
  6.310145448516537E-002
  8.110526648010205E-002
 -6.829221063688158E-002
 -0.228680638364170     
 -0.160475009650625     
  0.451915122706125     
 -0.526889567622822     
  5.253581092938057E-002
 -0.219307879246582     
 -0.394475211772994     
 -0.443644406462109     
  0.316016427619454     
 -0.437495338540796     
  1.801657084332185E-002
  0.265949002681667     
  7.424573906559147E-002
 -0.144184693170122     
 -0.260627856235582     
 -0.152161802234521     
  8.224609478456661E-002
  -1.25673350256744     
  0.697848336261887     
 -0.859949320016122     
  1.709299698758077E-002
  5.596486077602633E-003
  6.636005151520154E-002
 -0.259358304771602     
  0.352345853465887     
  0.538804234834044     
 -8.048849160977309E-002
 -0.195133326026826     
 -8.111215135781211E-002
 -6.616745458750244E-002
 -0.106112102739007     
  0.164269899430347     
 -0.562482778858588     
 -4.316553615563659E-002
 -0.629282528268756     
  0.303094413982220     
  -1.13866644378937     
 -9.126563566377004E-002
 -0.536771374337955     
 -0.201743982197816     
  0.697725179171366     
 -0.216697798395022     
  0.142207904630251     
  0.808466497447316     
 -0.422716782820140     
  0.911159061507487     
 -0.180384802993290     
  0.187535333716398     
  0.269632707526318     
  9.674622205518499E-002
  0.361540140924720     
 -0.743747158284106     
 -0.912925035260605     
  0.289292462383310     
  0.176545808452799     
 -0.320356678566736     
 -0.130369803906629     
 -7.975128707948197E-002
  0.269393739824780     
  0.459240103608040     
  8.490126439137992E-002
  0.224427268043299     
  0.746022200610046     
 -0.118304118120434     
  0.164764236264672     
 -9.661278279870565E-002
 -0.179539974091280     
  0.386611215315999     
  7.655462135434654E-002
 -0.326734830824909     
 -0.451291911309147     
  0.232425735431452     
 -0.157515732845571     
 -3.072906916928056E-002
  0.140262435699844     
 -0.183637828618189     
 -0.431980629417845     
  -1.78690898266183     
  0.644418982572692     
  -1.84836885146232     
  0.780590235068566     
 -0.526434144703467     
 -0.137579298978626     
 -0.353052110147310     
 -7.898468921002268E-002
  0.711693473035498     
  0.162471242187298     
  0.487116681959841     
 -0.396651958072538     
  0.384810868093714     
 -0.134443148667261     
  0.599557862520025     
  0.284088974374886     
 -0.241126999726322     
 -0.143412069607441     
  0.174867837210249     
 -0.661876284080119     
 -3.719864466812499E-002
  0.462701677699605     
 -0.576162925644779     
  0.401851240484087     
 -8.082689742520756E-002
  0.303008792618729     
 -0.243021668887261     
  6.206223304490252E-002
  0.591713230251911     
 -0.115829057452810     
 -0.240462831477421     
  6.506271925355734E-003
 -0.195107206997546     
 -0.883806145622125     
  5.695877175375853E-002
  0.170852828220016     
 -0.356338505446146     
 -7.837587176791892E-002
 -9.904025724932271E-003
  3.392789832160784E-002
 -0.404073333531613     
 -0.745339397821375     
  0.151435799757577     
 -4.783719546291167E-002
  0.352726534532319     
  0.428311298394659     
  0.418434994688935     
  0.375881224917086     
 -1.187352753818724E-002
 -0.764098485838528     
  0.122843208283690     
  0.557426900412871     
  0.119509610389443     
  0.322848269877228     
  0.682818102982408     
  0.303479318171988     
 -0.115366688168496     
 -0.612131515133389     
 -0.272762565338169     
  0.213186415910680     
 -0.443781205803011     
 -0.376979318853925     
 -0.144676964799454     
 -0.536855699331893     
 -0.642349285020775     
 -0.742844579243728     
  0.241333601548668     
  7.705457723525075E-002
  0.214931773710159     
  7.059123099570017E-002
  0.490753966535283     
  0.376348911355685     
 -0.282182649893337     
  0.262238523190128     
  0.401589504522462     
  9.002240502962740E-002
 -4.872809561655998E-002
   1.05266239028820     
  0.594241937891122     
 -5.381544083185599E-002
  2.625094506079491E-002
 -0.418500036500724     
 -0.488038485893999     
 -0.124901522050935     
 -4.056487949493121E-002
  0.307141429607123     
 -0.210881246967929     
 -3.929827855261455E-002
  0.534877602148228     
 -0.809406041878103     
  0.280767725885564     
 -0.539741597767935     
  9.917220796386937E-002
 -0.260853446988284     
 -0.136448942168876     
  0.122619245491189     
  0.625761117519989     
  0.200640244130615     
 -5.252617107917171E-002
  0.247227303727274     
  0.710431359794126     
 -0.654345159477250     
 -2.808023296053348E-002
 -0.360508152639580     
  0.111114663649216     
  0.188437509183294     
  0.246380910890209     
  0.684450395303872     
 -0.236905559885327     
  0.459954243703080     
 -5.001929433104307E-002
  0.602086618244760     
  0.323910850780859     
  0.221794330275601     
  0.139364070739694     
 -0.274167063603183     
  0.100707940555770     
  0.174723991226642     
  2.874916251163297E-002
 -1.114940640090478E-002
 -1.707610799543380E-003
 -3.186190017594154E-002
 -0.139884027130115     
  0.253587915897736     
  0.336559227795966     
 -0.108462696776541     
 -9.586412084176746E-002
 -0.204649141005692     
  0.125705117430388     
 -0.206588185192984     
 -7.877576104752744E-002
 -0.918949986561956     
 -0.199745818590142     
 -0.224296096294153     
  7.142401392593029E-002
  0.385771489210332     
  7.374790045517216E-002
 -0.520756040092473     
  2.617241598707513E-002
 -0.153536130269147     
  0.205921595988032     
  0.150935761994486     
  7.656833076008394E-002
 -4.857351170184094E-002
  0.270959290635854     
 -0.336644779839449     
 -0.184540002116847     
 -0.108328426526765     
  0.421100275522611     
  0.354348106876618     
  0.179791127301400     
  5.256001329389099E-002
  0.228534914040581     
 
 -0.690934196105714     
 -0.306166299834890     
  0.189171557439431     
  0.219834936232462     
  0.346631887260964     
  0.290702059327270     
  0.864819800895291     
  0.509397251138061     
  0.288514377964898     
 -0.382031497249753     
 -0.142646995736034     
  0.248867258368906     
 -0.323468399492751     
  0.725497290634789     
 -3.035193045270958E-002
 -0.260525665015313     
  0.319080935473712     
 -0.463846220373558     
  0.396728408364926     
 -0.767319082791012     
  0.140151049225905     
 -0.305684545214671     
  0.444596413604324     
  0.551951230094281     
  0.791540672665283     
 -0.552279438887717     
  0.318583705093012     
 -0.122218439641284     
  0.562856008489774     
  0.133113163970640     
 
 -0.784369459393856     
  -2.95422927309886     
   4.14068503913165     
  -3.90423031488582     
  -1.26193774897063     
   1.32307444935751     
  -7.10125634066774     
  -16.3319134244061     
  -3.62623855730410     
  -12.0190993226470     
  -9.16234475395393     
  0.519220951854172     
   4.84715623129672     
   5.01679608859655     
   3.95505867622882     
   1.16950720062903     
   6.22792697156603     
  -2.39945956925755     
  -3.23416184480049     
  -5.49475455230756     
   6.06822206215361     
  -2.14117996343457     
  -8.41472967346682     
  -3.02635448518149     
   5.22527029737174     
   2.24532151908927     
   1.38630409116184     
   1.51963141827641     
   7.18716256360497     
   3.71688925156376     
 
 -1.366165487804878E-003
 
  tansig  tansig 
