-0.640321719881228046E-01
 0.649212110955327493E+01
 0.742753843417582971E+01
 0.315609788040643302E+01
 0.105924017385489155E+01
 0.706000663233477099E+00
 0.175461385578209850E+01
 0.137834455373277431E+01
 0.656255166402961665E+00
 0.447978755496767411E+00
-0.925388920652408242E-01
 0.495601493104363966E+00
 0.323468898584228670E+00
 0.751952001325852049E+00
 0.514323623725008616E+00
 0.426458928329937481E-01
 0.313688664938681014E-01
 0.385655023312895251E+00
 0.232842934113764166E+00
 0.160946025093627820E+00
 0.160140020076522005E+00
 0.635025088605160493E+00
 0.430003454710016053E+00
 0.476517564785869652E+00
 0.641968154970782856E+00
-0.687363760471228213E-01
 0.130375474068466030E+00
 0.451793939842476788E+00
 0.716981481557049105E+00
 0.121929492442806842E+01
-0.226028899572509323E+00
 0.261205638780691363E+00
 0.461895053833641045E+00
 0.134745074019023381E+01
 0.241628360686143351E+01
 0.123512142972492334E+01
 0.246028489501943692E+01
 0.218634249671961056E+01
 0.150219331185161675E+00
 0.232379539065579566E+00
 0.565486573757697508E+00
 0.604964172199604544E+01
 0.334719300020837540E+01
 0.267672995338810216E+01
 0.217557207198216673E+01
 0.513414395041572291E+01
 0.518155887857044473E+01
 0.102429876189465663E+01
 0.488534437748406603E+00
 0.295913311554346059E+01
 0.244602856140061764E+01
 0.630408087549835794E+00
 0.344530098741633373E+00
 0.876605840160847749E+00
-0.103844412431526800E+01
 0.836809987037465342E+00
 0.474438438750700020E+00
 0.654525023640110004E+00
 0.240470475646508169E+00
 0.429898972218055175E+00
 0.294908339460995594E+00
-0.104952609673739636E+00
 0.610601443956511725E+00
 0.310463867216710265E+00
 0.284706451888345036E+00
 0.515824395337938890E+00
 0.550960786809460368E+00
 0.272601296189279252E+00
 0.307206158263643447E+00
 0.436692915352200617E+00
-0.173323895458813881E+00
 0.241648544196439774E+00
 0.335522685296552936E+00
 0.155348025735495154E+01
 0.111419394931245950E-01
 0.499517276342462568E+00
 0.837705488239828155E+00
 0.106018079397933995E+01
 0.629661716391079901E-02
 0.943120615179113164E+00
 0.172428431917851044E+01
-0.437654843316323261E+00
-0.845299427389419655E+00
 0.129693563491173247E+01
 0.308044037672490312E+01
 0.501941713931509526E+01
 0.156604017640290305E+01
 0.276095147718440614E+01
 0.137817279402686577E+01
-0.232575709659795349E+01
 0.321419114737578537E+01
 0.831538116288680573E+00
 0.269872926291560011E+00
 0.131650474553078856E+01
 0.112441950451636008E+01
 0.366101702476437418E+00
 0.156067904461042961E+00
 0.564064725177311072E-01
 0.595943502614868170E+00
 0.110902795168643820E+00
 0.564480874092584683E-01
 0.342869903652141872E+00
 0.743110536002122707E-01
 0.253250541581413302E+00
 0.178746162013787901E+00
-0.713823659312162132E-02
 0.198517928325909893E-01
 0.109799307247826688E+00
 0.970407375300215841E-01
 0.152339702739556548E+00
-0.160917926826080054E-01
 0.503609143885433638E-01
 0.517496402024717680E-01
 0.274206955792645257E+00
 0.103677306459660709E+00
 0.423154984919763069E-01
 0.541044561955237105E-01
 0.340243663737488766E+00
 0.968358056294036096E-01
 0.979802236937712540E-01
 0.135946801025141700E+00
 0.318759022112967250E+00
 0.133511318523956785E+00
 0.836849301353086439E-01
 0.143848356888606949E+00
 0.628855927079163934E+00
 0.266860179412951981E+00
 0.142011450041395343E+00
 0.317218032805975769E+00
 0.159867162453232692E+01
 0.759802704291170583E+00
 0.111671020330163318E+01
