 0.445077216316598800E+01
 0.182053604803433000E+01
 0.100832150319449809E+01
 0.425283748276721596E+01
 0.182787424739937809E+01
 0.782468404247352090E+00
 0.303621171819722313E+00
 0.134768312212762531E+01
 0.789526669618947907E+00
 0.458401283761837364E+00
 0.546344452588407248E+00
 0.793138537209456818E+00
 0.609580343487719056E+00
 0.352312236641400267E+00
 0.830932558135239030E+00
 0.222393498850173899E+00
 0.205642943683668755E+00
 0.325776274096594154E+00
 0.906294104474136164E+00
 0.861015722103443570E+00
 0.911636347109580081E+00
 0.344929232844725819E+00
 0.249918756214234206E+00
 0.432143262265243189E+00
 0.515044575732280241E+00
 0.411099618809123879E+00
 0.117412147047545368E+01
 0.139444777708581458E+01
 0.197116268653899551E+01
 0.581121962659976177E+00
 0.468800658034836337E+00
 0.127449612652183664E+01
 0.230163412773477827E+01
 0.104945798876972907E+01
 0.104253459040336116E+01
 0.241376937143366188E+01
 0.562105395830437615E+01
 0.244392030641455982E+01
 0.246439713732422305E+01
 0.815445778511188735E+01
 0.239589469793167957E+02
 0.718058252137467878E+01
 0.710095044103261674E+01
 0.831650006871447189E+01
 0.222100617788278498E+01
 0.191764780965552206E+01
 0.187349280143811181E+01
 0.409732775902235691E+01
 0.230070349617158332E+01
 0.107678449945457855E+01
 0.146617520289245973E+01
 0.157448594312962320E+01
 0.810301495552028683E+00
 0.554161880010798691E+00
 0.682809285990142595E-01
 0.899161580903724000E+00
 0.593243855812562559E+00
 0.365621860880136429E+00
 0.566959564103071245E+00
 0.562172773887658850E+00
 0.463843926157952613E+00
 0.301671456387016979E+00
 0.398691055183556242E+00
 0.386395910476310167E+00
 0.347677693028503432E+00
 0.271442924641453420E+00
 0.594076010378738695E+00
 0.578506064468619699E-01
 0.625604040222416946E-01
 0.293541936334694609E+00
 0.261757642163719939E+00
 0.537468463077019232E+00
 0.693965883396439498E+00
 0.379014031811604923E+00
 0.194196855940512364E+00
 0.862219335252595531E+00
 0.139705084626142062E+01
 0.614115054300229612E+00
 0.718984531304770580E+00
 0.177021549288616487E+01
 0.339406232257836127E+01
 0.117745256207776805E+01
 0.117961005930801432E+01
 0.209125776881116376E+01
 0.524067982631777074E+01
 0.295068928400682884E+01
 0.295514367356276964E+01
 0.722408480977760625E+01
 0.328960953941832468E+01
 0.134364640949268010E+01
 0.155294991576093477E+01
 0.299135023836973257E+01
 0.114117413496196862E+01
 0.512589435158626650E+00
 0.986542264962788212E-01
 0.672150637157231667E+00
 0.341016391581655753E+00
 0.260062833950395922E+00
 0.406865184876851693E+00
 0.641033160055349938E+00
 0.433436718871546278E+00
 0.175842356483028928E+00
 0.499727381151304287E-01
 0.583433280404555443E+00
 0.429405303829248186E+00
 0.129419494992278533E+00
 0.209092580726425475E+00
 0.247733289221851311E+00
 0.195823451613802740E+00
 0.102301036308477797E+00
-0.959971949955615994E-01
 0.121932076385864063E+00
 0.113901909511080188E+00
 0.955637247054118982E-01
 0.180531664455778618E+00
 0.135106017066633194E+00
 0.162608543234806613E+00
 0.115016920769525632E+00
 0.960607633741550615E-01
 0.858476565297794231E-01
 0.135089545093039443E+00
 0.180990188117337775E+00
 0.180947133764141121E+00
 0.259718953877247583E+00
 0.532808690281214581E+00
 0.371298065254517862E+00
 0.378905325475925037E+00
 0.573548112490570361E+00
 0.142448186555088885E+01
 0.922167380819141069E+00
 0.923672031514060854E+00
 0.161062887432282920E+01
