-0.376463220753965266E+00
 0.301285787931095905E+01
 0.182053604803433000E+01
 0.148057096357791740E+00
 0.969489284492549008E-01
 0.261814603682160207E+01
 0.119210104346262247E+01
 0.235919100543091975E+01
 0.126363554449010462E+01
 0.908242167405956091E+00
 0.638516019972687032E+00
 0.101876462722307837E+01
 0.747329456767043099E+00
 0.817163591718285010E+00
 0.468392617482148221E+00
 0.227515128275113304E+00
 0.210383043496309624E+00
 0.953144909340698510E+00
 0.433122250657281216E+00
 0.933369988739105816E+00
 0.100064381737191965E+01
 0.317822743274292163E+00
 0.464340087548671898E+00
 0.553923003360626720E+00
 0.680463476789161303E+00
 0.834029467288925686E+00
 0.570415867311879210E+00
 0.874801125028377480E+00
 0.122125004893232747E+01
 0.711381527919934142E+00
 0.796318598520104781E+00
 0.133409211260716032E+01
 0.219147278096828124E+01
 0.131288400545150341E+01
 0.130808848740228423E+01
 0.184678135797712351E+01
 0.381913144397302995E+01
 0.273237689715449417E+01
 0.270511820587646712E+01
 0.336633507202994942E+01
 0.927456012041221456E+01
 0.747055132406325040E+01
 0.745284735369317186E+01
 0.771271687037446085E+01
 0.198451328882210754E+01
 0.306113904422138861E+01
 0.191764780965552206E+01
 0.362654660726955758E+01
 0.221280970311255754E+01
 0.637667248203165338E+00
 0.117009103698053618E+01
 0.203480172354222466E+01
 0.100468369447152095E+01
 0.763737036110711198E+00
 0.577732647019366330E+00
 0.868288335215458340E+00
 0.549102383761596369E+00
 0.713947655327855646E+00
 0.365356023787319351E+00
 0.678904370399367574E+00
 0.540825349426383606E+00
-0.194276925863721528E+00
 0.291048058968269685E+00
 0.358099243066352935E+00
 0.350498420804842503E+00
 0.546065680460877223E+00
 0.284870429139084225E+00
 0.472445340875770392E+00
 0.514412197554009132E+00
 0.185430096708133263E+00
 0.310175190213428098E+00
 0.418083162393001306E+00
 0.538170955092304393E+00
 0.465335910422111421E+00
 0.399268120264993864E+00
 0.581952056252909355E+00
 0.885931088629414831E+00
 0.540414154942884251E+00
 0.607823336374056722E+00
 0.104836257683934253E+01
 0.203179777141395990E+01
 0.119810986972731226E+01
 0.117800284705074976E+01
 0.162655333779482647E+01
 0.406252556234236817E+01
 0.293011364146441800E+01
 0.294221318628496320E+01
 0.353891588805247048E+01
 0.217225653193067192E+01
 0.195988494987978679E+01
 0.180598861753599960E+01
 0.172752279627970462E+01
 0.793895818937358166E+00
 0.103537741381192916E+01
 0.829955364755804559E+00
 0.137638320681843651E+01
 0.648992752819095964E+00
 0.258245111668191432E-01
 0.391340881101653604E+00
 0.494122478908973539E+00
 0.280051112697580484E+00
 0.293818092516237972E+00
 0.221798144942843473E+00
 0.108127286654323460E+00
 0.779293656481354624E-01
 0.389645936788017400E+00
 0.159854087457006161E+00
 0.224602939051843281E+00
 0.189915736019277748E+00
 0.828288627829859014E-01
 0.135166560167228472E+00
 0.154203505923058926E+00
 0.155372162504455791E+00
 0.228977746888041622E+00
 0.136190942130392290E+00
 0.184322045949080887E+00
 0.210407859389441176E+00
 0.996673763235501192E-01
 0.155465096181729906E+00
 0.228574671120412659E+00
 0.323210899019595266E+00
 0.229858420788808027E+00
 0.219831940506628687E+00
 0.280304526457025194E+00
 0.518088682338141759E+00
 0.403002024619584398E+00
 0.406316807767916677E+00
 0.396652562030247013E+00
 0.898037261680856735E+00
 0.921430958287053348E+00
 0.919917500482405059E+00
 0.000000000000000000E+00
