     33 -    30 -    30 -     1 
rmse=  25.5779meV
 -0.220280376344229     
 -0.287724586485945     
   2.43983268940463     
 -9.446999382204405E-002
 -0.698095985096611     
  -2.96174762264703     
 -0.554279816291526     
 -0.744816241715400     
 -0.345987735102754     
 -0.580526875131437     
 -0.394194153768487     
  -1.38652517292062     
  0.723044730657106     
 -0.539185114128381     
  -1.44627990716798     
 -2.241931575861735E-002
   1.75311632326686     
  0.216800499783819     
  0.514229291440643     
  -1.27124346903711     
  3.463695807100874E-002
  4.947085424335419E-002
 -4.985224589684587E-002
   1.42149337018867     
  -1.05540047408724     
 -0.328992920453061     
   1.84186246608045     
 -0.186317866367044     
  0.507072982718319     
  0.493483201412222     
   1.43967435504996     
  0.380749222619499     
 -0.416249443205929     
  0.384696734575010     
  3.573236204587391E-002
  -1.25742573439500     
  0.713069734689319     
  0.236142221357989     
 -3.659088356490427E-002
  0.464167300450018     
  0.176082612020325     
 -0.279381688662097     
  0.226841120965057     
 -1.274519963016994E-003
 -0.235965211880136     
  9.506372797534612E-003
  0.489746573739220     
 -2.750892495388110E-002
  6.807330359796988E-002
  0.151955528125901     
  0.422954737867720     
  0.374416821328003     
 -0.316652022428468     
 -1.129153167414461E-002
 -0.566705913714344     
  0.308848525352826     
   1.08315333720348     
 -0.323485628737343     
  0.139259464437672     
 -9.126424397536119E-002
  0.252488690686046     
  0.198087990903949     
  0.180694058912086     
 -0.166557734928200     
  0.441422786303747     
 -0.317259484288241     
  0.396538625630398     
  0.475315069767113     
 -0.443297277801338     
 -0.188460644602268     
  0.407233342599251     
  0.134149608182046     
 -2.537633543096852E-002
 -0.462227220382838     
  0.604795834546042     
 -5.261917622296552E-002
  5.209895181442107E-002
  0.442500145432941     
  3.858326737891441E-003
 -0.141729786366564     
 -0.318221155868233     
  0.159680596085720     
  0.143359113304667     
  5.265029189327685E-002
 -0.925194828084762     
  0.290281313844047     
  0.101795658874440     
 -0.288095413782782     
  9.802216287603642E-002
  0.261301645409239     
  0.204112782213783     
 -4.303185699119080E-002
  3.441007663366079E-003
 -4.159666670288899E-002
  0.300219269716215     
  2.653935488602591E-002
 -4.345755340123126E-002
 -0.447557919822882     
  0.368957565301923     
  0.345969113792416     
 -0.203060674478224     
 -0.825730503576628     
  0.848666283358069     
  0.584351835341777     
 -0.273819294855009     
 -5.259401672264286E-002
  4.704040113090187E-002
  3.199617167999700E-002
  0.237867720794920     
  9.597687491281683E-002
  0.117953273671143     
  5.059396833451623E-003
 -9.085249123486953E-002
  0.637772609071982     
  0.511618936983382     
 -1.243215658340430E-002
 -0.371902218902884     
  0.626386579991486     
 -0.429365558864874     
  0.330724370192164     
 -0.579018428890862     
  0.179512486486827     
 -0.458714048706237     
 -0.313336010527608     
 -0.509786502721701     
 -0.367734608356773     
  0.664278684774908     
 -6.014429034988256E-002
 -0.586459762072959     
 -0.340234403120083     
  0.550828919534513     
  -1.14150623027341     
  0.113146130100462     
 -0.281603765359182     
 -0.522676925128739     
   1.10263479452668     
  0.196641141508967     
 -0.529941615674223     
 -7.014374999561672E-002
 -0.344955212764739     
  0.216925228681948     
 -0.398441704103076     
  0.125578400746540     
  0.445274644593584     
 -0.145832743402253     
  -1.07008178372355     
  0.608872370296609     
  0.737107798025480     
 -0.679960795911198     
 -0.726151913939988     
  9.286217643946988E-002
  0.197480306218197     
 -9.171293343447370E-002
 -0.200942500607784     
  0.186180469014817     
  0.786779059535485     
 -0.858731858440912     
 -7.645345574925075E-002
  0.327447695320745     
  0.318833877910160     
 -0.199786295359747     
 -0.533262849960876     
  0.299682314162520     
  0.101999924059826     
 -0.927960288274965     
  0.278339334515572     
 -0.471357947667875     
  2.378860862248122E-002
 -0.272543646090495     
  0.226506921334565     
  0.149460251359159     
  0.151386758272254     
  4.340678884686346E-002
 -0.168197216655276     
  0.427737428613125     
 -0.273167708237088     
  0.563810641670731     
 -0.656769349509691     
  0.377394612395111     
 -0.176662380459049     
 -0.203108186705215     
  0.631070641191799     
  0.220585583268169     
 -0.960557564354012     
  0.171218083883448     
  0.141590217045698     
  0.159079564953095     
  -1.54184318126381     
  0.375745658919438     
  0.380135960591169     
 -4.816977883059534E-002
 -0.187979815175454     
 -0.124320431155843     
  0.666443152947250     
  0.207336054771250     
 -0.332810696354815     
  0.136581786678067     
  0.104962513786416     
  0.279891404795783     
 -0.414355401038154     
  0.232123001956632     
 -0.329443038556035     
  3.559310875216266E-002
  0.593417360734843     
 -0.444360299481579     
  0.324325514705351     
 -0.466372961940430     
  0.333371076149901     
 -0.244799614175642     
  0.160136526047186     
  0.300297535882240     
 -0.372144988159009     
  0.394240926888748     
  0.744130591581622     
  6.338216302431991E-002
  0.447656016475555     
 -6.853895585497238E-002
 -0.245438392035357     
  0.110103130254982     
  0.327003542100484     
 -0.299133078735343     
  -1.09645808894646     
  0.302141508145430     
 -0.549271770922420     
 -0.322526717811816     
 -0.342466062606632     
  0.508148785646639     
 -0.105472331018057     
 -0.227765753159469     
  0.510769456066558     
  0.207633842096554     
 -3.919692717565423E-002
  0.183771587186043     
 -0.309419465729897     
  0.144248005166682     
  9.861705381878820E-002
  0.501881711390429     
 -0.230899325338693     
 -0.334996665503325     
 -0.565967743647067     
 -0.142608178136673     
  8.259527261393414E-002
 -7.178192633991600E-003
 -2.123133779553416E-003
 -0.880569992103174     
 -0.175700437517627     
 -0.839368963972621     
 -0.326318030056114     
 -0.394494404275609     
  6.631585422877134E-002
  0.304435008982860     
 -0.714924907198038     
 -1.190341999912588E-003
  0.157070735440564     
  0.178111815912497     
  4.592479296071340E-002
  0.132268213207758     
  3.440637284398970E-002
 -0.844437555442110     
   1.11152426496211     
 -0.258801122347552     
  0.382669671801106     
  0.381547544747410     
  2.628011898269455E-002
  0.613074801456412     
 -0.972941612200199     
 -0.133581117708362     
  0.280227687683504     
 -0.659417083408878     
  -1.31568358666954     
 -0.367726146185318     
 -0.372701894716503     
  0.360654306422792     
 -0.434898003199399     
 -0.229258013262399     
  0.352491576358094     
  -2.11196359409660     
  0.217638130081511     
 -7.906720630768722E-002
 -0.374733431109259     
  0.518036205290147     
  8.991492850698446E-002
 -0.396479983260650     
  0.344932910519935     
  0.227652947125883     
 -0.268080279125301     
  0.324714212921964     
 -0.206280724643296     
  0.424891789089438     
  0.344047521598037     
  0.964546518617260     
  0.407050838926220     
 -0.187603379999896     
  0.271237312222553     
  0.329568525088100     
 -7.550357917694779E-002
 -5.319915259925191E-002
  0.202927235075299     
 -0.105485321658812     
 -0.205455499768474     
 -0.253693535563927     
  0.104697041590547     
 -0.423749194944432     
 -0.348058785166727     
 -0.688196152205053     
  9.485891029368095E-002
  0.380545275794591     
 -0.390410168451517     
  0.371873853450788     
 -0.119609666905256     
  0.497775783464199     
 -0.235589158890265     
  4.333571938014796E-002
  5.599533293545438E-003
  0.286315401983210     
 -0.621633303337465     
  0.309767279074220     
 -0.216323639980712     
  0.120833823539196     
  0.395165660929264     
  0.302195938787900     
 -8.151007267649378E-002
 -0.323864933838677     
  0.691475660474635     
  1.911691836900254E-002
  0.757662671251197     
  0.135089470190500     
 -0.225032954620634     
  0.471492682321873     
  0.361992066965008     
  0.559603608908995     
 -0.874665448570934     
  0.585322399462907     
  0.607911711875199     
 -0.238019497926605     
 -9.351487218706227E-002
  0.351375709871174     
  8.779519070526770E-002
  7.253945068363056E-003
 -0.130759530987724     
  0.138140005173523     
  0.152864319977476     
 -0.134070872493809     
 -0.491735003455082     
  0.451643641399467     
  0.134742454998606     
 -2.071028905979939E-003
 -0.353020990474959     
 -0.470503262942344     
  3.363738354223993E-002
  0.292904534622097     
 -0.649612595847917     
 -0.304041428429135     
 -0.295958579124934     
  0.209046468037482     
 -0.597803143875587     
 -0.101317440692368     
  0.737429952170537     
  7.427581916515723E-002
  0.203953693250377     
  9.215510756101566E-002
 -7.077299225201306E-002
 -0.273585707439782     
  0.289292904839202     
 -0.136802725628289     
 -0.165134155749039     
 -0.146345426550450     
 -0.454311437693360     
 -0.841125096629106     
 -0.156722297427264     
 -1.780949110528297E-002
 -0.184501138118470     
  9.841248098107765E-003
 -0.299689923919155     
 -0.266452910209003     
 -0.647330335550928     
  0.969431957775346     
 -0.108095624441613     
  4.176700452092116E-002
 -1.248854564485936E-002
  0.515890496381529     
 -0.259227382375219     
 -4.423746245544910E-002
  0.165022493859782     
  0.152027396442572     
  0.734523710157314     
  0.189983087586036     
 -0.249233457804398     
  0.157241869523277     
  0.697443054775546     
  9.476365548686940E-003
  1.986537329781544E-003
  0.251268722874595     
  0.156128097741133     
  0.199414397648949     
  0.382361874316435     
 -0.704603016102186     
   1.11507245844834     
  -1.76193849142806     
  0.140488115386644     
  0.185981850404295     
  0.363165862825659     
  0.132368496534626     
 -0.295879377533966     
 -0.553029548175178     
  6.921089691192998E-002
 -6.425357332998098E-002
 -0.347212069684060     
 -0.169620488809955     
  0.821258874830523     
 -3.882623515207314E-002
 -0.952811784753421     
  5.329397543048966E-002
 -0.892479106716184     
  0.472115573472672     
 -0.396763253669093     
  0.212077865081983     
 -0.848528564710149     
  0.551501121929099     
 -0.218979021153954     
  0.114399996452112     
 -0.366552112460591     
  2.084401241922296E-002
  1.301718444965609E-002
  2.409949889419712E-002
  0.138481200277394     
  0.397500409981810     
 -0.150908351785088     
  0.115998262205905     
 -0.109436696385368     
  3.323784402122848E-002
   1.00451213762354     
 -0.212375854035316     
  4.975848771444397E-002
  0.376403900244394     
  0.424409501527173     
  6.859952109420581E-002
 -6.685806281559857E-002
 -0.172029924261119     
  6.140476593659424E-002
  9.178547601921370E-002
  0.441240504155541     
 -0.645961766112663     
 -0.116960614562178     
  0.361051528410192     
 -0.512716549221390     
 -0.368807168917567     
  0.601948229846904     
  3.878357799041099E-002
 -0.155589948203284     
 -0.172305136248843     
  0.400961810437487     
 -0.379223602143369     
 -3.923787086273008E-002
 -0.478573867393862     
 -0.326099244955580     
 -0.251043668250397     
 -0.526188913824272     
 -0.749235690088122     
  0.211239143998479     
  0.109026242168772     
 -0.373558020717013     
 -0.406732475014065     
 -9.337752431334458E-002
   2.00956649490404     
 -0.317036680459989     
 -0.148440338148348     
 -0.143326698148620     
 -0.301659184298218     
  0.723651193442992     
 -0.237967949643308     
  0.911096771700884     
 -0.367851627559419     
 -0.439743998251940     
  0.142325339672555     
  -1.69578099037114     
  0.806195672876369     
 -0.416198394140388     
  0.384544264539829     
 -0.845555309588527     
 -0.423969118780484     
 -0.165317202502596     
  0.952305017118212     
  0.316476151484052     
  -1.35881987853932     
 -0.917464185431645     
  0.321261420077972     
 -0.196983326454170     
 -4.209905117709539E-002
  0.122144312203945     
 -0.411937133826112     
   1.47215957854647     
  -1.00402717690511     
 -0.438398824395701     
  0.201571639486956     
 -0.279111965900748     
 -0.192379924684129     
  0.315331247330660     
 -3.750864066369055E-002
 -0.102116975550271     
 -0.481069117474080     
 -0.775615375100461     
  5.625145460446267E-002
  0.224849904954057     
 -0.370575181603086     
  0.251268535291393     
  1.414834464646354E-002
 -0.421995411127392     
 -0.393139066165960     
 -4.444566873019935E-002
 -0.100215613262321     
  0.925774576614624     
 -0.129332831986051     
 -0.992382992960583     
  0.548774888074344     
  4.353895652020257E-002
 -0.417217142786760     
 -0.444029888993589     
 -0.380306054956681     
  4.711631708344662E-002
  4.842600994761587E-002
  0.177623549876770     
 -1.790283022955321E-002
  2.217816010305093E-002
  0.478985436660699     
  0.190304688543395     
 -9.793961897302594E-002
  8.348609300435789E-002
  0.229477185060332     
 -0.403538127184883     
   1.01508424486219     
 -0.143493646433486     
 -0.181579651611785     
  -1.08402438353387     
  0.254368703032636     
  0.131358795702441     
  0.198751188262099     
 -0.265459766045830     
  0.508070577912085     
 -0.268780464266681     
 -0.233320197119001     
  0.530786108508973     
  0.614594446397750     
 -0.298080387291573     
 -5.975737860071623E-002
  0.361792605624219     
  0.180382979441469     
  0.143896040051899     
 -0.222659298509233     
 -0.175936353147977     
 -7.798506899698091E-005
 -0.447740478126098     
  0.324686412158366     
 -4.364426230245161E-002
  0.217895762701723     
  0.289741745421009     
 -6.022258680887117E-002
 -0.195322443385323     
  2.527133448087958E-002
 -0.371707800064132     
  0.152499780275325     
 -0.425248473813007     
  8.205109357634964E-003
  0.636243891564592     
 -0.670849367298353     
 -0.430414553530037     
  -1.11950859902219     
 -0.817691039442697     
  0.175478076143854     
 -5.991701505741466E-002
 -0.220728348775211     
  0.160848537942801     
 -0.170592452329751     
  0.646358963184833     
 -5.526288020102252E-002
 -0.305389038163766     
 -0.498042392570698     
  0.160188160218558     
   1.04024070656064     
  0.102288154117857     
  0.207683411396722     
 -0.201833411039773     
 -0.383649228767260     
  0.519386537942199     
 -2.921744539542227E-002
  0.100143594558558     
  0.319962721873968     
  0.490694828668399     
 -0.803798892926161     
  6.851833023789104E-002
   1.17813597091745     
 -3.149746347892209E-002
   1.45837514804465     
  0.641955934331352     
  0.347918766738950     
 -0.162508335643990     
 -0.968172265008221     
  2.609134376446112E-002
  0.226659068713585     
  0.623262643983767     
  0.642848165598600     
  8.992953056930210E-003
 -0.417686563856083     
  0.454826698399396     
 -0.134342077717904     
  0.416344226301409     
  0.930267970275122     
 -0.336894471788633     
  0.851214705558430     
  0.883856777061821     
 -0.929453121626960     
 -0.409750735439488     
  0.783038031576839     
 -7.879822894546885E-002
 -0.274026187297843     
  0.440217812417147     
  0.321813712421893     
 -0.481125302952285     
  0.616151981797971     
 -0.795837814498442     
 -0.538337205774915     
  0.258279001168465     
  0.113295756330644     
 -0.438713370640262     
 -0.314373086389536     
 -0.174502507129987     
 -2.266081853192561E-002
 -0.114867419838236     
  0.749406036878084     
 -0.461843016783305     
  0.845535336449923     
  5.539410880477164E-002
 -0.119267529724357     
   1.21944491313660     
  0.513453425777293     
 -0.507636045501410     
  0.389714452394608     
 -0.204466591383899     
 -0.620910029905774     
 -0.270667128764891     
 -0.209966945569691     
 -1.200109138276114E-002
 -0.781130172392989     
  0.329376491340317     
  -1.40913734567586     
 -0.271918071881303     
  0.152316236241211     
  0.279547549683395     
 -0.260817960993216     
  0.277760898010322     
  -1.58758942925339     
  0.630208133226021     
 -0.973034917969562     
 -0.603562852278008     
   2.31323870277307     
  0.141713528204746     
  0.498328250862261     
 -0.387016918564857     
  0.674625461507979     
 -0.609687294705333     
  0.222779020531562     
  4.715120974898662E-002
 -0.697820751628309     
 -0.573309327584843     
 -0.143577464885853     
  0.214606365975765     
  0.494305165030916     
  0.297767723511145     
  -1.12124195988116     
  0.682372369188035     
 -0.598919647097288     
 -2.612721568603121E-002
  0.306969070986296     
  0.710909945359566     
  0.687136774435194     
 -0.594923157785379     
 -0.581191566933609     
 -0.746328887165412     
  0.300056247923619     
 -0.218275294502442     
 -0.352253775201243     
  0.506261865046472     
  0.832812663289812     
  7.355539593035837E-002
  0.406904188708622     
 -0.157969881893260     
 -9.314415575601401E-002
 -0.268675884645728     
  0.451227555301715     
 -0.204362378783033     
 -3.749383594321951E-002
  0.530128474996851     
   1.20176962365102     
 -0.690932301925007     
 -0.487640077161318     
  8.867239956424421E-002
  -1.80944689474171     
 -0.994163784588004     
 -0.237274978949804     
  0.354027828713917     
  0.179509870415660     
  3.683742124228872E-003
  0.255658591662534     
 -0.672610323074695     
  -1.55458408750559     
   1.30605796426329     
  0.907776033224426     
  0.217010781465390     
  0.504708726619832     
 -0.674377539687578     
  7.368949593015171E-002
 -6.933539374778404E-003
 -9.833375115961768E-002
 -0.257981719333914     
  0.287011402823069     
  0.872245730679244     
   1.71185637257014     
   2.45584137902350     
 -0.888214582558954     
 -0.833573225297223     
  0.799420511155391     
 -0.957324398387410     
  0.546658657521935     
  0.385568804754352     
 -0.530590286905335     
 -0.318822665898951     
   1.15461601012597     
  -1.00345381438352     
 -0.560523110934386     
   1.03158213377641     
  0.146185673609068     
  -1.10859305800441     
  0.567098299841381     
 -0.156062655880430     
 -0.188396235757189     
 -5.140292315155327E-002
 -8.397331169309112E-002
 -9.759437240795484E-002
  0.650506813920181     
 -0.439514492376211     
  0.141165316487134     
  0.189222208492328     
  0.262733446279769     
  0.207187179570338     
  2.701257895017160E-002
 -0.507514868205993     
  0.250179211848545     
 -0.983809845403627     
  0.133592433226985     
  0.320895880639658     
 -0.271315532663948     
 -0.374380519441641     
  0.497251955605263     
  0.307885022989450     
  0.283140079836054     
  3.214294028540211E-003
  0.263494777312502     
  0.257124584012485     
 -0.475183412294902     
  0.103197347015927     
 -0.107316832481172     
 -0.488432488801407     
  0.721186187883833     
  0.462732893173761     
  7.229711317904935E-002
 -0.397174717310453     
 -0.577134619048101     
  4.427970596420604E-002
  1.494023351447722E-002
 -2.523769776079895E-002
 -0.157741178182612     
  0.133913804189338     
 -1.757988314146279E-002
 -6.748277134291689E-002
 -0.296564089861164     
 -0.368091068322365     
  -1.10838963172662     
  6.733837628039170E-002
  0.524806956272686     
 -0.691974019913633     
  0.224369411513085     
  0.381264471164983     
 -0.704381339975495     
 -0.141522589333371     
 -0.260628739445054     
 -0.212171399115573     
  0.740904174948159     
  0.149182651039543     
 -2.348265200080919E-002
  8.309217942097757E-002
  3.988996736969747E-002
  3.046728971903562E-002
  0.891948491971156     
 -0.192982097660659     
  0.172377477476343     
   1.89887391643867     
   1.20793858136464     
 -0.275886095095027     
  0.794816142180728     
  0.336596980813002     
 -0.199875317761818     
  0.227543335715611     
  0.420826577793710     
  0.956680431162395     
 -0.511354165258193     
  -1.14456685907579     
  0.577111029479225     
 -0.868968531417285     
 -4.708789500368839E-002
  0.428973667928100     
  0.256716201330890     
  0.583581852514647     
 -0.604318111254106     
  0.295618382405284     
  1.149343145403572E-003
  -1.35323121376017     
  -2.43694809887271     
   1.02091048701741     
  0.770914849824408     
 -0.278396019370897     
 -0.416007157052066     
 -0.525332691688807     
 -0.520809290179247     
 -0.175111088198060     
  0.357629075181475     
 -0.849343781959193     
 -4.866855943825894E-002
  0.120211675309959     
 -0.482692437549882     
  0.380154773981203     
 -0.280167936143413     
 -0.721046588497125     
 -0.296083915551642     
  0.144928108922795     
  0.152545892369412     
 -0.655881179821553     
 -0.413266060569432     
  0.360612376699413     
   1.18625337697908     
  5.950591264407105E-005
  0.741470511733010     
  0.526196617215945     
  0.879106276147442     
 -1.657523274370636E-002
 -0.723912403867298     
  0.585400062719209     
 -0.122433229915836     
 -0.433531941113166     
 -0.368798512324185     
 -0.277832606186898     
  0.236989319399395     
  0.231584730014783     
  0.589705294857821     
 -0.306795909950284     
 -0.234603446750707     
  0.254854999214879     
 -4.435952479587354E-002
  0.283367904373502     
 -0.577461369008403     
  0.215388763094817     
  0.112928850859944     
  2.203571379866208E-002
 -0.214095061959045     
  0.572650652099941     
  0.208151625853325     
  0.126206084266464     
  0.220952232761955     
 -0.565211083699072     
  0.660012910187554     
  1.063020230067574E-003
 -0.710696923529948     
  0.566537569258970     
  -1.25590908914583     
 -0.455409147800629     
  0.167074011682533     
  0.387422704534605     
 -7.609075290393470E-002
  0.481116871175609     
 -0.325691327636988     
 -0.700779568966599     
  3.422685894012922E-002
   1.30557104527129     
 -0.138421555332547     
  0.406946688178193     
 -0.186650502976118     
  0.417863990963301     
 -0.285635657340661     
 -5.011177411354135E-002
  0.388751587561897     
 -9.010491998371449E-002
  0.486938267871743     
  6.150513694369346E-002
  0.626960324829155     
 -0.317744487194359     
 -0.732225482193999     
 -0.444498938696146     
  0.655835346203061     
 -0.222109656408314     
  0.382128748254442     
 -6.003130904305660E-002
  0.185007231083259     
 -1.151057348612629E-002
  0.815646219140728     
 -0.815373869408302     
  0.447816993501850     
  0.518614052340703     
  0.829717872387057     
 -0.539689026403674     
  0.204536558261785     
  5.364308781962123E-002
  0.216586968813159     
  0.441074275736905     
  8.379351942379057E-002
 -0.711964168663298     
 -0.377715859001592     
  0.218811840124179     
 -0.922659991599375     
  0.180092814870549     
 -0.217507415660240     
 -0.321378202206168     
  0.192467586008945     
 -0.404383398888437     
 -0.247766769896199     
  0.900025727737076     
  0.765623682316078     
  -1.31276828569534     
 -0.645614042698546     
  0.580279944237636     
  0.373060104812418     
  7.488357321907561E-002
  0.478280114808662     
 -0.466626550015592     
 -3.235212339117445E-002
  0.366105119688923     
 -0.275359697658105     
   1.12173199888024     
  0.713699957554148     
  -1.32828117593054     
   1.00651389194836     
 -0.524614237559944     
 -0.523053919523237     
 -0.911117494999277     
   1.01908785144504     
  0.157339737835812     
 -0.353179881797658     
 -0.199331771228460     
  6.296079856085685E-002
 -0.111964423831821     
  0.240423335051653     
  0.931081358705371     
  0.172307428957559     
 -0.429320156925659     
 -9.180186341691683E-002
  0.293598310326258     
 -0.190007583141894     
 -0.566180145137421     
  0.159689672515885     
 -0.172813346183702     
  0.452048317855891     
 -0.396124972913637     
  0.995008819915626     
  0.379474225757502     
 -0.767758938137717     
  0.194630925155624     
 -0.204039460633379     
  0.354056908723598     
  8.040501421700177E-003
 -8.149103278869334E-002
 -0.498012165637262     
 -0.640333306999145     
 -0.276566552619621     
 -0.137167925739824     
  -1.24154102570748     
  4.682382924600201E-002
  -1.15906736221926     
 -0.101949857280273     
  0.540042591194684     
 -0.324461783473062     
  0.432485490999091     
  9.730911844425236E-002
 -2.600379100940360E-002
 -0.217670535299570     
  0.157488690497353     
  4.292470894428958E-002
   1.28916043295109     
 -0.450353237606491     
  0.348452866298432     
 -0.124586757479661     
 -0.163233796068433     
 -0.317098076345007     
 
 -0.367014763475204     
 -0.121349184848542     
 -0.254487388152613     
  0.139138820049153     
  4.452361975076793E-002
 -0.614705854731459     
  0.329519071510383     
   1.05104776230255     
  0.177765644878819     
 -0.102324885584594     
  0.327396574251417     
 -0.241183315836957     
 -0.350834625011829     
 -0.545826759361983     
  0.131379257102618     
   1.01776607418317     
  0.992617905378920     
   1.70821802490871     
  -1.22859673288464     
  0.446008864778162     
   1.04303500212839     
  -2.26166075284955     
 -0.116577190604401     
  0.144679569460045     
   2.42180482653312     
 -0.640007446938866     
  0.161889770084687     
  0.385068005332610     
 -0.427858992553309     
  0.988288105569675     
 
  0.579501604131853     
 -0.124534638497796     
  0.410413064892272     
  0.458973405007137     
  0.692150256238069     
 -4.740474600712975E-002
  0.623266202563191     
  -1.43818778021653     
 -0.639338069315476     
 -2.160247127059736E-002
   1.45093057018626     
   1.76745733658293     
  0.849882228132292     
  0.877743075433634     
  0.739672350857137     
  -1.07764851554518     
 -0.735597653593671     
 -0.254763024262664     
 -0.119862178148681     
 -3.479406981776702E-002
 -0.944546312771243     
  0.930649041772767     
  -1.29579721807481     
  0.281408924157684     
   1.06985993656387     
  -1.06166932074246     
   1.13511122722968     
  0.537666527547925     
  1.609775825002182E-002
  -1.18128584194098     
  0.771091470842912     
 -0.882960839336938     
  5.742768599629572E-003
  0.641907101335309     
 -0.177813034337018     
  0.915704058851275     
  -1.03427904780318     
 -0.976001160880554     
  0.356193018799838     
  -1.81219809920517     
 -0.247547126809844     
  0.294211678091647     
  0.247737055281229     
 -0.914519600760021     
  0.208046854929334     
 -0.938380203375639     
 -0.960096658920713     
   1.01208013263974     
 -0.702731376927609     
  0.414725947070632     
  0.395715821594448     
  0.430947981750062     
 -0.639402755849451     
  0.112052862506813     
  0.563504579394415     
 -0.104117245139323     
 -0.384698316494464     
 -5.365535576920534E-002
 -0.255913443320310     
  -1.26156836337104     
 -0.445961165482137     
  0.111582976485412     
  0.193043609702957     
  0.910890813374130     
 -0.854784041937019     
  0.297455348168266     
  0.214044539704299     
 -0.702058008591002     
  0.863326999604141     
  0.910024600213372     
  0.858882645481810     
 -0.198147182210812     
   1.21649597417031     
 -0.532006282001351     
 -8.965631571726536E-002
  0.427978350065659     
 -0.143880294593974     
 -0.522447837621347     
  0.171665053132586     
  -2.14304391744900     
  -1.84076462939198     
  -1.84934406482258     
 -8.128106841283429E-002
  7.271286308281993E-002
  0.589164290969760     
  0.340882047293494     
  -1.32324415090366     
 -0.297356670836184     
 -0.908055276133195     
  0.533817248719553     
  0.315276161185798     
 -0.587176516555468     
 -0.894117037987620     
  0.278036221205167     
 -4.476243051999301E-002
 -0.299907869673465     
  0.637765211892701     
  0.305000860576365     
 -0.181017566848581     
  -1.25655064816721     
  -1.61088565354372     
 -0.299222556598797     
 -0.344966288628915     
  0.553065223328965     
 -2.126460581205723E-003
 -0.411203120786929     
  0.548483470116246     
  0.348342350711688     
 -0.430259334960249     
  0.143414588099962     
  0.784398389473332     
 -0.193077465317762     
  0.754556939358081     
  -1.17441639276021     
   2.04324637864835     
 -3.884476960657515E-002
  0.322539127689811     
  0.313432762984166     
  0.267544319991632     
  0.901850399680412     
 -0.226102962115763     
  0.350508002604425     
  0.438901022049942     
 -0.321877360184071     
  9.198725252390426E-002
  8.567756674041353E-002
  0.145953065176508     
  0.458247129836442     
 -0.269359449724990     
 -0.880229265179475     
 -0.829893714149012     
  -1.15728421612916     
  6.855126191262180E-002
 -0.317944893721229     
  0.127598064510659     
 -0.456692297905352     
 -6.632151061913714E-002
 -9.892610841191905E-002
 -0.803401959152678     
 -0.201999801370024     
 -0.446884720951898     
   1.48383235095984     
  0.591415031767389     
  0.491948007630402     
 -0.154955857044997     
 -0.187928065958293     
  0.463129086930953     
  7.220957845694614E-002
 -0.204294640559734     
  0.287375735716574     
   1.30502366485256     
 -0.628442562544144     
  0.960320390939600     
 -7.817563032190510E-002
 -0.173558000582179     
 -0.421689064734425     
  0.462050168838335     
 -3.804125707175385E-002
  0.562984268703508     
 -0.629733799470427     
  0.645161536194297     
  1.529649131680105E-002
  0.437662029933772     
  7.944281930280178E-002
  0.166329881572593     
 -0.578819210046396     
 -0.482355463509683     
  0.721476475781954     
 -0.335853989524243     
 -0.509007988029659     
   1.94284319319566     
  3.667636979356365E-002
  0.290057730750220     
 -0.260729258166191     
 -0.486433324819349     
 -0.250571400263365     
  0.622408963881412     
  0.197798283826266     
 -4.769703867879065E-002
  0.886750406034726     
  0.121019648254753     
 -0.435423715290939     
  0.636728092169665     
 -0.322513003274345     
  1.678483248588635E-002
  0.741016609217601     
  0.877926810141109     
 -0.487747357437576     
  0.343245768897658     
  -2.02141236865111     
 -0.874790104357450     
 -0.402633753836465     
  0.143996213492928     
 -0.451217317910947     
 -0.329063292728660     
  -1.37179380706813     
 -0.663059293993674     
   1.46826996072241     
 -0.452342908486986     
 -0.581762461679295     
  0.646598998317817     
  0.615084951533693     
 -0.193932625744607     
  0.697729678120981     
  0.660046040047878     
 -9.490978012499501E-002
  0.392216568586060     
  8.198805299988336E-002
  0.375671160248736     
  0.601195191089487     
   1.67971233800953     
 -0.900102321468626     
  0.496039867508876     
 -0.176850659642312     
 -0.467801161099598     
  0.312025533731794     
 -0.465053685855329     
  0.619207076052563     
  0.163423002181024     
 -0.565547832124345     
 -0.531146865120870     
 -0.769125209743274     
  -1.13568461242462     
 -0.407534447860661     
 -0.606362632874450     
  0.603370879165801     
  0.393526247931370     
   1.41836649810581     
   1.15270397149230     
 -0.356219112599454     
  0.121826034546963     
 -0.687557829550913     
   1.22964195490557     
  7.919132374310450E-002
 -0.666597226459901     
  7.184647163487420E-002
  0.290752784625102     
 -0.187829607907034     
  0.226246278264748     
   1.45239578252337     
  0.671513805556722     
 -1.431793115990938E-002
   1.23995217414947     
  0.777963052994267     
 -0.547190683184906     
 -0.768206916538887     
  9.744326913165728E-002
   1.90756163474274     
  3.477446042014528E-002
 -0.860466010781516     
 -0.244457016006742     
 -0.286733796350271     
 -0.482089496743016     
  -1.05446352045628     
   1.24290305382324     
 -0.422576003509209     
 -0.707624676080972     
 -0.482977855697319     
   1.05742142722217     
 -0.701823556186695     
  0.902127292712481     
 -0.900701480914661     
 -0.169566975633532     
  -1.06810413515869     
  -1.17422683808753     
  0.610845727544408     
  0.726165718016163     
  0.862556888854053     
 -0.547741660325704     
   2.01539824481542     
 -0.570050617382394     
  0.118671257188060     
  0.911911334328866     
 -0.244564618779603     
   1.38671739107598     
 -0.296297338242552     
   1.14101085053706     
  0.830857517027518     
 -0.168151671969112     
 -0.194784314986502     
  0.415918116939322     
   1.46283143384219     
   1.30348505796055     
 -0.126933190920452     
  -1.22307542306174     
   1.23625924077239     
  0.508378874882932     
 -0.742814980539710     
   1.13263901166585     
 -0.336365823527046     
   1.92327672640429     
 -0.658509102581465     
  -1.41964623358229     
  -2.13574910207759     
 -0.124459901795744     
  0.295992457026788     
 -0.723644611595271     
 -9.875794056212801E-002
 -0.984951331136864     
  0.561752793329140     
  0.414329328976089     
 -0.395661018142217     
  0.503847769846684     
 -0.204142697043885     
 -0.207496129850109     
  0.288053739489598     
 -0.132302262065692     
  0.715408539668298     
  0.220210781459954     
 -0.824056870038049     
  9.808868748624251E-003
 -0.405109470888067     
 -0.401846489005891     
 -3.505261200151176E-002
 -0.606931283280811     
  0.580913758632767     
 -6.695361758830089E-002
 -0.558209556393462     
   1.20872989574670     
 -0.442258109032885     
  0.911492245424544     
 -0.581463826212733     
   1.00925785709075     
 -0.477930352073383     
 -0.120980051838900     
  0.209414701647171     
  0.297341463359132     
 -0.270548196993264     
  0.233276605135159     
   1.30390309572351     
   1.10020785865022     
   1.06301639068386     
  7.265258585340520E-002
 -0.151018579624582     
  0.775121226279539     
  0.684545356686480     
  0.249183662628680     
 -0.322280283308064     
 -0.487119699152314     
 -0.354801970974233     
  0.148434775231776     
   2.16228923782725     
   1.09866327450044     
  5.423099743448340E-002
 -0.909975974128334     
   1.77114463040185     
 -0.191961865249981     
 -0.447684769844517     
   1.57729445398134     
 -0.545704072132277     
  0.301271245083480     
 -5.596028428492066E-002
 -0.204964628037392     
  -1.13108074817145     
 -0.197625758898354     
 -0.453056176231938     
  0.695165457381215     
  0.458679762592176     
  0.191041187156354     
  0.502742347893696     
  0.381910879516520     
 -0.856421364033665     
   1.16477804259457     
  0.130322409438640     
 -0.550813225780907     
 -0.284614646186066     
  8.513335811496837E-002
  0.883717870742551     
 -0.209942056327373     
 -0.391147777780023     
  0.791016773726394     
  0.193631795717280     
  2.787436211480305E-002
 -0.367209582892230     
 -0.783929562185753     
 -0.510067682233050     
 -0.965433357736334     
 -0.712580005032415     
  0.354764400905111     
 -6.035084918246474E-002
  3.074996012168214E-002
   1.00184757143923     
  3.178226807034743E-002
 -0.874504421278454     
   1.02592456241972     
  0.104209635398029     
  0.391965505596166     
 -0.417541487073164     
 -0.272369648052100     
  0.367997780828069     
  0.127506081511843     
  3.748439343918858E-002
 -0.642793659947148     
 -0.413787491616045     
  0.766423016615753     
 -0.410636775334413     
 -0.492964257233334     
 -0.488627024748010     
 -8.801543203314846E-002
   1.82238183260430     
 -0.549605736553426     
 -0.700439097376724     
  0.267499044170630     
 -0.422500065006990     
  0.674181557085141     
  0.226556327769190     
   1.10016647598682     
  0.208337118816485     
 -0.203748220819891     
  0.904797753563721     
 -0.667782603032816     
 -0.155797984398479     
  0.177145926379576     
 -0.148585021692587     
 -0.295212242452418     
 -0.564102258486964     
  4.649063622209275E-002
 -0.261182904260942     
 -0.604390493878094     
  -1.16522568101620     
  0.673765477214120     
 -0.956471009948064     
 -0.289662743712643     
  0.331838694999599     
 -0.678574116219412     
  -1.36974107391396     
  0.758452615898772     
 -0.611276305251245     
  0.275033418534578     
 -0.144834272929265     
   2.43675334292774     
  -1.21693137888142     
  0.103685840110727     
  6.290610094267463E-002
  0.185895514054318     
 -0.358994885186792     
 -0.242611549102154     
  8.360500198654036E-002
 -0.737039117216867     
 -0.339646916724774     
 -0.836457128367078     
  -1.15263164014273     
  0.520432982155940     
  0.600407090224973     
  -1.67970434859863     
 -0.597486903387115     
 -0.580287670516086     
 -5.983835592770953E-002
 -0.114734327474244     
 -0.793020396896203     
 -4.546011942018242E-002
  0.549426829518337     
   1.40063573651733     
  0.358777304132314     
 -0.356641349484338     
 -0.617260216054856     
  0.624989244128704     
  0.173774883109832     
  3.388482895606899E-002
  -1.43098185069183     
 -3.165234592676672E-002
  0.786892503851353     
 -0.547827509066176     
   1.67636916350084     
  0.713924998329788     
  0.243028702531211     
 -8.862647921730428E-002
 -8.697869216407909E-002
  0.403247022358951     
 -2.553179526119965E-002
 -0.455118325286664     
  9.890348604836702E-002
   1.43957736098087     
 -0.264743704109729     
  0.408623838787378     
  0.612358588744584     
  0.628007534128026     
  0.346007213928142     
 -0.113386703355459     
  0.698919277040588     
  -1.43155204667106     
 -0.742735307935444     
   1.03431022709657     
  0.503944108591035     
 -0.435319056393746     
 -0.916757559008321     
 -0.495159171272290     
   1.03355049841919     
  0.233198822080621     
  0.350030502790060     
  0.638855292102572     
 -0.130031609904550     
 -0.546831250276681     
   1.32724828960403     
  0.358778112748079     
  0.821010001186199     
  0.967187282117651     
 -0.204804756038077     
  -1.33084323661133     
 -0.582919322053505     
  0.730497239732670     
 -0.584475645203996     
  -1.38276818039253     
  0.146060932518908     
 -0.384685437674554     
 -0.563415526232087     
 -0.799409455316800     
  0.274947702892039     
  -1.14092864473472     
  -1.27761343614429     
 -0.878055762658958     
  1.568895399804977E-002
 -8.260134141435364E-002
 -0.603690763240016     
  -1.13568590476223     
  0.480182492013175     
 -0.879020402066128     
 -7.841479038816339E-002
  0.579704396315886     
 -0.118422549919416     
  0.160175692975930     
  -1.64086151207728     
  0.384805041740558     
 -0.453645584805255     
 -0.181924096159658     
  1.583730637759145E-002
 -0.548243496555530     
  -1.15931388442373     
  0.311225798274250     
 -0.224417849156293     
 -0.116881694207753     
   1.48755867563757     
 -0.550446305499056     
 -0.179584620072741     
 -0.227907600987256     
 -0.334481125732533     
 -0.892949243421347     
 -0.214487136922045     
 -5.230509089636287E-002
  -1.87888727757653     
 -0.643954945620175     
  -1.10668478104254     
  0.495403646235915     
  0.124042394299716     
  0.326417750726345     
  0.304143109909391     
  0.813175047542820     
 -0.302422791319869     
  0.402186851163754     
 -1.595409431509454E-002
 -8.841782962293916E-002
 -0.165954302497295     
 -0.170271486470275     
  0.205690360979689     
 -0.412729179490872     
  -1.06191204555538     
   1.43459788041767     
  0.832813593815685     
 -0.933967114583443     
   1.17273179985486     
  -1.48482008042145     
   1.41474741891440     
  0.556788348746233     
  0.185087616639508     
   1.36192657658153     
 -0.906411061324167     
  0.825105982824059     
  -1.01289213499575     
  0.542103301384118     
 -0.724724800045561     
 -0.571237098157197     
   1.42886125499621     
 -0.489354643871917     
 -0.359451086725143     
  0.209836548333819     
  7.646984016282196E-002
  0.179675286483941     
 -0.584654971414931     
 -6.087069762930948E-003
  0.459074859092267     
 -0.187600142947566     
   1.70353207983036     
   1.00723369278100     
   1.98392470476186     
  5.628540648556200E-002
 -0.146529019749230     
 -0.677145583747769     
  -1.05872590245787     
  0.773050896667329     
  0.409104185674495     
  0.450647339204653     
  0.183813085586488     
  0.363993217620094     
 -0.987576594331173     
  0.127232149830222     
 -0.161773787595993     
  0.640867300646223     
 -0.507909487783521     
   1.17648115479281     
  0.930664693833342     
  4.239541417651732E-003
  -1.12183955217860     
 -0.831193126936036     
   1.10747735841019     
  0.278629920826014     
 -0.874353782602396     
  -1.30533848966726     
 -0.760740311170533     
  0.409147788830906     
   1.22988958041857     
   1.95714205861202     
 -0.754155116273397     
   1.96843304210695     
  -1.57710425169248     
  1.870445683134373E-002
 -0.789208554541965     
 -0.819926757935756     
 -0.670324413136483     
 -0.295896531312057     
  0.305210549783477     
  -2.68000253669300     
  0.298254809026669     
 -0.650441229311254     
  -1.88744246397687     
  7.345627191674324E-002
 -0.662093064390514     
 -0.582739466592509     
 -0.210240822430447     
 -0.131100545695712     
 -0.740178122043803     
 -0.829813668145523     
 -0.439439034344875     
  -1.19949724538037     
  0.723570936865987     
 -0.307630788463062     
   1.09305455965460     
  -1.04204329050528     
 -0.650796550438005     
  0.715609858808152     
 -0.499359829620423     
  0.870993453363377     
 -0.792229761551870     
 -0.534363832175065     
  0.985269477360490     
  8.687930086651306E-002
 -0.359727142975817     
  0.657668804383570     
   2.83667853569497     
 -0.865150142717960     
 -2.521166702669014E-002
  0.764428738084713     
 -0.780499856069834     
 -0.385601774861801     
   1.34209204196877     
 -0.807966983968742     
  0.284509043052583     
  0.229665607515235     
 -8.785841189969368E-002
   1.06973085744500     
  -1.60449155011367     
  -2.38112462467437     
  0.675217165659250     
  0.191593518882221     
 -0.529061872587368     
  0.504590479456750     
 -0.651319662914056     
 -0.858993094173458     
  0.768940929863092     
  0.541082126800755     
  -1.13164722370180     
  9.793520645898801E-002
 -0.934223812803848     
  0.664430127250061     
 -9.706171900946869E-003
  0.593229741404821     
 -0.739951767675298     
  0.301921276209978     
  0.189979347462627     
 -0.721145067090902     
  0.627739281711037     
  0.154591640423507     
 -0.955784215612065     
 -6.681185353447361E-002
  0.887641283480936     
 -0.623444095759778     
  0.841194006156164     
 -0.385540840998872     
  7.786377924603914E-002
 -0.587258881233401     
  -1.30120792237395     
  0.113893946262755     
  -1.51139891811488     
  0.754666057242082     
 -0.499205341248088     
  7.028265113356932E-003
  -1.02417715432534     
 -0.270100801158440     
   1.64426894868204     
  -1.30652464334727     
  0.531324334386213     
  4.792452491888873E-002
  0.594057367937108     
 -0.763033412361103     
  -1.57996816409282     
 -0.681864780006178     
 -0.463465198849265     
  0.990180817431280     
 -0.859142578576620     
  0.560274218949552     
   1.70315285858757     
 -0.227709562181945     
 -3.386375549291903E-002
  0.537924971363492     
  0.326307531709027     
  -1.02109970466360     
  0.385253951807765     
 -0.207566957641742     
 -0.304892810716667     
  0.747256730566152     
  -1.33053365477076     
 -6.360621755314212E-002
 -0.794054369644721     
 -0.343024478433207     
   1.23485368006741     
  0.346840277205201     
  0.657530294388430     
  0.149042459959150     
  2.871427830310019E-002
  0.377296144833034     
 -0.438645118164720     
  0.247473686979621     
 -0.429517751788227     
 -0.636752788728220     
 -0.100682333600817     
  0.481600042491412     
 -0.227238539525104     
 -0.154572117452367     
   1.49045862334331     
 -0.878378498710233     
 -4.086485594402564E-002
  0.695849714711046     
  0.789217390772415     
 -0.333538540617213     
   1.29725083895653     
  0.970742719738139     
  8.147439713018924E-002
  0.143268695885409     
  0.710602582722701     
  0.132141667473524     
 -0.324329973384628     
  0.927455419817058     
  0.586625581350064     
  -1.02301742846932     
  -1.16573033040175     
   1.32091654546989     
  0.459627966770259     
  0.262549270627383     
  -2.16034766253263     
  0.346962055248132     
  0.346010742930051     
 -0.374585338010956     
  -1.09937235221532     
  0.303028811214464     
 -0.700162078988658     
  0.545761226438757     
  -1.82661360319160     
  0.792698507017369     
   1.62040036112713     
 -0.219891269745488     
 -0.413338035077205     
 -0.341713548936961     
  0.446218911380916     
 -0.445958697751490     
   1.60791513576023     
  0.147510960111480     
  0.641065707824178     
  0.356860098361217     
  0.803943814445262     
 -0.533435475207526     
  -1.42243399594263     
 -0.409076607537640     
  0.652297914737517     
  0.166262439967953     
  2.789129829926756E-002
 -5.708664212445064E-002
 -5.602946661626788E-002
 -0.254774887638163     
  0.177039137599804     
 -0.224584940198579     
 -0.103645756330777     
 -0.334735074699939     
   1.20216714474370     
 -6.334853766528030E-002
 -3.474342014023700E-002
  0.112468798442687     
 -0.259057983566077     
 -0.392909786431267     
 -0.144053411107594     
  0.167088722226362     
 -9.998975155656738E-002
 -0.782781158154177     
  -1.29449613130042     
 -0.767948324697835     
  0.142397198157557     
 -0.160935037894244     
  0.277110268932383     
 -0.674370085773632     
  0.344784064402813     
 -0.270203157348803     
 -0.432678087806419     
 -0.137261235982440     
 -0.553959983540492     
 -0.855986608770153     
  0.567831548382298     
 -0.931362757557573     
  -1.22457222199045     
 -0.896541152738845     
   1.04899719118702     
 -0.760764606342676     
  -1.39755641715319     
  -1.04671931199865     
 -0.345541627366509     
 -0.511615754006647     
  0.506799823210787     
  0.491789679199577     
  0.262866729674206     
  0.887476867647179     
 -7.383641551677132E-002
 -0.702172194210220     
 -0.322359071760344     
 -0.867966208118000     
  -1.51376450103385     
   1.32180790314560     
  0.614645640373339     
   1.18110433895159     
  0.146280027219469     
  0.321262031478608     
  9.616226903809022E-002
 -5.346320884214247E-002
  0.265523146720071     
 -0.831053248633760     
 -0.168572921617904     
  -1.18664279741356     
  0.449270459857620     
  0.663460226604648     
  0.256971822132473     
 -0.260967368811075     
 -0.505312077293508     
 -0.654736037856254     
   1.40763158445938     
 -9.737846033109147E-002
  0.396248392391495     
 -0.421847794007334     
  0.950240318308813     
  0.353623112260974     
  0.737917932721259     
  0.439900433116824     
  6.747573707120245E-002
   1.53674315030759     
  0.355673530052332     
 -0.455904925585934     
  -1.87121997412977     
   1.04072484654257     
 -0.652339184107075     
  -1.60415200535670     
  0.702461031125213     
  0.317088192270046     
 -4.417454675073440E-002
 -0.446528425416144     
 -0.158804158771199     
  -1.08886325659223     
 -0.731538141346753     
   1.11946309935830     
  0.580453869811252     
  -1.24849318596762     
 -0.769037059594470     
   1.63094461338276     
  -1.02755149082769     
 -0.391424744051431     
  0.111232358952877     
   1.16230605489719     
 -0.207979770495086     
  0.542398017009826     
  7.807784809956744E-002
 -0.830211175528077     
 -0.256702353789080     
  0.301548279641298     
 -0.531793540130413     
   2.67647717867839     
 -0.295602424236980     
  0.516677991072994     
 -0.143370801278187     
 -0.235190952793271     
 -0.306819806386760     
 -0.489827649089906     
  0.611827894483850     
  0.970486909487862     
 -0.616329714938170     
   1.06856063377928     
   1.31535837919068     
 
  0.280386246771391     
  0.922231685189558     
 -0.205259487651896     
 -0.281952964022748     
   1.08464734649062     
 -3.998154960993910E-002
 -0.600323459681092     
 -0.537843386007996     
  0.323290208050018     
  2.036164344192283E-002
 -1.611489003410908E-002
 -0.577695274856156     
  -1.86535635362118     
 -0.542436702855275     
  -1.01933988435188     
  6.446295571682642E-002
 -0.100895900918341     
  0.114812166439726     
  0.259664399702295     
 -0.340173602888559     
 -0.655425708574572     
 -0.788095271028960     
 -0.628958302915172     
  0.481236960483780     
  0.254787663618776     
 -0.858896904844534     
  0.108467105816212     
  0.477528807025168     
 -0.190832575522384     
  0.984881756077847     
 
  0.184773901540540     
  0.624271726405196     
  8.819008092134958E-002
 -0.197127790270579     
  0.221225124734528     
  0.241226748888256     
 -0.274928785367915     
  0.147926058768609     
  0.505382979466875     
  0.201227693495224     
 -0.145063334044920     
  0.542825365214473     
  0.558263107312794     
 -0.274733562318015     
  0.860918721801122     
 -0.178798006853602     
  0.125042529692741     
 -8.590193356139694E-002
   1.15442132061448     
  0.223977056712275     
 -0.807171066324476     
  0.133832751865754     
 -8.326053814958327E-002
  0.112695413609202     
  0.210467526356869     
 -0.650070954159800     
  0.310472856166888     
  9.626951528969413E-002
  0.130857183956087     
  0.180559191889388     
 
 -3.939104761904762E-004
 
  tansig  tansig 
