     33 -    30 -    30 -     1 
rmse=  25.2555meV
 -0.355264689563637     
  0.393741916200539     
   1.60809738457796     
  0.754018202760789     
  0.433896946143605     
  0.258814286275870     
 -0.285434558613025     
 -1.659490102447381E-002
 -0.423663852813451     
  0.135265916318788     
  0.427516039117535     
 -0.725192622805063     
  0.443294003214226     
 -0.219028617880306     
  0.377835552112031     
  1.908806602113967E-002
  0.136416401798591     
 -6.694343850010719E-002
  0.136212032938556     
  0.333061869445077     
 -6.446513320731220E-002
 -5.194418126313814E-002
 -6.998749311103308E-003
 -7.881483923706342E-002
 -0.209234234431712     
 -0.455415962161735     
 -0.672734026178773     
  0.142208732501261     
 -0.272394833251485     
  0.352106214477023     
  0.237167356290448     
 -0.221537384264247     
 -0.232593323094324     
  0.295471664189168     
 -0.198928788349229     
  0.844872020876416     
 -0.246871988537118     
 -0.132813735995830     
 -5.339403954897906E-002
  4.563855354269620E-002
 -0.421225420087207     
 -0.268521639516627     
 -0.371166436214307     
  0.358186508499173     
 -0.352955410129384     
 -6.988295412996318E-002
  0.361762962474183     
 -0.138035906546311     
  0.222328531258327     
 -0.119434000039060     
  0.367910817336211     
 -0.128989222705242     
  0.956247132732347     
 -0.139445064479113     
 -6.666969625721393E-002
 -0.295737842076002     
  0.584376256783290     
 -0.611671867854960     
 -0.841648713487629     
  0.798654226804638     
 -5.969041144711781E-002
  0.295849344565380     
  3.696571931714013E-002
  0.466428700739858     
  7.549392833379495E-002
 -0.321750929588078     
  0.161611256243946     
  0.125861646485028     
  0.386475527550883     
  0.103681928226994     
  0.462622776906229     
  0.269796362910649     
  0.218054980296200     
  0.233999490268329     
 -6.324745710888165E-002
  0.197582445428897     
  0.146896095231632     
  0.602086741543046     
 -0.353317852576872     
  0.238368448934571     
  0.223396880665482     
  0.398050908545449     
  0.383269398566285     
  0.811427241594797     
  0.378098107051866     
  0.414191501422053     
  0.342348558517726     
  0.433253855325344     
 -6.699869838085289E-002
 -0.427744508403308     
  0.369852198709876     
  0.403479870420473     
 -6.824866088117859E-002
 -0.122322085961505     
  6.935953187084017E-002
 -0.157036457432724     
 -8.837906492101782E-002
  1.429230900500250E-002
 -1.859951262703964E-002
  -1.23600103604877     
 -0.214328500690343     
  0.841645917495314     
  0.321571585910167     
  9.145578771721116E-002
 -0.323521592507708     
  0.147854553970389     
  3.772534318428774E-002
  0.449706223164423     
  0.371847324832170     
  0.135055484174623     
 -0.622827304838274     
 -0.145601875010096     
 -1.724384762846325E-002
 -0.135454837658812     
  3.252951552044721E-002
  0.332083006855528     
  0.491885156410924     
 -0.134408990092698     
 -0.103502593755093     
 -6.100066450757830E-002
  0.150551552927824     
  5.481250921940287E-002
 -4.345792212909875E-002
  -1.37790220847415     
  0.680947263494568     
  0.477944788856196     
 -0.319010516994076     
 -0.716933199305296     
  0.385980868644705     
  9.402436764469894E-002
 -0.303710076833246     
 -0.249683489137908     
 -0.114336213289650     
  7.928900480309639E-002
  0.502795335974267     
 -0.510281428779166     
 -0.223221347834380     
 -0.758344464560877     
 -2.870447875644525E-002
 -6.239197125953402E-002
  0.645682841743295     
 -0.143848322841817     
  0.134792465915726     
 -0.285579766241085     
 -0.433532293804431     
  0.757419054775008     
  0.294786357971894     
  0.411335697660753     
 -0.390668323378486     
 -2.377536708801408E-002
 -8.651429382771431E-002
 -0.207494899835390     
  0.417123519132896     
 -0.214446978143760     
  0.164044638186833     
  0.442288564289958     
 -0.350402007140190     
  0.511200736248793     
  0.261946235493528     
  0.444009107074835     
  0.391272280665617     
 -0.548498495368492     
 -0.327753780633212     
 -0.356811333185781     
  0.194805548040705     
  0.969253375359195     
 -0.694998197719381     
  0.579158213864328     
  0.546888059621453     
 -0.449536283171981     
 -0.294317660855547     
 -3.067434251031511E-002
  0.266340948788627     
  0.231171813142901     
  0.381431095062353     
 -9.690296757812453E-002
 -0.506352523159161     
 -0.262748040657864     
  0.387058120063347     
 -0.132913419928628     
 -5.047043263845795E-002
  0.144411193534934     
 -0.676036588661324     
  0.146711162662939     
 -0.134694051647639     
 -5.308485227108203E-002
 -0.266697126070781     
 -0.753259425196411     
  0.123677742165712     
 -0.437447814763068     
 -0.164871938373811     
  0.603029086923262     
 -0.225503619495041     
 -4.651866218124157E-002
 -0.342476050225281     
 -5.721030086892465E-002
 -0.133079260143173     
  0.398711509174875     
 -0.665268684727198     
 -0.142378030125174     
  0.514398249822868     
  0.170865069779468     
  0.548146243080383     
 -0.233091487837866     
 -0.244519716598825     
  4.564285675632135E-004
 -0.280626294513662     
  0.152384491142177     
 -0.415606423210782     
 -0.760969621342090     
  4.803864094600571E-002
 -0.450082262146366     
  0.159396908829454     
 -8.273153584092893E-002
  0.362521657105085     
 -7.543150089792337E-002
 -0.793605567157985     
 -0.290187740706464     
 -0.205822599315012     
 -7.227878090619597E-002
 -0.124291299359865     
 -0.408175396559619     
 -0.385844789456850     
  9.251845245706244E-002
  9.029611936736021E-002
  0.166855307356163     
 -0.345541847380102     
 -0.454198540530154     
 -4.313497979088526E-002
  0.169469000711206     
 -0.112486891114720     
 -1.363708933131209E-002
  0.336170268737714     
   1.09757060792848     
  -1.99422232228904     
  -1.85868668100670     
  0.398577151839492     
 -0.151163222486802     
 -0.217645635804016     
 -0.358764673789871     
 -7.137651841630437E-002
 -0.178569287632214     
  -1.19582414964422     
  0.738657008347118     
   2.49279291509069     
  -1.00914269766686     
   2.79263889286021     
  -1.70689760385973     
   1.07117410750218     
  1.315762059759323E-002
 -0.586258980001556     
  0.851809865936831     
  0.272221960904535     
   1.54661724877732     
 -0.451980708843822     
  -1.61920895573932     
  0.668739024617105     
 -0.291829555053315     
  0.247379955107973     
  0.758548115308729     
 -0.301756208053999     
 -0.523879946649569     
 -0.204079927760524     
 -0.328826960941187     
  0.505343831620873     
 -0.516331985588035     
  0.467098913449987     
 -0.459727023408855     
  0.153031763896182     
 -7.645020285243130E-002
 -2.659488182888621E-002
  5.409873492759033E-002
  0.346458835317886     
  0.288347920855376     
 -0.555172258258804     
  0.956741255541932     
 -0.871454481478188     
  1.158011346621785E-002
 -0.611189190713608     
 -3.812383361876658E-002
  0.456916539805611     
 -4.532017307143697E-002
 -0.418212625881781     
  0.340877454056915     
 -5.503299837202661E-002
  0.410569602325293     
  0.816794611524741     
  0.307010811364324     
  0.579821690053560     
 -0.517692893966057     
  0.198877789478943     
 -0.414218176174707     
  6.710190912835194E-002
 -0.493824583352060     
  0.379138731876991     
  0.223397066714740     
 -5.048564174843440E-002
 -0.547250956858563     
  0.104042074296344     
 -0.703142782390225     
  0.664893800243860     
 -0.229418452330019     
  0.361568400134883     
  0.311964623871421     
  1.967378068343074E-002
 -9.798569368867030E-002
  0.406465309242509     
  0.160485634390760     
 -9.163461616182965E-002
  0.723880852214607     
 -0.350697284770921     
 -0.186324423371090     
  0.365471496937939     
 -0.127749693669141     
 -9.493260758682766E-002
 -5.643976720051772E-002
  0.132917998153894     
  0.179731309920350     
  8.774190413746495E-002
  0.304276028135505     
 -0.828636507377349     
 -7.142831741969533E-002
  0.118638067450898     
 -5.784928889652934E-002
 -0.319748065567168     
  0.191045957177890     
 -0.277751629600434     
  0.304853568940526     
 -0.503391791753323     
  5.104030356397043E-002
  0.269265603461403     
 -4.616154347146449E-002
  4.880552177319609E-002
  0.303669768614112     
  2.808936811354320E-002
  0.108852559774295     
  0.497204933341622     
 -7.149749051052358E-002
 -0.176689015662583     
 -8.911337216756934E-002
 -3.123463439470769E-002
 -0.107755922654204     
  0.394126147548967     
 -0.823246237212078     
 -0.132427851407236     
 -5.778247322264220E-002
  0.219220272771393     
 -3.799394017387751E-002
 -6.896131281590988E-002
  2.453857784432098E-002
  4.481694111297419E-002
 -0.175147182207117     
 -0.178234924411330     
  9.093432375207509E-002
  0.246922305345087     
 -0.202950196824852     
 -0.176258195969397     
  4.119327896027834E-002
 -5.132876191905816E-002
  0.218165072062604     
  0.199926722215776     
  8.841838967974817E-002
  2.174613426633036E-002
  0.693955557368639     
 -0.301581607351219     
 -0.207974497470249     
  0.659203398304711     
 -0.311911317249279     
  0.282877069312657     
 -0.156803671587634     
 -8.950863677420538E-002
 -0.193038631150383     
 -0.155358964496562     
  0.164768827584373     
 -0.716075002422407     
   1.00266202026432     
 -0.457963186047816     
 -1.211375273183322E-002
  8.200081030590942E-002
  3.237041473590656E-002
 -1.853808480330139E-002
  3.274941012768691E-002
  0.208049994639217     
 -0.268982198897180     
  8.927242614286678E-002
  0.155591065176895     
 -0.640358554560357     
 -3.717203872218338E-003
 -2.766833352161969E-002
  0.132356132218006     
 -0.364517502506452     
 -0.119838559470758     
  0.475052104095694     
 -0.150248345095488     
  0.175206959080118     
 -0.271420874304979     
 -0.169359590697695     
  0.127961097683554     
  0.220199901033882     
  0.165798504889204     
 -0.465915460400165     
 -0.742947970656826     
  0.240697333546234     
  0.120467268457887     
  0.290443422896996     
  3.848757410514194E-002
  0.391296588534349     
  0.766508550340989     
  0.723269074987415     
 -8.083548835776755E-002
 -7.596992986845467E-004
 -8.682554755834949E-002
  0.156017834003567     
 -0.563630840090054     
 -0.161740515751748     
  0.275413342161821     
  4.651471526033826E-002
  0.294769718971300     
 -0.966196328440926     
  0.932721941175943     
 -0.475930767006852     
 -0.216350731425141     
  0.730702504801989     
 -0.266308270846561     
  0.131266254135321     
  5.698325559810297E-002
 -0.204491888213470     
 -0.348299128118167     
  4.721875509920112E-003
 -0.359360775084089     
  0.197753652731030     
 -0.712939616423379     
  0.533548462923844     
 -0.216511531878990     
 -3.821986829356194E-002
 -8.009803214761660E-002
 -0.171056699234040     
  0.418488902934467     
  0.364483339167351     
  6.281021303112848E-004
 -0.136685037163392     
  0.751242658985727     
 -0.381840281447840     
  0.564913983886958     
 -0.741274644624995     
  0.100429961068544     
  0.614532613976040     
 -0.270872230420126     
   1.00603798138506     
 -0.221660428504921     
 -0.250142776351296     
 -0.220084435878853     
  0.758878266946443     
 -0.197208130616002     
  1.787481389440047E-002
  0.175190459283491     
 -0.752646693541938     
 -4.501533131388828E-002
 -0.223386727638131     
  0.450862461720257     
 -0.196844069314337     
  0.345195412793923     
 -0.711926567435612     
  -1.37453025544795     
  0.467082282125279     
  0.220481545906011     
  0.560595760642221     
   1.32624589281767     
  0.377649298268932     
 -0.924507935159013     
 -0.167445055227254     
 -0.116198174787965     
  0.553888440199895     
  0.382187626932394     
 -0.513570377470765     
  3.343855166078146E-002
  0.837875245233265     
 -0.110293029775367     
 -0.543461780307956     
  0.456050983187140     
  0.340749764820049     
 -0.431432748691839     
  4.225612675753612E-002
  0.315722906823814     
   1.06563551967536     
 -0.450097973895689     
 -0.656535083355076     
 -6.708361213437822E-002
  -1.17070372639593     
   1.56645316469244     
  0.424442285555788     
  0.159744346877838     
 -0.750432334598045     
 -6.967271374866371E-002
 -0.803549285735865     
  1.512965846553466E-002
 -0.468985294631705     
  0.183765083630980     
  0.894161908826785     
  0.613191079068556     
  0.567403910691132     
  0.206907149135766     
 -0.695035380959770     
 -0.162381274597513     
  0.554953500952901     
  0.566860838983550     
   1.34900530866235     
 -0.705827863080609     
 -0.472640291001381     
  0.619514414321923     
 -0.644275281121306     
  0.608110123794937     
 -0.335748660059019     
 -0.295842713632362     
  2.168192295464272E-002
 -0.218966157742624     
 -0.835902870684420     
  0.353483357771594     
  -1.01830378166374     
  0.695569861343523     
 -0.280578979472174     
 -0.685604438909418     
  4.197427805486683E-002
  0.214767382495395     
  0.189679914303236     
 -0.582311307254926     
  0.383337826535748     
  3.774902798749304E-002
 -0.454095584451118     
 -9.224400905581776E-002
  4.329081824493572E-002
 -0.265864293751495     
  0.150409153635432     
 -0.796121880387801     
 -0.229428864077380     
  0.102886913637761     
 -0.323996858964366     
 -0.263509861056989     
 -0.259743995982851     
  0.627835956342348     
 -0.334515623587637     
 -0.141305589699379     
 -0.384458412509282     
  0.348151780702264     
 -0.100594919236351     
  0.421018659704221     
 -0.220005233147780     
  0.450778299847170     
  0.237128353368170     
 -0.523460707877884     
  0.405746824793442     
  0.167081205874217     
  0.426136278792778     
 -0.381468275471797     
  0.666525798158551     
 -0.142632803929466     
 -0.254532187069242     
  0.533431099068407     
  9.510088902707466E-002
  9.684500961671705E-002
  0.414586810695157     
 -0.576480408891197     
 -2.366080953959280E-002
  0.351574859641182     
 -0.470024420831116     
 -0.735438662769491     
 -0.223577357025249     
 -0.181364484048062     
  8.536922808840589E-002
 -5.806587311873954E-002
  7.450868089669696E-002
 -0.120135750580200     
 -2.302924308961902E-002
  0.266515464809477     
 -0.561179551938209     
 -0.164370331009997     
  7.500625611215615E-002
  0.110629615633241     
 -0.410627496646352     
  5.621965322097771E-002
  0.145817406808311     
  0.121123402686683     
 -9.653979610482435E-002
  0.373746468206789     
 -5.196392721790965E-003
 -0.782672722178559     
  0.156355978503933     
  0.155019173290914     
  0.323336042237814     
  0.259732383255193     
 -7.895433799338412E-002
 -0.175261623113108     
 -0.245094332223418     
 -0.478285736570560     
 -3.086824234102085E-002
  0.155299258817004     
  8.854202874623841E-002
 -0.289960898539919     
  0.176092009598464     
 -7.325032208430883E-002
 -5.002066360502483E-002
  4.356846082762655E-002
 -0.391077470705137     
  0.309035878222026     
 -0.251284946678078     
  -2.10913220915754     
   1.50188507639697     
  0.156625711128668     
 -3.983058099297436E-002
 -0.144370636896145     
  0.280039458424272     
 -1.211563714035666E-002
 -0.329435731768423     
  0.304089785674008     
  8.485014258966013E-002
 -3.112432745318377E-002
  0.417793309634682     
  0.499563820517866     
 -0.172208632993600     
  0.337921032556680     
 -0.469738127713081     
  0.151481230308691     
  0.194341450126939     
 -0.185693237335046     
  0.164059730680090     
  0.125035958654106     
 -0.213958242465078     
  0.144947840383403     
 -0.604273496763517     
  0.348201089376241     
  4.234426646232356E-002
  0.453039790377309     
 -0.885999433864282     
 -0.317731660861826     
 -0.640336822560828     
 -0.271845986734041     
  0.191700693030633     
 -4.071354593112016E-002
  0.178835646869640     
 -0.510250195773813     
  0.728061810622195     
  0.191926969775060     
 -6.192933351887776E-002
 -8.492124787442963E-002
 -0.456715880201660     
  0.200470434138361     
 -0.512299199946791     
  0.688556666460976     
 -0.772821923788633     
 -0.202521712213786     
 -0.532191392129274     
  0.347307590048757     
  -1.24214341142834     
  0.678923208478302     
  0.360696659952359     
  0.804937614974152     
 -0.346526143109659     
  7.960633699131600E-002
 -0.333579039308984     
  0.429834648254612     
 -0.543632835629430     
 -0.114195438423376     
  0.674016337499492     
 -0.206314265957336     
  0.111593202417731     
  0.796342411306040     
  0.100893576710510     
  0.191764766116380     
 -0.320825960719093     
 -0.147291755402304     
 -0.338158763159880     
  0.265970954954486     
 -7.054305983538192E-002
  0.393281201009656     
 -0.671109077484195     
 -0.118994953187889     
  0.153079043315863     
 -0.185023138382296     
  0.155560892487531     
  0.187853696392277     
  0.133291976125967     
 -0.364852801573988     
 -0.258232318669325     
  0.507878721412991     
 -0.145133248587546     
 -0.487053875234072     
 -0.251551297457408     
  0.296207150633715     
 -0.261837893711597     
  0.137730754718220     
 -7.222055352943474E-002
  0.276549967419965     
  0.420777922281246     
  0.446654730683631     
 -0.382632320068493     
  0.395379646534262     
 -0.140826667046459     
  7.001115947525491E-002
  0.532224561352734     
  0.770380734654749     
 -0.147336597506694     
  0.396000843952323     
 -0.214282867118073     
  2.046141832618369E-002
  4.532663056919859E-002
 -3.429005344336098E-002
  6.544060416947593E-002
  4.127897760510665E-002
  0.397254634719765     
 -0.506507279014820     
  0.201469422104119     
  0.199932179074357     
  0.240268520025349     
 -0.471471653855847     
  0.312778676199450     
  0.717764950815931     
  0.168791849888376     
 -2.350851140930668E-002
  0.104600034832283     
 -0.397279372359166     
 -8.109410672046850E-002
 -5.682749030682284E-002
 -0.132217913199570     
 -0.441925996573992     
  0.322241767718468     
 -0.280672915818297     
  -1.09874390809230     
  0.809490683260228     
 -0.217389668623724     
 -0.167287573108161     
 -0.131373613882966     
 -0.247674378255614     
 -6.106955730436854E-002
 -0.624360280609268     
 -7.761662801100368E-002
 -4.630818755497471E-002
  0.570413753478849     
 -0.280772093277842     
 -4.530624602210494E-002
  0.809902183440169     
   1.07924435137448     
 -0.295480021416052     
 -0.215064205375276     
  0.796185713647895     
 -7.575845933821881E-002
  0.182392550865583     
  0.107539309742365     
 -0.485974795640666     
 -0.114979883720926     
  0.375059427805211     
 -0.251559103050170     
 -0.532109450947886     
  0.616059736706572     
  0.216368948969547     
  0.611019367526776     
 -0.246648093129228     
 -0.236040817422889     
 -4.498180848151673E-002
  7.154749215046846E-002
  0.151857144743511     
 -0.195302786432558     
 -0.374382920815869     
  0.327197590487581     
 -0.402720621793126     
  0.320267831410281     
 -0.497311293449645     
 -0.412988242593396     
 -0.469930700977614     
  0.479033176218636     
 -0.585702076301905     
  0.431501425454668     
  0.585436665424154     
  4.638781241305195E-002
 -0.345597467682511     
 -2.801809059398643E-002
  5.957943586994056E-002
 -0.111556420788045     
  0.243463576579663     
 -0.472982993957775     
  2.895848904164449E-002
 -0.185779289640518     
  0.629442918450119     
 -0.146629886294277     
  0.329529821285799     
 -0.131430878522099     
  0.371766760746661     
 -0.216325639912513     
  0.274374921912436     
  2.230063426108430E-002
 -9.297121833417410E-002
  0.356368284255008     
  0.244006137794735     
 -0.170318053971252     
  0.163592569930925     
 -0.126125138517299     
  0.926472374393083     
 -0.239537721271891     
  0.763782207083819     
 -0.133053537192927     
  2.950075371305831E-002
  0.474485808315711     
 -0.103555975539704     
 -0.157479293797079     
  5.124891800426374E-002
 -0.335693789823041     
 -0.259429010344075     
 -0.498081021548330     
  0.202489314495086     
  0.298540729804455     
 -0.414087807352881     
 -0.280819719221827     
  0.180668872457420     
  0.306453100843221     
 -0.138890665918078     
  -1.28485145786720     
 -0.168279499111228     
  0.127126442018882     
 -0.103616746583081     
 -0.382851349587772     
  3.389315332027569E-002
  0.144868085649920     
 -0.497626850951013     
  0.335065099732335     
 -6.616217413386992E-002
  0.125542176663780     
  4.886035930825993E-003
  0.415013316357156     
  0.242872832830276     
 -0.188029593653280     
  0.605962765032492     
  0.257462021800525     
  1.113270817502545E-002
 -0.108259969787962     
  0.367485459721549     
  3.599820980097194E-002
 -0.130395307818649     
  0.153605460438754     
 -0.779711337283840     
  1.037130950644658E-002
 -7.492132365013247E-002
 -0.571665852479494     
  0.272134611166439     
  0.397152442293375     
 -0.242036563558906     
  0.639608398635858     
 -8.975127660221278E-002
  0.267289994885712     
  0.185411976833919     
  0.575801814358073     
  0.106062322289824     
 -1.318053725303005E-002
 -0.624299385597028     
 -0.408752579742909     
  3.194647022061337E-002
 -0.140287887173758     
  4.950513436129684E-002
 -3.948540570132777E-002
 -3.762419762013583E-002
  4.026146611188988E-002
  0.342037899599245     
 -0.797968543391342     
  0.210213790143830     
 -0.835091681727515     
 -0.289016596567731     
  0.277074986327747     
 -9.577568254942084E-002
 -0.565992861905744     
 -0.221047631771796     
  0.434672383787222     
 -0.187918655190085     
 -6.553369239722937E-002
  0.303713047875872     
 -0.953219820781144     
  0.770531673019656     
  5.002918301492869E-002
 -0.427953799431099     
 -0.358430446358179     
  0.409593024083436     
  0.346830974706719     
 -3.612306969614085E-002
 -3.177865917727089E-002
  -1.02738853354333     
  0.436728194220881     
  0.614676869842985     
  0.322772435820716     
 -0.104861336750764     
  0.632484363135687     
 -1.156126848331340E-002
  0.767697115520223     
 -0.460988250348651     
 -0.440600327006541     
 -0.504273445304925     
  0.448675942171624     
   1.04468055569573     
 -0.113441388709397     
  6.365417551988518E-002
 -0.693418377105800     
  0.185219028392930     
  0.318871831363013     
 -0.104362352626407     
 -0.331355044107235     
 -0.105522146910634     
 -0.172560760096504     
 -0.262354143851153     
 -3.343686947066266E-002
 -0.658655568920191     
 -0.331343023926725     
  0.992488096368512     
 -0.547777867336154     
 -0.289255966558546     
  0.585425997076311     
  0.234562294875283     
 -1.569854378530178E-003
  0.795155038457097     
  0.417030569951335     
 -0.693443080211962     
  0.616231681975586     
 -0.241727042205729     
 -7.490067655605881E-002
  0.163312250515150     
 -0.212610550731601     
  5.988439615702255E-002
  0.130915570488787     
 -3.328883776593319E-002
  0.217244185457435     
 -0.204346508120564     
 -0.743735822783092     
  0.440511498454061     
  3.268698647039335E-002
  0.912265481572740     
 -0.351252451436994     
 -4.672772751658674E-002
  0.451024651616454     
 -0.180342398976095     
  0.138986722989542     
  0.273065430394648     
 -0.936568544081183     
  0.262331464021956     
  5.832514949836133E-002
  0.177202247301763     
 -0.108958599457464     
 -0.356882524779999     
  0.124318258858499     
 -7.761943982411851E-002
  8.806964258607004E-002
 -0.295071875964868     
  0.640438385595751     
  0.231077436811477     
 -4.048695109082300E-002
 -1.184028826711386E-002
 -0.270254325798883     
 -0.359767030078417     
 -0.112112560676571     
  5.515827804483497E-002
 -3.583950940927594E-002
 -0.196706317810603     
  0.219976083360113     
  0.493267921552837     
 -0.104085248093821     
  0.254818971994550     
 -0.221813621937287     
  0.192525983274336     
 -0.344400521379019     
 -0.398672885792143     
  0.452763772700939     
  0.250631015786204     
 -0.104381326275163     
  0.470543637654278     
 -0.222469331026264     
  0.278108693542282     
 -0.248749198973824     
  0.379860370348197     
  0.175940939173991     
  0.350894433008875     
 -0.288640390108024     
 -0.822117519153653     
  5.938468596004877E-002
  0.470846751278620     
 -0.307786145385898     
  0.587012955018368     
  0.156331820393213     
 -0.393785619699003     
  0.318592884013268     
 -0.236388723104106     
 -0.270375696138984     
 -4.885115088647946E-002
 -0.237785687757870     
  0.394563391983896     
 -0.656895611436851     
  9.913381563608195E-002
 
  0.144730245513887     
 -0.742269966892765     
  0.370433027060109     
  -1.50950849666475     
  -1.12929506387721     
  -1.80679277418886     
 -0.859878121546357     
  -3.93845173475139     
  -1.68238851655047     
 -3.107454433594175E-003
  0.862855710528181     
  7.785618999906403E-002
  0.227908596139931     
  0.990599555536689     
  -1.10193165992010     
  0.171399422585850     
  0.625901991615212     
 -4.949790626542767E-002
 -0.636017926562529     
 -0.984551403260233     
  0.242850774173974     
  -1.99541421344588     
  0.389921636168426     
 -0.779264582758587     
  0.339090115475356     
  0.858972154428569     
 -0.422092176954599     
  0.643326147722915     
  -1.45530190350512     
  -1.29669294355409     
 
 -0.112939422898623     
 -0.113147890571436     
 -9.913733532964959E-002
  0.895468707308583     
 -0.497729951180003     
 -0.549275767452711     
  0.439474428990229     
  0.474636157402666     
  0.175558102090205     
  -1.17348570101559     
  -1.37483478052614     
  0.209286089804893     
  0.419805929204069     
 -0.275116742927466     
  0.122243687688170     
  8.872209751653057E-002
  0.242850203723701     
 -3.938711683725570E-002
 -0.795581009264020     
  0.353713935569134     
 -0.157942037712153     
  -1.19303153895711     
  0.114877989335530     
 -0.188504390777653     
  0.849756943141372     
 -0.104725420864424     
  7.230171288030621E-002
  0.460533320286334     
 -0.437601359957697     
  0.628620091515784     
  0.243852255072395     
 -0.130867012530180     
 -0.411837094220832     
 -0.373260156444370     
 -0.557428552092717     
 -0.502167557085866     
  0.241545374892290     
 -0.631504979799758     
  0.256703497097878     
  0.836635567364923     
  0.738506436779687     
 -0.502224723560887     
 -0.634706350325343     
 -4.122686148716936E-002
 -0.977306984314500     
 -8.248689716902897E-002
  0.111967007304199     
  0.654808475874968     
   1.21272308285751     
 -0.631717051878317     
 -0.462660228890791     
 -0.688725915284533     
  5.244134039232334E-003
 -0.148252630082667     
 -0.764882167563799     
 -3.154913284502757E-002
  0.624894515282658     
 -6.772796021645473E-002
  0.197896840720828     
 -0.163381237417926     
 -9.301794838667884E-002
 -0.644697770196893     
  0.110334438163645     
 -0.779820913689279     
 -0.324128644158690     
  3.083932701257210E-002
 -0.176852107106540     
  -1.76647424541832     
 -0.206696038787669     
  0.529839317875409     
 -6.752372018242803E-002
   1.00416025122330     
  0.155303429656413     
 -0.422154502842703     
  4.993324302211825E-002
  0.190744593380564     
  0.133151581035702     
 -0.195949909959467     
 -7.755515955824296E-002
  0.555157516675797     
  0.377597770214661     
 -0.425725690662848     
 -0.571526345950666     
 -0.705620618040695     
  -1.04162253480858     
  1.121932063372492E-002
  0.210680609931915     
  0.355796195723706     
 -0.465960440218725     
  0.487853840460407     
  3.727344059205250E-002
 -0.436301343286237     
 -0.138322203212503     
  0.726665742321498     
  0.360022681100670     
 -9.446858719734942E-002
  0.241963665343908     
 -0.244655689152093     
  0.312442621116510     
  0.403197389911191     
 -0.635153810855169     
 -2.293271355127601E-002
 -0.594063069885231     
  0.461101809137319     
  0.186559540058481     
 -6.251076563660095E-003
  0.827396847910987     
 -5.505532861513684E-002
 -0.131367497027511     
 -0.147444679479260     
 -0.180375551517939     
  -1.31922852754257     
  0.392083630154435     
 -0.475127241983543     
 -0.190626994578569     
 -0.475157126049626     
 -0.561001502958794     
 -0.329100004585961     
 -0.123246124520271     
 -0.631463897829069     
  7.516383705864497E-002
 -0.189618556750601     
 -5.803568994858690E-002
  1.266865433255440E-002
  0.313789449546880     
 -0.828545110226798     
  0.299266525562541     
  0.362682881098062     
 -8.856534777779648E-002
 -0.530414581335986     
  0.515530777039281     
  0.353420179975180     
  5.758756272553035E-002
  0.385428816833226     
  0.214447613881275     
 -0.305672131790755     
  0.443811177709551     
 -8.249027901266329E-002
  0.984121642980017     
 -0.703301629654089     
  0.450845345385093     
  0.389880593777488     
 -5.700847352440969E-002
 -0.590711552531270     
  0.334402785362567     
 -0.153843303553698     
  0.453251505523601     
  0.379862129372330     
  0.741101920387227     
 -0.194673071518613     
  1.124681447202270E-002
  0.946666332368079     
 -0.133762842928932     
  0.295739245271692     
 -7.411382469881442E-002
 -0.107323610984394     
  7.406403616189523E-002
   1.16666946466280     
 -0.163423660176934     
 -0.966665823822061     
  -1.43807766050398     
   1.10978154780965     
 -0.498162088339088     
 -0.957906821476688     
 -0.546754735152594     
 -0.282891130036929     
 -0.642729649815920     
   1.09123619772140     
 -0.717328407470777     
 -0.477350699254032     
  0.719088481910296     
  5.740927134873396E-002
   1.13667311673897     
 -5.515477123764462E-002
 -0.288587373392474     
  0.828331601038359     
 -0.248399012821888     
 -0.177311608533765     
  0.133273582919291     
  0.174696594771832     
  0.394733697898713     
  0.421181207685017     
 -2.294528580623676E-002
 -0.234297240858925     
  0.325201502997879     
  -1.08184482939367     
  0.396875388559575     
  0.698867148097631     
 -0.365408291041380     
  0.201946744519976     
  0.471081426747543     
 -0.440665563285453     
 -0.600190384276391     
 -5.584620026154533E-002
  0.360408551014897     
 -0.537322778611750     
  0.471095187288278     
 -0.299726201416184     
  0.403166974845976     
  -1.42666103123673     
  0.366139996851165     
   1.29441059757023     
 -9.987640379501632E-002
 -9.698534331164367E-002
  2.578550454905608E-002
 -0.449099752619960     
 -0.126821977933605     
  0.697695992033588     
  0.473763102382085     
 -6.244459941323218E-002
 -0.206172973164389     
   1.09270675361169     
 -0.109350969586478     
  0.514116098714597     
  0.483984758836430     
  0.706616013749365     
  0.133917699348688     
 -0.670161481878233     
  -1.10118861461653     
 -0.206612189736446     
 -0.284788831179159     
  -1.01373779953543     
  -1.34256158314064     
  2.364369307242319E-002
  0.169280583368440     
 -9.365032422074941E-002
  -1.14577774782162     
 -0.489444804871484     
   1.06075897015122     
 -0.209913792707345     
  0.297946676698475     
  0.241418600755429     
 -0.542133120282954     
 -0.451579201545794     
  0.546168388922622     
  0.497932194439222     
  0.238161015636250     
  0.225869160680650     
  2.206163753975586E-002
  -1.35995458462247     
  2.545730196742580E-002
  0.278514052439908     
 -0.470644052689644     
 -7.980375423998803E-002
 -8.263837720873521E-002
  0.666332203902440     
  0.155512689828233     
  -1.23840424478833     
 -0.395348572072035     
  0.315963560149920     
  0.877183747490245     
 -0.947108651072120     
 -0.157087209019886     
  0.343429413971363     
 -0.169375002169320     
 -0.388195207340170     
 -0.132279905072307     
  3.731286879423610E-002
  0.457258734474798     
 -0.316169989643393     
 -9.700867503359913E-002
  0.853098454355131     
 -0.239049202021594     
 -1.500635965734736E-002
  9.763624540147824E-002
 -2.974257633585992E-002
  0.173835545696873     
  0.109905321740855     
  0.695713690868115     
 -0.229522348501172     
 -9.452135963755220E-004
 -0.486738036332274     
  0.255800611962214     
  2.906260207894447E-002
  0.454366547777102     
 -0.321677147516884     
  0.210266467494018     
  0.445116446192180     
  0.527958577198282     
  0.271566832881946     
  0.750829326384784     
  0.654350987922546     
  2.964496472490998E-003
  0.404923586325979     
 -0.292276291306233     
  0.322960277028720     
 -0.895801780910978     
 -0.176906146628881     
 -0.500031256285948     
   1.01554871779323     
 -0.134048621612974     
 -5.703632781581573E-002
  0.374901879290044     
  0.606247231489700     
 -0.962209933323999     
 -0.323550814891703     
  0.652870708412187     
  0.377072679674360     
 -0.192759448901947     
 -9.251834519956645E-002
 -0.158526393772579     
 -0.517181290228830     
 -0.142647548664296     
 -0.361995303491354     
  0.253865360996065     
 -0.669363103776018     
  0.179995055209135     
  -1.99588399138770     
 -0.568119321651557     
 -0.397705402430164     
 -0.391223596426770     
 -0.322241785096601     
 -0.492794908214992     
  0.242977376592008     
  0.933216634372425     
 -0.513515642749627     
   2.15376963822384     
  0.213849772046577     
 -0.393165029581231     
  -1.08578134907834     
 -9.993379777911759E-002
  0.298557395609664     
 -0.983743814606643     
  9.438742775476984E-002
   1.27595121458495     
  0.314908240590182     
  0.516137044432660     
 -0.572224802996684     
  -1.28926583188894     
 -0.508189187026573     
 -8.004387910488481E-002
 -0.634761936102935     
 -0.180882268751191     
  0.738177110381643     
  0.144022494591170     
  0.264432934619725     
 -0.192599953456927     
 -0.668415502775490     
  0.157029350658169     
 -0.694018242814236     
  0.172942645672138     
  0.695203840706940     
  0.334790113758822     
  0.603927355899696     
  0.136437373177262     
   1.11955193655384     
   1.49606816650126     
 -3.001584969161201E-002
 -2.485615947024931E-002
 -3.579707914740615E-002
  0.541067384154432     
  0.724898582628448     
  4.399096880993415E-002
  -1.59060667520953     
   1.20170058890677     
 -0.321724119576137     
  0.493684847336785     
  0.646714025494208     
  0.244798630111159     
  0.853719809163732     
 -5.114799754983071E-002
  0.275580606568513     
  0.247114649889917     
  0.537031649338000     
  0.610901548146878     
 -0.324977172414376     
 -0.623614627132070     
   1.10990347696296     
 -0.358039992565474     
 -0.550869279532245     
  0.285418999900752     
  -1.02942329741957     
 -9.815217365137259E-002
 -6.564945817008093E-002
 -0.596009354126092     
 -0.316629425001384     
  0.802184217620974     
  0.421302580831742     
  0.149599573987451     
 -0.138586043456641     
 -0.471409968391149     
   2.13873079999741     
 -6.071806365124109E-002
  0.315585203167043     
 -0.433853520069523     
  0.481382306175636     
 -0.340609555998460     
 -2.863164730858042E-002
  0.283520723490346     
  -1.08711518939119     
  0.643153229677445     
 -0.673372399155123     
  0.362280074477887     
 -0.328576830822557     
  0.323797992905354     
 -0.561860063056574     
 -0.691134540183179     
  0.608936055333931     
   1.30830152783711     
   1.02015874666987     
 -0.214329631842126     
 -0.236109460151034     
  0.353737517117141     
  0.643848981224853     
 -0.821063217773392     
  -1.03825380241217     
 -0.127028637244051     
 -0.221613554365876     
  -1.39186557981758     
   1.35934812189713     
 -0.537436859855781     
  0.114470518298320     
 -0.186509276643978     
 -0.784027491030325     
 -0.209236823662159     
  0.365586729356821     
 -0.222741876836712     
  0.351605886140099     
  0.211597266864418     
  0.613141472515428     
  0.982436567859450     
 -0.995018664697488     
  0.319307444263055     
  0.761617510690589     
 -0.495209660723762     
 -0.190604284080999     
 -0.938145757250033     
  0.742504133637920     
  0.838899258827615     
   1.42977080414210     
 -0.259791911750571     
  -1.21646196452567     
 -0.180387511764940     
  0.918466503999247     
  0.475576051260044     
 -0.427443538019054     
 -0.686649714567945     
 -0.956417803613433     
 -0.819779257217865     
   1.16546917343759     
 -0.571061385795475     
   1.27677587713630     
 -0.395976922435830     
 -7.988046676966658E-002
  0.323122478340881     
 -0.147900482309098     
  0.119052377626452     
 -0.157886762394328     
 -0.509226107280936     
 -0.204700194980738     
  0.159771809328959     
  8.000573557204080E-003
 -0.337276270300707     
  0.292382195397840     
  0.876909701523146     
  0.202449556534361     
  0.349226560719471     
 -0.933037857653746     
  0.591639647936656     
 -0.805983494837612     
  9.421613813505050E-002
  0.412809549600602     
 -0.118314484617958     
  0.734061550415759     
 -0.831311537541616     
 -0.494123434331242     
  0.581620142581585     
  0.591065280058995     
 -0.317328938049256     
  4.055159175903676E-002
 -9.130025210323600E-002
 -4.095655286667957E-002
 -2.226096425527059E-002
 -0.230674183387296     
  0.494971656833022     
  0.455994789497883     
  0.570807042419635     
 -2.664681315967093E-002
 -0.122715564781992     
 -0.142580935443296     
  0.234975508225124     
  0.576028155727489     
  0.458261341369143     
 -0.915218331545827     
  0.142887006568303     
  0.855517552982641     
 -0.787040927593376     
 -2.592503536077046E-002
 -0.475382948749960     
  -1.27992856226520     
 -0.118616690531675     
 -0.536685627177780     
  0.107046575850424     
  0.112304566727559     
  6.348433390748510E-002
 -0.392651510519373     
 -0.579040541759504     
 -0.318963715075042     
  1.047542014240208E-002
 -0.318147112995033     
  0.276171332132711     
  0.285864232082560     
  2.724134239547238E-002
 -0.197574436665441     
  0.958473272760907     
 -0.462234051191844     
  0.254673192833744     
  0.211899152829688     
  0.647741102897040     
  0.219105928723095     
 -0.960443434511844     
  0.865328963657124     
 -0.226542851069418     
  0.520139398881163     
  2.847690525021139E-002
   1.14998560135067     
  0.414148346032720     
  -1.31124112489869     
  0.720881607679453     
  -1.18577581694515     
  -1.09884136532964     
  -1.25128246528460     
  0.470190272030777     
  -1.15097529805837     
 -0.509462170253350     
 -0.980084160470265     
 -7.779131379499453E-002
  0.550775713364066     
  0.206511352188272     
 -0.549211718070255     
  0.349891669102601     
  0.118709258067757     
  0.138078645326193     
  0.249280205955768     
  -2.32674446198562     
 -0.909953256873530     
 -0.568083817703972     
  -1.20099332023322     
  0.340024635093476     
  -1.09355635527477     
  0.470765673388584     
 -0.585858349813357     
 -0.159519344653139     
 -0.379106687626777     
  0.385275642157120     
 -0.308036002092775     
  4.509922018110075E-002
  0.197027687933791     
 -7.380261590187287E-002
  0.892831875549178     
   1.40731810728867     
  0.296771040182571     
 -5.167469032890664E-002
  0.244970853165876     
  6.785863828934495E-003
  0.727455476004397     
 -0.300909936952507     
  4.712580049698128E-002
  0.948417402155960     
  0.357025181154067     
  0.402098509096702     
 -0.179292972022526     
  0.244992528241546     
  0.649441356343833     
  -1.05805752030057     
 -0.296194800319231     
  0.622119358148245     
 -1.562893544522016E-002
 -0.281726439773173     
  0.374992424129530     
 -0.346663143018790     
 -2.205835390609340E-002
  0.270442521407580     
  0.295317431849197     
  3.956178661770984E-002
 -0.224056926536091     
  0.451142691106602     
 -8.989946288631952E-003
 -0.202558450356969     
  4.927398074006716E-002
  0.111450511798588     
  2.215401203000992E-002
  3.511381336342521E-002
 -0.211680976955264     
 -0.156168076372671     
  0.122715459668827     
 -0.550092356992214     
  0.116493999074135     
  6.300632706864062E-002
  3.475983478748489E-003
 -0.103657725138253     
   1.29712727113092     
  0.324819803983878     
 -0.320711853473486     
 -0.425025945990285     
  0.574727251068405     
 -2.660476565120574E-002
 -0.433492600053110     
 -4.302897820960480E-004
 -0.791705120810977     
  1.544162453501772E-002
  0.102114505575760     
 -0.317929010369648     
  0.905427477093155     
 -0.897933446224684     
  -1.97018284274457     
 -0.255057727551096     
 -0.668898573851385     
  0.851225467161180     
  0.413839098870527     
  -1.19840402037941     
 -0.172575301605244     
  0.776152311697762     
  0.449525224852842     
 -0.451351949184059     
 -0.315434591645886     
 -1.662598185352782E-002
  0.427193231436601     
   1.14324319522908     
  0.343443975349388     
 -0.375535819276312     
  2.386272946698407E-002
  2.533908588663716E-002
  -1.08789056389219     
  0.266395671700867     
 -0.605622487907880     
 -0.559320103086524     
 -0.275542173832392     
  0.366435344189060     
 -0.100601606121295     
 -2.731889815734036E-002
  0.128051989081295     
  0.114771104424883     
 -0.323421844869248     
  0.103385387555000     
 -0.253863312749130     
 -0.151455707980686     
  0.568331701678204     
  0.207104898057739     
  6.942125357622593E-002
  0.910096600814935     
  -1.68609269062568     
 -0.320670221656957     
  0.478856926127055     
  0.465152099775359     
 -6.601175661643463E-002
 -0.553914539039720     
 -0.493037968407051     
  -1.60282980951067     
 -0.742873184942846     
 -6.659453239482167E-002
   1.53910815044701     
 -6.136052391954956E-002
  0.194808692640465     
  -1.21555961300980     
  5.510800491743507E-002
 -0.245892943177033     
 -9.782060579579457E-002
  0.276108211881125     
 -0.403835140073351     
  0.126376546974444     
 -0.220157593336908     
 -0.175500563618983     
  0.266887278367800     
 -7.645654874254493E-002
  0.644704564426954     
  0.439931212713957     
 -0.361705621274721     
  7.088621107096479E-002
 -0.524850825149200     
  0.798482078098074     
 -0.322014711501810     
 -0.569474223961117     
  6.689719164943787E-002
 -0.254687182256334     
  0.536818575387634     
  2.749363035058884E-002
  0.387042053871546     
  0.170715328650615     
  0.133233605327971     
  0.124960938919467     
  0.455112020937733     
  0.159242190494111     
 -0.496415922515660     
   1.78836677119353     
 -0.722023466509141     
  0.272462310244149     
 -0.438490517280280     
 -0.278337429231236     
 -1.651609618465558E-002
 -0.170198344359799     
  0.273705727242269     
   1.04097571591506     
   1.40843084300219     
  1.402718534895712E-002
  0.436377472424250     
 -0.239406669062436     
 -0.366726916227425     
 -0.969516011701370     
  0.951417141682708     
 -0.896732048107831     
 -0.324701769603071     
  0.499423296810526     
 -0.474918360747860     
  0.853112566635131     
  4.517039449062954E-002
   1.17361926217496     
 -0.931065792416426     
  0.340554589185240     
 -0.257537718542301     
  1.158095078310618E-002
  -1.38526329099025     
 -0.605111105623884     
  1.802226742743220E-002
 -0.389896121410323     
 -1.255172014375542E-002
 -0.569638906610334     
  7.269138175817681E-003
  -1.89485914488810     
  0.789663449089846     
  0.371900269047626     
 -0.454034371020330     
  0.155661731103793     
  -1.15258733158511     
 -0.856991097375543     
  -1.02833882225995     
 -0.793475254243295     
 -0.190672615924846     
  0.999847695203621     
 -0.384516549832813     
 -0.145812282053966     
  0.371434640708880     
  0.405855204801687     
 -0.124041500166235     
   1.29249223743927     
  3.551878601671197E-002
  -1.13332635811266     
 -0.696782978411771     
  0.158426497480762     
  0.915790886760002     
 -0.310046251562296     
  0.188092476580544     
 -6.560372481419406E-002
 -9.087396526974412E-002
  0.434793596310365     
  -1.11576403867799     
  2.038711083043847E-002
  0.517456520694490     
 -3.632320000707172E-002
  5.750112915451457E-002
  0.363137434213355     
  0.423391247620617     
 -0.356268201893260     
  0.705923581636386     
  0.334725203340122     
   1.03250743814846     
  8.905296891991382E-002
  -1.88287356472482     
 -0.238431385767487     
  0.479607716544561     
  9.040799006589427E-002
 -0.644240767829502     
 -0.422473412494537     
  6.249079091852341E-002
 -8.483901797128572E-002
 -0.580638397965178     
  0.121867474961802     
  0.402624223195521     
  2.606018883165454E-002
 -0.817753430624154     
  0.143275725386949     
  0.205011345390224     
  1.284991420589266E-002
  0.957454266030313     
  0.258023425883515     
  0.659623487047419     
  0.126069784603068     
 -0.355329927024687     
 -0.832657519861622     
  0.476320627154691     
 -3.362101221331423E-002
  0.982486187064166     
 -0.507118066983735     
  0.963206871979560     
   1.84558821862816     
  0.194356911598787     
  0.552402993316388     
  0.336228781936356     
  0.360810489642954     
 -0.901262111316024     
  0.471451765558384     
  0.877574686636972     
 -0.941896855406614     
 -0.450432363765262     
  0.299821575310306     
  -1.02518787651331     
  -2.02191014828111     
  0.298451637919019     
 -0.862937807296642     
  -1.99590067461329     
 -0.223176296189464     
  0.722390629638441     
  0.224785701482652     
   1.77422994541515     
  -1.07734352472829     
  0.698504200205734     
 -5.299082538159657E-002
  0.122373713508213     
 -0.640915830670804     
  -1.31959763760680     
 -7.599900483546027E-002
 -0.500659930029562     
 -0.191295092033221     
  0.599465326514759     
  0.187316783150998     
  0.771306284297702     
  6.194490690895376E-002
  0.378686524384559     
 -0.513436605676544     
   1.44725185620525     
  0.240822770152592     
 -0.944429630766439     
  0.404003027548923     
  0.713555577946789     
  0.613862362384646     
 -0.341701796290488     
 -7.384041850112133E-003
  0.220824417994036     
 -0.707374941242035     
  0.200476638097638     
 -0.899746007240478     
  3.163995316004590E-002
 -0.287637704315670     
 -0.613502047024432     
  4.197549035353045E-002
  0.464879029153160     
  0.244123985576238     
 -6.493093355879422E-003
 -0.236328943174741     
  -1.23139386032299     
 -0.195058813162401     
  0.484752676775827     
 -1.981647464968720E-002
  0.325047697466538     
  0.283325661127210     
 -8.492160945732313E-002
 -0.228697141916234     
   2.01587102367986     
 -0.869909631185893     
 -0.849731468476493     
 -0.213617884656244     
  0.668401556667572     
 -0.110721077521165     
 -0.310910265275264     
  0.429989808134143     
  0.623520405864841     
 -0.437694659130189     
  0.377401171759915     
  0.824868085424192     
 -0.703404927238857     
  0.377077175268337     
 -0.326564969047852     
  0.279767187541965     
  0.892691722335817     
  0.487796869694459     
  0.895956386037785     
 -0.354910780932242     
 -7.019158036294282E-002
 -0.194370075652705     
 -3.525730733686167E-002
  0.142630534759690     
 -0.496741425345989     
 -0.104079173938122     
 -0.848499764930572     
  -1.14557719485126     
 -0.544955344806887     
  0.197622870216196     
  0.725893064952654     
  5.525277491224146E-002
  4.269374376644876E-002
 -0.358465609366116     
 -0.851596913843879     
  7.523450053318889E-002
 -0.148123457831332     
 -0.677453244707506     
 -0.439805450029721     
  3.024258168375419E-002
  4.617956827290719E-002
 -0.857799384056658     
  0.866610704863549     
 -0.400812640174970     
 -0.352437367848006     
 -0.221428150079460     
 -0.725614367882936     
  2.989969295864227E-002
 -0.559661903886100     
 -0.416057980302904     
 -0.102410824505395     
  0.623427247420240     
  0.745882498385707     
 
 -0.262694610119590     
 -5.554237435597073E-002
  0.319034571230621     
 -0.146353112937617     
  0.201374083791998     
 -1.096967548307951E-002
  2.706521501860139E-002
 -0.474647341610592     
 -5.919378646348249E-002
 -3.384943774613025E-002
 -8.210754767119197E-002
 -0.201617970803360     
  0.806074490291924     
 -0.277128003361805     
  0.846009005763806     
 -0.216464460815985     
  0.420417276550872     
 -0.294354020527585     
 -0.173457394687950     
 -0.497709746411994     
  1.419478225281937E-002
  4.723700969116845E-003
 -0.154030153835318     
  0.759804648085235     
  0.686841629506501     
 -0.633442550824078     
 -0.565222268802534     
  9.814414328900997E-002
 -3.013231436649241E-003
  0.282712393028167     
 
  0.768800099663236     
 -6.478282607359701E-002
 -0.943693402324768     
  0.129203259828476     
 -0.522399192541742     
  -1.51862164209910     
  0.603963597455369     
 -0.124824326635159     
   1.25492717359515     
 -0.466463715762180     
 -0.592927680091316     
 -0.461708136554137     
 -0.222336370409127     
 -0.302749113435389     
  0.196703087005477     
  0.433560090549637     
 -0.550661895280221     
  -1.25530861400954     
  0.545100023976287     
   2.77746611915679     
 -0.172280706040583     
  0.145905746292223     
 -0.419322351246943     
  -2.83368113464960     
 -0.219493009675713     
 -0.696761168376640     
  -1.72188248085361     
 -0.122868689456036     
 -0.338886524499478     
 -0.202455904950292     
 
 -3.939104761904762E-004
 
  tansig  tansig 
