 0.147254732707612290E+01
 0.287165478270539243E+01
 0.787192216664404087E+00
-0.420816162291475337E+00
-0.254292477525480454E+00
 0.206932481787597133E+01
 0.202559069164076311E+01
 0.882713269480189466E+00
 0.420276005720070900E+00
 0.679012897267957438E+00
 0.547043075410603374E+00
 0.156463062761444366E+00
 0.997656021532121878E-01
 0.814334472727504810E+00
 0.301360752539322041E+00
 0.682398887529758635E+00
 0.510393628848963221E+00
 0.558933016753751788E-01
-0.972729398767188808E-01
 0.271179565697894254E+00
 0.271620276651025783E+00
 0.150861355104265488E+00
 0.354571843081994964E+00
 0.277727980779669648E+00
 0.369797141766985416E+00
 0.314760700861088538E+00
 0.105482516929353246E+00
 0.134884461164201164E+00
 0.209638623756741832E+00
 0.109105311807905658E+01
 0.377392062901136971E+00
 0.339349552958561951E+00
 0.609867832821254785E+00
 0.585370746306133172E+00
 0.159203195303714096E+01
 0.682539003930120791E+00
 0.138290421860373525E+01
 0.148411685022841278E+01
 0.242966974882474318E+01
 0.142154409567060958E+01
 0.345714025377458212E+01
 0.411736774992145982E+01
 0.529763378433916543E+01
 0.257027879586829355E+01
 0.142812294484546021E+01
 0.250374483579527585E+01
 0.390162235932640433E+01
 0.427405388120340679E+00
 0.238866458312103069E+00
 0.232169121834377101E+01
 0.734312103941381800E+00
 0.104666541751514575E+01
 0.610507637784698187E+00
 0.634334644864110841E+00
 0.142399438227279385E+01
 0.615615531612726308E+00
 0.411865982747107395E+00
 0.649715081793609484E+00
-0.996029632001683013E-01
 0.362152965693798179E+00
 0.247382196871794385E+00
 0.724228458616803961E+00
 0.681540398752778914E-01
 0.378111549643611211E+00
 0.346094618460265180E+00
 0.322824735948366692E+00
 0.259552933772378591E+00
 0.387544745282022096E+00
 0.440413963640010120E+00
 0.346695418234627462E+00
 0.168743764934484092E+00
 0.271325099289881189E+00
 0.369093017423834602E+00
 0.110169768619641584E+01
 0.126742326018300683E+00
 0.392979104764758169E+00
 0.571401199671054738E+00
 0.813553838884168656E+00
 0.917880201742258484E+00
 0.382874762001192470E+00
 0.750694195892601668E+00
 0.291176950211798058E+01
 0.128751848352048359E+01
 0.133106105257635443E+01
 0.338961677162771435E+01
 0.102482411341492208E+01
 0.143774715810339071E+01
 0.172082228536173026E+00
 0.869767370345134461E-01
 0.316664990573451899E+01
 0.168497626900299724E+01
 0.177848190083412239E+01
 0.577200377869454218E+00
 0.447157754943815156E+00
 0.859530086029397400E+00
 0.409220481414166781E+00
 0.165275047565476868E+00
-0.257179154151411737E+00
 0.435497705744882557E+00
 0.375772291226966981E+00
 0.201880054855354291E+00
 0.170199646854572312E+00
-0.104120627042726048E-02
-0.446924696025064166E-02
-0.315442856014496549E-02
 0.222112066590017754E+00
 0.101415880405945028E+00
-0.395023270530356005E-02
-0.349174486348135691E-02
 0.464524176041478387E-01
 0.212176139759299109E+00
-0.822932912400740901E-02
-0.848411988197946866E-02
 0.253035347397993382E+00
-0.318685514138129025E-01
 0.459320349800864045E-01
 0.585268689289399555E-01
 0.152454577553935544E+00
 0.131849266278104560E+00
 0.576514948807617666E-01
 0.799910023460697478E-01
 0.110658464049526908E+00
 0.218688704627858305E+00
 0.111803738902524735E+00
 0.192182560338247821E+00
 0.416035220053745602E+00
-0.397891374203678417E-02
 0.154262818433885174E+00
 0.344584523180618718E+00
 0.798380020370716315E+00
 0.652566593068450329E+00
 0.170878255178603694E+00
