 0.852362849684432988E+00
 0.358977702129878296E+01
 0.718764989420615064E+00
 0.712557384648544734E-01
 0.430587032909277162E-01
 0.162564797588654142E+01
 0.217497114335837027E+01
-0.305363421875596674E+00
-0.145389135607379594E+00
 0.101707521138414481E+01
 0.114459428164294219E+01
 0.202855243813456043E+00
 0.129346666183075332E+00
 0.822756283109292053E+00
-0.236925143338187622E+00
 0.162106327370415970E+00
 0.121245855170531061E+00
 0.753246989555547142E+00
 0.600914297920082552E+00
 0.327826807838466239E+00
 0.328359579784511413E+00
-0.779663888664268306E-01
 0.629335903237295824E+00
 0.628159480128949316E-01
 0.836399629858703836E-01
 0.129326888076765734E+01
 0.470493131930819208E+00
 0.463274215370132747E+00
 0.720024887180667483E+00
 0.402545437328790112E+00
 0.216232687243309379E+00
 0.491254186714567109E+00
 0.882865834370394342E+00
 0.121217855185846557E+01
 0.185326374421219309E+01
 0.177747859329228819E+00
 0.360138047933946326E+00
 0.342456587957425151E+01
 0.326644846359165264E+01
 0.256896916500782568E+01
 0.624763363873317523E+01
 0.405217393869057840E+01
 0.305369100898747270E+01
 0.364706907040762207E+01
 0.202641947996376848E+01
 0.280548116575299700E+01
 0.432434685970195343E+01
 0.155873383195551463E+01
 0.871138362405560529E+00
-0.680016018612386031E+00
 0.233007028865009636E+01
-0.270785600927632431E+00
-0.157946058790125909E+00
 0.144469292111972147E+01
 0.376812373611340956E+00
 0.369789789521017764E+00
 0.247400897556840416E+00
 0.877428029092586104E+00
-0.479100380313835783E+00
 0.868882603722045677E-01
 0.593522924548358435E-01
 0.566472453388553787E+00
 0.368712606378839680E+00
 0.296019468189273605E+00
 0.270953756890902009E+00
 0.547299195121631499E+00
-0.450618356772336304E+00
 0.348781442176930911E+00
 0.396362534296364033E+00
 0.418394968503187359E+00
-0.238501008122903063E+00
 0.283357711284921210E+00
 0.385461400151282385E+00
 0.123617225868911618E+01
 0.415676662821621579E+00
 0.560154629758203182E+00
 0.814478488968852998E+00
 0.131936115300412493E+01
 0.906410094003831768E+00
 0.877698987038338818E+00
 0.172088526249856266E+01
-0.123049134008121208E+01
-0.101763648443106286E+00
 0.102048320395661740E+01
 0.259871399332173914E+01
 0.548448033709058436E+01
-0.263210650163279203E+01
-0.340943472117184565E+00
-0.172325468877437243E+00
 0.232047383351589076E+01
 0.308413870306284021E+01
 0.178414114506815191E+01
 0.579037066738092965E+00
 0.549103792767628218E+00
 0.610090233907951696E+00
 0.419811329934387523E+00
 0.169552455643609379E+00
 0.506356942726862713E+00
 0.250429055124667177E+00
 0.336207713488193005E+00
 0.180624365410683968E+00
 0.204660464354944061E+00
 0.130477058450992278E+00
 0.696905179692034610E-01
 0.491880986234474599E-01
 0.989014113641814158E-01
 0.205922645520107833E+00
-0.520937606788256496E-02
-0.460474445025735226E-02
 0.266433773900488113E+00
 0.587309166288998291E-02
-0.769372909493732608E-02
-0.793193697776607524E-02
 0.199812668596003273E+00
 0.130118516301472809E+00
 0.162154401122977000E-01
 0.206618090944364619E-01
 0.347650460564291053E+00
-0.177419363329288066E+00
 0.104733144599330030E+00
 0.145316426446244706E+00
 0.234319669406031855E+00
-0.110561992139847798E+00
 0.670227135380688094E-01
 0.115207208766004321E+00
 0.259344019089426558E+00
 0.473302391967759584E+00
 0.707988338446539217E-01
 0.158146873302200008E+00
 0.171202662251434967E+01
-0.481894581297326985E+00
 0.143918230980408568E+01
