 0.101813552423974008E+01
 0.236606683505134852E+01
 0.113873218685648725E+01
 0.200057972785334170E+01
 0.111520163967386088E+01
 0.605389046190042857E+00
 0.172722587483215229E+01
 0.875646717936176433E+00
 0.620325227501318022E+00
 0.111732321990709460E+01
-0.126455593503791763E+00
 0.390099019679105360E-01
 0.301363647911547586E-01
 0.633670375220813487E+00
 0.115029062282338734E+01
-0.603438713507100447E-01
-0.573452911472664695E-01
 0.137330179692304033E+01
 0.721688624533560891E-01
 0.225200139127582216E+00
 0.229519189686592212E+00
 0.161579713834090666E+01
-0.136951859231078648E-01
 0.816761968742293482E-01
 0.996378583853359950E-01
 0.116937070441212221E+01
 0.114460953740394333E+01
 0.132604410425324726E+00
 0.197092151036511842E+00
 0.249136066854178617E+01
 0.223363440852464040E+00
 0.152094966653647234E+01
 0.262855873747473678E+01
 0.142453197000157328E+01
-0.272417702493003455E+00
 0.206079926392385904E+01
 0.447742295017166736E+01
 0.181141675659627355E+01
 0.481179580419362640E+01
 0.364726975040736701E+01
 0.100485607795173841E+02
 0.686544368953166817E+01
 0.938663367258735448E+01
 0.173605489021243997E+01
 0.358769440169454112E+00
 0.296442441304604065E+01
 0.202670092557448100E+01
 0.538574044945337865E-01
 0.284187039855755622E-01
 0.152821330052387205E+01
 0.879553726994815710E+00
 0.512973217325371156E+00
 0.305192727128181074E+00
 0.672874911691157651E+00
 0.105494311881323988E+01
 0.515148097374280134E+00
 0.313181231554273298E+00
 0.658445513199563348E+00
 0.520408980702438462E+00
 0.670100863420938497E-01
 0.544631724552094923E-01
 0.726448346460453642E+00
-0.501218310807748257E+00
 0.143359570501363720E+00
 0.147180857474956156E+00
 0.713956085334549240E+00
 0.154335840169901650E+00
 0.255803946945014515E+00
 0.305874082530837643E+00
 0.243092059572366848E+00
 0.486775750224729187E+00
 0.167818757463041757E+00
 0.219599396793277724E+00
 0.134270612697098568E+01
-0.312262841933726498E+00
 0.446234674779557139E+00
 0.706725932088152820E+00
 0.587722613163297103E+00
 0.151709515408006235E+01
 0.913641899785438527E+00
 0.176504452461362527E+01
 0.477207540500803162E+00
 0.213231580466987936E+01
-0.709068304497488255E+00
-0.176049347754548546E+01
 0.616755370043162632E+01
 0.393951488285989715E+01
 0.162138980118328324E+01
 0.619803872749259521E+00
-0.902702786642245458E+00
 0.261601805598231207E+01
 0.170908522444390387E+01
 0.794570113196324979E+00
 0.433632639759303162E+00
 0.442104208371248419E+00
 0.400722139746488792E+00
 0.222479772424599265E+00
 0.446080350161762229E+00
-0.229614969916600280E-02
-0.464098829297908480E-01
-0.277658662063259148E-01
 0.359925328936602118E+00
 0.131830832712608675E+00
 0.113044104638871490E+00
 0.878963234353926093E-01
 0.280984817067253423E+00
-0.302603172146624112E-01
-0.139580679242809935E-02
-0.130121978867431048E-02
-0.287172651868941031E+00
 0.357494580598488376E+00
 0.320550631711018844E-01
 0.337467349452100565E-01
-0.120152677928604457E+00
 0.297850000894562983E+00
 0.145543113390326023E+00
 0.166648812882228492E+00
 0.278020841537045316E+00
-0.172009928755501446E+00
 0.190661602058774082E+00
 0.278723459944489549E+00
 0.388142493491650364E+00
-0.859754866521776490E-01
 0.351038017386053502E+00
 0.632958693481768919E+00
 0.177191688731635155E+00
 0.223851584840722179E+00
 0.406319199611193060E+00
 0.942983764880029662E+00
 0.893562386457819713E+00
-0.173774622128876656E-01
 0.000000000000000000E+00
