 0.223775197705129392E+01
 0.175705425621843148E+01
 0.305638265036456236E+01
-0.356711713280047860E+00
-0.215555184093697394E+00
 0.135513829166941679E+01
 0.234996621279956619E+01
 0.384494587326510429E+00
 0.183064937358120683E+00
 0.117075318676608431E+01
 0.646292869396278724E+00
 0.798395212147582356E+00
 0.509081042454021748E+00
 0.428857567629504444E+00
-0.136882116562983824E+00
 0.255487636213216573E+00
 0.191089499346847685E+00
 0.617142760354199016E+00
 0.986346849605712062E-01
 0.194282386605005769E+00
 0.194598127120177017E+00
 0.532116463737092094E+00
 0.145282488741155819E+00
 0.159005387723954644E+00
 0.211717010798841393E+00
 0.576846380535435910E+00
 0.545259661685008723E+00
 0.190758739049967957E+00
 0.296478921136249740E+00
 0.404843615186027184E+00
 0.705748562148820868E+00
 0.384909600751175529E+00
 0.691746849216797077E+00
 0.823927747197078064E+00
 0.110304163646056774E+01
 0.431105801389361665E+00
 0.873471007478028083E+00
 0.279089610143743094E+01
 0.209162813718708929E+01
 0.201690895006703963E+01
 0.490504455029628961E+01
 0.755388596564436376E+01
 0.127462550716476564E+01
 0.206623050831308164E+00
 0.114805880319483328E+00
 0.397783084583641777E+01
 0.370749735876156583E+01
 0.219152294925837959E+00
 0.122478878308303396E+00
 0.257488238708152206E+01
 0.405938749543554522E+00
-0.660872711357702036E-01
-0.385479286059932369E-01
 0.924962937045693989E+00
 0.122214657759738388E+01
 0.652864982728147192E+00
 0.436787026812146373E+00
 0.747625748571353443E+00
-0.252756565348503603E+00
 0.446763238621464887E+00
 0.305178424371048418E+00
 0.621245617319324372E+00
 0.167266157180573194E+00
 0.270109425346271914E+00
 0.247237669930612247E+00
 0.707265631729534716E+00
 0.996992957336585994E-01
 0.174158979337158543E+00
 0.197917910969375638E+00
 0.888724451655921177E+00
 0.152304069542847809E+00
 0.632457841986260455E-01
 0.860354511628410312E-01
 0.487067186942100661E+00
 0.953284460217310392E+00
 0.375051450614586335E+00
 0.545333953437115548E+00
 0.282550203486021390E+00
 0.152835738475710126E+01
 0.482287595806657143E+00
 0.945610771080092616E+00
 0.256515359710851598E+01
 0.125632338156375778E+01
 0.122689650325493926E+01
 0.312435628436042734E+01
 0.297253907357188307E+01
 0.246926967299769179E+00
-0.432512248422453477E-01
-0.218607722687285989E-01
 0.403137601092841003E+01
 0.893353139383855854E+00
 0.235997300519037001E+01
 0.765921379193525098E+00
 0.322856310704350891E+00
 0.394735192691523240E+00
 0.259190407571308679E+00
 0.104681238807565649E+00
 0.422431605231543106E+00
 0.323953387509065716E+00
 0.468942503994253468E+00
 0.251934856934904194E+00
 0.160954903852471354E+00
 0.323524488783191524E-01
 0.416955149708238479E-01
 0.294290121856552282E-01
-0.395922756148723853E-01
 0.224329692878836168E+00
-0.191537660236942714E-01
-0.169306643732065228E-01
 0.242728951986169478E+00
 0.102674855851365043E+00
 0.507474682860429849E-01
 0.523186760619044830E-01
 0.870429532629274638E-01
 0.106301661651170123E+00
 0.329638966803355860E-01
 0.420027908894858790E-01
 0.247854224698969977E+00
-0.194074454265368984E+00
 0.113714210595323960E-01
 0.157777585912128523E-01
 0.227345059205280087E+00
 0.207563715835137219E+00
 0.146949861134232446E+00
 0.252596208600399719E+00
 0.374057552336938437E+00
 0.919342287915547174E-01
 0.141373002668182285E+00
 0.315791901182633006E+00
 0.130196503520437101E+01
 0.263150128115224924E+00
-0.216203963088640733E+00
