     33 -    30 -    30 -     1 
rmse=  34.8928meV
 -0.245979012857492     
  8.685013742723985E-002
  0.147635715193136     
  0.505281918039809     
 -5.619476052836006E-002
  1.197391838476363E-002
 -9.644884368131382E-002
  7.583473560821319E-003
  0.216870932771785     
  5.955634184730708E-002
 -8.423700614887107E-002
 -0.288804374463949     
 -4.103488599687936E-002
 -5.810370765856153E-002
  0.170640148274802     
  3.957594512106089E-002
 -0.491005125509699     
  1.692423259093430E-003
 -0.127128813819365     
 -0.244444098631270     
 -0.117204926889421     
  0.142109674736903     
 -5.467947614674552E-002
  2.082741799938925E-003
  5.674200102086840E-002
  5.059084452619018E-002
 -0.277175609696466     
 -3.869854475001128E-002
  1.371299827567462E-002
  5.625418826306727E-002
 -9.228524724033431E-002
  0.124517961519969     
 -7.758132430666986E-002
  4.044243685222419E-002
  0.136648284950977     
  0.195903544604290     
  0.333473648512468     
  0.130163950661120     
 -8.369020371854376E-002
  6.624600886955934E-002
 -4.312998468694747E-002
 -4.845585014981838E-002
  0.112326183563673     
  1.053766629853451E-002
  0.136873983314235     
 -0.265373254660182     
  0.185575379300488     
 -7.915563839826871E-002
 -0.106222233549233     
 -6.765557158808409E-002
 -1.467416937618235E-002
 -2.039829226176602E-002
  0.240444520457638     
 -0.369521497512140     
 -3.419130193437100E-002
  0.248707354173222     
 -0.766110758711251     
 -0.204268860864772     
  0.570382013647405     
 -0.258466433087617     
 -0.107593440076621     
  0.363236761856417     
  0.125557559017000     
  0.118400655296857     
 -5.910572836756127E-002
 -0.398715866526869     
  2.058916577385106E-002
  0.252789330270777     
 -0.296261390204024     
 -0.217438434990897     
  0.149261980273808     
 -0.190929740560277     
  0.223132739587751     
  7.897482322774370E-002
 -5.639110927262204E-002
  1.691821870409056E-002
  0.138087365286331     
 -4.339758293585204E-003
  8.766462419797819E-002
  0.319378441895919     
  2.765558204554390E-002
  0.269115826073074     
  1.524069933313458E-002
 -0.226889692328923     
 -7.981616243659201E-002
 -1.701589198939131E-002
 -7.467884410645063E-002
 -5.285722170754926E-003
 -0.428912325675910     
  0.234019263060029     
 -0.279444845087700     
  7.649095034852332E-002
  0.168218441513385     
 -8.792806330108809E-002
 -0.207759833696098     
 -0.130356365125992     
 -0.112178695770300     
 -9.401289952466764E-002
 -0.129916387451656     
  0.237031053983556     
 -0.244579637758119     
  7.583051300279497E-002
  7.138357641226757E-002
  0.181921117395842     
 -2.693160083395565E-002
  0.133997273892638     
 -0.266143742753047     
 -0.159771270622274     
 -6.234082395217030E-002
  5.498008988367779E-002
  0.101440446842746     
 -0.377371237595506     
  9.295841315649650E-002
  0.115599653763775     
 -0.435081566597520     
 -0.289155516333879     
  0.245324547973374     
 -1.562041087782838E-002
  4.714100137649076E-002
  0.288613871342293     
  1.501142094674251E-002
 -9.857247169710417E-002
  2.666990719459480E-002
 -0.330875542887562     
  5.651390542491688E-002
  3.000489849727200E-002
  0.104869981608269     
 -0.366223899838262     
 -0.101409727904538     
  0.111257781884830     
  3.365977825546633E-002
  0.147933612625865     
  0.256764154936353     
 -0.120171342122672     
  0.147726820870101     
  0.420361630776245     
 -3.507092817328095E-002
  0.169735666628138     
  6.404566699174663E-003
 -0.116062652612171     
  7.539009320603399E-002
 -0.130476170179942     
 -1.396343353348249E-002
 -8.839042155168841E-002
 -6.080378312486288E-002
 -9.831116125892556E-002
 -0.407657845217841     
  5.484136621288452E-002
  0.172967403416843     
 -0.224053344210113     
  0.292390754433672     
 -5.910956456672973E-002
 -0.168560073123595     
  6.756664896296329E-002
 -0.165897409285326     
 -8.893518432525009E-002
  0.623773838084746     
  0.152663507001822     
 -0.391218954544159     
 -0.356487091696453     
 -0.330911665416425     
 -3.133315958209928E-002
 -9.903320821075916E-002
  9.468530536216258E-002
 -0.187778319491080     
  0.249085246621828     
 -0.129238581324584     
 -7.072602978414513E-002
 -4.260449215666424E-002
  9.818125427112676E-002
  0.260306791541870     
  8.996003583350257E-002
 -0.243755647447101     
  0.103295167619496     
 -7.085343677879484E-002
  1.020891610070886E-002
 -1.910778473263934E-002
  9.008583044950318E-002
 -0.271678909624619     
 -8.726136316160296E-002
  6.345389268630376E-002
  3.775304481124785E-002
 -7.448891654269092E-002
 -0.370820973273890     
 -0.317280367838483     
 -0.223772083048861     
 -8.048848222993818E-002
 -9.187771260800025E-003
  0.275404786528257     
  0.187851452086533     
  0.301752362601437     
  0.297842718146366     
  9.236259013292455E-002
  0.172464585029819     
 -0.107945627872918     
  0.143438403727787     
  4.867613914179062E-002
 -2.813502062656965E-002
 -4.347995298036768E-002
  7.090341165748161E-002
  0.120818076477414     
 -0.242950820910327     
  0.327751482361062     
  0.294085022563294     
 -1.285851622204299E-002
 -0.205456064124646     
 -0.283764503400221     
 -8.324968320700432E-002
  0.104810075371882     
 -0.176852825032445     
 -9.168748991214941E-002
 -7.073321114832462E-002
  0.275063285171705     
  9.715665887841438E-002
 -0.211019271995753     
  0.155642457455642     
  0.505710594133780     
 -5.850202850576185E-002
 -3.739856780664468E-002
 -1.976103092950154E-002
  0.172008228579127     
  6.856093091878385E-002
 -0.112680246585628     
  0.223794631796560     
  0.144579053815134     
 -0.124831312614478     
  1.386974274698838E-002
 -0.189720122921900     
  0.220114165963082     
  0.164908845336403     
 -0.203494851582238     
 -0.334404380031831     
 -0.335708798458983     
  0.257720695840602     
  0.205659497536150     
  6.066836234336650E-002
 -0.221394571190423     
  9.651881770995183E-002
  0.102978933522402     
 -0.274253070587354     
 -0.223563543194272     
 -0.135927423522067     
 -0.194051283528585     
  6.486528712523618E-002
 -2.069689876101775E-002
 -8.798076682300966E-002
 -6.781474624289519E-002
  0.178814550996489     
 -0.141680961881905     
  0.314153096133844     
  8.764425194840508E-002
 -0.277958033121172     
  0.130581628115258     
 -0.105851934719400     
 -0.229953062027504     
  3.901033972230866E-002
 -0.136909963271713     
  0.264570218028844     
 -0.103573648800125     
 -0.442932197483344     
  0.409807690223812     
 -0.295712419412837     
 -1.428334463349293E-002
  0.283397184029105     
  4.805506930149460E-002
  8.401505030199120E-002
 -1.922089205691629E-002
 -0.437081584379291     
 -0.413036920967234     
 -2.086724395313133E-002
 -0.172328899032217     
  0.107704290135837     
 -0.230516132166526     
 -0.126209460709539     
  9.695558742586548E-002
 -0.142102663567872     
  0.373791609795002     
  3.725053437184175E-002
 -9.258561679907527E-002
  3.506838765714113E-002
  4.754832712926565E-002
 -0.322982981021775     
 -8.681788332393189E-002
 -0.103725156203927     
  2.798952225520211E-002
  6.873620728055474E-002
 -0.210594402554245     
  9.778506550052890E-002
  0.171409222562811     
 -0.157290213759407     
 -0.101390148560604     
 -3.657828312914863E-003
  0.789894826235765     
  0.179259249940092     
  5.493284827099770E-002
  1.032413474177814E-002
  7.800892786460040E-002
  5.476082524985770E-002
 -0.167226157955069     
  0.203162277865490     
 -0.101913309507899     
 -7.575467925559447E-002
  1.711664440350819E-002
 -0.153649457253731     
  3.659651286162323E-003
 -0.202555655578808     
 -0.181684777210735     
 -9.931888725794989E-002
 -0.168893449621148     
  0.131472148335907     
  0.155468986289176     
  9.437500405130893E-002
 -0.235196099013395     
 -0.180837019697434     
 -0.277453279791177     
 -5.037075334028097E-002
 -0.275560128438914     
 -0.288140897413770     
 -0.210043620162954     
  5.748114967108763E-002
 -0.281885159146423     
 -0.151644433609077     
 -0.104098781092609     
 -9.572204010541674E-002
 -0.174792919769826     
 -0.129158370928611     
 -0.106098411179913     
 -3.423320201030119E-002
 -0.131121618207560     
 -0.121566018922775     
  0.199169511091712     
  8.690030703160102E-002
  0.125403272136822     
 -0.115569774372137     
 -0.270920201800060     
 -2.138241956527711E-002
 -7.119915893322437E-002
 -9.390555227059705E-002
 -0.144304723298552     
  9.361264175859443E-002
  0.105027744491985     
  0.255794905132691     
 -6.804180385210294E-002
 -0.172453186573283     
  1.338589526341049E-002
  1.173653471758670E-002
 -4.413881532324626E-002
  7.332703114188892E-002
 -4.878039556608051E-002
 -2.535582653276606E-002
 -0.279385214507785     
 -0.280015057823052     
  0.243243825268289     
 -5.931677928834245E-002
 -0.310519606083338     
 -0.246352506739196     
  1.504693124357389E-002
  9.345912184978522E-002
  1.385799488775753E-002
  7.369754396853126E-002
 -2.150789636010327E-002
  0.257056150038147     
  5.647021754035923E-002
 -0.170903007023154     
  0.166444888963395     
 -3.754710550663364E-002
 -0.133059703386775     
  0.164906341565974     
  6.952685288732999E-002
  0.154031023455308     
  0.211934207721542     
  0.278360769078866     
  0.143145768273817     
 -3.314972583639299E-002
 -0.287742213258720     
 -0.166889560119809     
  0.118446551028192     
 -9.860092798353827E-002
 -0.496133811897126     
  0.256886482958931     
  6.487724185553430E-002
 -7.704333467164672E-002
 -0.324733792314527     
 -6.965678592161277E-003
  8.665779272148638E-002
  0.310493545364933     
  5.124596997800107E-002
 -0.168848513437576     
  3.455277846903491E-002
 -0.132931548931834     
 -0.303246151645714     
  0.381633795099524     
 -7.555023853755791E-002
 -0.196208469295724     
 -0.130798572875505     
  5.557300799243798E-002
  0.251914604405252     
  0.249155953821948     
  0.280301517725443     
  0.382108355056768     
  0.349614006926271     
  0.158764746808995     
  0.104926995055309     
 -0.104505306328190     
 -0.150600739251157     
 -0.208112649400348     
  5.092939931754122E-002
 -0.285617371777866     
 -0.264317838657032     
 -0.146972125396581     
 -3.028034251300637E-002
  0.123069546757799     
  4.827887385136538E-002
 -9.186367415288103E-002
 -0.234050035164913     
 -4.752693297782107E-002
  0.152504881762082     
  0.333936376326476     
  0.117330318254909     
  0.268719234354907     
  0.297713905638330     
 -0.302191791929408     
 -0.199844928958543     
  7.083686655020874E-002
 -0.313152010149563     
 -8.718681375360567E-002
  5.954560002016128E-002
 -0.188215521825496     
  0.420124878012711     
 -0.181858757370848     
 -0.239336285703192     
 -0.203414573616728     
 -0.318711364140062     
  0.134136912865267     
 -0.194903142490535     
  0.292494126578968     
  0.226750857331657     
  9.719842417012313E-002
 -7.373609175717812E-002
 -8.471013932027201E-002
 -0.340274356382657     
  0.187945247633927     
 -0.167786392355699     
  8.016125386409237E-002
 -0.285189468652673     
 -0.233573422170589     
  0.387319781125290     
 -0.129927225724305     
 -0.273807300072878     
 -4.037373067361490E-002
 -4.747793015975001E-002
  0.110175830125797     
 -1.299429221573592E-002
 -7.741467142361219E-002
  0.751075882623885     
  0.230265230845793     
 -0.229256996821459     
 -0.346328214888849     
  0.138387274522714     
 -4.217893049958609E-002
  5.077865499203581E-002
  5.271673863649204E-002
  2.927853567771899E-002
  6.619042660743479E-002
  0.104325754602059     
  0.660468091448202     
  0.170143726288699     
 -0.473502508222840     
  0.111565105713102     
 -0.338790151612750     
  2.358383109330505E-002
  0.411488570322683     
 -6.558518496786747E-002
  0.150328910775743     
  1.112066430964083E-002
 -1.447706016550521E-002
  1.644980723131580E-004
  0.284149352294850     
 -0.296959455452808     
 -0.216489031467727     
 -5.246569224941956E-002
  3.112260740318590E-003
 -0.209204259157134     
 -2.280927158508264E-003
 -0.223795291042314     
 -0.546378695729494     
  0.306792964169855     
  0.105431054229322     
  6.810816097667827E-002
 -6.335232856504071E-002
 -7.705201210379764E-002
  0.321118756153125     
 -0.243399627948467     
 -0.201875247955998     
 -0.190051577217563     
 -1.860359891292148E-002
 -0.156124976668771     
 -9.944941195788833E-002
 -0.255343216105993     
 -0.373243243674083     
  0.185497239880267     
 -4.421662571308688E-002
 -2.096670975621209E-002
 -4.158913908207672E-002
  2.640054646828793E-003
 -8.054563455705441E-002
  0.125049319970490     
  9.047956956029125E-002
  9.264686688143300E-005
  0.364384012929112     
  0.170504380819545     
  0.265570894032070     
  0.454887071906667     
  5.883344794564051E-002
  0.164198109140144     
 -1.983137224525254E-003
 -0.239168782141793     
 -0.274604896867092     
 -6.857983243569245E-002
 -6.719198838867667E-002
 -6.727204900532453E-002
  3.017002747329197E-002
  6.088017192263960E-002
  3.031148324509923E-002
  3.340218645473312E-003
  9.629140964830266E-002
  0.223398030259315     
 -1.187971909780276E-002
  0.252107765737028     
  5.916845899617722E-003
 -0.189579076235024     
  0.340099553033038     
 -5.246647042122675E-002
  8.583540177823870E-002
 -5.291130665640213E-002
  0.138965759874347     
  7.327761570917171E-002
  3.034354455210572E-002
  0.274753384367705     
  0.284112700860985     
 -0.350078753100468     
  9.180220792474643E-002
 -0.157879040556556     
  0.150981039389103     
  0.329861232691394     
  3.729329642105713E-002
 -0.318144761067523     
 -0.159255780612303     
 -0.487099895772998     
  0.154466630658653     
 -0.416327076789791     
  0.317416980135258     
 -0.332118505370899     
 -0.270557410971938     
 -0.238461982801662     
  0.308371657684110     
  0.404915305393561     
 -6.733141785306460E-002
  1.909611345467836E-002
 -0.110980744364069     
  0.249781695587701     
  0.336481516889080     
  0.174139474431138     
 -1.271978222491009E-002
 -0.371523182555188     
 -0.151434934326641     
  0.719019359338422     
  0.505394560092215     
  0.146293613318616     
 -9.102308956860342E-002
  0.219103082255831     
  0.383207920612825     
  4.293125176810490E-002
  1.112753600284044E-002
 -0.629336024559199     
  0.114064605972000     
 -4.189377583920282E-002
  0.370021144036917     
  0.137353492607282     
 -0.319841062181180     
 -0.172570369414207     
 -0.372290834709308     
  0.266502378787414     
  2.711893166108872E-002
  0.294628983111297     
  0.240386199540208     
 -0.339054740240374     
 -0.224539349563569     
 -1.392715233333229E-002
  5.380124369033300E-002
 -0.499639642654395     
  0.110290515507607     
  0.298868484419452     
  0.534911830768283     
  0.235218378872431     
 -0.214778655835320     
 -0.128276419576337     
 -0.486175943852281     
  8.205236003446693E-002
  0.399519861126867     
  0.312918966319350     
  5.369589701361085E-002
  1.283884193691792E-002
 -0.204707694864274     
  0.142174912683549     
 -0.166210632257112     
 -0.145893131462245     
 -0.235411795731618     
 -0.147058654666797     
  0.359640220373205     
 -9.282332623091433E-003
 -0.298720914388716     
 -0.448036605572255     
 -0.171964455165490     
 -0.105377877753734     
  0.153221396127852     
  2.259646899042571E-003
  0.135986238775825     
  0.107355607342747     
 -0.266087446251217     
  0.424527954542277     
  0.231983814110534     
  1.982917631321728E-002
 -0.569171052924835     
 -0.107351174161751     
  0.220018069748364     
  0.442565621562673     
 -0.293686959132144     
  2.422744570723713E-002
 -0.136526538292412     
  0.299091107048139     
  3.821003455951461E-002
  5.969344903926622E-002
 -0.165137371691189     
 -0.120509917054696     
 -0.116049163169830     
  1.979118957187668E-002
 -0.254173301553143     
  0.106342876571937     
  0.181000613200456     
 -0.343675769858152     
  0.596076289907317     
 -0.392497696304640     
 -1.453514098769671E-002
 -1.585268816935247E-002
  0.144046983303855     
  0.266770271099150     
  0.137861633245464     
 -5.444747591593055E-002
  0.169771347247640     
  0.143693348434820     
 -0.204360867701223     
 -3.941631828139115E-002
 -0.132069869819272     
 -0.376999927362587     
  7.672529613557998E-003
  0.143728160525255     
  0.103160023474146     
  4.459542827729109E-004
  0.181527400192408     
  4.335950530692236E-002
  0.395854362395162     
 -0.248504397289520     
 -0.172518158192543     
  3.516970251482943E-002
  0.134790099692500     
  6.307064887084658E-002
 -0.113263131941200     
  0.221268084578627     
 -0.254058288653996     
 -8.117070429965997E-002
 -0.109098459870720     
  8.162447410790620E-003
 -0.170688115539040     
  0.180966573039880     
  0.247927564067703     
 -0.292292122978746     
 -0.328440888037572     
 -9.564735221790624E-002
  0.296393168833287     
  0.453257506032305     
 -0.138568908454946     
 -0.133863094281146     
 -0.119917691268112     
 -3.254146527494246E-002
  1.237995829029787E-002
  0.139737188460957     
  6.892444003092794E-002
 -6.105569102592552E-003
 -0.107678611673366     
 -1.818555596340914E-002
  0.166318093027154     
  9.079970732366258E-002
 -0.201962408153815     
  8.167341989496754E-002
  0.452534154916954     
 -5.152641207186749E-002
 -2.359023980108315E-002
  0.141914155429820     
  0.227597532728804     
 -2.287028145402510E-002
 -0.221845704348667     
 -3.522012943403621E-002
 -1.071361510555433E-002
 -4.258240390927496E-002
 -0.427602216048548     
 -0.247627238597788     
  2.351305487121583E-002
 -3.794500424126707E-002
 -1.326450540587278E-002
 -0.583673719755765     
 -0.409998431241930     
 -0.269108243739767     
  0.170095393013572     
 -3.176876599259403E-002
  0.111087864219449     
  4.832494346418367E-002
  0.333577735853679     
 -0.222142722020516     
  0.186953760000405     
  0.106953050537242     
  0.234082654913345     
 -0.322325367754891     
 -0.190253293488106     
  2.083892234266717E-002
  8.189406195983016E-002
 -0.124293757097999     
 -0.194930707939172     
 -0.230688354844095     
 -0.426677076784259     
  0.218289946886114     
  0.162313631514659     
 -0.196464112958977     
  0.204815674958116     
  6.797660698320628E-002
  0.126245560086664     
 -0.215570749588926     
  6.736859493554359E-002
 -7.572460228766659E-002
  0.263988495092379     
  0.144991668053516     
 -1.727209799586599E-002
 -0.160759707466683     
  0.144271913608828     
  4.845478133298758E-002
 -0.253021544799642     
  0.222452528295449     
 -0.222612861064632     
 -0.105483568667781     
  0.195897490170509     
  0.291589939162428     
 -0.670412420458604     
 -5.578286856385095E-003
 -1.087554048308248E-002
 -0.600946671411452     
  0.195462413281033     
 -0.215505342593055     
 -0.119654621428453     
  0.101149868552697     
 -3.741369166174678E-002
  0.223249596111574     
  2.362030544351670E-002
  0.170270899107055     
  0.367088467018400     
 -2.126822132938917E-002
 -6.618606401790669E-002
  0.105154301427521     
 -0.109609715273857     
  0.186006063479726     
  0.198173918647601     
 -9.601659520623383E-002
 -0.276781039162295     
  0.296477303614967     
 -0.220121426939382     
 -0.127149101866920     
 -0.173528905026056     
 -1.633585890838163E-002
 -0.142714163268481     
 -8.633934446885332E-002
 -0.396442332350950     
  0.147118983790119     
  0.215684874992510     
 -0.244339865275554     
  2.371950616443654E-002
  3.260964706401655E-002
 -0.308521746619431     
  9.246340074841909E-002
 -0.413690828803445     
  0.176272673245866     
 -0.173771123062594     
 -0.294390801807538     
 -0.196501337553884     
 -1.088359874130676E-002
  0.153070135461338     
  6.698476345161838E-002
  0.181281569362634     
 -0.356166742701133     
  7.533975027128305E-002
 -0.219593323305995     
 -4.203897687727716E-002
 -4.360423194282564E-002
  2.828082452661192E-003
 -4.033262223011715E-002
 -0.262699603199774     
 -0.128989420996739     
  8.904815939397588E-002
  6.231237742574282E-002
  0.100739495069753     
 -0.157977416631177     
 -0.408295271887785     
 -0.257425793106428     
 -6.801315113635867E-002
 -0.279782528139619     
  1.351554402992394E-002
 -2.420242178228394E-002
  0.104939814054342     
 -0.122420786566184     
 -0.294573488445641     
  0.174109432755397     
  6.561368925030384E-002
 -0.378967942184609     
  0.168088909384251     
 -0.437212041729023     
  2.698287249618013E-003
  1.612695361044140E-003
 -2.829752229111532E-002
  0.263624318549777     
 -7.293386863883411E-002
 -0.617020195863895     
  0.251852762394157     
 -0.174593675555474     
 -0.287002595773414     
 -0.225839496592660     
  0.103338313598148     
 -0.161099131548441     
 -2.819906146165490E-003
  2.784101276391832E-003
  0.190764451523495     
 -1.773812846058968E-003
  5.924844974589159E-002
 -0.152512001045138     
  0.229080376346655     
  0.162800881838352     
  0.231109376884794     
  0.211848828660588     
  9.808182938592866E-002
  0.103956880581542     
 -8.720259742646294E-002
  5.016218742537578E-002
  7.134507903073634E-002
 -2.470389440895986E-002
  0.431059027288557     
 -0.162643453449133     
 -0.112461153761699     
  5.981560458635670E-002
 -1.434232560606791E-002
  0.152265288891119     
  0.229173764224701     
  6.402787528175766E-002
  0.299374735790739     
 -0.143152286714981     
  0.289155898997841     
  0.271928788868831     
 -0.122453047871804     
 -9.414201271906307E-002
  0.180847533580394     
  0.269363900571555     
  5.151329928203385E-002
  0.257722199016070     
 -9.527924983470901E-002
 -0.163195431347917     
  0.161969742789616     
 -0.120962618326742     
 -0.304768214109063     
 -0.289539580405097     
  0.142616044760763     
 -1.770804887448908E-002
 -6.386440504189587E-003
 -0.345315255995574     
  0.237464068009842     
 -0.235758286835041     
 -0.261805422597077     
  0.227621566059939     
  0.481746965301985     
  0.284257220629502     
 -0.357234093572615     
 -0.306006188951472     
 -5.660536458833472E-002
 -0.113468552991974     
  0.111582338539528     
 -0.352008443910621     
 -0.123238176704382     
  8.127113432789271E-002
 -0.229463265708195     
 -0.104025477110820     
 -0.157008436907792     
 -2.843809437490291E-002
  2.312757545869333E-002
  2.515795848066895E-002
  6.722368664667885E-002
 -8.636677033400178E-002
 -0.103902044161033     
  0.157329530288116     
 -6.988723582297425E-002
 -1.543152938984348E-002
  0.412780141926557     
  0.197107004783292     
 -0.311030007597139     
 -0.127619328509372     
 -0.267516110943430     
 -2.515558626564568E-002
  0.130391639917855     
 -0.214952079644199     
 -0.283641085821418     
 -3.889161971732340E-002
  0.142065469179929     
  0.326647877451194     
  6.828410988282596E-002
  0.122532197787476     
  0.119574808253857     
  0.221791896525605     
  4.850419448031546E-002
 -8.584513147475206E-002
  0.299026039221656     
  0.133649479801846     
  1.440603646441865E-002
  0.157697247973661     
  0.118327327888085     
 -0.130604273499660     
  0.364589869936413     
  6.484689966801387E-002
 -6.757694405369434E-002
  6.947769617312911E-002
 -0.193148624606644     
  0.302462630600854     
 -0.212323167827584     
 -0.239541581130293     
  0.479808519320463     
 -0.215672083387383     
  0.116786291532006     
  6.204778927443489E-003
  0.124382859841159     
 -1.793476539043845E-002
  4.562792347983716E-003
  0.114962339591990     
  0.184204130350725     
  7.699705726695444E-002
 -9.031953092411035E-002
  3.535361645536161E-002
  0.249389658786671     
 -0.183109216700093     
  3.736880073776291E-002
 -0.293759512251773     
 -8.700641000146354E-002
 -0.101631091977426     
 -0.213485730613429     
  4.593038497830761E-002
  7.084124762943288E-003
 -0.217926710910261     
 -0.243676615014174     
  0.377209321583989     
 -0.203585570362987     
 -1.081645863162685E-002
 -0.277449780582729     
  0.130293502716570     
  0.109217634343770     
  0.133853427987304     
  1.874346533256468E-002
 -0.128444750491899     
  0.186540583375806     
  0.152477597648213     
  3.247621601478512E-002
 -0.173366953401689     
 -9.089002781111141E-002
  0.261631350698899     
  0.402433198184760     
 -0.319571577422600     
 -2.475953521292663E-002
 -0.109646017947129     
  0.144427906711394     
 -1.302613254766473E-002
 -1.262683965525862E-002
 -2.119593761640075E-002
  5.453786715191307E-002
  0.277789223455867     
  0.593332158905784     
  5.128758417158938E-002
  0.218283248380671     
 -9.206155058573186E-002
  0.139789742898504     
 
 -0.396431980648097     
 -0.191695742916995     
 -0.182342289554362     
 -2.331909765762233E-003
 -7.038892031507246E-002
  3.430790223935997E-002
 -0.341305278781513     
  0.138144933421050     
  0.224060895833472     
 -0.232046726288774     
 -2.123939897427611E-002
 -2.249353908513024E-002
  7.686988544055076E-002
 -0.240262876701511     
  0.176535469321327     
 -0.309936204530101     
  0.290134675789622     
  0.123906696391613     
  0.353366157553997     
  8.179571830673157E-003
  4.047638414132915E-002
 -8.146854674343693E-002
 -0.621229088837542     
  0.254529913386526     
  0.162829337121344     
 -0.105684347688925     
 -0.388903522114345     
 -9.348503101612621E-002
 -0.123304085046212     
 -0.156542040608373     
 
  0.235797453115615     
  1.011473761330130E-002
 -0.198010542027135     
  0.104267535271389     
 -5.846373135920989E-002
 -0.183506963930584     
  0.271175487411655     
  9.355447870165703E-002
 -0.208703699448418     
 -2.150549562683431E-002
 -0.236841616831908     
  9.666741759807823E-002
 -0.247048791190612     
 -0.200613667315154     
  4.920390094661363E-002
  1.676624720840715E-002
 -0.151060504619736     
  6.920110328453834E-003
  0.105382057357083     
  0.107374719005118     
 -0.253987830565919     
 -5.231723945264682E-002
 -0.159019109709833     
  0.155832411949847     
 -0.180365755478210     
  0.199671166910575     
 -0.175636835733851     
 -8.419300545180615E-002
  0.145608848314825     
  0.249630903393853     
 -0.361911841275730     
  0.104418454424347     
  0.106231645440734     
 -0.157203031665690     
 -0.136230400387801     
  0.280080950243070     
  0.248913655649394     
 -4.368487765885570E-002
  6.263500288513917E-002
  8.993803869955045E-003
 -5.781387630411857E-003
  0.270505519397881     
  0.169053738553074     
  0.161094204147820     
 -0.170120017420004     
 -0.112566970985887     
 -5.726053496590141E-002
 -8.800159823431342E-002
 -0.122318428998931     
  4.678536310465556E-002
  0.357430877904323     
 -0.512369750976563     
 -0.452825847201231     
  0.117035470953677     
 -0.527478705424145     
  0.111792828593779     
 -1.299015736727463E-002
 -3.053414447105424E-002
  7.714896168438315E-003
  0.120700986054242     
 -0.149530228630046     
  4.190530599078456E-002
  0.152970741352429     
 -8.994332678452005E-002
 -0.314455357150457     
 -0.297876604640975     
  8.085589746929517E-002
 -0.285945462946698     
  0.468338993989275     
  0.109809625576005     
  0.133659616463685     
  9.027985219360032E-002
 -0.218967471454328     
 -0.330710031083238     
 -0.147002743541711     
  4.371487647117400E-002
  0.204770551298484     
 -3.412945662168450E-002
  3.803837204703809E-002
 -6.629774289377056E-002
  4.291165669596362E-002
 -1.212067423484801E-002
 -0.117927602280454     
 -0.349702663513586     
 -0.185028278755996     
 -0.133461856549893     
 -0.386893489978963     
  0.252011812990479     
 -5.234614905197056E-002
 -0.110413656986950     
  0.147004483696250     
  5.789194505387606E-002
  0.284962717613925     
  6.416225108147666E-003
 -4.481092258067254E-002
 -0.188428189036772     
 -3.724411922617229E-003
 -0.154171579313961     
 -0.108300419110968     
 -5.453667646187537E-002
  3.583239908950285E-002
  0.182046935825270     
  8.893612585879727E-002
  4.191704631682055E-002
  8.090204024451642E-003
  0.287576787242211     
  0.380252307195900     
 -0.119737937103737     
  1.152705412126148E-002
 -9.977441154664060E-002
  0.276969543164686     
  0.216997737060999     
  4.861131512648473E-002
 -0.108547516175701     
 -0.157227601497997     
  0.229074572531372     
  0.104906507400007     
  8.853450202199104E-002
 -0.223283398517410     
  0.512324564789774     
 -0.201665310009263     
  0.160448646110575     
  1.030219358891239E-002
  0.139181146637164     
  0.322816155249179     
  1.319921897036837E-002
 -6.651226922826607E-002
 -0.132687881367455     
 -0.114835739847364     
 -0.181795903642184     
  0.252916262524143     
 -9.019506318288886E-002
 -2.357666781866094E-002
 -0.407784302224226     
 -4.106297184045391E-003
 -0.208647274849716     
 -0.180639501112002     
 -6.222786306487458E-002
 -0.157136983059275     
 -0.252040732544995     
 -0.244723195001950     
 -0.124764857026901     
 -9.200159332822515E-003
 -2.085567453498494E-002
  2.813686656445610E-002
  0.260485013037138     
 -4.877725072852172E-002
  8.179398110740686E-002
  0.224964792464764     
  0.100084263082864     
 -3.715423665443944E-002
  0.143518302929721     
 -0.113329998932817     
 -0.104860035242660     
 -5.096995282031534E-002
  0.219598687531257     
  0.165630623539038     
 -0.170500781921873     
 -7.393404956851288E-003
  2.433954844335218E-002
 -0.156148757943645     
 -0.189348133558537     
  0.137764315610119     
  0.185544692870894     
 -6.143363743593394E-003
  0.269269271687846     
 -0.204201126294212     
  0.459713153625854     
 -0.195760549361317     
  0.140569588883902     
  5.093422859077842E-002
 -4.038619305320634E-002
 -0.140028851889734     
 -0.135308117551644     
 -6.749370036616884E-002
 -0.149426870082922     
  0.416108812837080     
 -0.350070887644937     
 -7.702527563719465E-002
  0.303020161945417     
  8.100151152387002E-002
 -0.405601029177065     
  6.926641827874440E-002
  6.788676268292268E-002
 -0.327904617229355     
  0.283578978109347     
  0.493365115118838     
 -0.175989534348678     
  6.401611649364224E-002
 -0.208260878476991     
  0.121094146810066     
  4.204585760908205E-002
 -1.404074621346686E-002
 -0.280894888216342     
 -0.452551845101724     
  6.073613037876135E-002
 -0.281292171792639     
 -0.396247238663134     
 -0.169254665843918     
 -0.304211711074585     
 -9.604811577230522E-002
  3.168854097647544E-002
 -0.410159416372310     
 -6.030187903498523E-002
 -4.361317103310063E-002
 -0.223823847066376     
  0.184541458547461     
  0.241461210698631     
 -0.198954015260251     
  6.629802859967197E-002
  0.164376687180815     
 -0.174476168467861     
  0.110536716241336     
  0.181960602653554     
  0.113543001990313     
 -7.673898307979526E-002
 -0.185030238563350     
 -0.153344505880647     
 -0.255107656450430     
  0.139943843985855     
 -0.260402050586547     
 -1.797985381980920E-002
 -0.132954519120381     
  0.290983725922481     
  8.980116315781304E-003
 -0.228201724612513     
 -8.167747168890752E-002
 -0.374846580152140     
 -0.182712329444824     
 -0.257291049334961     
 -0.243743219626292     
  0.226690356395329     
 -0.247218858142553     
  3.670346030523926E-002
  4.290517327596780E-002
 -7.854682353130815E-002
  0.451515448996620     
 -4.745648928408433E-002
 -0.192386782828790     
  9.690686212421813E-002
 -4.585829419240937E-002
  8.298400050456256E-003
  2.815158645383134E-003
 -0.163524368120923     
 -0.134383637168114     
 -0.123747202387825     
  0.240219719670452     
  0.145879928075585     
  0.222413555083207     
 -0.173077093970967     
  0.181751191551181     
 -0.389414503577234     
  0.137886447436975     
  7.349270707243098E-002
  0.206758418833783     
  3.639588093162908E-002
  3.697761631347738E-002
  0.292644462361093     
  0.110530478638928     
  6.269889857508561E-002
 -0.262925614932219     
  0.223428282542309     
  1.965825702923057E-002
 -0.259244374254122     
 -0.191945802671222     
 -0.204966764499120     
  0.101577536670942     
 -0.206647182261795     
  0.132305303167952     
  0.104216974837280     
 -0.405093499677260     
 -0.311055287723396     
  0.216187367708686     
 -0.275239280413769     
 -0.115410713807569     
 -1.300982051317058E-002
  5.861374224037003E-002
  0.295363459003306     
  1.634525759041372E-002
 -9.022237181191883E-002
  0.250755605310826     
  0.140115398234254     
 -0.658253129907931     
  0.528187355520503     
 -4.161359592987228E-002
  8.121069024372675E-002
  0.115656769264308     
  5.095429718199050E-002
 -0.174964481381396     
  0.379569099023097     
 -0.348773218370417     
  0.152470050094475     
  0.267033258518706     
 -0.208277684130689     
 -4.564422581740962E-002
  0.438608839095302     
  0.513589580790962     
  0.136640469541381     
  2.937399137537008E-002
 -0.458712043279565     
 -6.845919190541000E-002
  0.168514003734596     
 -7.343758999916096E-002
  0.234410186115728     
  0.147255575864715     
  0.175908842250611     
  0.101662507162305     
 -0.339941820925879     
 -0.411869769029098     
 -0.350836138318088     
  3.293132933707991E-002
  0.208286203097477     
  0.378576247189697     
  3.198794076315562E-002
  0.255916788657309     
 -0.465293019233761     
  0.188573156249363     
 -8.534133836545318E-002
 -0.116712416826255     
  2.843777716377911E-002
  4.285585855493483E-002
 -0.479571982644851     
  9.860944961901598E-003
 -0.129679309043303     
  9.097363211039911E-002
 -0.279326568066442     
  0.254528587708487     
  0.117218944490832     
  0.362436582883985     
  0.142092139447581     
  0.250320623858000     
 -8.857206088946923E-002
  0.365174108009648     
 -0.392637823435555     
  0.492555395105249     
  3.938396234501258E-002
  0.264065914951159     
  0.469300623125558     
  0.276253321880841     
  0.102267607822778     
 -0.213190619807255     
 -2.860758147944605E-002
  0.240801773617398     
  0.327140188938154     
  0.255239273905515     
 -8.746253626159856E-002
 -0.117770298189709     
 -0.143139472405557     
  0.370382857078636     
  4.327524935864981E-002
  8.913380908023510E-002
  0.139622025103568     
 -0.148835727386932     
 -0.261461392527854     
  0.111198823627120     
  1.110092425364874E-002
  1.785329510187899E-002
  1.033950480832360E-002
 -4.783811036302327E-002
  0.139113352690188     
  4.040850103199242E-002
  8.336217861036810E-002
 -0.155302531059533     
 -0.266755129564876     
  0.277107850383738     
  7.403212915645402E-002
 -0.170410227063966     
 -9.131443232520836E-002
 -1.721080883191969E-002
 -4.085102388479574E-002
  0.169471014449840     
  0.396821828793476     
 -5.457765578436313E-002
  0.234249614657059     
  6.826007288043279E-002
  9.631048723863928E-002
 -0.139755362917838     
  0.150912791233933     
 -0.115903199019553     
 -1.103687584804175E-002
 -0.238907764592869     
 -9.234624429692474E-002
 -0.100695377334820     
  0.128327370173744     
  9.940219518353027E-003
  0.225150117181930     
  0.137694762405760     
 -5.463418895988663E-003
  0.276825503870443     
  0.181404584715875     
  6.095869751917198E-002
  0.113003867083236     
  8.669008675178291E-002
 -0.271667546442216     
  8.377649073554699E-002
  0.154384918485225     
 -0.157160464315841     
  0.172165137840071     
 -0.393770976842671     
 -5.776686186940177E-002
 -6.338237143508478E-002
  0.319985046954112     
 -9.163528916285089E-002
  0.171722018198855     
  0.208158183784705     
 -1.050350243737287E-002
  0.127227740130463     
 -0.199993140650936     
 -0.114585695306812     
  0.166441045350592     
  4.199107727735599E-002
 -0.217816629348553     
  0.139057465179251     
  1.497384122060289E-002
  0.328672661219146     
  0.478034581212592     
  0.275339025977818     
  8.287382853766631E-004
  1.380465398174288E-002
  3.093904108075118E-002
  0.148428121701563     
 -6.715600622200794E-002
  0.270792563645008     
 -0.233558864004519     
  2.051948091488243E-002
  0.106641766981697     
 -5.631986569037974E-002
 -0.135316259621306     
  0.215119548738558     
  0.122802895032132     
 -3.474488478034986E-002
  0.177931245379399     
 -0.113787359622471     
  0.282094701759178     
  0.301180376462350     
 -0.246596865401180     
  9.309259821511701E-002
 -0.334698696990729     
  0.105155554727748     
  0.250524774867272     
 -4.710978854038200E-002
 -0.196094279470557     
  9.370116645858283E-002
 -1.271590546470128E-003
 -9.275936150179662E-003
 -0.139019032539977     
 -0.237858730149811     
 -0.106016278208395     
 -0.241109832199653     
  0.182293031818570     
 -7.438161175395057E-002
  2.862513572024554E-002
 -2.602946959729230E-002
  8.117234343832755E-002
 -1.405604457889544E-002
 -0.455108437577308     
 -0.195919322044637     
  1.526075761095026E-002
 -0.115952106220250     
 -5.448787057000334E-002
 -9.959116079010787E-002
  0.306577880860357     
 -0.508172124484894     
 -0.352374143259029     
  0.456188942198680     
  0.257333807687257     
 -8.032665309873582E-002
 -0.538164180179512     
 -0.395892248712311     
  8.644374989284849E-002
  0.228797361209267     
  0.261103963647269     
 -0.663181587468537     
  0.145393546097381     
 -0.131985398037861     
 -0.280065303573502     
  0.182926123705280     
  0.247219390789046     
  9.489312062453580E-002
  0.170854327241226     
  0.488568061177731     
 -0.113075729430699     
 -0.197315682949297     
 -0.255560425786198     
  6.138504939051859E-002
 -0.198566403860706     
 -0.501626806196248     
 -8.090846293792425E-002
 -5.260331448135024E-002
 -0.102518254912812     
  6.357870761892616E-002
 -0.249580686484474     
 -2.778106425071050E-002
 -0.334545002405794     
 -6.371671839995190E-002
 -0.285060639874596     
 -0.321143380636152     
  6.075860855093145E-002
  0.219266095613181     
 -0.335720576932075     
 -8.860957327176734E-002
  2.514271425037082E-002
 -0.349422699258357     
 -0.109015804090074     
  0.381926124048234     
 -0.306309382036773     
 -0.101155964682203     
 -0.249260619997913     
  0.201210091030429     
  0.111740443853590     
  3.144009669000699E-002
  2.591974212933632E-002
 -9.357269269369634E-002
 -0.218479651943699     
  0.243952216853742     
 -0.229484855536099     
 -0.135248901161766     
 -0.167596835548040     
  2.791577140119801E-002
  0.214689654811200     
 -0.226829906559329     
  0.254837654983000     
 -0.241462570173306     
 -0.205230674452135     
 -1.628676909169906E-002
 -0.103058757612862     
  0.102600100005533     
  0.229197571222330     
 -0.101037095571435     
  2.707113146436365E-002
 -0.150466049876956     
  0.288677146299968     
 -1.718275996098926E-002
 -0.117811762897864     
 -0.120115006175957     
 -0.145321479114574     
 -0.157743980141411     
  0.210828376330087     
 -0.234184991351693     
  0.101678447062138     
  2.630521782027812E-002
 -7.021404611944775E-002
 -0.189679734618228     
 -0.176370185240663     
 -0.280407014103563     
  0.304039012953968     
  0.169047746303798     
  0.120005402123920     
 -0.239139418310432     
  7.695947137463818E-002
  0.142607282792535     
  0.221220477048796     
  0.220058754801588     
 -0.269550137815445     
 -0.111515380248191     
 -3.644716981813775E-002
 -4.858570583764947E-004
 -0.400418363762835     
  0.133960422813611     
  4.720179474775206E-002
 -0.219218062611312     
 -0.124834141435892     
  8.970911366055655E-002
 -2.257208914675570E-002
  0.159734922017958     
  0.197660498023104     
 -0.192074509248316     
  0.246690493111400     
  0.224982228676772     
 -0.200613155338226     
 -0.455756351144058     
 -0.193212463335977     
  0.264390564168640     
  7.726647588318216E-003
  9.397780748607111E-002
  0.121000873535120     
  0.122709794059301     
 -0.339254311362064     
 -5.212466596127814E-002
  5.962128853520668E-002
 -0.217427713315711     
  1.340544064986061E-003
  3.295412119591804E-002
 -0.201383701624585     
 -4.112372089853805E-002
  0.212048739858255     
  6.776669898492578E-002
 -1.987230220668162E-002
  7.247619857965315E-002
  0.172896432316569     
  0.357320561946131     
 -0.209046643933498     
  0.182319413279095     
 -0.104932314873172     
  8.565320881234614E-002
  0.162789938780749     
  2.110859431378928E-002
  0.193771072991949     
  7.980089447606493E-002
 -0.162737964650258     
  1.883022287588075E-002
 -2.122422933636108E-002
  0.268267296725590     
  0.167460572561225     
  0.242490049559006     
 -0.168067206331483     
 -0.239134580034539     
 -4.340886017597399E-002
 -0.221158206646012     
  0.116962762015814     
  0.107096188428102     
  6.238117038563838E-002
  0.112562880333460     
  5.913301455401553E-002
  5.995022970598205E-002
  0.222466510452447     
  5.488142708294724E-002
  3.150995680402745E-002
  1.710685730034436E-002
 -0.220417815176622     
  0.308546562376125     
 -5.178160596107087E-002
 -5.614433428212177E-002
 -0.144496727494236     
 -0.191415237113573     
  0.171636284131662     
  7.830301243363137E-002
  0.143076131006207     
 -0.234701472449330     
  1.924126129627545E-002
  0.166316131704544     
 -0.162927778330843     
  0.422718044282671     
  0.152634972857094     
 -7.241586999075070E-003
  0.173645283914525     
  0.170260089716907     
  7.818571994193768E-002
 -9.701013730096388E-002
 -1.607161612473740E-002
 -0.114251563756571     
 -8.933935734137671E-002
  0.265686931055314     
  0.168243248521016     
  0.155686267530462     
 -0.102390423227534     
 -5.863078960384643E-003
 -0.340601445837331     
 -0.375779694147098     
 -0.291283238929769     
 -0.144164088248157     
 -0.102935803294435     
 -0.310245718362048     
 -0.147615749074643     
 -0.292545140545204     
 -0.124489716932533     
  0.256435190199184     
  0.226463935968818     
  9.894697340231089E-002
  0.137596587873636     
  1.050135823722069E-003
 -0.189274142387562     
 -0.208672142053570     
  0.195198181933184     
 -0.436958380344178     
  7.163328848637975E-002
 -0.156715376198730     
 -0.436636076029149     
 -0.178575533929931     
 -0.197323965070312     
  0.232057987712765     
  0.123884309295440     
 -0.363188098579658     
 -0.140418057568994     
 -0.406147765820843     
  0.136050335962277     
 -0.115708528031378     
 -0.318691509375158     
  0.193111940252322     
  6.554942131115865E-002
  0.162575808919115     
  0.296666268076633     
  4.804450098391828E-002
 -0.301974801707281     
 -0.228642897604463     
 -3.144892811801907E-002
 -0.398200992428505     
 -5.587568963061772E-002
 -9.371912273214905E-003
  0.242214205680198     
  0.375420314185161     
  5.780684979591717E-002
  0.129887729585848     
  0.269018500776117     
  4.612924745118895E-003
 -8.584085448324891E-002
  4.551156787255666E-002
 -0.217723222889877     
 -2.097367304998424E-002
  0.388568177098316     
 -0.126288328279800     
  0.250345636914434     
  0.155130905017706     
  0.409418172574308     
 -0.488083340516078     
  8.771339203825781E-002
 -2.574246058549693E-002
  0.559618223043318     
  0.303745631908295     
 -0.179640299193863     
  0.325556724110335     
 -0.169568341205635     
  1.428104349349935E-002
 -0.221334414030952     
  0.126803324878993     
  0.187324787068717     
  0.147068301419907     
 -0.113859905573155     
  0.174164123093219     
 -7.628129052023497E-003
 -0.138182326127814     
  0.312640451158642     
 -0.132936167540425     
 -0.188107703494995     
  0.214137360839014     
 -9.278674188853171E-002
 -0.228288279550825     
 -0.180846504088072     
 -7.016522622699270E-002
  0.282972444526790     
 -0.112589066587640     
 -0.352399707725156     
  3.493047847970882E-002
 -0.132526088070827     
 -0.132233170327959     
  0.172121950188881     
 -0.120834417415901     
 -0.467759076540976     
  0.176191130636839     
  0.245590186541967     
 -3.801495236166472E-002
 -6.926166446104862E-002
  0.232738576336213     
 -2.593628100786584E-002
 -0.319041731765066     
 -4.303311264139266E-002
  6.418315069803519E-002
  0.237089126719371     
  0.116387861241695     
  0.214838726555765     
 -0.400969596801698     
  3.853172421628322E-002
 -9.558034270541725E-002
 -0.359100343966905     
 -0.118665441689832     
 -0.231652110875783     
  6.311688518821212E-002
 -0.248203489296101     
  0.134474674301012     
 -0.180919764577004     
  3.142494491792185E-002
  0.210611025766749     
 -6.316442207418931E-002
 -0.251690617157989     
 -0.317748010432113     
 -8.040147815926489E-002
  7.079100327857024E-002
  0.266693693723814     
  0.291494367445382     
  1.867033239779040E-002
  7.347952565362019E-002
  4.288326849175159E-002
 -0.315979842380304     
  0.287274914215310     
  0.244201708973918     
  9.614503899224133E-002
  0.126165370663840     
  0.100424039001284     
 -0.240355983550975     
 -0.183788068795580     
 -4.449977230977759E-003
  0.735456778228610     
 -0.235049601938799     
 -0.469654761918268     
  0.117426864133367     
 -0.451624412979494     
  0.230397699451698     
  0.455995605047149     
 -0.106756949196339     
  8.893384322587294E-002
 -0.325317446751592     
 -0.272127286071211     
 -0.245754277189604     
 -0.416549968880838     
  0.607496199103301     
 -0.391295394139960     
  0.505636898509069     
 -0.589510363818519     
 -0.460643568554441     
  0.336372940561166     
  0.403269228709220     
  0.350546132445629     
 -0.133003286015733     
  0.167390545077960     
 -9.329329164732027E-002
 -0.367519820065157     
  0.102453685745649     
  0.201299507457119     
 -4.980427479944559E-002
  6.143824547780505E-003
  5.095107258129972E-002
  0.307653068505952     
  3.797019080677287E-002
  2.165502182909266E-002
  0.155011342421370     
  0.139926326075493     
 -0.120705411112465     
 -0.231819293504162     
 -0.515682787983140     
 -0.188569356787006     
  0.199652259856980     
 -3.191378327089217E-002
  0.416336740441290     
 -3.541273818182178E-002
  0.280449630483475     
 -0.268423514994451     
  0.126120929957432     
 -0.116563038872292     
 -0.112254384753695     
  1.569617151576922E-003
 -0.227510449543038     
  1.606937859880258E-002
  0.109072755636121     
 -0.101182443730852     
 -0.252130903636198     
 -3.816498882892776E-002
  0.361419332017336     
 -5.590822303489755E-002
 -4.869868424290741E-003
 -0.290162334041552     
 -0.126292588110865     
 -0.156174447294385     
  0.249948227627849     
  0.208038425887681     
 -8.393077326357408E-002
 -0.190501623469412     
 -0.290247127860267     
 -0.218843621997796     
  8.113121368720837E-002
 -7.488396813057963E-002
  0.211356155359364     
  4.201081279828277E-002
 -0.172784511084744     
  0.279304975732874     
 -0.519803656845849     
 -1.019255610911004E-002
  0.133429842016207     
  0.258367118746823     
  5.581339881936911E-002
  9.008861967713587E-002
  0.220169386079787     
  0.446310373645490     
 -0.320668400479679     
 -0.177795557272421     
  1.058050929033879E-002
 -0.144091183152179     
 -0.310233769097170     
 -0.219097454030967     
  2.202829349611985E-002
 -0.118760910974221     
 -6.541349196526057E-002
 -0.397151484696416     
 -3.207653458515985E-002
 -0.101992511093574     
  0.198398756637619     
  0.451947710608256     
 -0.110690832524525     
  0.121860793843732     
 -7.234655472739272E-002
 -0.215802110484068     
  6.806883302763947E-002
  0.166869413014146     
  8.961181624020954E-002
 -0.284337642041845     
 -5.196092982583699E-002
 -0.144035193642083     
 -1.552248633116659E-002
  6.500809373071671E-002
  0.183735713633387     
  0.305018943514882     
 -0.200037707627798     
 -0.150736608437416     
 -0.165986072109594     
 -0.125760751177940     
 -0.325345916710429     
 -2.918332515310374E-002
  0.114946989535389     
 -0.105138574888640     
 -5.427492022167011E-003
 -0.247173835153164     
 
  0.159989438220027     
 -5.633029698468165E-002
 -0.172333595212576     
  0.238702027340459     
 -0.192223840914253     
  0.102305927849255     
 -0.159233583882718     
 -0.178615667937666     
  3.916720697863903E-003
  8.132528252311268E-002
  0.280488226240964     
  4.046383564788835E-002
  0.121339821836512     
  0.283301045409228     
  0.176406413102527     
  0.145733521963318     
 -5.046940902240631E-002
  0.120885113998827     
 -0.140812759341258     
  0.277142370950869     
 -1.899798820532547E-002
 -0.181961899474014     
  9.618568140294265E-002
 -0.286869159168723     
 -0.271127688750221     
  3.515091633070008E-002
  0.110903039025618     
  0.383242285506719     
 -2.608271973083058E-002
 -6.547225777503669E-003
 
 -0.301411965337967     
  0.562072338596129     
  -1.09716384222877     
  -3.54315312150154     
  -1.15090776309113     
  -6.02656869557603     
   3.19723149788595     
  -1.43601779500105     
   8.45567849401024     
  -4.69759344412193     
  -3.13727833648444     
  -1.65377383399830     
   1.53323491809935     
   8.33448241249028     
  0.425327903696505     
  -2.62395793663784     
  -3.50267707508406     
  0.832290617057874     
  -5.04966935413917     
  0.979942699471624     
 -0.451829464587475     
   1.26366102127524     
   1.79196226051292     
   2.13712245511095     
   3.27000917099611     
   3.54409960479420     
   3.20459612039235     
   1.48183508344317     
  0.543709137266187     
 -0.965242672612272     
 
 -3.939104761904762E-004
 
  tansig  tansig 
