 0.778183897227572419E+00
 0.167679637929426040E+01
-0.196106333621052809E+01
 0.111555747772096381E+01
 0.621855510672282175E+00
 0.143395483002935475E+01
-0.271253804165855039E+00
 0.547940731143350512E+00
 0.388171909677062166E+00
 0.362085666780864013E+00
 0.124365310050689937E+01
 0.520464576584056982E+00
 0.402075102719135713E+00
 0.259515851631313577E+00
 0.504559133421913608E+00
 0.118855610323888708E+00
 0.112949491405629696E+00
 0.148978337041397824E+01
-0.403001680150014807E+00
 0.110310658325669303E+00
 0.112426275626581904E+00
 0.979685957752068126E+00
 0.585475394288116013E+00
 0.901273009150781595E-01
 0.109947470485890597E+00
 0.522811290964490749E+00
 0.835610405085983499E+00
 0.717437001814358322E+00
 0.106633860417792725E+01
 0.670251902558210988E+00
 0.719131214287159537E+00
 0.908785462223479223E+00
 0.157059501689976555E+01
 0.133259693810709368E+01
 0.127090596485483753E+01
 0.848180071831157956E+00
 0.184280972241039831E+01
 0.290100585729134819E+01
 0.342230904807052339E+01
 0.176795994084197150E+01
 0.487089086824967321E+01
 0.770880101792546668E+01
 0.613496596552147633E+01
 0.288140600325263341E+01
 0.595465284258005823E+00
 0.206094415057945568E+01
 0.164330031482543282E+01
-0.446823407026838870E+00
-0.235773377074100648E+00
 0.275593538018319317E+00
 0.120755265183714133E+01
-0.170008177392959509E+00
-0.101146136952680044E+00
-0.750356101816466281E+00
 0.541335278732240410E+00
 0.373937613473402708E+00
 0.227333155084876087E+00
 0.155223775206053072E+00
 0.407172913779644097E+00
-0.113770572067386735E+00
-0.924682629895609842E-01
 0.683212819446270103E+00
 0.424299345989126095E-02
 0.109172711911254675E+00
 0.112082739197464129E+00
 0.695034805123151411E+00
 0.118446990201691582E+00
 0.128068824747188281E+00
 0.153136551402661275E+00
 0.840996357800610439E+00
-0.408555053711416205E+00
 0.194627723195024332E+00
 0.254680294735759261E+00
 0.644264532083677843E+00
 0.537812687944791090E+00
-0.257975630860698135E+00
-0.408569926275053452E+00
 0.105187969357619293E+01
 0.363620663315510018E+00
 0.559483121849837284E+00
 0.108085303560038404E+01
 0.194464093246869685E+01
 0.740230444473430116E+00
 0.101799001890544139E+01
 0.252749245329690719E+01
 0.157550795916633923E+01
 0.413651825495466063E+01
 0.137016858026610677E+01
 0.523770281365109724E+00
-0.104470572550709662E+01
 0.187556167737609014E+01
 0.769361598785304857E+00
 0.357683586454649538E+00
 0.705400245987133356E+00
-0.384043013303923764E+00
 0.119150956482173498E+00
 0.661522662538626682E-01
 0.703778594508056576E+00
-0.292150587353971258E+00
-0.872908830300239691E-01
-0.522239408125697996E-01
 0.244346966240690022E+00
 0.220605886586638822E+00
 0.117108578271747477E+00
 0.910566146347538269E-01
 0.201840718834184196E+00
-0.844581737869778970E-02
 0.472133756593234033E-01
 0.440139559653205115E-01
 0.197795042689505984E+00
-0.159955009364757678E+00
 0.548117829649371821E-01
 0.577044163575276894E-01
 0.157557782703906635E+00
 0.145937365444418404E+00
 0.162011238137259816E+00
 0.185505036138308571E+00
 0.839015945015896408E-01
 0.152639907466839107E-01
 0.106197420622889907E+00
 0.155247371225107206E+00
 0.217860887542224074E+00
 0.223979966228531585E+00
 0.183898840670868202E+00
 0.331589070581587764E+00
 0.547975273964374399E+00
 0.152945598869434381E-01
 0.139133755284249400E+00
 0.322900991401303128E+00
 0.977231130233943479E+00
 0.731981036494972592E+00
 0.000000000000000000E+00
