     33 -    30 -    30 -     1 
rmse=  32.3184meV
  7.789836950337636E-002
   1.17423628879514     
  0.277618329472348     
 -0.314428493330509     
 -0.835663634223003     
 -0.175024491603923     
 -6.292792788408516E-002
 -0.388851118045926     
  0.141552569406811     
 -2.788021287566496E-002
 -0.155374157924363     
  0.380741023110397     
 -0.823506521440266     
 -0.598057762663510     
 -0.557934539672594     
  0.347454683780180     
  0.581491634961222     
 -3.056827448426079E-003
  0.165678743888022     
 -0.222267855562044     
  0.352588236883974     
 -0.226356998849476     
  4.634757269109165E-002
  9.384387702557261E-002
 -0.235297804611656     
  7.908645561276173E-002
  0.202155914275910     
 -0.105252695937607     
  0.129539787588608     
  0.304342399603165     
 -0.170938573557279     
 -0.378350475467034     
 -0.511748829828802     
  1.881728458497844E-002
 -0.226365697997622     
   1.47046758516713     
  0.850598531417534     
  0.116924187371670     
 -0.156536862473902     
 -0.318695087383521     
  0.120303158477892     
 -0.131637046813087     
 -0.256155383720455     
 -0.321438450655626     
 -0.356434955301126     
 -0.751745335635952     
 -4.477291525699833E-002
  0.276419452760226     
 -0.302988923698093     
  0.755968829266783     
 -0.295860673852524     
  0.793094313258404     
  0.145467209870918     
  0.139277385795210     
  9.996430634973000E-002
 -0.264831019963416     
 -0.257581604321999     
 -0.274013132681931     
 -0.295106149931400     
  0.243655163744987     
 -0.515054519574266     
 -0.679443030345812     
 -0.227630423905102     
 -0.336811025972677     
  7.266683672572534E-002
 -0.211873123767768     
 -0.395758404224387     
 -0.494340769490855     
  0.643645721187452     
 -6.685172538463996E-002
 -0.211676111428176     
 -0.309798442378264     
 -0.274391589860229     
  0.396713987136381     
 -0.132993484211751     
 -6.042795615081167E-002
 -3.483194321908471E-002
  0.420742802874513     
 -0.729322698921679     
  0.798028847356336     
 -0.474782940246900     
 -0.846142956234200     
  -1.71972074600546     
 -1.258153080623619E-002
  8.928984221775858E-002
  0.137821120218526     
 -0.254801503620651     
 -0.303273848177865     
  0.166989981387819     
  0.204631630908152     
 -0.555573361120507     
  0.681680446605181     
  0.400779719571649     
  0.104480273892617     
 -4.596720171658631E-002
 -0.107596890103382     
  0.887202420894627     
 -0.118937225176998     
 -0.146862717735999     
  0.105853699306159     
   1.66877972765647     
   1.42480007722069     
   1.09170672931865     
  0.349585937119101     
 -0.353085068620664     
 -0.370035065844791     
 -0.321183175634211     
 -3.718902054068006E-002
  2.970564336099700E-002
 -6.069298985350777E-002
 -0.735354962522817     
  0.251754337513972     
 -0.648897962037200     
 -3.824219737166230E-002
  0.222690553998289     
 -0.152435508224289     
 -0.267420349042710     
  0.336652437243565     
 -4.734151773299759E-002
 -1.356702688663464E-002
 -0.176513733719386     
  0.326455019555775     
  0.334547257478184     
  6.723960433927201E-002
 -0.173682865864865     
  6.564464801244715E-002
  0.160088488627929     
  4.455353146284460E-002
  0.164132892792591     
  0.565670341100278     
  0.378010700111817     
 -5.752152740446359E-002
 -0.814552277160990     
 -0.549878354969101     
  0.431596313480994     
  -1.02505303057287     
 -9.717962167791173E-002
  0.641423575629768     
  0.275916786435904     
  1.226509947020425E-002
  0.201262318527082     
  0.178976816217757     
  6.743965951521080E-002
  2.468757291063301E-002
  -1.26210374396395     
 -0.226641919896010     
  0.600659933501017     
 -0.629046053058101     
 -0.572089381619972     
 -9.679673239013292E-002
  4.447712198400760E-002
  0.271611155440322     
 -0.190917551033964     
 -6.644359455498323E-002
  2.678306141186960E-002
 -0.107453630464608     
  0.473974495227233     
  0.170682214590592     
  0.141801890833293     
 -0.625559137178962     
 -0.152753904250434     
 -0.431148390238146     
  0.268786374365891     
  0.563442129044313     
  0.236006764454125     
 -0.181802848037527     
  0.753701213023402     
 -0.501287222673988     
  0.893688703734034     
 -3.835668941220902E-002
 -0.531772563117961     
 -0.843405131530514     
 -0.626728214534207     
  0.200969901494141     
  0.153344941002663     
  0.449148021104660     
 -8.213549152410157E-002
   1.27376268986306     
 -0.852462933124704     
 -0.797745129464611     
   1.04085052462735     
 -0.355595074565047     
 -0.303921961555108     
 -1.953787901731919E-002
  0.383316211014207     
 -3.842434102294309E-002
 -0.482998660286339     
 -0.237628796788960     
 -0.196630797679447     
 -0.430383956664930     
  0.312383520144467     
  0.565269348137537     
  3.448773241672522E-002
  2.779537860004758E-002
  0.449680410270636     
  0.104360325732633     
 -0.134849329163737     
 -0.220977696574460     
  0.143273533162969     
 -0.461619415706426     
  9.686896552293908E-002
 -0.638840289160617     
 -0.198296749173937     
  0.160033004131916     
  8.614862141208265E-002
  0.369681097349102     
 -2.833056237266047E-002
 -0.333396129495788     
  9.445741887902478E-002
  0.160496116094241     
 -0.123435455173894     
   1.05514720610118     
  0.406163153628849     
  0.306999558353798     
 -0.277770763389182     
  2.778764717608602E-002
 -0.445267726088686     
  0.238237040518950     
 -0.116058562397647     
  6.799558747336124E-002
 -7.597773834099014E-002
  0.523816775146097     
  0.224590268948993     
  0.819083883247387     
 -0.498622249947353     
  0.407831782141579     
  0.389495645095640     
 -0.203246590337666     
 -0.234902058495569     
  0.289880863371868     
  4.537590371882261E-002
  0.358069238483920     
 -0.656468015128197     
 -0.118065984757117     
 -0.481440487051224     
 -8.243120690519673E-002
  0.199620485412843     
 -2.254410283070557E-002
 -1.096377058332793E-002
 -8.778229971038996E-002
 -7.221925659021376E-002
  0.164197429890540     
  0.154498872648831     
 -0.671270013441471     
  -1.10613542741347     
 -0.861711259675714     
  -1.02791302520329     
 -0.675838530989708     
 -0.136651100725307     
 -3.904122282353571E-002
  9.962743653504637E-002
  0.300149784084469     
  0.231545544792656     
  3.473649498132340E-002
  0.574226313391785     
  0.402576693647613     
 -0.111106450895507     
  9.997578068209029E-003
  0.233029618671396     
  0.419511852005367     
  0.240910284357286     
 -0.257541664126721     
 -0.357071745242168     
 -9.112845804294546E-002
  0.514496418179919     
  8.429112050882119E-002
  0.605970719421696     
 -0.481051543561091     
  0.942940493589178     
  0.199195223240785     
  0.134497857265510     
 -0.102140313433703     
  2.816457988515304E-002
 -1.727366497942977E-002
 -0.186001824095287     
  7.121895465533586E-002
 -0.545537267421884     
 -0.532814267596600     
  0.601020593872874     
 -0.770358855824408     
   1.26331931265316     
 -6.209689328250070E-003
 -0.200959962974999     
  0.566088241784396     
  0.160833604559821     
  9.701862996649652E-002
 -0.759814805747163     
  0.318164308284208     
  0.251104177211710     
  -1.22575229821676     
  6.407150959743363E-002
 -0.197032475780149     
 -0.420542798079074     
 -0.280851956231787     
 -0.109513017317434     
 -0.559026495286483     
  9.055798970533269E-002
 -0.428729223008528     
  0.604885669233536     
 -0.252540835721026     
  -1.58392165574581     
  0.295686039787940     
  0.892098889015316     
 -0.470420475184024     
  0.100217485829705     
 -0.323979559574411     
 -0.175996821504358     
  0.265494365835984     
  0.718089228696638     
 -0.166654093821469     
 -8.267009100095027E-002
  0.852801548602317     
 -0.128627154853979     
  2.647126718507739E-002
 -0.187584941300752     
 -0.480890467577110     
  0.641799658847559     
  0.144311770435678     
 -0.320953947803577     
  0.201588169783749     
  0.231829465362609     
  0.965844392653853     
  -1.10473478406208     
 -0.423888850602944     
  0.245736730379565     
 -0.164058136361622     
 -0.263897137367260     
  0.255449831889446     
  0.523798408872547     
 -9.834068938178939E-002
  0.887334067456374     
  2.597937289539282E-002
  -1.20980793275275     
 -0.962455040801640     
  0.382742873467457     
  0.172385923642683     
  0.170758734802646     
  0.238735589522523     
  4.415085062749294E-002
 -0.270527836224983     
  0.113001083837441     
  0.488907905014234     
  0.181544184515798     
  6.553009093350032E-002
  0.206320462881739     
 -0.406651934252287     
 -0.432758512126543     
  0.135740220763391     
  0.607562118909926     
  3.439034014940815E-002
 -0.174245670034722     
  9.291754907020904E-002
 -0.412063301441607     
  0.762868209487105     
  0.569228101407621     
 -0.425342358811058     
 -0.582903477161159     
 -0.414401562472726     
 -0.594598467853402     
  0.340308572845965     
 -0.461779518523601     
 -0.447806690186889     
  0.382954775193959     
 -0.160362980706054     
   1.45156088491372     
  4.609858485134902E-002
 -0.192245262125902     
 -2.050425120646721E-002
  0.645011936117111     
 -0.101578437993993     
 -0.190501057204721     
 -0.231274694627679     
  6.743777702198854E-002
 -0.208546204436454     
 -0.520932627080187     
 -0.349329651459411     
  0.174941023529923     
  0.283216651605498     
  0.202924872385460     
 -0.449632150651953     
  0.305893233960026     
 -0.247710510409061     
 -0.292771401722775     
  0.127119051614743     
 -0.479156320497816     
 -0.156732417962831     
  0.824853393010391     
  0.730067759923047     
 -2.716404612204520E-002
 -0.162014589597637     
 -0.255432853252998     
 -0.119507431168493     
  0.247876192232563     
 -0.202734246156335     
  0.813124465634635     
 -2.343410362652921E-002
  0.158367847588970     
 -0.587387661314596     
 -0.364698163223479     
  0.138147850970959     
 -0.442403428319566     
 -0.156585574947276     
 -0.151888468602854     
 -0.123410492230553     
  0.363928430287722     
  0.160415527040202     
 -3.137737589444978E-002
  0.437453057112788     
  0.137676552925133     
 -0.626181851806953     
  0.198737008541413     
  0.949696424466785     
  0.438232166012290     
 -2.995374769773524E-002
 -0.130286033753037     
  1.422786433254417E-002
  0.126226907804315     
 -0.213655453945791     
  0.257777557100196     
 -0.867357344689271     
  0.350883847200115     
 -0.214456330847551     
 -0.164596093448415     
  0.631902947575103     
 -0.422683524929876     
 -2.255475883610929E-002
 -0.252368358551059     
  0.273672209087959     
 -0.109015842993968     
 -0.245686240325882     
 -0.321544902915790     
  0.704397024998755     
  0.715765752855859     
 -0.433178814969755     
 -0.123558003170298     
  0.217892873131912     
  0.250310704052021     
  0.278184346917984     
  0.177033754293607     
 -0.231162022393609     
 -0.145368485700674     
 -9.959890740073550E-002
 -0.744554266332869     
  0.832184859895313     
  0.805855493988535     
  0.330179801817937     
  0.394203793973306     
 -0.726903398370188     
 -7.877748711045178E-002
 -0.120882369881443     
  0.155279790673730     
  0.379583230160907     
 -0.263774926136490     
 -0.337743307183904     
 -0.277984557487740     
  0.234085335107284     
 -5.065654233437195E-002
 -0.112018773920667     
 -4.705367566274245E-002
  0.259907009825036     
 -0.117061819185213     
 -0.417427953929640     
 -0.470030345609265     
  0.879198742871241     
  0.556971413951335     
  0.815868865400558     
  0.279090646045100     
  0.204290139552333     
  1.474006671455183E-002
 -2.891694063389977E-002
 -3.953020961789135E-002
 -0.144749931567504     
  8.714376349818900E-002
 -0.119396386335180     
  1.421974451938969E-002
 -0.543539001161331     
  0.192020075763789     
  0.572407802773908     
  0.583326393384458     
  0.184898065905667     
  0.290428343370864     
 -6.590984346552477E-002
  0.146647988872876     
 -0.207170454712971     
  0.147021687874479     
  0.235843174026298     
 -8.083405717107152E-002
 -0.457190482425710     
  0.294784806817969     
 -0.296183768227882     
 -0.532656214962367     
  0.246586737602393     
  0.284815811274254     
  0.320400116332478     
  0.266660983231485     
 -0.404275595477963     
 -7.765252013381420E-002
 -0.233791766596901     
 -0.469981420302916     
  0.826402168542798     
   1.17587482931479     
  7.198211521220997E-002
 -0.586275943584703     
  0.442727708238173     
  0.141009366613631     
 -0.269172561748545     
  0.895530226060405     
 -6.667625326107834E-002
 -0.879763067459453     
  0.655004746127872     
 -0.205080316154821     
 -0.272953703588014     
  3.910920442549072E-002
 -6.155757066877023E-002
 -1.932341356526125E-002
 -0.106712189396964     
  0.161875605524488     
 -0.694717338710143     
   1.04897797856369     
  0.831082979570060     
 -0.305610863435748     
 -0.539913279068590     
  2.744663669581898E-003
  2.391735270897639E-002
  0.147698853465215     
  7.202646438763732E-002
  0.190320314916935     
 -0.387785181689074     
 -0.303925830503194     
 -0.505508068123880     
 -0.951994046471264     
 -0.808724131717359     
 -2.695359298130839E-002
  0.349059752797899     
 -5.701582596679829E-002
  4.029098297762869E-002
  2.932538952778364E-003
  8.321316692187468E-002
  3.578015424674305E-002
 -0.707401787172443     
 -0.115107301205474     
  0.451754428779501     
 -0.163071828675475     
 -3.600907736646988E-002
  9.682377144345548E-002
 -0.384093970246577     
 -0.383049006037952     
 -0.301267375091545     
 -7.793094478992063E-002
  8.069076197584435E-002
 -0.966276141448400     
 -0.695486585909567     
 -0.469668949431308     
 -0.148487086623434     
  0.246664210815379     
  0.388240319124589     
  0.136538103363358     
 -4.510269220689554E-002
  0.167743322211926     
  0.146696999369494     
 -0.164584279009116     
  0.267956608995778     
  0.202585809289615     
  0.855936648650286     
 -8.432003652125875E-002
  3.731912099539873E-002
  0.194679287608416     
  6.739093525329470E-002
 -4.583826094151744E-002
 -5.786084358555974E-002
  6.625339621091404E-002
 -6.394999839638764E-002
 -0.647162064342099     
  0.900558177880663     
 -0.214354762450309     
  6.423247014658173E-002
 -3.527040530091383E-002
  -1.42126570395516     
 -0.571024817790901     
  0.849416316340568     
  0.596660092029085     
 -0.289193127707685     
 -5.574969236769763E-002
 -0.115417907771729     
 -0.265593061032196     
 -7.791568167351623E-002
  4.695165117179555E-002
 -0.175672488642067     
  0.558610692594140     
 -0.695281626721870     
 -0.324869743442775     
 -0.264457442509563     
  0.123458692424675     
  0.308798974185370     
 -7.267318896716854E-002
 -0.740270403030571     
 -0.135869076441260     
  0.237963234863943     
  0.798556398356952     
  0.517102376326639     
 -3.407550525169372E-002
 -0.685952290891561     
 -0.139039070239872     
  0.342362950445068     
  0.141829198858842     
  0.198203772428745     
 -0.517422322626312     
   1.17637591335411     
 -0.340933295269625     
 -0.557847834495099     
 -0.346820993455757     
 -5.939141969502131E-002
  0.654609362045296     
 -0.234343719350356     
 -0.125464208256247     
  0.317680421754799     
 -8.552744150858498E-002
 -0.628445718277260     
 -0.142572015753198     
 -0.505590320536065     
 -0.157487877585220     
 -0.328200561456068     
  0.219053443318954     
  1.148889966430448E-002
  0.455569365630314     
  3.185023427027835E-002
  0.308331043577018     
  8.480199474135010E-002
 -0.149030281984435     
  0.530102564465404     
 -0.630820621536679     
  0.479232876633588     
  0.240262888058652     
  0.181134238237722     
 -0.154351065390853     
  0.170282877926235     
 -0.227957557907036     
 -0.319932979887818     
 -0.191389483162047     
 -0.715713581230356     
  0.665739013848900     
  0.867832049630955     
 -0.500137121504460     
  0.850526961085578     
  0.591400249872830     
 -0.559717768761220     
 -0.794538048820432     
   1.05368425680309     
  5.324294018492725E-002
 -0.735129672233783     
  0.701783960710162     
 -0.217871777295671     
 -0.927682538067674     
  8.989147942875199E-002
 -0.586108083527371     
  0.102085815976025     
  0.122075473674787     
  0.326232918094072     
 -0.487207051499329     
 -4.439482106134915E-002
  0.519719878751960     
   1.94428626588558     
  -1.38361832731762     
  -1.26071578800003     
 -0.407213330721119     
  0.662204327820975     
  6.136715755993768E-002
  0.427958912421619     
  7.723993130741175E-002
  0.184522188777773     
  0.140345821707748     
  -1.42818984861626     
 -0.224111914500399     
   1.70947793200815     
  0.142949171398895     
  0.618586562372192     
  0.286551853577959     
   1.89797162581962     
  9.345174883872769E-002
 -0.658224639222362     
 -6.754507184685828E-002
 -0.141553561099369     
 -0.359868250334725     
  0.748808581513814     
   2.37154916785643     
 -0.345300012957219     
  -1.39993798484954     
 -0.949595598883279     
 -0.756755887119533     
  0.414231897896858     
  0.311941471341461     
 -4.085478197839792E-002
 -8.578142811937770E-002
  0.128207558533605     
  0.296270231483913     
 -0.102994809952464     
  -1.19617540885273     
 -5.877923980850971E-002
  0.283806521656756     
 -0.190915948094901     
 -0.227142658012582     
 -0.261113821802698     
 -6.800158845701239E-002
 -0.129869657900748     
  0.721955094020721     
  0.585485163327099     
  0.462579652798353     
  0.685745721786229     
  4.779873638137253E-002
 -0.449716070589335     
  0.457305356143272     
 -9.763220771649636E-004
 -0.209848749893913     
 -0.438453017307942     
  0.571727699799536     
  0.214143060858735     
  9.237041993961698E-002
  0.330503516234778     
 -7.840899877641990E-003
  3.010102968392187E-002
 -6.336633114829025E-002
  0.157680147028677     
 -0.335625696781317     
  9.195521559709061E-002
  0.389407378612151     
 -0.430139319195995     
  0.528843824138972     
 -0.493061626277253     
 -0.144081811574516     
 -0.197712282233721     
 -0.207228592781628     
 -0.411500248815241     
 -0.181082727856456     
  6.499505055635703E-002
 -3.692534266205901E-002
 -6.516685037133289E-002
 -0.159075941119883     
 -0.368654401478048     
 -0.538201271551313     
 -0.662815748087001     
  9.191662328300916E-002
 -0.176167569529873     
 -0.132913167699872     
 -1.228659560014632E-003
  7.377409135493149E-002
 -0.388669885145509     
 -0.238206838398821     
 -0.336191969388839     
  0.162517521822785     
 -0.593628190676537     
 -0.211242074473564     
 -0.380892482905079     
 -0.133517224749059     
 -9.498327123581073E-002
 -6.868503141336772E-002
  1.182301035311086E-002
 -0.139330156655425     
  0.144138740521751     
  0.116500092952710     
 -0.985972372497432     
  0.431407645747968     
  0.174716696698128     
  9.244900108861792E-002
 -0.290476310647926     
 -0.635490218570820     
 -5.605410960986585E-002
 -0.375312515097635     
 -0.360553102553066     
 -5.240549112876476E-002
 -0.138303729692593     
   1.37695894228035     
  -1.35653984677828     
 -0.299530888936435     
  0.213224570381524     
 -0.221867145281837     
 -0.738474305712234     
 -8.850148735765540E-002
  0.309790461351070     
  0.122423856345257     
 -0.245493032333663     
 -0.197673356498188     
  -1.16703480635649     
 -0.315472801082753     
 -4.637919447189205E-002
  0.353696593923664     
  6.811021280441390E-002
  0.169798097167902     
  0.271522345048574     
  0.397343203829448     
  1.713433526466270E-002
 -0.352922070422402     
 -0.261398345266920     
 -0.825775237853751     
 -0.347411378867087     
 -0.516814788309347     
 -1.663785701920269E-002
  9.718788484609406E-002
  0.153487721172388     
 -1.082675614470711E-002
 -0.172476354126967     
 -0.100588334606873     
 -0.148572834474202     
 -0.122123918786971     
 -0.292499239727600     
 -9.325239156919173E-002
  0.613084953826040     
 -0.391733579218860     
  9.241477797959696E-002
  0.537289971586874     
 -4.673201301182063E-002
 -3.757155202253078E-002
  0.175668168289472     
 -0.638860032712830     
  0.389433130009174     
  0.152315647076178     
  0.365850801078467     
 -0.458951704636528     
 -0.352342716176724     
  1.009856943190434E-002
  0.271743282604095     
 -9.856681983125637E-002
  0.407880784573191     
 -0.129492839071203     
  0.275741247196324     
 -0.139974451513749     
  -1.08672349645798     
  0.293175583532125     
 -0.249532408616402     
 -0.349281486711424     
 -0.188395182801733     
 -0.625038072106944     
 -7.705526517461581E-003
  0.212421661473698     
 -0.200667841728309     
 -0.103307517279541     
  0.151290930755129     
  0.695087814596308     
 -0.924869678543399     
  0.497358961167659     
   1.39060178958004     
  0.231241858840449     
 -0.414356065519341     
 -7.561452848128014E-002
  0.146104948834458     
 -1.186937592438156E-002
 -0.659811669919928     
  0.188124424769762     
 -0.451727560246895     
  0.945380726390300     
 -0.248492996758702     
  0.647427758834445     
  0.440151535164266     
  0.610326704415372     
  0.113357333648162     
 -2.870792823382155E-002
  0.113494448716801     
 -0.144265926872678     
 -4.861455920594585E-002
  0.447721966893468     
  0.527845308631427     
 -2.071403721568598E-002
 -0.444385843704765     
  0.486761373608076     
 -0.283054159928925     
  0.150253111686054     
 -0.413421884569125     
  0.224082299369070     
 -0.181196009743834     
  1.290104618566582E-002
 -0.278249385693459     
  0.809092956933248     
 -0.315090468662206     
  0.128812457196909     
  4.805621437555363E-002
  0.310296973582162     
  1.716472524242177E-002
 -0.492379133156849     
  0.413260671983088     
 -0.205023032378402     
  1.720113081868917E-002
 -0.394666534889134     
 -0.186927463680248     
  0.329785940110128     
 -0.489123587772877     
  0.153104797391789     
  0.112118694068127     
 -0.122125256315519     
  0.454391122494401     
 -0.101903880393831     
  0.134775580081037     
  0.147912370862954     
 -0.133108639865173     
 -0.429478787342100     
  0.590311712818636     
  0.551824647569489     
   1.00411142809784     
 -0.223457339812206     
  0.286729155347694     
 -2.227416245904271E-002
 -0.184740010251722     
  0.151042227686309     
 -4.362555517020207E-002
  0.982918193603137     
 -0.666802862339039     
  0.166733991385369     
 -0.631815305716754     
  0.569349456924890     
  0.577395966403082     
  0.671592948826353     
 -0.523263768045889     
 -0.632811894074979     
  0.528933866064377     
  0.269525056039131     
 -0.807670718253404     
  0.664806895422270     
 -0.780005221664233     
 -0.306609574432765     
 -0.145312725295416     
 -0.928173674238412     
  0.378037686511650     
 -0.105605443640370     
 -0.610405993104881     
  0.141952276991147     
 -0.818090700098392     
  0.167800295519092     
  0.402848656173310     
  0.461844215001125     
  0.130065916269494     
   1.03515064195853     
 -0.671814436126609     
 -0.306795319412551     
  0.213224062176342     
  2.099122219921662E-002
 -7.875860633342066E-002
  0.123972406392502     
 -0.330324274696503     
 -0.412474821285931     
 -0.467444602452690     
  -1.38629100768737     
 -8.427077245940533E-002
  0.448441086948349     
 -4.316296228957561E-002
 -0.588381387751634     
  6.531213295384661E-002
 -0.119066012732752     
 -0.105440200714701     
   1.09689872368262     
 -0.640604209588298     
  2.481662142769385E-002
  0.284605676498055     
  5.300872371324510E-002
 -0.144820197533982     
  0.346363269358375     
  0.411616624075722     
 -0.336724329066321     
  0.326964824336770     
 -0.150150765775418     
 -0.237545872360043     
 -0.576265562079908     
  0.437657676527751     
  0.108672408357471     
 -0.666414838817961     
  0.137901681308257     
 -0.156796661973864     
  0.203167541255246     
 -0.227687998830895     
 -0.178598882397724     
  0.162326211698573     
 -0.908020828483832     
  0.564303058888241     
  0.809196549915067     
 -0.158389317414432     
 -0.620609869428431     
  0.463954298756775     
  0.247897332720379     
 -0.771204260102929     
  5.687331241766675E-002
  0.350801573676996     
  0.259907866062459     
  0.335214417708868     
   1.46585288370329     
  -1.09531146714754     
  0.356397189537088     
  0.697123949474171     
  6.245796157792990E-002
 -0.280325137728880     
 -1.955406717277173E-002
  0.384421068438604     
 -6.320517385770998E-002
  0.320113896506004     
 
 -0.541633021419753     
  0.744949705259340     
 -0.462619427730783     
 -0.314164458460122     
 -3.438929186747453E-002
 -0.195748483677866     
 -0.829868920916655     
 -0.453588050687769     
  0.804948137699350     
  0.580048967504780     
  0.488583895305755     
  8.361641424597953E-002
 -0.582019404810960     
 -0.413241558599166     
 -0.324734925061015     
  -1.10662551153747     
  0.494899148964651     
  0.917898892885845     
  0.650017737021497     
 -0.675852573130168     
  -1.71539375086032     
  4.565605840673858E-002
 -0.291539764806696     
  0.117528450568822     
  8.769396888059391E-002
 -0.637330940788197     
 -0.237122941604527     
  -1.54704236941066     
 -0.162452201816965     
 -0.174759310218985     
 
  0.255608208579843     
 -0.545464475894706     
  0.812343872238919     
 -0.174161714717339     
 -0.206228699653513     
 -0.419721215984785     
  3.182185044404855E-002
  4.195451597765079E-002
 -0.122103004580474     
 -0.440103393008114     
  0.123485056272372     
  0.562314218556587     
  0.247676536178680     
 -0.215314548942683     
 -0.328674347941565     
 -3.211626415416866E-002
 -0.196137641079209     
  0.900968438221904     
  0.921958725559391     
  2.166156373430874E-002
 -0.318336310162792     
 -0.516019420696788     
 -0.278232503845013     
  0.586251902103630     
  0.204315265931233     
  0.582744238025485     
 -0.670759963961480     
   1.04283152303387     
 -0.286207515814041     
  0.129926083301849     
  0.402148270548920     
 -0.912268242632038     
 -0.341078994284297     
  9.305644125096324E-002
  -1.05473388438332     
  0.439160339408886     
 -0.562898969826204     
 -0.496467467155142     
  0.805098343088450     
 -0.101492136141848     
  0.871469050902159     
  0.940174280870960     
  0.241399690852940     
 -0.659607200519369     
  0.959798534337614     
  0.164394079641144     
 -0.145387221293242     
  0.296650550929176     
  0.880525964896999     
  0.739071700801571     
 -0.643182864372250     
  -1.01811851124362     
 -0.283812703462925     
 -0.276250448438465     
 -0.739620003065358     
  0.116523100761015     
 -0.512076696387695     
  0.661865469363970     
  0.557684242523624     
  0.640829668038858     
   1.16226192322104     
 -5.222377920229060E-003
 -0.503943323119315     
   1.45674805275037     
  3.155648962543117E-002
  -1.51763172536792     
 -0.670983891148473     
 -0.229296094674647     
  0.136547033972318     
 -0.311072360486400     
  0.327109917742046     
  0.204634363528414     
 -0.270384179071711     
  7.436991189046263E-002
 -0.412530354143020     
  8.113453943628868E-002
 -0.276236452860951     
 -1.233358988998547E-002
 -5.758833816852307E-002
  0.565411134176088     
  0.408175617500044     
  0.328566130136695     
  0.115267350691249     
  4.239134119109540E-002
  8.725421307223266E-002
 -0.300403442073915     
  0.797438036824307     
 -0.223448988617134     
  1.963532091617596E-002
  0.306721026023525     
  0.327100153591891     
  6.638810404509930E-002
  0.456998511705813     
 -0.372460300545492     
  0.463504233540251     
  0.390774631719829     
  0.483277281061109     
  0.224370068582616     
 -0.959496795147997     
  0.380522081631186     
  4.935293291499248E-002
  0.196821641848029     
 -4.267645176180053E-002
 -6.049350122019932E-002
  2.866371667390683E-002
 -0.619610304783157     
  0.115120365486088     
  0.934139220947174     
  0.161378742949075     
  0.649795932859560     
 -0.479971857803488     
 -0.387862673624929     
 -0.372042047252941     
 -4.762745549207983E-002
  0.175463384877991     
  3.720358257409932E-002
  0.582804838146992     
 -0.207852259278940     
  0.123208713039131     
  0.365016830701784     
  -1.13048443546031     
 -0.154142472088867     
 -0.368137691587443     
 -0.129163092442205     
 -0.124432828687082     
  0.249361815344828     
 -0.356443849003182     
 -0.332591043801775     
 -0.345234501018163     
   1.29569965344634     
 -0.586906791957184     
  0.294757217735368     
 -0.359300335955963     
 -0.154241653537814     
 -0.373728033302141     
 -9.954617049854855E-002
 -0.147339435910457     
  0.730910586641528     
 -0.556419986324401     
 -6.311390930801494E-002
 -0.548150049093229     
  0.738646771848837     
 -0.113041051628859     
 -0.420807264359773     
  0.986595774097537     
 -0.899357764489790     
  5.608565885763490E-002
  0.449126465506204     
  0.799192447359153     
 -0.306206045613557     
 -0.478188498166533     
 -0.272872556939161     
 -0.340985601972420     
 -5.541594803571593E-002
 -0.160164059038790     
  0.169214327134956     
 -0.398367792637750     
  0.355333121931401     
  -1.13153371280194     
 -7.592933853059136E-002
 -5.555500114427904E-002
 -0.255919671688831     
 -2.078431717614731E-002
  0.121851914043934     
  0.220344798984040     
 -3.273755018037956E-002
  0.278835591713859     
  6.878679155916050E-003
  0.102543512089446     
  0.295729180069826     
  0.763687629254007     
  0.366317951239813     
  0.107852169050586     
  0.371112085788519     
 -0.182159061917345     
  0.246339550317250     
  0.810366637871139     
 -0.334091829725160     
  0.273255373697008     
  0.457389440027722     
 -0.339184363015354     
  0.165624003674819     
 -0.283911842500096     
  -1.00538479975252     
  3.420434242988503E-002
 -0.480360402595629     
 -1.199637300036215E-002
  0.393947657304669     
 -0.346512341574526     
  1.220404704185521E-002
 -0.435335048912313     
  0.173341974540895     
  0.104929009977032     
  0.269989288134128     
  1.374527505252342E-002
 -0.650282250911407     
  0.702730145720607     
 -0.251720910818622     
  0.249267959661911     
  0.473451961591407     
  0.595109556696454     
 -0.708375324494313     
  5.999827101665623E-003
 -0.178237256579004     
 -9.000105181508211E-002
  0.368102568629863     
  0.166342560974437     
  -1.40401691051702     
 -0.441264034419745     
  0.327801513670731     
  0.182078101567784     
 -8.822721990349661E-002
 -0.177702945596109     
  1.410592480891277E-003
  0.328003519886877     
  0.168893881537530     
  0.507518622440745     
  0.310818479401612     
 -0.310842524915913     
 -0.948613863439157     
 -7.038143647489442E-002
 -0.151478165580425     
  0.225419918788024     
 -0.326410814143162     
  0.243957571218413     
 -0.659454943694279     
 -0.169401770995005     
 -0.239894739070400     
 -0.210589530199910     
 -0.442471653727709     
 -0.645108153734916     
 -0.377836002752927     
 -3.940134719404618E-002
  0.435225992199212     
  0.179075901431610     
  0.123614188872244     
  0.539260367411434     
  0.818617586478287     
 -7.826116175137847E-002
  0.506969372403047     
  0.339920261077302     
 -3.774751687969586E-002
 -0.108551049164863     
 -0.298995900450750     
  0.362491073418548     
  0.400783867284477     
   1.29084710745639     
  0.155220754464512     
 -0.117195965516652     
  3.535515602022331E-002
  0.362436096496406     
 -0.186198241344158     
 -0.408175676169162     
  8.749716828852694E-002
 -0.599763602283201     
  0.575294324084793     
 -0.250535767060419     
 -0.726682369361709     
 -0.950604258139294     
 -0.642786568677585     
 -0.450777305081510     
 -0.500738425560220     
  0.220755436334560     
 -0.260641606555555     
  0.389263043148644     
 -0.835212992885316     
  0.298669879544153     
  0.772628786383662     
  0.375381555521454     
   1.36229607988549     
 -0.181363044575343     
 -0.794047802734384     
  0.390085585190624     
  0.150289998757200     
  0.427944540502161     
 -0.887963154230009     
 -0.531987149815145     
  0.226845553838195     
  0.259619297265921     
 -0.768720071489763     
 -1.203705746453863E-002
 -0.175369246811431     
 -0.287919341544289     
 -0.492593728172197     
  0.424369853633918     
  1.097118835816607E-002
  4.222949645515582E-002
  1.813147164083859E-002
  0.986563394500063     
 -0.230968380077619     
  0.858267784021786     
 -8.673331557859205E-002
  0.325648848706080     
  7.840262074480493E-002
  0.523937271524825     
  0.385274807976468     
 -0.384559004073914     
  0.230831192297794     
 -0.463605107207013     
  0.711640608744576     
  0.229489620725997     
 -0.477451391996243     
  0.560932912211875     
 -6.104001029371142E-004
  -1.26428753904542     
  -1.48660586059942     
  0.246893111142384     
 -0.365714187325274     
  9.344992822101716E-002
 -0.181349747086135     
  0.201085750472248     
  9.217039745884452E-002
 -0.399289493463127     
 -0.375691075286236     
  8.448894483838847E-002
 -0.303896691112494     
 -0.525943218278180     
 -0.947283843288559     
  0.146103452462860     
   1.09598127310604     
   1.49454140712354     
  0.449395896503259     
  0.172498087362059     
 -5.543726228233530E-002
  0.116891627661248     
 -0.651225512062709     
  0.791174822033167     
 -4.921359316522348E-002
 -0.823146203683698     
  9.776486477186794E-002
  0.898065074217429     
  0.545312967910932     
 -0.529296826147190     
 -0.673853721445757     
  0.159246054822668     
 -0.597943230318896     
 -0.323400906473733     
  0.386837621523689     
  -1.19200104645334     
  0.838084229334456     
 -0.290387303534911     
  0.257200090874367     
  0.236903887227797     
  0.587126729044238     
  0.229467888037238     
  -1.10735245338544     
 -0.369914531219572     
  0.316574182501473     
  0.433446610184818     
  0.245136519598840     
 -0.517581621098831     
  0.258373432812912     
  0.445858183290378     
  0.499236032963864     
 -0.592026578500332     
  1.065771634269868E-002
  0.364596961692482     
 -0.462476209715133     
 -6.660230023169879E-002
 -0.300638743425199     
  0.498532673310417     
 -0.594662943560018     
 -5.903245503473573E-002
  0.181333832568839     
 -0.732189867226976     
  0.367778073940375     
 -0.619037357572457     
  0.134383130807052     
  0.413253243047339     
 -6.844479173950108E-002
 -0.327012697107168     
  0.328333755026300     
 -0.206625819038324     
  0.226078808966149     
 -0.359781481092631     
 -0.544293813693130     
  0.316133776484637     
 -2.385786397869758E-002
 -4.870942358422002E-002
  -1.92756839489004     
 -0.368159975012769     
 -0.670988398217072     
 -0.343662971891601     
 -0.259733674942410     
 -7.477391153231662E-002
  0.896663572284307     
 -0.251848390851151     
  2.856505205231572E-002
 -0.517208522656016     
 -0.410894950990231     
 -0.261759983570808     
  0.113404374810744     
  0.251788662158118     
  0.402753849071553     
  0.363059241914240     
  0.325753929932818     
 -0.453973421860803     
 -0.157845748998000     
  0.287964468434320     
 -3.749181261369487E-002
  0.312191340372203     
 -9.847287569787773E-002
 -0.516621348218684     
 -0.701176558243071     
  0.794314484266911     
  0.272262642637285     
  0.289388200547223     
 -0.212111589990528     
  -1.36048494222667     
 -0.885183418601817     
 -0.287013771583055     
  0.107524961822695     
  0.161140386097440     
 -0.591892114249942     
  0.406610357455502     
 -0.513737067012546     
 -0.600368890906868     
   1.19263486901921     
  0.281352847159338     
 -2.322037867974773E-002
 -0.208788572150189     
 -0.490394743957990     
 -0.493130066291900     
  0.560557492564208     
 -0.142785149885120     
  0.206310050132278     
 -0.478455262863803     
  0.244166817419797     
  0.381546309076050     
  0.631142201034897     
  0.954664014035968     
 -0.302259924403410     
 -0.501993060125491     
   1.33771500450345     
  0.136119964975479     
  0.161169804017351     
 -0.551889736508056     
 -0.427533478279748     
 -0.289157302751329     
  8.419429285408120E-003
 -0.243178125181408     
 -0.469501897441029     
 -0.236759941843071     
  0.162502685983887     
  -1.06394819123346     
   1.31575342814606     
 -0.891636677357298     
  0.650515066543413     
  -1.01122899669580     
 -0.370527878788841     
 -0.593963942676076     
 -7.571892892530185E-002
  0.153437008274892     
  0.117422965274436     
  0.473290348869142     
  9.512493296821928E-002
  -1.02936953695214     
 -0.460532145949915     
   1.29128599608944     
  -1.01899319635995     
 -0.248716894560599     
  0.112721466426591     
 -0.408427956365034     
  0.416791463511253     
  0.300227883518052     
 -0.370744307834360     
 -0.353127275317944     
  0.584849950137943     
  6.671898385064930E-003
 -0.542463262584552     
  0.244776780122237     
 -0.514051391176190     
 -0.508497545282453     
  0.331449494218422     
 -0.374408280916167     
 -0.858178087686687     
 -0.108518887244972     
  -1.20399072756910     
  0.178401299210650     
 -0.551305030709724     
 -0.492887915343066     
 -0.847718146502862     
  0.228703767762581     
  0.255563273127352     
  0.198141308899011     
   1.05929593900853     
  -1.11698805000181     
  0.252450042838215     
   1.89499716368439     
  -1.78506916414803     
  3.094187142664245E-002
 -0.187839722828036     
  0.478950105979717     
  -1.00590400375807     
 -0.447951797536583     
   1.00461907769133     
 -6.651227878244678E-002
 -8.621059267840142E-002
 -0.109559811383926     
   1.58753335790219     
 -0.238347682818533     
  0.629377494759644     
  8.517439698274400E-002
 -0.355705112762155     
 -0.287850103329696     
 -0.112385144425470     
 -0.346526229368388     
  0.569561602008088     
 -0.533214958994594     
 -0.629635181741345     
  0.128155115942138     
  0.153695597018749     
 -0.165436114060507     
  0.297396127145424     
 -0.967358660735126     
  0.687176315019740     
  -1.13510622174462     
  0.188054862164037     
   1.05657286597744     
   1.13740633044353     
 -0.238783985751055     
 -1.856821572145013E-003
  0.279345100820093     
 -0.659324090597404     
  0.866357102311111     
 -0.134787335130194     
 -0.641870388848043     
 -0.134114316521954     
  0.248659227178310     
 -0.195851007362294     
 -0.414103364777203     
 -0.984955333281900     
  8.000905603071579E-002
  0.826687273074746     
  -1.16002047456603     
  0.556999089639661     
 -0.649619908154167     
   1.16524038595269     
  0.696014291723029     
 -0.357639902258354     
  0.594608140057522     
 -0.100675750127460     
  0.678642097840805     
 -0.590019425328117     
 -0.448632893585489     
  0.428248895790163     
  0.201995885116750     
 -0.261529264780534     
   1.09933883771666     
  0.341269674703925     
 -0.403303492166114     
  0.112062504321090     
  0.466834962912106     
 -0.376319253741682     
 -0.823270246155677     
  0.973566411849099     
  7.661650770405794E-002
  0.120105642822721     
 -0.457498798189282     
 -0.781227258796342     
  6.797709433999817E-002
  0.138955408089616     
  0.214544904162888     
 -9.937694977806841E-002
  0.616465905728655     
  0.927920636180893     
   1.09904296114183     
 -0.460467102390037     
 -0.536163490572701     
 -0.687893109937239     
  0.295197299890432     
 -0.327654526450847     
  0.374090624187565     
  3.783383425818111E-002
 -6.980316204284720E-002
 -4.673269615263884E-002
 -0.763478680149566     
  0.268588506960802     
 -0.734853785420655     
 -0.304823294188794     
  0.344004915010152     
  0.192643558120232     
 -0.429621701695440     
  0.256966883216768     
  0.695819038529616     
 -0.221631023551675     
 -0.289284943964027     
  0.311977078221504     
  0.299582266643862     
  0.208349083829235     
 -0.737370062591740     
  0.325802237950426     
 -0.108396186284116     
  0.272810235929578     
  0.622006216434368     
 -2.281556074094460E-002
  0.348273888395456     
  0.163280788668838     
  0.831989007016380     
  0.537620049996719     
 -0.577925151114659     
 -0.192507942226844     
  1.314672605565704E-002
 -0.218063389156496     
  6.992511312032323E-002
 -0.353898219490522     
 -0.634488142516243     
  0.552512185912236     
  0.337666248743051     
 -0.376708604548583     
 -0.274894086361547     
  0.389520305420606     
 -0.427015452299094     
 -0.435545298948613     
  0.441863556241068     
 -0.616266361450387     
 -0.625909719625270     
 -0.830724910204379     
 -0.606787786654867     
 -1.671900101994773E-002
 -0.452860751438017     
  -1.06597302571358     
 -0.128910347086431     
  0.498403979383309     
 -0.566429356285782     
 -0.200459956771224     
  0.790723817592843     
  0.767076943950947     
 -0.827254900571230     
 -0.465957401271363     
  0.274194614135649     
  0.108554512226648     
  0.460370953095913     
  0.500993625739234     
  4.887068410394282E-002
  0.297259920363555     
   1.08339738454091     
 -0.947613074649968     
  0.276423429651579     
 -0.693532144277435     
 -0.620549846511196     
 -0.279328066428932     
 -0.234944707108055     
 -0.412673414967981     
  0.687679481569512     
 -0.367707728817394     
 -0.396681632464823     
 -0.583169474685592     
   1.28944284790285     
 -0.891963818967228     
 -6.594623511033025E-002
  0.668945634108213     
 -7.931940322293295E-002
 -0.185150664206593     
  0.405806077992941     
 -8.284048029226770E-002
 -0.227640329619864     
 -0.809140503368100     
 -0.826281512737794     
  -1.15004865126815     
 -0.618389274511198     
  4.854740078250978E-002
  0.286659823531275     
  1.569530482329550E-002
  0.736324269992731     
  8.645246696567738E-002
  0.793424664390206     
  0.541577164044598     
  0.102998923709917     
  0.197036341220657     
  0.432670395773404     
 -0.226132572572062     
  0.125557963199011     
 -6.118390948715752E-002
 -8.412477149546840E-002
 -0.406107626143580     
  0.140280592100910     
 -0.848256202780435     
  -1.04309109901637     
  -1.01812213161764     
  0.734133374493399     
 -0.223822354866924     
 -5.846909189912705E-002
  0.300547981974701     
 -0.307154827184705     
  5.838234194448636E-002
 -0.597383525176988     
  0.516190706785378     
 -0.502154839760305     
  6.220334402128583E-002
 -2.257410142744541E-002
 -0.670494478558259     
  0.969942373800649     
 -0.140649082060281     
 -0.575655118053798     
  0.584247724178929     
 -0.765391600549594     
 -0.396352713703357     
  8.705415291746596E-002
  -1.21355225834423     
  0.163283802537513     
  0.272156125042303     
  0.264153412943513     
 -0.929268401778697     
  0.357684266119947     
 -0.383710517199931     
 -0.194290752300658     
  0.294048989804222     
 -0.251985110518827     
 -0.384967039187025     
 -0.399252587234463     
  -1.08972831483299     
 -0.258238982415152     
  0.235320374360784     
  4.465835015516547E-002
  0.363858611789052     
   1.33540379341283     
  -1.08872625045856     
 -0.868961481172985     
 -0.104285577639764     
 -0.405967329620933     
 -0.282227204666734     
 -0.169469514764238     
 -0.319160973500468     
 -0.158069036949631     
  0.567565051913739     
 -0.639998598233529     
  0.367446465248616     
  0.781206165469369     
 -0.624475876886734     
  7.794569422270650E-003
  0.471807208175074     
  0.510436954497303     
 -0.275267768814303     
 -0.414405968072758     
  0.341489570704885     
  0.230304313771940     
 -0.346419037553691     
  3.932910927345536E-002
 -0.289319530393976     
  0.184467917234618     
  0.559164693540218     
  0.539487709307431     
 -0.273733531498775     
 -0.507078755359015     
  0.236864009841708     
  0.651258066287570     
  0.194341141234914     
 -0.776716745340827     
 -0.623216893847332     
 -0.515553445352284     
 -0.745785544115320     
 -0.330085609041461     
  0.211332934307288     
  0.166910086867203     
 -0.342731685724861     
  0.681439414411741     
 -7.153263826043216E-002
   1.54355548842210     
  0.772431757481074     
 -6.840016747111134E-002
  0.260495841119735     
 -0.181271863624714     
  0.445594003444382     
 -0.154801384659923     
  3.723858081497654E-002
  0.188772287150800     
  0.113237258693548     
 -0.276201275569742     
 -0.479822643940583     
 -0.207664459628445     
 -0.682996832120622     
  0.152466289011821     
 -0.164837860396676     
 -9.835268140879369E-002
 -0.455796624995506     
  0.517145704194953     
 -0.935261873302799     
  0.249755320487110     
  0.138787999925943     
  0.626033355844770     
  -1.06263465160500     
  -1.11569707167206     
  0.208351120093263     
 -0.317713721703001     
  0.336489963440021     
 -0.386824778432021     
 -0.150712771725946     
   1.18180701102111     
   1.26693375001893     
  0.268731602152916     
  0.167578358230161     
  0.195614993111134     
  -1.29576928294361     
  0.570238914180310     
   1.26810461547442     
 -0.171158351598847     
  0.373740799316795     
  0.228722313960043     
 -0.290889516226124     
  9.245900492834908E-002
 -0.582492795224798     
 -0.116839738429559     
  0.200221437739075     
 -0.395123710008553     
 -0.900260590924776     
  -2.16635724028691     
  0.871821475612442     
  0.674770209581998     
  0.442225219481867     
 -0.981128388823698     
  0.882894616374637     
 -0.186775171457881     
  0.454152479765696     
 -0.625877174318501     
 -0.837204717075266     
  7.738248474499017E-002
  0.135875242223823     
 -0.542407763597784     
  0.668252675269041     
 -0.653864699291707     
  -1.12068976809938     
  0.538134595084187     
  0.391181038436092     
  0.288734615306404     
 -0.295867502511177     
  6.725583174334950E-003
 -0.947740272649679     
  0.652786317674565     
 -0.893172843710887     
  0.180653438326142     
  0.326194395167930     
 -8.500934460197491E-002
  0.725677719604110     
 -0.237882232076313     
 -6.152798683157698E-005
  0.645900532693399     
  -1.18340203941513     
  0.265478779962371     
 -0.265827991488337     
 -0.101683303938555     
 -0.415499487216559     
  0.858600521561876     
 -0.407148780371282     
  0.300901106387424     
  5.373343690059859E-002
 -0.127908974546162     
 -0.275045685779087     
 -0.152174714426067     
  0.822971071833512     
  0.245778010894249     
  6.378323274972252E-002
 -0.134560828680706     
 -0.860805383585334     
  0.228975696043717     
  0.725285630240462     
 -0.314083527327206     
 -0.903735163933127     
  0.116590356633673     
  7.727715119191566E-004
 -0.622282091683499     
 -1.904800265138248E-002
  0.450137819503620     
  -1.14127562792939     
 -0.292518315574694     
 -1.580856449159531E-002
   1.02955838505788     
  0.454866743186875     
  0.139058650733844     
 -0.786867415548092     
 -0.239138766509564     
 -0.145533877029123     
  0.376905336839165     
  0.564638962283093     
 -0.404697780322578     
  0.514830399288503     
 -0.223528698523923     
  0.215621701111071     
   1.55573832184715     
 -0.385068549989309     
 -0.215396114787261     
 -0.237936378224422     
 -0.864325357668837     
 -0.127334060662426     
 -0.279601586021501     
  0.495737016579583     
 -0.544582670707277     
  0.476979519207869     
 -0.220944533978659     
 -0.561125651552935     
  0.252799578220409     
  -1.59266136516195     
 -0.384058615628247     
  0.515398270712102     
  0.210451259276073     
  3.353087587596049E-002
 -0.600178969038273     
  0.900684558489326     
   1.14890427096199     
  0.663121694338048     
 
  0.124354736168016     
 -0.144307499784545     
  0.256024223990430     
  0.627996428669912     
 -0.296719387359721     
  2.538645467691522E-002
 -0.185836998847163     
 -0.326270079492013     
 -0.414384153032064     
 -0.591810403048176     
 -0.307070151861023     
 -3.717364158622137E-002
  -1.13368334957106     
   1.12016121490667     
 -3.401262995909861E-002
  5.279011956185797E-002
 -0.145414882705298     
 -0.167418758886342     
  5.702717179596012E-002
  0.217526476700579     
  0.155939784161705     
  0.175113835922139     
 -5.818151357297816E-002
  0.114547035528137     
 -0.975398355938127     
  7.687378076947290E-002
  0.355579578078268     
 -0.442752482679013     
  8.135787799921432E-002
 -0.167102076153477     
 
 -6.874826348563180E-002
   2.39610115124094     
 -0.299804712410992     
 -0.350563612739914     
   1.74166664610444     
 -1.020850482627753E-002
  0.174421926963237     
  0.645968655390063     
 -0.159708896212661     
   1.30778601653136     
 -0.329533373345255     
  0.320809978873032     
 -0.423043252318284     
  -2.03466618263067     
  0.177417665581500     
  -4.04850930671037     
 -0.530269271867962     
  0.196462823846460     
  0.159718941326837     
  0.345339621659245     
 -0.317323999842086     
  -3.28283904091081     
   4.29389773602037     
  6.364170093122518E-002
   1.26050780153703     
 -0.639201426123179     
  0.501383424436109     
   1.09147690091889     
  6.981448699620657E-002
  0.144944048597628     
 
 -3.939104761904762E-004
 
  tansig  tansig 
