     33 -    30 -    30 -     1 
rmse=  25.0399meV
  2.805211729510137E-002
  5.774233899399255E-002
  0.525284008170970     
 -2.213288089492242E-002
  0.313941929451390     
  0.290484656125622     
  0.143184319227249     
  0.465686276716104     
  0.244475282517908     
  0.134817445235513     
 -0.185524145523865     
 -0.151057036068110     
  0.414849671317948     
 -4.295548071834487E-002
 -0.944999513587294     
 -6.536125412200608E-002
  0.144975448702685     
  0.243660606662073     
 -7.518006574549804E-002
  0.105172464040952     
  0.181102177779681     
 -4.757934403512111E-002
 -1.169849425795251E-002
 -0.431467489940318     
  3.338977926554704E-002
  0.107805544578430     
 -6.332294295082680E-002
 -0.400972266315463     
  0.171815017223497     
 -0.316873780814590     
 -0.404822254757137     
  0.120651894221931     
 -0.116890606211489     
  8.531368435372552E-002
  0.269510269925292     
  7.121057868293677E-002
  0.167784087992256     
  0.535337143831462     
  -2.24429910603907     
 -0.224145132758036     
 -0.762584363339257     
 -4.439169009452301E-002
 -0.182744660509469     
 -2.723714403637294E-002
 -0.516289949325053     
  0.341600527512020     
 -0.582334964827828     
 -4.591361093043706E-002
  0.642458897762252     
  -1.65065193814674     
  0.365420360018437     
 -0.649044384595764     
  0.204746005655416     
 -9.850475710194503E-002
 -0.251563953950815     
  0.185363607067540     
 -0.119051735024256     
  0.955333924520066     
 -0.550266224013320     
  0.933307457306049     
  0.146333079710379     
  0.591018146593896     
  0.194738593983357     
   2.61467812582916     
   1.08851329922857     
  0.665529237854445     
  0.644511129973296     
 -0.262851942222217     
   1.02004194124654     
  0.721733651196700     
   1.69104473141068     
 -5.932480655602600E-002
  3.960429314671539E-002
 -0.170803684030729     
  0.254600487508325     
  4.490088887350334E-003
  9.886201126273116E-002
 -0.563619127728590     
  0.801035591439371     
   1.38867567219981     
  -2.13222522304827     
 -0.779066292395561     
  0.581072818782695     
 -0.396779693583969     
  0.380841975750428     
  0.517130413849496     
  -1.28522517547447     
  8.734603119691428E-002
 -0.514595180009341     
  -2.66328938125607     
  0.343796097118101     
  0.202756899794157     
 -0.388097514331635     
 -6.343716925655526E-002
   1.13841978916930     
 -0.432755251630848     
  0.172834317872774     
 -0.490214825820349     
  0.116509893309724     
  0.696130174214209     
  0.231750843742125     
 -2.261715853330772E-002
 -6.218045166442914E-002
  0.150234589358820     
  0.451636960635984     
  0.136921905913093     
  0.122071819767052     
  0.312200183991464     
  0.335744342494526     
  0.178154020827477     
  0.513713716613766     
  6.512319463071131E-002
  0.694602313866232     
  0.548716279100614     
 -5.240962660921842E-002
 -0.247991060152220     
  0.486813386744192     
  0.358507594882451     
  0.189121329649158     
  1.122830691835709E-003
 -0.149883760604808     
 -3.430331164528259E-002
  0.590768880977710     
  0.584407668364614     
  0.285113663753553     
  5.508086635752331E-002
  0.150203867556664     
  4.329663718150156E-002
  0.348746342104587     
  0.166256500098202     
  0.147419292164500     
  0.396115766294111     
  0.420476468253851     
  0.222825018111771     
  0.547403633945790     
 -1.677369018571416E-002
  0.118375753757762     
 -9.364726746541274E-002
 -0.149319492829976     
 -0.221467859264695     
  6.043852258183244E-002
 -0.218536492648773     
 -0.123032670549213     
  0.899924355358531     
   1.04997218944784     
  0.130892845831512     
  0.748545908988530     
  0.492421552462890     
  0.154673454247696     
 -0.249783912285797     
 -0.457026304502485     
 -0.454111452178721     
  0.369410707512212     
  0.309422113196621     
  0.221083416989634     
 -0.436890230323647     
  1.852549958112610E-002
  0.803925295946937     
  0.672354610529116     
  0.201041541805941     
 -0.456310780453547     
  0.138170312054561     
  0.113017802499429     
  8.596164891729638E-002
  0.239533203498012     
  0.324855606629994     
  -1.33966684767656     
   1.08581263949345     
  0.678151247630493     
  4.608878176853971E-002
  0.650371345316449     
 -0.341431735556127     
  5.615451189483134E-003
 -0.910923757880059     
 -0.196408801950510     
  0.790239718520250     
  0.323324767553885     
  0.205357845197553     
  0.241798747701140     
 -0.916317131865085     
 -0.814356748474012     
  0.755125959088054     
 -0.831970021125725     
  0.168202367991709     
  3.937777718156792E-002
 -0.753283958489569     
 -0.291034815179724     
   1.33581837359197     
 -0.419432446869257     
  1.065735580100961E-002
 -0.227656939912046     
 -7.939145400780492E-002
  0.310609531813194     
 -0.690301889132059     
  0.870475119419829     
  0.366027286127583     
  0.361473104393909     
  0.149877549238446     
  0.105924359444516     
 -0.156634206040770     
  -1.02649737077097     
 -9.706315968706439E-002
 -0.760908260425553     
  0.862238802862899     
 -0.154622310603093     
  0.626044068221864     
  0.126269409188987     
  6.092340364205280E-002
 -0.317103974349675     
   1.04251699289622     
 -0.276665007429604     
 -0.268921666341899     
  0.815173048205990     
 -6.425892733902502E-003
 -0.156380313052920     
 -0.486303945256736     
  2.540733001094047E-002
 -3.777573387738003E-002
 -0.102051536151470     
  4.174376521599511E-002
  0.121040726142905     
  0.666530476605350     
 -0.139682883079251     
  0.158743806767121     
 -9.492147232040396E-002
  9.799815822488894E-002
 -0.154459025744863     
  8.409683564002328E-002
 -0.143968283942795     
 -0.178939706958503     
  0.216261060325995     
 -7.293147318345745E-003
 -0.456733790645406     
  0.705181775739076     
  0.630669514341948     
  0.731425033745905     
  0.753090327102527     
 -0.202882861249703     
 -0.263745850310861     
 -0.235679658771806     
  0.261500405208498     
  0.284522237753982     
 -0.222654246860272     
 -9.493113215767301E-002
 -0.266820331935561     
 -4.601623707103687E-002
 -0.504172446010184     
  0.260858578133604     
  0.294747206499547     
  0.728827410489356     
 -4.658458540219761E-002
  0.352105592360928     
 -0.444443321918875     
 -0.222949333126652     
  0.236906750677794     
  0.190493721548218     
  -1.33457725813786     
  0.828120787028363     
 -0.509075160016995     
  0.480081524485603     
 -0.286224559887056     
 -0.395511585807772     
  9.839771224624497E-002
 -0.631606214421574     
 -0.130579776246698     
  0.399210902796189     
 -0.390715489980091     
   1.85984999842077     
   1.28802918949529     
 -0.313575280404288     
  8.397888986188656E-002
 -0.381343858961121     
  0.365916107270317     
 -0.332981275419388     
 -0.215624423318407     
   1.49237080975098     
  -2.04675864784844     
  -1.35835255078004     
  0.132012011338359     
   1.02837140630985     
 -4.427788516084084E-002
 -0.251206751126800     
  -1.01822245519535     
 -8.722292165032632E-002
 -0.115425440858113     
  0.157065736533051     
  0.738721505010805     
  0.975940183828821     
 -0.229064858915946     
 -0.491180730175910     
 -0.550057064163109     
  0.638313447531596     
  5.651310050390553E-002
  0.550674302419213     
  0.404629025129512     
  0.201380981578162     
  0.294970009631995     
  0.125054161656083     
 -0.504754291416566     
  0.464957294987991     
 -4.716701815100843E-002
 -0.952339221123038     
   1.24718031890713     
  0.323202950536289     
 -0.200433120692138     
 -0.546317189462249     
  0.588807610676742     
 -0.306890555808051     
 -0.155831145154790     
  0.338392749433141     
 -0.110528538275323     
 -0.751138729244477     
   1.31318846609277     
   1.25470015034876     
 -0.270653055439686     
 -9.701186886083757E-002
  0.149285123864816     
 -0.205162539462302     
 -0.448905399776862     
  0.846375254275547     
  0.724350425656906     
 -0.774412959981957     
  0.208667778327128     
 -0.283578052273627     
 -0.378465047321423     
  -1.19427736930537     
  0.204811756837399     
 -0.148905439755164     
  0.113672255473777     
  1.633613921027979E-002
 -0.655787061981338     
   1.62872826644468     
  4.850353886438991E-002
 -0.125492923469626     
 -0.738789687255174     
  0.396020197486822     
 -0.380576258614627     
 -0.472138944384696     
   1.02905842923613     
 -0.170466730934097     
 -0.446041298642132     
  0.132537262926319     
  6.073577904088835E-002
  -1.34312678250595     
  0.700265339188622     
  0.842682426474584     
 -6.999748307133821E-002
  0.308195411635150     
  0.366654631827663     
 -0.125023358903525     
 -0.562321477782359     
  0.644251425350088     
  0.346769776062908     
  0.287809594692004     
  0.208714050201338     
  -1.09914476493055     
   1.16453374382967     
  -1.02396303847445     
 -0.168621725578213     
 -0.634353800609591     
 -0.166867727558101     
  0.203441676618901     
 -8.154961406220357E-002
  0.232790585332419     
  0.523299350025658     
 -0.183928238696960     
  0.278616143473280     
  0.783317155978010     
  0.211058062486176     
  0.442918373221632     
 -0.662820689602222     
 -2.306867866309331E-002
  9.200433982448249E-003
 -0.254733142786906     
 -0.328788328099196     
  1.667537166497618E-002
 -0.231314881263070     
 -0.332770331562193     
 -0.448295920882282     
  -1.01042832487086     
  -1.04500115630066     
 -7.047200376740546E-002
  0.276326667009115     
 -0.206049998272810     
  9.651118920141566E-002
  0.408373831885503     
  0.777637512287978     
  0.416064647811287     
 -2.821215121779875E-003
 -0.507382599787350     
  0.199154468843637     
 -0.225412086677094     
  6.292752687818194E-002
  0.704078300108696     
  0.655832171491085     
  0.832085672226884     
  0.515482386965517     
 -0.275738564027179     
 -0.905273649328320     
 -0.749394759056316     
 -0.168586501699963     
 -0.831199056515187     
  0.933484632604493     
  -1.46277510156230     
  -1.54817574899882     
   1.13433081047043     
 -0.390838867965503     
  2.036362827280303E-002
  0.705231006059671     
 -0.666048923489486     
  0.155922932957828     
 -0.866881043288019     
 -0.857689807457387     
  -1.36079454419070     
   1.01110403165397     
 -0.724587380154161     
 -0.905832536751737     
 -0.399755020885464     
   1.95388464693273     
 -4.269243974836059E-002
  0.392931707304318     
   1.44123421539409     
  -1.30670613093483     
   1.70467872199602     
 -0.781785671079241     
  0.705779016701983     
 -5.973381628931694E-002
  0.333157625958573     
   1.26222427461871     
 -0.319605735997740     
 -0.154038588468410     
 -0.428982810659076     
 -0.529507730077822     
 -0.103570718209315     
  0.331131733232819     
  0.329327559241360     
  0.348531577266237     
 -0.349487679674849     
 -0.571963970947469     
  0.331750495413502     
  0.770923753300570     
 -0.853191082545020     
  0.338136055542236     
  0.507469842871735     
 -0.443523562141396     
 -0.477744721304273     
  0.227596469969199     
  -1.30647368002447     
  0.715963667516761     
  0.767712360531935     
 -0.277069068404355     
 -1.768609343474716E-002
 -0.366999860169540     
 -0.266685793906919     
  0.439624409729908     
 -0.921654236508027     
  0.340956306216109     
  0.337685793676176     
  0.690681700969368     
 -0.110345272148373     
  0.115653696339930     
  0.196752235118611     
 -7.366550666042108E-002
 -0.142922677403931     
 -0.289360227283018     
 -0.125246956336090     
 -0.110052254930509     
  0.106300241692831     
 -0.355991675159991     
  0.431231310961991     
  0.474456097342264     
 -0.227616604506810     
  5.957744603898484E-002
  0.503842895690404     
  0.148708129072529     
 -0.471871674184761     
 -0.145091348594891     
  5.346107912376678E-002
  0.583580393493343     
 -1.567323599739524E-002
 -7.676525553421605E-002
  0.119210960093752     
  0.178339145155352     
 -0.171125790787906     
  0.913693493323871     
 -0.199884386295171     
  0.268902391826239     
  0.381114510018182     
 -0.342508758694073     
 -3.106897068492058E-002
   1.24477500928837     
 -0.278805732236468     
 -0.301718909831392     
  0.611156545939852     
  0.311150112125135     
  0.385707600655741     
 -0.573047554430772     
  0.747782269473193     
  0.363396041119634     
  4.047881484019084E-002
   1.02388663564469     
 -5.981374812324041E-002
 -0.159034502969409     
 -0.258498820931194     
  0.275374678193408     
  1.997321035989709E-002
 -0.585503195364483     
  0.745819661674661     
  0.305494188829034     
 -3.466158738299214E-002
 -0.820440881844586     
  0.300912541807331     
  0.341987674837479     
  0.475776433079172     
 -0.202500101214192     
  0.129103147853508     
  4.046480206337578E-002
 -0.273650206253465     
 -0.552427400529305     
 -0.103132594704370     
 -0.444003520463143     
  0.361742128900661     
 -0.207611587121502     
  0.198080865462218     
 -7.610063842979924E-002
  8.245318455777556E-003
 -0.824237153333791     
 -0.150257777449514     
  0.406441194901703     
 -0.415729008249653     
  0.797070565588400     
  4.635429061543758E-002
  0.153256075708043     
  0.593665159937281     
 -8.810824511626583E-002
   1.67829198748601     
  7.982426057573333E-002
 -4.824241269833253E-002
  3.177396280954474E-002
 -0.224152017103579     
  0.328818259090535     
 -0.252735734314182     
 -0.620623926446897     
  0.282743930277881     
  0.301465410571531     
  3.015356105826008E-002
 -0.201074734971575     
  0.151068420484840     
  0.351761729048223     
 -0.209610538924216     
  0.396510844860568     
  0.193674305208350     
  6.955645663387386E-002
 -4.056845490896906E-002
  3.143904435920117E-002
 -0.547121960401631     
  0.210088577898263     
 -5.404909458335796E-002
 -0.420875928966145     
  0.405059023987414     
 -0.133052879063068     
  5.111960110279983E-002
  0.547978156258054     
  0.198519688631077     
 -0.207534403511091     
  0.183113040162199     
 -3.795761517082660E-002
  0.260708945321496     
  0.486402244968137     
  0.443972616091971     
 -0.309303284236635     
  0.229752666872387     
 -0.385192538878165     
 -5.772529215781370E-003
   1.19648266582779     
 -0.537492539358623     
 -0.192221482435606     
 -3.583495112625753E-002
  0.815992009946637     
 -0.254893272601633     
 -0.109725448408232     
  0.764194626515091     
  0.228461194171920     
 -0.522618285688088     
  -1.37126526075221     
  0.759527937915433     
 -0.125650613283655     
  0.341797454867915     
  -1.03571126427206     
  0.113321996742665     
 -0.254175001460098     
 -0.278602985791934     
 -0.161076971687908     
 -0.316493070865879     
   2.22024252761950     
  -1.59464350495512     
   1.20202120859704     
  0.949682184257818     
   1.13844886834674     
 -0.525181235660778     
 -0.326945402655246     
  0.189859110667999     
 -0.332379778088372     
  0.490003341343938     
 -0.862610990863682     
  -1.06967259283063     
 -0.801044308526998     
 -0.387468334493535     
  0.917312192386243     
  0.425152385154511     
  -2.02070657822852     
  -1.04610179568285     
  0.261707220393109     
  0.431388672416559     
 -0.116858142543723     
  0.209725002093816     
  0.515036628912096     
 -0.935138547641640     
  -2.50602684109457     
  -1.65833251569878     
   1.36215770433253     
 -0.194676170741125     
  0.233416342813303     
 -6.487290368524447E-002
  0.758956633890306     
  9.571239863890586E-002
   1.08770288730632     
 -0.530356000005577     
  0.750391670512611     
  -1.28709450820063     
 -0.414436125634161     
 -0.120943292708943     
  0.142679941502229     
  9.644230714153142E-002
 -0.311838842553732     
  1.691488046831559E-002
  0.226336674250900     
 -0.110695138242644     
  7.826495734697635E-002
  6.650264209811185E-002
 -0.226149642426627     
  6.136480281165084E-003
 -0.228758890145880     
 -0.359173441450030     
  0.149271417089943     
  0.219529013399124     
 -0.458876164998534     
 -0.539599800019290     
  3.476654326659012E-002
  0.738996534837067     
  0.667132734552846     
  0.275122175302826     
  0.339537483766381     
 -0.215130492362122     
  1.342651875249628E-002
  2.728754432740920E-002
  4.243753395735037E-003
  0.366126871039117     
 -0.256104961612237     
  0.199234666479590     
  0.301436367733388     
  -1.29532988022966     
   1.61622835270941     
 -0.190283766901661     
 -1.875903725399576E-002
   1.44225593381145     
  0.550101865811025     
  1.755180940318071E-002
  0.449363555154356     
  0.216619970387343     
 -0.238372380805701     
 -2.315500791804397E-002
 -0.712998600903002     
  0.363717079557311     
 -0.247388175435649     
 -0.146537067937505     
 -0.180726703699478     
  -1.27482851724321     
 -0.217289565234220     
  0.185717437486039     
 -0.105351592698900     
  0.196087074281366     
 -3.106756973972892E-002
 -0.281904060800868     
 -0.925312686008305     
  0.431026109492569     
 -0.781587978646577     
  0.606940115964598     
  0.912990626604728     
 -0.469683203910033     
  0.168305704697307     
  0.244801443292113     
 -0.994713536736823     
  2.367005367171879E-002
  0.430954780578598     
  0.432170915981908     
 -0.451492201276203     
 -0.944351559676934     
 -0.179893263290654     
 -0.613200671206741     
 -0.575712740706137     
  0.803214491217848     
 -0.281924122207270     
 -6.705253492970371E-002
 -0.484753487423009     
 -0.864506090142981     
  0.314243808361948     
  5.349661747783026E-002
 -6.677839359705982E-003
  -1.06735721607078     
   1.27114105681301     
  4.903170899247146E-002
 -0.459934182848033     
 -5.759752103787185E-002
 -0.301142704988394     
  -1.04416977495063     
   1.77294173916301     
  -1.84503251755815     
  0.412179795141805     
  0.334307667761430     
  0.775581931290318     
 -0.541712513305270     
 -0.219213825490687     
  0.271036557860992     
 -0.158735774729801     
 -0.448278377415165     
   1.09776426602241     
 -5.113717187237118E-003
  0.375184315626197     
  0.335725977783113     
  0.178673488505704     
  0.813673567071118     
  0.320505103795553     
 -0.133280115116726     
 -0.317929907524709     
  0.145897241693314     
  0.132127606093048     
  -1.25770898381763     
 -0.159502874823560     
  0.243660682494664     
  -1.65566192720948     
 -0.184865847713013     
  -1.13103704126107     
  3.301748851817601E-002
 -0.273474436687305     
 -0.471158757056400     
  6.962583668871264E-002
  0.105666834720190     
  0.452594757514310     
  7.066995760053377E-002
   1.99499873222444     
  3.562644624517474E-003
 -2.340462960053293E-002
 -0.806734635015777     
  0.652621247356263     
  0.304456279950322     
 -0.203051663843983     
  0.326918686642674     
 -0.167820781231886     
  0.583738709694941     
 -0.217529989874725     
  0.808477843802498     
  0.539409342750342     
  0.362923724557752     
  0.334167270965250     
 -0.175612712540941     
   1.06989916833160     
  0.141774957584160     
 -0.256900241529302     
  0.237905685346241     
 -0.431151509480802     
  0.102689164742360     
  0.226695929796983     
 -0.413529320544560     
  0.242318458733193     
  0.365097664730774     
  0.177310854993908     
  6.935058936212873E-002
 -0.189544684368926     
  0.635925211357189     
  0.104229730771146     
 -2.018737153099472E-002
 -0.745142736025814     
  0.699155976567051     
 -0.629539496308687     
  0.602114129878108     
  -1.02537450278222     
  8.175284058303582E-002
  6.661476117502201E-003
 -0.340540854646889     
  6.392067539665221E-002
 -0.315802488359922     
  2.401910063022071E-002
 -0.209144101423696     
  0.187612282461525     
 -0.380976684738363     
  0.281902493327935     
 -1.415898890012020E-002
  0.780993732417655     
  0.153781450389149     
 -0.144006690362939     
  5.927082721671875E-002
 -4.582139876359329E-003
 -0.599840527227543     
  0.128419216307863     
 -0.850156880883741     
 -0.314339178902205     
 -0.265788427648426     
 -0.369981378152583     
 -0.849629500786735     
 -0.101136391881429     
  9.383945319804004E-003
 -0.221380460608942     
 -3.818274826860821E-002
 -0.843820973424539     
 -0.582305183697178     
 -0.311377214293528     
 -0.442684862346560     
 -0.526469106581983     
 -0.478202923028468     
 -0.184759074034140     
  6.440350275739200E-002
 -0.249074195696466     
 -6.165072491966483E-002
  0.146267722852559     
  -1.23571509751207     
  0.470094200334076     
 -0.243615749590849     
  0.760121651600785     
 -0.408725911824202     
 -0.291569670432311     
  3.461410141997050E-002
 -5.049779836816185E-002
  0.609716055814294     
 -1.905463260614001E-002
 -0.272764390458041     
 -0.143774052030186     
   1.04708617217178     
 -0.372950869164695     
  0.967829965943829     
 -5.290126153699855E-002
  0.441798111625582     
 -0.416633834199035     
  0.223368449549050     
  2.960288246163992E-002
 -0.536718074084068     
  0.588130637051660     
 -0.524211209693963     
  0.576478421702369     
 -0.220153791129354     
 -0.182206299088871     
  8.067551775024673E-002
  0.278052443082098     
  0.526541277962700     
 -0.584187321204332     
  0.325991522066788     
  0.184516636455619     
 -0.264725424085958     
  1.977770058834926E-002
 -0.751429306288009     
  3.683706030169592E-002
  0.790414874238604     
 -6.689883923662396E-002
 -0.787263207207020     
 -0.192691871418623     
  0.276024892060116     
 -0.534043426071322     
  0.289380459576848     
 -0.181884809864670     
 -0.348260451118958     
  0.429894594146185     
  -1.22184611998109     
  0.871806816827124     
  0.654424995175732     
 -0.586995346703689     
 -0.248389982409435     
  0.214352420349470     
 -0.235412962101104     
  -1.02461224079637     
 -0.104438648402288     
  0.276844836014640     
   1.24883759852138     
 -0.806957190798402     
 -8.024128588521064E-002
  0.148723517577912     
  0.113572671881422     
 -0.567305909679309     
  0.576732532735574     
  0.422656167736502     
  0.587209123408770     
  0.934527798810488     
  0.124474370401251     
  0.374165229573411     
  0.308499970706552     
  0.110380343555808     
  0.175552316897476     
  0.674318135411245     
  4.494845341807817E-002
  0.334063635698783     
 -0.117003178381820     
  0.469512709158578     
 -5.314921159813843E-002
 -0.316663923013727     
  0.493557562554713     
 -0.592296383245756     
 -3.249496104778521E-002
  2.220966162880851E-002
  0.584695576562699     
  3.051530247536117E-002
  0.916514905347670     
 -0.830765354793486     
  7.248457971571099E-003
  4.779891708423494E-002
  0.269940711040851     
   1.07704223898445     
 -8.377995978337546E-003
  0.288489469922672     
 -1.794501366496631E-002
 -0.347192749502000     
 -0.168777427261122     
 -0.189053231074363     
  4.039908467062900E-002
 -0.429515269621793     
 -0.627792741687697     
   1.64635592752056     
  -1.26148393650804     
  0.253470134829963     
  0.370004020193311     
   1.25953826884627     
 -0.568368753308775     
 -0.457375806843645     
  0.128494876167496     
 -1.604242999434288E-002
 -2.329933558038332E-003
 -4.919165980419272E-002
   1.18670811624819     
 -0.279562813291481     
 -0.243647754413042     
 -0.970429519120694     
  0.164003696278443     
   1.14298637755099     
   1.73957276791060     
 -0.734930492297445     
  0.487386850170774     
 -0.531076202721309     
 -0.429397182677486     
 -0.557728471705542     
  0.181951151632260     
  0.112739092952372     
 -0.287412463799308     
  0.288199747104859     
 -0.549337649192185     
   1.06256713434659     
  0.123325452806989     
  0.283994510274062     
 -0.268663875591051     
  0.458139375306917     
  0.634130149111909     
  0.236773889608023     
  0.561516206747923     
  0.444117037994550     
 -3.692361898186147E-002
 -0.203175450832530     
  0.468599321448844     
 -0.875487755654134     
  0.278980398089228     
  0.273152137357970     
 -0.475741145952599     
  5.800930914700398E-002
  1.710573425265874E-002
  0.391315558883302     
 -4.385249058265837E-002
 -0.671023840899099     
 -0.164111130515715     
  0.151082800574821     
  0.473087192685659     
 -0.378318985465806     
 -0.158917559313179     
  0.126732921257255     
 -0.904538150045207     
  9.561461477276816E-003
 -0.223202681798175     
 -0.295697569189695     
  0.105162375229996     
  0.103886863339936     
 -0.458667535355932     
 -0.365495586365387     
 -2.088239078221084E-002
  0.732696126354870     
  0.178215356399922     
 
 -0.446120464394753     
  0.687366801248633     
  0.488199478031647     
  0.342777387522611     
  5.321833211561525E-002
   1.11133798331869     
  0.407460969851998     
  -1.71715480170525     
   1.20265815389744     
 -0.868972574225846     
 -1.900522995917986E-002
  0.680726055307485     
  0.607299114523164     
   2.40855435437943     
  0.393794727748633     
 -0.916764657757300     
 -0.915815890614354     
  0.469135667482926     
   4.13953334879862     
  0.238653130834251     
  -1.00331752054075     
  -1.75337868024893     
  4.045935477343129E-002
 -0.319690083426411     
  0.264371862011760     
  -1.76822035032205     
   1.37984325933636     
 -0.604609096508745     
   1.06232587186782     
  0.719026710154500     
 
 -0.361355049484052     
  0.706023150847816     
  0.370847183483879     
  0.510870647881812     
 -9.529629761095280E-002
  0.179900399966352     
 -0.890202240946791     
 -0.790470300816185     
  -1.04540120074246     
   1.69299049777990     
  0.281294490391602     
  5.208377831945593E-002
 -0.385338579172346     
  0.384126714886655     
 -0.936407033021811     
  0.791561527664966     
 -0.282304316074863     
  0.541108662551146     
 -0.203806161806500     
  -1.08932357533950     
 -0.366521914176351     
 -0.789038183839668     
  0.573699411192984     
 -0.503859885398920     
  4.899261362923580E-003
 -0.696416662724499     
 -0.281633262281326     
  0.285256010724059     
  -1.14192566671527     
  0.564281902962046     
   1.08729570345028     
  0.425396239051313     
   1.85808231327275     
  0.299838145635504     
  0.499407919085348     
 -0.620940189105516     
   1.33021983857750     
 -0.332199201406969     
  0.590038582604758     
  0.568424975899692     
  0.427202569335049     
  0.522094221583190     
  -1.31896491928139     
  0.511403448199000     
 -6.135627959265038E-003
   1.10305040546735     
  9.453127540044264E-004
   1.03312621321207     
  0.625652402521535     
  0.219375911116069     
  0.284203558054324     
  0.539725205457150     
 -0.109243467332493     
 -0.213712523592964     
  0.451544278575859     
 -0.549740403215602     
 -0.611621835835064     
 -0.461472022558390     
 -0.490430594780572     
  -1.45825789794729     
  0.312212777579183     
  0.254489535825509     
  -1.21338287518770     
 -0.350887488958811     
 -6.806192334746497E-002
  0.665049035831801     
 -0.647396022398717     
  -1.56924420938512     
 -0.367011546891809     
  0.349640881628295     
  4.474403469555524E-002
  0.489471540892770     
  0.504592009086809     
  0.669455451794832     
 -0.733345010448617     
  0.147620425850257     
 -0.876023009773150     
 -8.748352273038851E-002
 -8.697575829830471E-002
 -0.145598838717774     
 -0.228796527416614     
  0.453000156253121     
  0.251835526151021     
 -0.987274028333516     
 -0.583821448632956     
  0.676905222979537     
 -0.861309928493206     
  0.680263360272664     
  0.460827098184480     
  0.871580001948462     
  0.808399259275781     
  0.787773198376093     
  0.611513939589041     
 -0.154180564277110     
  0.404973367481837     
 -0.607046467431005     
 -0.596140677727739     
 -0.138593575397250     
 -0.636443256087604     
   1.41772480410840     
 -2.251957737316947E-002
  0.726955624559429     
   1.15354419791549     
  0.112250596355554     
  0.537980056422006     
   2.08763300608308     
 -0.663764403935922     
  0.177507013010081     
   2.57012067907628     
  4.278166441525351E-002
 -0.298551607998719     
 -0.322080114881321     
  0.747640463128709     
 -0.427279557625956     
 -0.109073107072580     
  -1.22926125834471     
 -0.155950173747710     
  0.384399794724238     
  0.152979883742491     
  0.242714360327698     
  0.380294171648230     
  0.458252626245953     
 -0.417524350781049     
  0.165682005176657     
 -3.479360479521248E-002
  0.382865147744005     
  0.260597292408920     
 -0.803401236439079     
  0.296856884236546     
  0.462332572191633     
  0.169767374602254     
  0.365803870467076     
 -0.471626451650428     
 -0.118425648114720     
  0.345910161963364     
  0.392561038694018     
 -0.674442521288651     
 -0.131479127876044     
 -0.477270430748828     
 -0.628896929556509     
   1.28813057606119     
 -0.640008946614505     
 -5.536248184415266E-002
  0.393794918582217     
  4.298496669845771E-002
  7.625591837107318E-002
  -1.28500573066891     
  0.103831982397075     
   1.02885793735895     
 -0.633561187510430     
   1.17587362185049     
 -0.377370899588439     
  -1.50941381592883     
 -0.340192630836532     
  0.716564034972677     
   1.20936418226438     
  0.691694416218728     
 -4.702540198025806E-002
  0.448538360788440     
  -1.46105269109852     
   1.23924151511893     
  0.401430928063951     
   2.22231274712168     
   1.65358906652019     
  -1.01298784202285     
  -2.65184510988884     
   1.23673638103733     
  3.355955435219504E-002
   2.22957631779970     
  0.624424406801459     
 -0.420835940049511     
  5.738142863637161E-002
  0.248418222393327     
 -0.665995158020895     
  0.195719581599676     
 -0.131878321655470     
 -0.160553805537880     
  1.823146943279889E-002
  0.668220832481023     
  0.483516003120622     
  -2.09293216157542     
 -0.967714598373313     
  0.826756702905718     
  5.019838191247946E-003
  1.353885192991646E-002
  0.694752844761294     
  -1.06164961194119     
  9.778567363763646E-002
  0.302019079929943     
  -1.37950963472441     
  0.282405775610757     
  0.278732575642154     
  0.777355720463156     
  0.161749297014451     
   2.04531346591077     
   1.41999267923368     
  0.755353977950952     
  0.153597972990270     
  0.164170907365490     
   1.10236887684406     
 -0.579458794369254     
  0.114294716336081     
  0.265890622600356     
  0.775228050810185     
 -5.837642695121287E-002
  0.422653361343161     
  -1.12817246340507     
  0.359715655345674     
  0.446272032030034     
  0.181111894152641     
  0.415574023514838     
 -0.117210405053952     
  7.141164439531068E-002
 -0.342455848287784     
   1.09492504282479     
  0.286414467176724     
  0.576447096017305     
   1.05246746417435     
  0.696395200781233     
  1.618899019510225E-002
  0.482561162469931     
  0.489168392770673     
 -0.818755371257501     
 -0.367511737011879     
 -0.445922312946867     
  0.175438360722362     
 -0.665357035113462     
 -0.434517434124346     
 -4.802278571446640E-002
  8.653190714366560E-002
 -0.356637749333686     
 -0.990306905219580     
 -0.120753286359673     
  5.212595156281921E-002
 -0.476165584025939     
 -7.041998710542301E-002
  0.152757261606747     
 -0.461478447037459     
 -0.574527999888433     
  -1.10552088243919     
   1.07051839278265     
  0.736028407008636     
  -1.13739456811813     
 -1.543375132309127E-004
 -0.571839893491974     
 -0.355705912451549     
  0.565339842327806     
 -1.553689838249486E-002
  0.134768417782119     
  9.993287765342795E-002
 -0.594833594873407     
  7.656520650170440E-002
 -0.528813802115460     
  0.583790535207348     
   1.72063203866447     
  0.458297842985692     
 -0.914490149862797     
  3.185720537984335E-002
  0.338220732663570     
  0.417431406854602     
  0.838102187975737     
 -0.789819546535427     
 -0.175856199239896     
  0.696000331907317     
  0.249948920329614     
 -0.101685027254488     
  -1.03937560358455     
 -0.362781717043363     
  -1.36119671073147     
  0.263396796112989     
  -1.29443487262119     
  0.169020418587433     
   1.04356412573864     
 -0.447866614720584     
 -0.213712325832486     
   1.06447824644780     
  0.710851602269919     
   1.05317474979965     
  0.598305240792797     
 -0.519272722083703     
 -2.360970540806017E-002
 -0.209484107276861     
  -1.61493652881887     
  -1.04209748882753     
  0.996085242758419     
 -0.370211501442660     
  0.932054750808502     
   1.00663994416920     
 -0.129888858318211     
  0.661561185691639     
 -0.452287057908749     
 -0.757350093478177     
 -0.235143843078625     
 -0.803488462537006     
  0.746028593036374     
  0.631199654290618     
  0.717976161049706     
 -8.564759224323874E-002
  0.467217625756181     
 -0.247700975913052     
 -0.199154751555776     
 -0.519852498099575     
 -0.909893532731658     
  0.581345515902230     
   1.08043378309750     
  0.801186214843872     
  0.573791761901471     
  0.710128704578440     
  0.138608289000016     
  0.955787474018943     
 -0.121265870578215     
  9.240841917984306E-002
  2.328762153163776E-003
  -1.33031083042849     
 -0.481652753694796     
 -0.375581563527513     
  -1.01758335357313     
 -0.823418448716838     
  2.086563597047625E-002
  0.185511391157573     
   1.23558670112754     
 -0.604181566182742     
 -8.223258155712959E-003
   1.39057029589105     
 -0.938839238558347     
  1.434030442644665E-002
   1.12716338175071     
 -0.480179433666884     
  -1.30641666524019     
 -0.848753412082043     
 -0.436443876104006     
 -0.789801803040207     
  0.700405157890480     
 -4.722811129360203E-002
 -2.203947076875111E-002
  0.224823353055385     
 -0.650005834388915     
  0.207275494662154     
 -1.188858834777454E-002
  0.805077771181492     
  0.603530712377926     
  0.169468619313732     
   1.25920135506441     
 -0.364608584587959     
 -0.402057692033571     
 -0.459148942606689     
 -0.335588939548428     
  0.453763917656586     
  0.550822461282469     
 -0.750499263822883     
  -1.28396526817513     
  3.823240956052896E-002
 -0.301459020065691     
  -1.76071543650072     
  8.642523611202531E-002
  0.989490870940626     
 -0.296264462516250     
  0.355681282325448     
  0.403202519543456     
  -1.73657148103782     
  0.619252225261027     
 -0.567673595713700     
  0.546502329611832     
   1.24614691602915     
   1.10137919004239     
 -0.370119241937500     
  0.415088217435047     
 -0.620835633834602     
  -1.10735261432685     
 -2.517495223865140E-002
 -0.421640540457209     
 -0.283659805841304     
  0.514825465683356     
  0.115965309342536     
  -1.07590915156482     
  0.722346345441097     
  -1.19551685572308     
 -0.177649379252240     
  4.724373433996074E-002
  0.869900983615662     
 -0.547442031930050     
 -0.187299029157574     
  2.493854084372212E-002
  0.994067146244526     
 -0.325932343199908     
 -0.370247650150349     
 -0.702874865200365     
 -0.622608304527348     
  -1.72459849107967     
  0.547261463853659     
   2.03691047193329     
  0.711978157301054     
 -0.289294935530103     
  0.481643301651463     
  0.640234485497682     
  0.419678301409830     
 -0.351970846237500     
 -0.374762295647328     
 -6.489809485868098E-002
  0.470215247170977     
 -0.298798266449983     
 -0.206636051830444     
  0.409465895392188     
  0.443319264852933     
  -1.28260528223789     
 -0.993138517815810     
  -1.13127380399959     
  0.503249646707866     
  0.101712425985776     
  2.112184862934385E-002
  0.364798336802946     
  0.474578456290830     
 -0.167607789118967     
 -0.375231023649770     
 -0.537645060136767     
   1.53171959366293     
  0.497366294902444     
  0.317437292565743     
  0.391464143715689     
  0.558041684698471     
 -0.465355195329846     
   1.02187865585001     
 -0.193287964646458     
   1.01109938353402     
   1.00879462750888     
 -0.137467413627542     
  -1.30311166564575     
  -1.08281122700199     
  0.995907718399871     
  0.542659073123999     
 -0.142919063413310     
 -0.292394026975196     
  0.265403967049982     
 -0.917602503704960     
  -1.73913581683079     
 -0.395440334994227     
 -0.414702690735161     
 -2.460339069460225E-002
   1.22310504383386     
 -0.843139616805074     
  7.441486973855697E-003
 -0.925937345154719     
   1.60801252702481     
  -1.99448063103164     
 -0.932800811166715     
 -0.337415966328095     
 -0.360431062028592     
  0.121369694184039     
  -1.06761834653816     
   1.31778081196511     
 -0.300783509638753     
 -1.587016451963923E-002
  0.255309196052601     
 -0.305554820988364     
  3.849550743947548E-002
 -0.970375056013447     
  0.615702443458131     
 -0.285455281525295     
  -1.19386427617671     
 -0.866462188423522     
 -0.130463417308259     
  0.101436279453262     
  6.218950078412711E-002
  0.899737630832228     
  0.796623228919667     
  0.170447149156499     
 -0.315069622847943     
  0.778183088455393     
  -1.00630481877113     
  -1.34327125727342     
  0.669057987696804     
  3.506043373303953E-002
  0.269360095542736     
 -0.685503213194389     
  0.199972149090521     
 -0.187674993318547     
 -0.685404949638999     
  0.227739358068345     
  0.302960603566820     
 -0.467072003069264     
  0.258098692424982     
  0.197417717317019     
 -0.905627761858831     
  0.242839419950098     
  0.216189721140507     
 -0.296323482657620     
 -0.669585752844821     
 -0.862110970879353     
  0.217318870460913     
  0.459148304418975     
 -0.222398372215459     
   1.01636972220647     
  0.995367661359119     
  0.385309355623517     
 -0.493663509118749     
   1.42652533660319     
 -0.659576496949388     
 -0.978650266917136     
  0.285576266676361     
  0.273273503658535     
  0.619017653151619     
 -0.186841661627650     
  0.138239989891098     
  0.158776426667430     
  3.758531873563842E-002
 -0.500957483754505     
 -0.155005625241324     
 -0.300337867300189     
  -1.79838149083191     
  0.149028301165271     
 -0.270923622686586     
  0.500652932919520     
 -0.979602433442266     
 -4.193147531077539E-002
 -4.599532666855797E-002
  0.856314998386688     
 -0.126419579021948     
  0.664048158928878     
 -0.483689099155956     
 -0.374789888168726     
  7.409787398273787E-002
 -0.385854754610388     
  0.208053917828421     
  0.290358456346106     
 -0.503785509302069     
 -0.760027975945721     
 -8.965729997853306E-002
  0.912266939461583     
  6.286089737603719E-002
 -0.306379154844868     
  0.311553066653647     
  0.163152830378372     
 -0.144470278409115     
 -0.162976051853639     
 -0.275174988857431     
  0.433740824366781     
  0.606945233774910     
 -0.417679795314885     
  0.611147225793826     
  0.180278748672073     
   1.26359499970814     
  -1.37802760871283     
   2.40324239990048     
 -0.631098700152069     
  -1.08615719027816     
  3.288876079377054E-002
 -0.132486681987757     
  0.625864147676467     
  0.164218216515828     
  0.290169719630036     
 -0.577359280602384     
  -1.24955430492983     
   1.26997101134330     
 -0.268100245298446     
  0.423440973828514     
 -0.788745515478688     
  8.627229167151243E-002
  0.255789068765928     
  0.209825856094076     
 -0.117174127855821     
  0.239951384538392     
 -0.266806222965654     
 -0.238678928364310     
  0.585180754182860     
  0.920261090320384     
  0.225170666917240     
  0.884743021339399     
   1.76184687777207     
  -1.88486888415009     
  0.372378371772367     
  0.521043611423081     
  0.459742703062061     
 -0.114375410389992     
  -1.19396778680792     
 -0.322859407930143     
  0.212741052376587     
 -0.425290110946463     
 -0.783571774475363     
  -1.03999914492843     
   1.09716961998846     
 -0.320114470187695     
  0.123489398545912     
 -0.138182832688153     
  0.841990805690410     
  -1.11206464878469     
  0.646219394785251     
 -0.642680573165291     
  0.521125376362873     
 -0.307145036936367     
 -0.661684739500348     
 -0.317817174048707     
 -0.596061842185604     
  0.440134409269519     
 -9.455830415847831E-002
  0.184452253746516     
 -0.726961393543741     
  0.821610130394949     
  0.184140369992415     
  0.511539767022413     
  0.573722700287560     
  0.705201411111624     
   1.76769409075060     
  -1.29816789613373     
  3.917846307461818E-002
  0.190728227677293     
 -2.650060011436074E-002
  0.412294409115760     
 -0.400022521572119     
  0.498764963955844     
 -0.818169457931030     
  0.244723785565992     
  0.390797607267705     
 -0.115824485010688     
  -2.03895664588890     
 -0.801642723302262     
  0.191024785341014     
   1.14225837711360     
 -1.072921799334072E-003
  3.254779076885857E-002
   1.30365628380194     
  0.512465943985669     
   2.22367868856503     
  -1.23278334893498     
 -0.267825915285740     
  0.303961568269403     
 -0.683228262205881     
  -1.11892647053685     
  5.871457024953149E-002
 -0.181421625813745     
  0.816698994800388     
   1.18494692384413     
  -1.04901007341123     
  -1.18025113322864     
  0.918630570465693     
  0.918387128838586     
 -0.421107587054994     
  0.536510600416299     
  -1.20208950335049     
  0.873429263928125     
   1.86418295927597     
  1.453294068327842E-002
  2.436225906007893E-002
   1.25144800481088     
  0.635046085464517     
 -0.781353443644028     
  0.197998960408524     
  -1.04864135373304     
 -0.520886996772074     
 -5.626903787387490E-002
  0.340713076425475     
 -4.228685091722315E-002
 -0.729121144140112     
 -0.209039996699745     
  0.572707032171360     
 -0.569680021027771     
   1.17111434487222     
  -1.12371948623270     
 -0.440196845539777     
   1.57965208111695     
  -1.10819127733940     
 -6.219861261039969E-002
 -0.102719802462422     
  0.777051211086245     
 -0.318418241332080     
 -0.182968619589903     
  -1.08111133208185     
 -0.708246145357954     
  0.378967007779574     
 -0.145737771469140     
   2.14115070729304     
 -0.303437257384954     
  0.280063361447355     
  -1.20073861145640     
  0.401606652434048     
  0.539253097922431     
  0.946568769411827     
  -1.54179700652462     
 -4.704679994219872E-002
 -0.421712938914634     
  -1.71751733135547     
 -0.266769270301480     
 -0.185140848837874     
 -0.266197394823036     
  0.309743608619347     
  0.670792940255141     
 -0.278505094953952     
  0.793773569356977     
 -0.674248808372061     
  0.180501362539072     
  0.318515406809363     
  0.696283106636284     
 -0.441502612573981     
 -0.570923020139231     
  0.701307629500569     
  0.294590779505295     
 -0.446689986810258     
 -6.447068176415247E-002
 -0.696162176471125     
 -0.693954116253356     
  0.166729098679285     
  0.209584317188215     
 -2.864606583910917E-002
  0.838659674626147     
  0.411235747794613     
 -0.237661664596508     
  0.572610173669294     
 -0.499798038353693     
  -1.26802276994603     
 -0.213939829324870     
 -0.186183198641996     
  0.842822546851077     
  -1.58939898588840     
  6.971948527977434E-002
   1.43055686555650     
 -0.941256478887315     
 -0.529576928452615     
 -0.369496653685243     
 -0.396601077286955     
  -1.00711838670103     
 -0.561910343450812     
 -0.764405496251044     
 -1.223226711240004E-002
  0.402126717320436     
 -0.407368505316195     
  5.873366824714104E-002
 -7.468541756879511E-002
 -0.108164593444768     
 -0.481932568862835     
 -0.373569124044120     
   1.17407398203784     
   1.25967686576659     
 -0.367379292584509     
  0.633290302682009     
 -0.159470994005855     
 -0.679609828391027     
  0.597212493278730     
  0.183041238137293     
 -0.435556543138216     
  0.654575687441330     
 -0.248145444103209     
 -0.891272962366559     
 -0.340380138725957     
  -1.14113657476365     
 -0.290937405597795     
  0.216275203256371     
  6.501093382004959E-002
 -0.320822780779386     
 -5.926795459485332E-002
 -0.459680172757939     
 -0.350252319324967     
  0.862081213697727     
  0.400783447678139     
  0.949447456773770     
 -6.552776003802373E-002
  -1.01644081208739     
  -1.06232284016000     
  3.256132019720121E-002
 -0.931235182828146     
 -0.203413164443740     
 -0.123562358355156     
 -0.129533709384912     
 -0.739537637777819     
 -7.551555730098448E-002
   1.45720183016829     
 -0.863745244005388     
 -0.335419074624792     
 -0.286426371921745     
 -0.652939158340835     
 -8.761179665264120E-002
 -0.491221260271106     
  0.315274053097032     
  0.371461211957583     
  0.172262275273165     
   1.09986487109947     
  0.571845712605622     
 -7.421377768622142E-002
  0.515131789409951     
 -0.150323729239970     
 -0.165812541782140     
 -0.164289112409242     
  0.652314023076385     
 -9.416335503308221E-002
  2.041684656095321E-002
 -6.329004483098677E-003
  0.261252228142572     
 -0.526255322195341     
  0.198088076342252     
 -0.357081690484457     
 -0.164266261396806     
 -0.183713541943986     
  0.367691082718294     
 -0.104762589291492     
  0.381001860145001     
  0.794518076865841     
  -1.19652034771746     
  0.477790177764835     
  0.127670873249428     
 -0.358227344545564     
  0.191141629262087     
  0.368122999572368     
 -0.419833601456436     
  0.231336769482980     
 -1.781051718634388E-002
  0.424399725494218     
  3.308142121693000E-002
 -0.409350395324291     
 -0.267552042230232     
 -0.796950676986916     
  0.274639189087336     
 -0.270414207362063     
   1.16881311258880     
  0.458525028789669     
  0.197837247104483     
  0.457440346143568     
 -0.305211269272342     
  0.314299566270483     
 -0.460430691075755     
  -1.70823693046241     
  0.174459791797097     
  0.440895149680578     
 -4.118921191072329E-003
  8.491982371475974E-003
  0.391775805981514     
 -0.205416821719855     
  0.483956915995197     
  0.199952738274473     
  -1.39505676409596     
 -0.699279879591915     
 -0.141279956181479     
 -6.706761691980415E-002
  0.684871624147453     
   1.36218378134046     
 -0.234635474760149     
   1.45695221697375     
 -0.354905210775794     
 -0.194558783454323     
  0.200998135364767     
 -0.228529965363777     
 -7.829413957393515E-002
  0.646116762119282     
 -7.919745565844100E-002
  -1.46179811554493     
   1.79768602919239     
 -0.116249102987470     
 -1.229385435222405E-002
 -0.449426409800440     
  -1.26452357854388     
 -0.961392192056295     
   1.73199588886941     
   1.58006548273617     
  0.290319606969343     
 -0.340826691396598     
 -0.858560466619900     
 -0.511705475506377     
 -0.364237156516364     
  0.955700713234177     
 -0.416733408521872     
  6.296985348772494E-002
  0.651677003980706     
 -0.120403138106406     
  0.149286175407759     
 -0.116855010169144     
 -0.206772991548308     
 -0.785411969027007     
 -0.304960114201302     
 -0.183027493816000     
  0.374732571201986     
 -0.218112210060311     
  0.215298570201655     
 -0.204530472905876     
   1.03191983940752     
 -0.550054560015363     
  0.699786751528933     
 -1.537057471807682E-002
 -0.473305737668157     
  0.288493705351365     
  0.874995089184345     
  0.145671928542894     
  0.855202830275281     
 -0.690496009713533     
 -0.727884822477207     
 -0.798634338291694     
  -1.48220465435898     
  -1.24536599687855     
 -0.257712619324596     
 -0.844056849578041     
   1.42883728284601     
 -0.263088007968004     
 -0.134042649854129     
 -0.786302866376374     
 -0.199333716937112     
  0.854964556182658     
  0.358083820507041     
 -0.109539866839482     
  0.189700222166646     
  -1.64770206188199     
 -0.846368120513510     
  0.209626529787403     
 -9.663409403457077E-002
  0.977661566362333     
 
  0.473470092643481     
  4.148535551891529E-002
 -0.235289413508285     
 -4.560013526940299E-002
  0.927953218252375     
  0.337990794927802     
 -7.871874658288239E-002
 -0.368806976948115     
 -1.004087063619188E-002
 -0.379255855463456     
   1.00678748024982     
 -0.104350258421390     
   1.08614551651416     
  0.277159392584375     
  0.687509799663629     
 -0.221741631108868     
  0.565953609360977     
 -0.237347184778766     
  -1.23994200286265     
 -0.574970469561803     
  2.191357173041957E-002
  0.644844069261836     
 -0.202627959862181     
  0.524914413284460     
  2.200255935714075E-002
 -0.530935676430752     
  0.210793348203909     
  0.511111221068625     
  0.113021188006048     
 -0.313491815027137     
 
 -0.206430436113734     
  8.598049839119351E-002
  0.254595387756581     
 -6.560751426682797E-002
 -0.487972367774899     
  0.785490284875612     
  -1.66667241784450     
  0.522945595284839     
  0.468241630427415     
 -0.273001763539882     
 -0.144988337478162     
 -0.249064159421500     
   1.22171364629344     
 -0.487909307374657     
   6.53629688374916     
 -0.171986405097831     
 -0.236944269230576     
  0.265431674422402     
  0.485636768233092     
  0.256318977282659     
 -0.183934547354486     
  0.262768228704248     
 -0.371403453980957     
  0.480481296587979     
  2.058312207451062E-002
  0.543969610002259     
 -0.667564483308101     
   1.68849512027753     
  7.638882636949501E-002
 -2.854091959682181E-002
 
 -3.939104761904762E-004
 
  tansig  tansig 
