     33 -    30 -    30 -     1 
rmse=  24.7603meV
 -5.625499801897339E-002
  0.274369074948464     
  0.324061346002592     
 -0.190290110811853     
 -0.361614700964939     
 -0.302018196078331     
 -0.183499285254936     
  0.237968003408665     
  0.165012801465250     
 -0.156287204596766     
 -0.432111950662332     
 -0.569882723824184     
  7.710249859500165E-002
  0.247948248284835     
 -1.371475640797420E-002
  0.347948525917047     
 -7.136798696492512E-002
 -0.247077142275647     
  0.789402924069791     
  0.111167501081714     
 -0.325215588764512     
  0.330095884733199     
  0.300790672941819     
  0.137167361142614     
 -0.162754837028087     
 -0.751234866439226     
  0.333703887838718     
 -0.658475670063617     
 -0.144043254143886     
  0.242220959434263     
  0.327564942935926     
 -1.599694280410701E-002
  0.118349911467842     
 -4.229812786060579E-002
 -4.767160797981305E-002
 -4.950073951931960E-002
  0.444328748414283     
 -0.228734567402833     
  0.312062571943575     
 -0.366181718786186     
  0.156404975437016     
 -6.896900922558144E-002
  0.697319556459475     
  0.146958074333845     
 -0.520029951277501     
 -0.112592357005494     
 -0.155602600607071     
 -0.135156674919847     
  0.375354552664456     
  0.153525279781543     
 -7.008263934491041E-002
 -9.112447027892893E-002
 -8.038191931476779E-002
  2.900425859095030E-002
 -7.430184057015980E-002
  0.310904192211489     
 -7.546672598651615E-003
  0.512936098398161     
 -0.202106020979224     
 -0.202560628964038     
 -0.100709769888133     
   1.02033726359685     
  1.245968124318161E-002
 -0.126683881266328     
 -0.197735300636385     
 -0.515584360844477     
 -0.578200892324801     
 -0.316952779385293     
 -3.439698816785336E-002
  0.208041599057887     
 -0.549687499385431     
 -6.869849622112412E-002
 -0.207303142292568     
  1.709782797669494E-002
  0.355714832925285     
 -0.666849299935205     
 -0.256155876369206     
  0.584523535611310     
 -0.291925319639575     
  8.029349226579410E-002
  0.542302757560263     
  0.232808360604052     
  0.183005162734427     
  2.413279267917341E-002
 -0.145999965303013     
  0.718905435117960     
 -0.496196000983411     
  0.215080315312776     
 -0.210977865587444     
  0.376786380055783     
  0.177884173824340     
 -6.084255938401217E-002
 -0.311296714330527     
  0.502085535066144     
  0.360477244572993     
  0.674626247760037     
 -0.153858266655185     
  0.903253794699012     
  0.909232420656380     
 -0.200699864211587     
 -0.391842099767738     
   1.08546816190306     
 -0.413521864347260     
 -0.753227425718809     
 -0.127451466041276     
  0.520450795052057     
 -0.161811231330527     
  0.353832508247909     
 -1.990185748308160E-002
  0.156762361947711     
  0.194106006957286     
 -6.411016779156273E-002
  4.121230067184599E-002
  0.214799656128506     
  0.248946163366828     
  0.210565505441434     
 -0.199912297518852     
 -0.597272403659456     
  0.654201894260398     
 -0.229229822665131     
 -0.129685050881059     
 -0.433433375791292     
 -0.116939972367346     
  0.236337590362270     
  9.968204488118697E-002
 -0.477426917595740     
 -0.217438766018912     
  0.636588127126398     
 -4.056181769904490E-002
 -7.953552006114324E-002
  0.206500039136418     
 -0.230904034993051     
  7.590329143208230E-002
 -3.094100364838745E-002
 -0.118652245691708     
  0.519169832220474     
  -1.09423432614524     
 -0.413921823895500     
  0.384576609636815     
 -5.412196877990912E-002
  0.615862787289790     
  0.196395951163612     
 -0.246379360842093     
  0.181142444947330     
 -0.306663002620995     
  0.236476710625416     
 -0.363889620119904     
 -4.621834178908424E-002
 -0.298341636618273     
  3.046437029489054E-002
  0.594151815920735     
 -0.470621851221607     
  9.410143482215968E-003
 -8.871404078314321E-002
 -9.108614201413089E-002
 -0.213412742652146     
  0.205909771034782     
  0.284760438122302     
 -2.938731717394123E-003
 -0.612318902197360     
 -7.895628682948705E-002
  0.388244886333924     
  0.163960400485640     
 -2.646711480161587E-002
  0.343733349074589     
 -0.581217175459358     
  0.142239102272500     
 -0.213413272625785     
  0.284276805568683     
  0.823973234004735     
 -0.788617069499784     
  0.714023084103679     
  0.259720465706605     
  0.734900592715905     
  0.173705855985278     
  0.814579428675033     
  0.229093363486360     
 -0.246858564847632     
 -0.117677662802434     
 -0.145950920165159     
  0.391798234532020     
  0.843181517360468     
 -0.193075030220581     
 -0.810835869660046     
  0.222717403534247     
 -9.388872698828249E-002
 -5.055685793806217E-002
 -0.155079227371790     
  0.362080762870774     
 -0.231842636244391     
 -0.109986484314582     
 -0.252658411902254     
 -0.441211499234260     
 -0.180545359496110     
   1.08672579786752     
  -1.02439484903762     
 -0.582651313432341     
  4.649172163299792E-002
  0.330307442595073     
 -2.661957397953190E-002
 -0.274482763183280     
 -0.383856920582891     
 -0.658974638041727     
 -0.289716809412254     
  0.817868088288072     
  2.619481957257750E-002
  0.460454391629824     
  0.607747446260062     
  0.396370142493158     
  0.494155609731592     
 -9.982579886051003E-002
  0.314545666529072     
  0.378789642280806     
  1.335601283913667E-002
  0.228144510551563     
 -0.247430253048653     
 -0.135430085211915     
  0.615996470999786     
 -0.164236504050788     
 -0.470975639531694     
 -0.667477189956292     
  0.172275878737657     
 -0.175171549405849     
  0.150300783970186     
 -0.132117148424503     
  0.675919948670325     
 -0.575661879762583     
  0.812681356121343     
 -0.419433751633597     
 -1.914565112307486E-002
  0.292738037466329     
  0.878170843450780     
  0.102432118570807     
 -0.263875189784659     
   1.57690085944703     
   1.20550150524104     
  0.120694769283286     
 -4.720174555450202E-003
 -0.317656746867757     
  0.285610231213624     
 -6.669252749489372E-002
 -0.262159289421390     
 -3.820273782942118E-002
  0.129286319454208     
 -0.577267886925047     
  0.203244587760458     
 -0.662802272413319     
  3.296722252305947E-002
  6.114050275689967E-002
  0.151231320118056     
 -0.527866982732847     
 -3.824811739192904E-002
  0.539325085431349     
  0.426551938495243     
 -0.292474640034896     
 -0.146301930315776     
  0.146771495349020     
  0.305560565882816     
 -0.741071013856809     
 -0.232537884356218     
  -1.25957836703664     
  0.225474241034306     
  4.359137133798510E-002
 -0.796916127700738     
 -0.133969588797927     
 -0.177880243023085     
  0.493404423221885     
  0.189812021171563     
 -0.584748502523680     
 -0.266429601260197     
  0.171806785261771     
  9.903750290044663E-002
  0.226454115785343     
  0.570017573578404     
  0.233020831698485     
  0.105253682950787     
 -4.207891325352103E-002
  0.309906712783232     
 -0.206019492130909     
  0.172047327984220     
 -0.173235422469927     
  4.743448329662599E-002
  2.524781627004141E-002
 -0.277509781056892     
  4.433183423536195E-002
  0.112616347631023     
 -0.316251460816710     
 -7.691224063787844E-002
 -0.242250286896856     
  0.166146749097581     
  0.448387222970068     
  0.283315870332878     
 -0.281527311754041     
  7.660606165238988E-002
 -0.147409544452199     
 -0.759670394681023     
  0.169843703438665     
 -0.221475825432573     
 -0.214555843399218     
 -5.057673110020764E-002
  0.271198896744734     
 -0.733606212575491     
  5.981652318581351E-002
  0.485001289976167     
 -0.272196271515312     
  0.147091451496916     
 -0.695662529303232     
  1.404815734411302E-002
  0.698293176539484     
 -0.161812397457462     
 -0.334238779995779     
 -0.127609775273867     
 -8.764581418862738E-003
  1.820402402068134E-002
  0.102195928017805     
 -0.322328189691622     
  0.172360757076127     
 -0.142399928999205     
  6.282813905776015E-002
 -0.398813620906118     
 -1.938643657881554E-002
  0.210394293077949     
 -6.531295501980683E-002
  0.291405893842341     
 -6.470839337047361E-002
 -3.568893420323452E-002
  0.166340764216008     
  2.595847552412849E-002
  0.143650260696270     
  0.262387190759059     
 -0.260949040404382     
  0.108097793479270     
 -0.848467463313573     
 -0.224661198484255     
  0.144824155151957     
 -0.161393367812152     
 -0.716235588180582     
 -6.176971586417524E-002
 -6.037937396250291E-002
  0.174349976831107     
 -0.220493477510058     
  0.124089951377012     
 -0.198062260509240     
  0.167191123474294     
 -9.843220550131303E-002
 -0.213323344594502     
 -0.204423817561474     
  0.127894802386530     
  0.302445637984257     
 -0.274676165214915     
 -4.343086676656980E-003
  0.362054875553915     
  0.253948590954587     
  8.601370044242278E-002
 -0.602008659960002     
  0.210623542472078     
  0.105267254011955     
  0.118607007529598     
  0.213864958733813     
 -0.219211557687431     
  0.245255216754987     
 -9.747003171812151E-002
  0.157359383156966     
  9.027119014126759E-003
  0.499629571392076     
 -0.885339600582414     
  0.418089880035814     
  0.131685647246761     
   1.07736515974754     
  0.629997070313233     
 -0.259227083728170     
  0.311835400767590     
 -0.175993598056903     
  0.380105380415837     
  8.675621070823983E-002
 -1.240473310275606E-002
 -0.226494789638153     
 -0.508351783642180     
  0.502910337798699     
  0.270923844376532     
 -8.442300195482480E-002
 -0.123747559106308     
  5.346370815177776E-002
 -1.277068571820658E-002
  4.754878981748373E-002
  0.242919048779671     
 -0.134033102900721     
  0.246975833406779     
 -0.277459407406790     
 -0.475811688379637     
  0.694958151849115     
 -0.336073174602342     
  0.595199124795895     
 -0.205483779524646     
 -0.642640299020225     
  0.230253102700949     
  0.192149414513527     
 -0.546705268659817     
  7.156498952389402E-002
 -0.318171287003242     
  0.283208159238493     
   1.03251161206914     
   1.44249955498657     
 -0.301677044173914     
  7.881169628504942E-002
 -0.777222954462277     
  3.972581241269710E-002
  1.559122211764556E-002
 -0.143016844531848     
 -0.222349840332936     
 -0.339707003436847     
 -3.044215178149959E-002
 -0.405934331379322     
  0.279065601788824     
  0.282184883874355     
 -0.234514255873037     
 -9.372141032316700E-002
  0.376093459357101     
 -3.217199387956733E-002
 -7.307933639597393E-002
  0.465646363206607     
 -0.349888661137162     
 -0.257698666670193     
 -6.086608149217941E-003
  -1.00312304462244     
  0.314448355176325     
  0.129606137205112     
 -0.196007803026966     
  1.311286467522651E-003
  0.349851090752745     
 -0.164071744841894     
 -0.778198964227435     
 -0.113794339318778     
  0.420483761716369     
 -0.362693971009152     
  0.502198255204066     
 -0.544857819168797     
  0.752894714537812     
  0.302617361780603     
  0.215423031028332     
 -5.457366207674675E-002
 -0.225193100640876     
 -0.294093213451300     
  0.524095259612679     
 -0.254960959507345     
 -0.312997558271232     
  0.462087414143077     
 -0.231278770516967     
  3.190274660331147E-002
  8.090125776437243E-002
 -0.416331943459132     
  0.617298603397348     
 -0.308689607543666     
  0.696843488362939     
  -1.02087351666574     
  0.589845586542935     
  0.314183365414363     
   1.00579271679715     
  0.686908721138367     
 -0.399125921071346     
  9.767080324379919E-002
 -0.514529439966865     
 -0.106716972221763     
 -0.338879128537087     
  0.301201242317731     
  0.164146931066562     
 -0.677262688904273     
 -0.764675996943050     
 -1.379194707259998E-002
  0.144145103185828     
  0.303247473147759     
  0.371776918549384     
 -9.278857677976962E-002
  9.844214222045911E-002
 -0.509113213838613     
  9.662803779235635E-002
 -0.140339927017209     
 -7.431724568660994E-002
 -3.247429141908325E-002
  1.061015542081961E-002
  0.333789428393440     
 -0.437408936655521     
  4.321401297523136E-002
  0.156388156915378     
  0.114182770945899     
  6.392345117662385E-002
 -0.621363251680851     
  0.371909569197572     
  0.590799369106548     
 -0.334528172326782     
 -0.311576618471629     
  0.468837797733889     
 -7.237226167448549E-002
  0.185343118934134     
  0.394958031420010     
 -6.950566473234586E-003
  0.719914248829090     
 -0.434807420980741     
  0.191146776078602     
  0.273628167038105     
  0.293359754538347     
  0.948327708041941     
 -0.243470176933042     
 -0.100795780215999     
  0.318294777049125     
  4.189607993972522E-002
 -0.414109899190935     
  0.133125528100412     
 -2.370004366501377E-002
 -8.020434841570702E-003
 -0.424322941786864     
 -0.246474706097023     
  0.207155814197539     
  5.806259314492082E-002
 -0.183876042927573     
 -6.714046013451408E-006
  0.177500507647280     
  0.114730229778420     
  4.894545080698927E-002
 -0.162062558163666     
 -9.704409433975164E-002
 -8.214085712243144E-002
 -0.347472316598379     
 -0.728778078364161     
 -0.423631751124003     
  8.852466793726810E-002
 -0.104228532669815     
 -0.299513082047489     
 -0.106683778900780     
 -0.216651870642087     
  0.380602649595540     
  0.127668373621751     
  -1.16614428160556     
 -0.480054456904428     
  0.313137520714566     
  0.691635286390402     
 -0.188006032247591     
 -0.780324017140527     
 -0.249757714036016     
  6.674536912056121E-002
 -0.482796595481997     
 -0.746545545009683     
 -0.165433089879052     
  0.475349498494952     
  0.784021360732362     
 -0.602985563090534     
  0.774430519677198     
 -0.178097853179818     
 -0.161572369290696     
  0.440447013248126     
  0.516135083024565     
  0.618009322625464     
  0.419692800067998     
  5.996637271918859E-002
  0.234745630636332     
 -0.530565313429555     
 -0.130043561321714     
  1.331708615909917E-002
  9.373680610307899E-003
  5.633148667253243E-002
   1.01252480125917     
  0.418695530034022     
 -0.588828123756960     
  0.376735816817665     
 -3.708312822670462E-002
  0.626452443373567     
 -0.152641194738174     
 -0.215935973257312     
 -0.412417213180800     
  0.513115837060734     
  0.532116813291821     
  1.979128912960692E-002
  0.266919478724584     
  0.498099489165028     
 -2.725517481404607E-002
  0.192703680184303     
  0.347302606244218     
 -0.295731960954820     
  0.151404496574748     
 -0.917635460569600     
  0.880666312259590     
 -0.331318614092748     
 -7.577750472585271E-002
 -0.171866127264710     
 -0.205137412840537     
  0.122369293970278     
  7.811195643802403E-002
 -0.598425611662317     
  0.674623758160505     
 -0.465585875328263     
 -0.599091585833752     
  3.703049664029381E-002
 -0.117257682683693     
 -0.196250230186419     
 -0.244134682978955     
  0.262645859571285     
  5.236568225002367E-002
  0.151245393586910     
  0.339531722346542     
 -3.175038261608332E-002
  0.849397923137766     
  1.186202319612026E-003
 -9.434856094140072E-002
  5.651834438894088E-002
 -8.325964881095285E-002
 -0.206684475394267     
 -0.294890246596814     
 -3.376263891625586E-002
  0.345650540788156     
 -0.354597663821025     
 -0.371430838874535     
  0.205710106841217     
  0.112850254251678     
  0.104719834859648     
 -0.114759844169547     
  0.196902514071841     
 -0.279619584302488     
  0.133020699373313     
 -0.211535907001073     
 -3.788507705373129E-002
  0.149312341340589     
 -0.244722975029349     
 -0.568473377016172     
  6.911479266523569E-004
  0.135029011320298     
 -3.130445985445693E-002
 -0.322853810228013     
 -0.723558628174252     
  0.326424988702267     
 -0.669838077968371     
   1.04153891161558     
  0.416560157140407     
  0.212507008651961     
  0.691394642605776     
  0.219839355455538     
 -0.148352704751389     
 -0.272559039888097     
 -0.180598523105427     
  0.435167080134139     
 -0.447376457898220     
 -0.436371091200407     
 -0.126792761014510     
 -0.425202157266205     
 -0.465075257930794     
  0.159479627994340     
 -1.536742191523057E-002
 -0.479561488310288     
  0.247563161690927     
  7.561505814315768E-002
  6.648535981313786E-002
 -0.350245449072998     
  0.708764129809092     
 -0.144405722486816     
  9.516792691342164E-002
 -0.409073516159705     
 -3.150883150748259E-002
 -2.283265688987621E-002
  2.774101161927889E-002
 -8.776654894537345E-003
  0.558274258110993     
  0.265216497694285     
 -0.735934512976118     
  0.466286020374891     
  6.384287405266874E-002
 -6.431703909445727E-002
 -0.585768016172759     
  0.689952580075340     
  0.254767445573051     
 -0.339393456964542     
 -0.285018679600050     
 -0.307278996920481     
  0.593347676753113     
 -7.046399406490714E-002
  0.356429224978737     
  0.429108579220937     
  2.591911015038005E-002
 -7.660507405608102E-002
 -0.184058036864300     
 -0.247164293179319     
  0.369572473555684     
 -9.853499518941819E-002
  3.193830854647738E-002
 -0.438673734000696     
  0.175537872603284     
 -0.475662099283955     
  0.374674274609697     
 -0.388614833987070     
 -0.151049604901489     
 -0.274594631401200     
 -0.287343611682435     
  9.384601149039719E-002
  0.632676184153206     
  0.259561535482156     
  0.135372919924380     
 -0.685529241666902     
 -0.662902876954751     
 -0.153208858152263     
 -0.111956653240222     
  0.429069514749497     
  0.732037348385364     
 -0.133543659438430     
 -0.412050796714009     
 -0.269822095346054     
 -0.103554757867977     
  0.125889918035285     
 -0.335153507650180     
 -0.429984112247451     
 -0.138804961889063     
 -8.817482935577847E-002
  0.254304035283013     
 -3.814613341514805E-002
 -0.368292086759229     
  0.111858536665358     
 -9.645593090923218E-002
  0.496035833128166     
  0.781916773253535     
  1.292968997399634E-002
  0.186158357245767     
 -0.110256585434373     
 -0.141814747120300     
 -0.829599948935051     
  0.270434405711978     
 -0.805791982593135     
  0.210116024796478     
  8.135481894445265E-002
 -0.491856676159858     
  0.303523622817633     
  0.566608454910788     
 -0.441505585928552     
 -0.300424186449220     
  0.587584048024767     
  0.518817742304781     
 -0.277736491467454     
  6.450477485964239E-002
  0.204483063301677     
 -0.210710246526090     
 -8.146546727703652E-002
 -0.213586463031735     
  0.364035739550236     
 -3.001555200397747E-003
 -2.919155190008093E-002
 -0.201193654090194     
 -0.441742321237841     
  8.978868819536626E-002
  8.382872588220682E-003
  8.390733759491007E-003
 -9.751485070030472E-002
 -2.533871115347728E-002
 -0.467930837105397     
 -0.170066957438127     
  0.625759373260400     
 -0.241104410307823     
 -1.193817280226565E-002
  0.101763159325029     
  0.562566151336437     
  0.612004412608832     
 -4.916285447735603E-002
  9.374515671752889E-002
  0.349261097421275     
 -0.248645110534164     
  4.734177035016515E-002
 -9.782382346316061E-002
  0.612805253003562     
 -6.188062920499554E-002
 -5.039937080409748E-002
 -0.650361538540564     
 -0.280027958475893     
  0.492219883817595     
  2.208848387167278E-002
  6.328425345143494E-002
 -7.864339361184192E-002
  0.551118674503432     
  0.736832519666646     
 -5.341445274905379E-002
  6.126629119065166E-002
 -0.702816672861701     
  0.348899910259688     
 -0.499555182251045     
  0.268280048709571     
 -0.121501992191092     
 -5.952919727317524E-002
 -0.230956372610079     
 -0.612149250634422     
 -0.283017253082940     
  0.102155623445755     
  6.151868557178967E-002
  0.586759952726544     
  0.251841870050269     
  0.647942613774309     
 -8.419045938489352E-002
 -3.267378373440823E-002
  0.543814509253807     
 -0.462840696457273     
  7.556311387154013E-002
  0.921224770683726     
  6.556699623804589E-002
 -0.565501652051471     
  0.355026433729202     
  0.538438204633052     
 -0.129733464538365     
 -0.222988200300907     
 -0.355697722693417     
  0.115477887291481     
 -0.629315495140068     
  0.209381405764988     
 -1.821907363683798E-002
 -0.311328201872616     
 -0.105971651639401     
 -0.290646128469375     
  0.218269523215231     
 -1.142690994619100E-002
 -0.264849439989219     
 -8.123601302972445E-002
  0.515159762956555     
  0.340743264754301     
 -0.135793327020271     
 -4.294227144892319E-002
 -3.005770152607613E-002
  0.361085188898562     
 -0.322286398372150     
 -1.774432335717177E-002
 -0.681908064353937     
  0.126918652906456     
 -0.357368838524060     
 -0.304874887287627     
 -0.231940116082425     
 -0.460041892091281     
  2.947119575823644E-002
  0.247724228205423     
  0.122496319890273     
 -0.521975602937989     
  -1.09766092278483     
  0.271151969419398     
  1.368794246303022E-002
  0.168645460626799     
  8.998995478370581E-002
  0.237252631052811     
  0.129967202562710     
  0.130441505490255     
 -0.160987620571921     
  8.602852967578808E-002
 -0.120958117471741     
  9.866894382531750E-003
  0.420205765572686     
 -0.310702672663211     
  0.213617292786828     
 -0.455355520630363     
 -0.137376881011130     
  3.863966780231332E-002
 -0.261015370551325     
  0.156547002792729     
  0.438937179751108     
  0.577655044210395     
  8.908445722290459E-002
  0.625215287037969     
 -0.158375073874265     
 -4.633222210216318E-002
  0.561896418866849     
  0.431152917785482     
 -0.262161719324148     
  0.286616994105618     
 -0.335185742157957     
 -0.165955584135030     
  -1.00671419286513     
   1.65289535676737     
  0.383971969263439     
 -5.795991793090321E-002
 -0.288476926066563     
  0.200251390452705     
 -0.466934906951140     
 -0.239122890411244     
  0.268562192640495     
 -0.508301640155982     
  0.398237353829193     
  0.610384128986037     
 -0.380966178373520     
  0.259098190962816     
 -0.572423436194447     
  0.283697476741954     
 -0.202356042426832     
  0.273304355687715     
 -0.279716166516566     
 -0.114796529769543     
  0.301212593615763     
 -0.406220788974601     
 -0.652183521910418     
  0.356584062161740     
 -0.893585031035558     
  4.139055541068926E-002
 -0.676732208185292     
  -1.03564044892721     
  0.592396654711051     
 -0.237953882162049     
 -5.369629933129660E-002
 -9.033733978905700E-002
  0.183914344028077     
  0.388914300266413     
  0.850926936261060     
 -5.243658685269790E-002
 -0.960413437212945     
 -6.366641030923588E-002
 -0.335256278545743     
 -0.179204084418023     
 -0.296670942369386     
 -0.456300414832415     
 -8.106586922520816E-002
 -6.411050561278442E-002
 -0.308809453698765     
  0.387829028421129     
 -0.493130466046018     
  0.209694857807339     
 -0.133560858545821     
  0.490816406182554     
 -6.441790313406258E-003
 -8.169540068362814E-002
  0.597541675668427     
 -0.293795093501267     
  0.229904524965311     
  -1.01807255397378     
  0.605654728348988     
 -0.587757431054996     
  0.595842453023403     
 -2.508924127984367E-002
 -0.866038094729791     
 -1.544819710772147E-002
  0.320306033751547     
 -0.782588513545792     
 -1.999062307669077E-002
 -0.498539295069110     
 -8.152054077245606E-002
  0.183431358644946     
 -0.214662578450573     
  0.120016708731502     
 -4.554491232811384E-003
 -0.347127377373463     
 -3.727449090931723E-002
 -0.250614572003407     
  0.115322094658731     
 -3.552818692855254E-002
 -0.250726923660388     
  0.155167833614398     
 -6.139820602090601E-002
  0.542028876410418     
 -0.307109082921232     
  4.921339331693677E-002
 -7.840678252182202E-002
  0.288198096640599     
  0.132571266178340     
  2.563272987811809E-002
  3.208774411045084E-002
  0.222960827151440     
 -0.582053722967785     
 -0.141869761207719     
 -0.497491619554051     
  0.398054643222016     
  0.281549715584949     
  0.116088849065198     
 -0.125090278786306     
 -0.999744426733139     
 -8.562530725113840E-002
 -1.503761017660686E-002
   1.91193970340150     
  0.200482116339018     
  0.900426747003717     
 -2.373450723754340E-003
  -1.03073885883777     
 -0.571011847615063     
 -3.728983313159275E-002
  0.865882253600835     
 -0.616438941961091     
  0.186667149770961     
 -0.385664043764363     
 -0.135044462341832     
 -0.573388854323545     
  0.758297101943911     
  0.696800815840671     
 -0.320585993213791     
 -5.610105011816909E-002
  9.047073556287344E-002
 -0.211478785765781     
 -0.149190063997928     
  0.876264734799244     
 -0.993712910004309     
  -1.31852164504143     
  0.925054803927996     
  0.153105682958804     
  0.621318740638061     
  0.530363041874290     
 -0.339383658286026     
  0.393543760681685     
 
  0.449507019506786     
 -0.117617264452285     
 -0.146128878771101     
  0.781650555379018     
  0.626570980930090     
 -0.409814245859723     
  0.286586522516912     
  0.681379061745598     
 -0.205245347442303     
  9.921043717346407E-002
   1.13318872828080     
 -0.903831996287091     
 -8.620204552382714E-002
 -0.258598440748371     
  0.218143283338025     
   1.16131644417514     
  0.569048226918701     
  -1.12753797763375     
  0.732933051438297     
  6.761779042174733E-002
   1.23412878961156     
   1.43442581352277     
  -1.20880955350384     
  -1.83181550867628     
  0.544298098617822     
  -1.67022652099457     
  8.420539359901993E-002
  0.781771494098039     
  0.497559974519817     
 -0.754783953238736     
 
  3.441438381368955E-002
  6.020597023497225E-002
 -5.423695860186296E-002
  0.226473474087102     
 -3.940500962800410E-002
  0.232941942705980     
 -0.219830570128001     
  9.297068593113571E-002
 -0.286055588670044     
  0.268220574296168     
  0.321456484351263     
  0.254527245503795     
  0.786200828062669     
  0.206213158579765     
  0.239474752964221     
 -0.665086856225097     
 -8.599956304172318E-002
 -5.869701485953946E-002
 -0.761522597716051     
  3.289961818968692E-002
  8.050318900715311E-002
  0.234404507025860     
 -0.105384771723275     
 -0.384869872088074     
  2.621792540228242E-002
 -0.236161870118079     
 -3.023846704029344E-003
 -7.840714094749743E-002
 -0.166852951655074     
  0.211044120554856     
 -0.508238408433605     
 -0.395111014360234     
  8.108606720759495E-002
 -0.825188571003352     
 -0.612464738953884     
 -8.205545412808333E-003
 -0.310830402138286     
 -0.728202689513825     
 -0.903490405005442     
  0.839034461495044     
 -0.531010364878444     
  -1.01072703581220     
 -0.934402222673479     
 -0.334233516723857     
  0.468929199694681     
  0.703846384833708     
  0.522964715089384     
  0.414203951857144     
   1.34858385282843     
  0.331859888944426     
 -0.250322956163258     
 -0.160446907313221     
  0.468255335963294     
 -0.185521375476528     
  0.259142889087124     
 -0.514683298938961     
  0.561943156477013     
 -0.306446463287883     
 -0.166719458034410     
 -0.385971780857661     
 -0.323264697636634     
  0.242646930112577     
 -0.456120064956908     
  0.183914585777002     
 -0.108572124241161     
 -0.378014003535518     
  0.843466271279009     
  5.395883887400155E-002
 -0.505412448223297     
 -0.742825666856757     
  0.453618930440103     
  3.111639592896293E-003
  1.617788872855693E-002
  0.545222267679517     
 -0.267455029720918     
  0.602675205811033     
 -0.467550895460447     
 -0.717965958023613     
  0.280789704735435     
  0.303906441842660     
 -0.573922669358462     
  0.110215719453801     
 -7.640794779839788E-002
  0.738386151108645     
 -0.854933772854300     
  0.475869570466422     
  0.673831154352050     
 -0.383089458739412     
  0.809369976485779     
 -0.372306445348710     
 -0.140214526741129     
 -8.499474303690085E-002
 -0.117412840803263     
  0.281801631144280     
 -0.342075367028704     
  0.257543275047396     
 -0.292176236575138     
  0.105849751133157     
  0.572505434526467     
 -0.326433619660862     
  0.290685041244955     
  7.921612995390860E-002
 -0.242493304299129     
 -0.673327479467497     
  0.736263210401591     
 -0.484848280303951     
  0.115515484353223     
 -0.639241848030425     
 -0.142374439554489     
 -0.480009613707173     
 -0.121176129913480     
  0.206404616780186     
  8.147240430652891E-002
  0.668676443954586     
 -9.178054569532691E-002
 -0.395583114774310     
 -0.723871613461915     
  7.002574457158418E-002
  0.481125769074408     
  0.482453151077729     
  0.202770511182032     
 -0.573312635910155     
  0.237629559665934     
 -0.505205378188042     
 -2.486161610689598E-002
  0.179570793916554     
  0.470751722750308     
  0.318656149747976     
 -0.140648582786224     
 -0.189589922488123     
 -0.324318475544117     
 -7.464206702589937E-002
 -0.624373571630483     
  0.215163700609846     
 -0.180417664639545     
 -0.464537979275607     
 -0.207497314934433     
  0.558368285261704     
 -4.219859486567198E-002
  2.671730989012725E-003
  0.696145061546652     
  0.477021366615771     
  0.560244362537350     
 -0.128142222069157     
  0.704653486980458     
  0.773178364666439     
 -0.361316668151378     
  0.615979260888782     
  2.391672265823653E-002
 -0.196680850319371     
 -7.065707893277326E-002
  0.179932888310755     
  0.248197129408867     
  0.548843338829230     
 -6.171658237294600E-003
 -3.122680787559693E-002
  -1.04703867980916     
  8.759478513435344E-002
  0.195953513989979     
 -4.528239330791586E-002
  9.110126290281319E-002
  0.776306722903063     
 -0.237258299187310     
  9.556633603661391E-002
  0.291818513498499     
   1.08860879436755     
  1.416152666802012E-002
 -0.662255297207773     
  0.360177947910371     
 -0.327515209522387     
 -4.361602935185680E-003
 -0.300067283164051     
 -4.272265835610032E-003
  0.406213774954446     
 -0.308016368143535     
   1.16399324805788     
 -0.177766849769792     
 -0.190714767171228     
 -0.150619553735943     
  0.640457314396059     
  0.304984484781781     
 -0.486113277385649     
  4.754673215250963E-002
 -0.357987289215222     
  0.399829092492127     
  0.598770449575229     
  8.558710139500542E-002
  0.119914733073003     
 -0.524229491058674     
 -0.140711139758313     
  0.760346310944927     
 -7.475438094365278E-002
 -8.873311570831839E-002
  0.265772957363598     
 -0.282464474519507     
 -2.663943272712776E-002
 -6.649656346809046E-002
  4.284822169340914E-003
  0.539631807653702     
  0.194125520395983     
 -9.289860317000294E-002
 -0.197692423544801     
  1.468840441985009E-003
  0.266327249728314     
  0.389003957462423     
 -0.647365999327005     
  0.272576869248529     
  9.270770711170924E-003
  0.342765907090203     
 -0.954420428000003     
 -6.567143873841726E-003
 -0.186193704100944     
  0.106839832542458     
 -0.284421966457858     
  0.303600989294995     
 -0.111576327962627     
  0.517498177107216     
  0.347089732599186     
  0.502528195452391     
 -0.493632454613297     
 -0.233571332160235     
 -0.518375013670090     
 -0.333396623707484     
 -0.256486854218756     
 -0.478785939515454     
  0.824622052116857     
  0.184168449199238     
  0.356051724933599     
  0.403966012144771     
  0.258648381979531     
 -0.185771645689409     
  0.528655111842584     
 -0.410901445110908     
  0.383922087245014     
 -0.375188873149045     
  0.431540810294112     
  9.149245171230860E-002
  0.140222128216762     
 -0.144894513377951     
 -0.282746836206200     
 -7.462343624128019E-002
 -0.444788055382068     
 -0.498964015384161     
  0.807499926975782     
  0.192545016591260     
  0.118350610811959     
 -0.407058819218773     
 -3.949305587223965E-002
  6.403712847562400E-002
 -3.121707600870788E-002
  0.453552739491065     
  0.290748235683756     
 -0.383634120539143     
  0.121231943660740     
 -0.503268415402024     
 -5.011431766883855E-002
  0.209616034230427     
  0.239489747310123     
  0.940659954503039     
 -0.521627827854565     
 -0.334502051336885     
  0.756348950297700     
  0.283916950842995     
  0.869348028405479     
 -0.156878302607699     
 -0.730584870447647     
 -0.520053370157268     
 -0.267454576495410     
  0.414394890692445     
  8.081274613758993E-002
  0.357104524305165     
 -0.815081059661591     
  0.160836681208634     
 -0.183566634058716     
 -0.171917467904825     
  0.253954409865463     
  0.364731412680408     
  0.235379266861794     
 -0.346616098370728     
 -0.556407869311469     
  9.366102639221108E-002
 -0.676534488244561     
  4.396238091561164E-002
  0.221444463093375     
 -0.161800154639293     
 -0.235578761165733     
  3.477432699913528E-002
  0.269476551786499     
  0.239147142638278     
  0.482038336255760     
 -0.359904353618400     
 -0.137514541034044     
  0.409491960183493     
  0.566056259742660     
  0.580117785745596     
  -1.25604586367797     
  0.886672776212490     
  0.135712015391132     
 -0.234840174917428     
  0.802682111821169     
 -0.466950639022565     
 -0.725959331431009     
  4.541227204605479E-002
 -0.463917620023587     
  0.542136558657726     
  0.208032190281858     
 -0.202506234805927     
  0.275826046926258     
 -0.645782443860953     
  0.325507047206413     
 -0.676492439979137     
 -0.403431027551296     
 -0.365592158638345     
 -0.177045444449687     
 -0.411240730339770     
  0.183608878955902     
  0.925048468830771     
  1.359971078808612E-002
  0.872600447032289     
 -0.199768747565366     
  2.308233798187835E-002
  0.646439641149300     
  0.274715707725189     
  0.653305773849497     
  0.404343610600153     
  0.529516514568641     
  0.531168260174818     
  0.524118408075198     
  0.130926991142956     
 -0.629358538781381     
  -1.03490526589490     
 -0.325384772273519     
  0.156013661140646     
 -0.502052249282419     
 -0.148400760818984     
 -0.238903429144178     
  0.573846010357349     
  0.633569006646453     
  -1.04284243285512     
 -0.363983654555826     
 -0.680250654474424     
 -0.441477206236459     
 -0.250611824349583     
  0.788418939550813     
  0.208532089206705     
   1.29102601038566     
  0.939255610423804     
  0.276353170029763     
  0.577704221609749     
  0.251154839558250     
  0.284392577222143     
  0.375866852573621     
  3.186222004713739E-002
 -0.363729295348150     
 -0.195679647222601     
  0.465883805334221     
  0.665820139366306     
  0.716924439408901     
  5.804939466685101E-002
  0.117572289050984     
   1.16106119297182     
 -9.961663949546000E-002
  0.916740669367394     
  0.206241679682045     
 -0.376216898451062     
 -0.311184014386426     
  -1.11076880864474     
  0.299925735491841     
  0.779935157220963     
  0.407434242536639     
  0.320692564365435     
  0.674699941471130     
  3.376444896750609E-002
 -0.196751907840598     
  0.403850975593368     
 -0.108534309254002     
  -1.11306039101169     
  0.357251077785867     
 -0.620215625887185     
 -9.174097937386659E-003
 -0.571286686684875     
 -0.371693903706778     
  9.556591098643537E-003
 -0.183077596517047     
 -0.499732284551266     
 -0.197614516521889     
 -0.265347572059129     
  0.394695534721891     
  0.299300903658833     
 -0.131028310249812     
  0.770026262794072     
 -0.570755747952146     
 -0.184106469243259     
  4.711343243167795E-002
 -0.106925212831585     
 -0.317989110428057     
 -6.500284657851255E-002
  0.221199776883929     
  0.458648183413708     
 -0.392857697180032     
 -0.772915960934263     
  0.243242437349827     
 -0.309902161731157     
 -0.244133096472006     
  0.222946719061229     
 -0.534325287731423     
 -0.311728558826013     
  0.443866072279453     
  0.498121090004117     
 -0.226433851528790     
 -0.126917445981381     
  0.617543351996930     
  0.319825154223116     
  0.291119525260494     
  0.182293122745780     
 -0.231377296539680     
  7.698453756201999E-002
 -0.106057161451172     
  0.174290221783172     
 -0.455745994972030     
  0.812270816898347     
 -0.127024069189675     
 -0.478195243154439     
  0.446099054258815     
  0.437106547817676     
  0.713706827725056     
 -3.304226590962864E-002
  0.234908825844372     
  0.181458782705647     
 -0.777357570301177     
  0.518349065047716     
  0.477675817662853     
  0.240646888616629     
  0.609488582692909     
  7.633738941914395E-002
  0.209894621324966     
  0.477673148527285     
 -0.318838957444708     
 -0.531437680852037     
 -9.965343101110249E-002
 -0.612071255447658     
  0.195161602249073     
 -8.732463288763964E-002
  4.059085563755126E-002
 -0.151309147094498     
  0.424150272718095     
 -0.261004578495383     
 -4.716304719621893E-002
  -1.00794942953598     
 -0.257162811047059     
  0.135825546495111     
  6.294573595725499E-002
 -4.567305177058117E-002
 -0.354381292495462     
  0.692936514111597     
  0.633188822400620     
 -0.486898694644025     
  0.658792062428121     
 -0.799799669212337     
  0.197262610129222     
  0.221091454648939     
 -0.156143688094377     
 -0.288098017273350     
 -0.404390474126910     
  0.344588163423983     
 -0.112930295521670     
  0.192818916412630     
 -0.990717468254938     
  0.278578392208560     
 -0.313537971452005     
 -0.130883180946822     
 -0.378843801018162     
 -0.398034440307856     
 -0.833511029984858     
 -0.398021422823777     
 -3.354357553884224E-002
 -0.635552330322480     
  0.161147308225517     
 -0.931996035237770     
  0.442043910801135     
   1.51628603688893     
 -0.296148485835227     
 -3.174385356345034E-003
  0.471265168093609     
  0.168185223255875     
 -0.334232834369220     
   1.58887947725733     
  7.967169194073727E-003
 -0.892870515046879     
 -0.510870756699153     
  0.661221072279684     
  1.863975328999662E-002
  0.665940522103745     
  5.819927548018623E-002
  0.151022618128914     
 -0.689367206995228     
 -0.758843710593226     
  0.737068880147538     
 -0.892876886744611     
  9.460466504735578E-002
 -6.614958739749283E-002
 -0.114883066356794     
  0.261639155409442     
   1.27655265635620     
  0.742163582355403     
  0.231010860213637     
 -0.797147122880312     
 -0.223196396853694     
 -0.561631649643571     
  0.285956533612935     
 -0.384967488341896     
 -0.271265811073396     
  8.072676254391306E-002
 -0.523432474233344     
  0.653381306142320     
  0.353776927816616     
  0.283365085424679     
  0.405631087566243     
 -0.712088766992825     
  4.889891186736984E-002
  9.958962428501250E-002
 -0.228134613526196     
  8.002110238886807E-002
  0.221008962192990     
 -0.265404535785646     
 -0.172666733869113     
 -2.892653455235954E-002
 -5.357524700583399E-002
  0.293865172236405     
  0.248364665975759     
 -0.318462085201865     
 -4.723784624960927E-002
 -0.532571781163886     
 -0.263443479121034     
  0.258130144458189     
 -0.340606106607813     
  3.624885068884013E-002
  5.424854550068997E-002
 -0.127256698453514     
 -0.371074491624623     
 -0.121629721035143     
 -0.582438233987387     
  0.248737012979353     
  8.918256014570891E-002
  0.328261261021301     
 -0.163094168524407     
  0.593613159004999     
  0.526139542428562     
  -1.02712525966558     
  4.743794205353710E-002
 -0.694878755281684     
  0.105369072934625     
 -1.703553911626635E-002
 -0.536795745618313     
  0.135254667582048     
 -8.368075704074839E-002
  0.163511866374437     
 -0.513016623730418     
 -0.649626738349669     
  0.983184019741754     
  8.071159931672671E-002
  0.597054825183445     
 -0.440246128136302     
 -0.370513925727698     
  0.140472271473324     
  0.714125286056677     
  0.562174891703915     
  0.235256465429119     
 -0.552686803633356     
 -0.193055325946499     
 -9.883720620383812E-003
  2.445237405683912E-002
  0.166349403495749     
 -0.155978800192391     
  0.257563376680773     
  0.235577512297367     
  0.381167599823155     
  0.180925602967466     
  0.408769403587663     
 -0.306329266025603     
 -9.057689944882412E-002
  0.318001115065423     
  0.324243497500768     
  1.722408952603889E-002
 -0.107227044595302     
 -0.661920134626245     
 -0.270103933979990     
  0.291332315397931     
 -0.434022587424320     
  0.124003617687668     
 -0.343421360220837     
 -6.869738344678265E-002
 -0.619226835780307     
 -0.574724496965041     
  0.215460506194570     
 -0.401175784525693     
 -0.531179891234660     
 -0.227499411559620     
 -0.593075809861806     
   1.95512501229693     
  8.814075522994602E-002
  0.162712291189187     
 -9.951436212855876E-002
 -0.262690738637335     
 -0.106435993479809     
 -4.870944380177157E-002
 -0.288709993505314     
 -0.188534914193882     
  0.316472726253665     
  0.920841406527344     
 -0.481204147553392     
 -0.109659816581710     
  0.877504901791531     
 -0.115345639343137     
 -0.243322554110526     
 -0.183017105132438     
 -0.281259509569242     
  -1.20894040849225     
 -0.278500211022553     
 -0.768845762647040     
  9.632867020062348E-002
  0.353657713132016     
 -0.328637221827632     
 -0.294928553019719     
 -0.410658520887502     
 -0.518786836821054     
 -0.235303693936025     
 -0.402262893263021     
  0.257729503311985     
   1.34721524152030     
  0.705140413231294     
 -0.527737691570925     
 -5.855973006765605E-002
 -8.569327482641867E-002
  0.461227379943549     
  0.271069664574615     
 -0.185667266917855     
  0.497485569215715     
 -0.268789615093268     
 -0.200045507234264     
  0.922530146161114     
 -7.560289146402267E-002
 -0.714350988440863     
 -0.547350963425532     
 -0.214030178331148     
  0.300779845909836     
  0.447125264498488     
  7.649375735949542E-002
  0.558726529333383     
  0.249672021454825     
 -0.624072534391397     
 -0.314894453025563     
 -1.754193001784305E-002
  5.425883791844139E-002
  0.131277980032593     
 -0.646407791735847     
  0.167423421291326     
  0.246592551015834     
 -0.455973655294241     
 -0.653350977185141     
  0.712915497313663     
  0.208206271313079     
 -0.188621916163582     
  0.517606196089704     
  0.557602708265489     
  0.456715204458001     
 -0.339290850645709     
 -7.584544012399595E-002
  0.230724866845694     
 -0.232166810801983     
  0.683995641723160     
  0.544200654672506     
 -1.314365716164945E-002
 -0.667976716151768     
 -0.469627198562572     
 -0.718805650851128     
 -0.502854632324498     
 -7.763834830171143E-003
  0.132195873284451     
  0.887206837029158     
  0.295491991977561     
 -0.457688444080142     
  9.275230385365288E-002
 -0.383774975530995     
 -0.230555647917993     
  0.624685433275458     
  8.102402837589004E-002
  0.541155078816830     
 -0.417518396211037     
  0.702494118485828     
 -9.938869486257162E-002
  7.674401896865121E-002
 -0.262897347610694     
  8.318392133374908E-002
 -0.242717992187979     
 -4.145271197199800E-002
  0.504068276730121     
 -0.120891408932989     
 -7.473638299765031E-002
 -0.276290657875916     
 -1.556621509573023E-002
 -9.179498057446896E-002
  0.492244325077029     
  0.440412778189934     
 -0.156856590602770     
 -1.848584203282760E-003
 -0.511828107709644     
  0.313291250782416     
  0.106431962902226     
  0.248617287908073     
  0.204263247555457     
  0.155683027663238     
  0.101245237558881     
 -5.703595531464648E-002
 -0.142818608610121     
 -0.177908938287408     
  0.350817778193736     
 -0.403705963734899     
  0.735813855406855     
 -0.533046962178617     
  0.682409857493417     
  0.870958649736235     
 -0.272048758538399     
  5.566171761468878E-003
  0.422635899500664     
 -0.349754593355295     
  1.972782898211795E-002
 -9.377598854151653E-002
  0.273374876616679     
  0.109977582597195     
 -0.378526900667588     
  0.438377267034945     
 -0.305108524972633     
 -0.223521927616109     
 -1.173478221105731E-002
  0.395206877430133     
 -4.200183240097391E-002
 -0.301856320523444     
 -0.169431013648548     
 -0.111686942060714     
 -0.246194762680465     
  0.393021297576048     
 -0.401587822305318     
  0.564279978365328     
 -0.713685382485367     
  0.667952638505033     
 -0.369988428447971     
 -0.315088123916488     
 -0.919365589062587     
 -4.098767031569489E-002
 -0.854964902228567     
   1.23643541731934     
  -1.01538948341941     
   1.02704767860633     
 -0.815302557907109     
 -0.137194962210782     
 -0.196343222126127     
   2.16514113965381     
 -0.813999080578049     
   1.26426523277769     
  0.782464772879843     
 -0.263807949500899     
  0.350290661018115     
  -1.54974097438573     
   1.13451144842940     
 -0.788398306508750     
  0.366863324367596     
 -0.415579606264170     
 -0.756920090211144     
 -0.459558486310903     
  0.444875376758077     
 -0.260470958253637     
  0.435377294137719     
  0.602965372626127     
 -0.626400286119069     
   1.12029935970350     
 -0.885849673421679     
  0.192557022088203     
   1.10081242073057     
 -0.753207183246555     
 -3.954974074789492E-002
  0.203383723266874     
 -0.179156086225056     
  0.430475805870650     
 -0.202972982384488     
  8.076783524058130E-002
 -0.434609334558167     
  3.186261059238079E-002
  0.563032263156895     
 -0.181176718032916     
  4.709718664773394E-002
  0.477876168429227     
 -0.334890065266850     
 -0.649558986507512     
  0.643454968022119     
 -0.301892833673137     
  0.186678075195160     
 -0.241617441390840     
 -3.907369662598268E-002
 -0.590375440197758     
  0.168286003967067     
  7.659768427125903E-002
 -1.488301311036291E-002
  0.755817911614061     
 -0.139025619979516     
  0.123866131237931     
 -0.805145149149200     
  6.856138042673787E-002
  0.318572462621955     
  0.245648288318094     
  0.317709196556385     
 -0.263320726498746     
  0.148085603842717     
  1.894893888577587E-002
  0.625308398651846     
 -0.101557117833422     
 -0.844203325959491     
  0.158574901297243     
  6.144527135349923E-002
  0.227922853450496     
  1.271740272323329E-002
  0.399031266705398     
 -0.812076244147601     
 -0.119417253300635     
 -0.113588145461741     
  0.134202797259235     
  0.394298038123451     
 -0.656871659517006     
  0.637200536917117     
 -0.194701450022906     
 -0.407843187051497     
  0.159791667665478     
 -0.139282919431824     
  3.382360390740926E-002
 -6.935265098893972E-002
  0.182149003066437     
 -0.134423525146781     
  3.208490919332960E-002
 -0.935401243196515     
  5.845527189923483E-002
  0.403822821818536     
 -1.825582956913324E-002
 -0.126928736468730     
  8.116497422332136E-002
  0.997958023694546     
  8.924910882495719E-002
 -0.190131181538572     
 -6.499629397588808E-002
 -2.358654576931505E-002
  4.389046385635973E-002
  0.136729188367899     
  0.702861968303682     
 -0.530247395630762     
  0.229591678722585     
 -0.936875819924387     
 -3.581890970301550E-002
  0.341108103141054     
  0.183406534839872     
  0.702000992036573     
 -4.112588325686245E-002
 -0.106057257988466     
 -0.425902698523095     
  6.077909051110327E-002
  0.458375296491076     
  0.281499155892995     
 -0.285114372008351     
  0.219780655242137     
  0.184491954761128     
 -0.862819055030874     
 -0.301971570848085     
  0.174858770213699     
  3.150453190492377E-002
 -0.583485641136649     
 -7.639624559159465E-002
 -3.432474894876458E-002
 -0.320723749862510     
  0.572434121237366     
 -0.632050726011262     
 -0.369336941537780     
  1.291562572082158E-002
 -0.237541042365175     
 -0.587671624149987     
 -0.694708110920667     
 -8.911389820950197E-002
 -0.299764132880481     
  1.923706156314745E-002
  6.710480992373190E-002
 -0.240534301918602     
  0.455088542213870     
  8.089357915468888E-002
  0.368196521265325     
  0.168934070830639     
  0.698623913185586     
 -0.217433955084022     
  0.259999171971519     
 -2.195291053949059E-002
  0.334356410562429     
 -3.607921508348062E-002
  0.280622721231773     
  -1.42530622037050     
 
 -0.494671839370507     
  0.188961813553370     
  8.496101379442993E-002
 -0.230640288560525     
 -0.170657022319247     
  0.223432667767579     
  0.242694040803449     
 -0.567951493025828     
 -0.237442636096776     
  0.999913830297750     
  0.183198376030966     
  0.130115414683198     
  1.701955631235658E-002
  0.853712321973610     
 -0.194628039268089     
 -8.645746047808750E-002
 -0.146757432322293     
  6.629462193514585E-002
  0.594762204963819     
 -8.804238440088040E-002
  0.953360254011584     
  -1.12021099602166     
 -0.292618527069961     
  0.241260533662151     
 -0.364003038674092     
  0.485046019628300     
  0.346684757380876     
 -0.940438959173411     
 -4.150329474425063E-002
 -0.163453436861433     
 
  -1.52654316562977     
 -0.163197526227994     
 -0.218375748875124     
  -1.54719087720380     
  0.288639704069000     
  -1.57770968769758     
  -2.90209979716399     
  -1.01666574487138     
 -0.368270691292995     
  0.552958005807298     
 -0.685346453734999     
  -1.37143387947998     
  -1.62588830469157     
 -0.727226428817631     
  0.512448690047377     
 -0.450741614447803     
   1.20941509945903     
   4.24083052500317     
  -1.60653966132883     
  -2.67467514983789     
  0.380003439361542     
  0.996769247851641     
  0.200821574945792     
   1.86279277746982     
  -2.75561647467496     
  -2.70436848854973     
   2.30103870093524     
   1.64477203232766     
 -0.478036738522270     
  -1.93263168034917     
 
 -3.939104761904762E-004
 
  tansig  tansig 
