 0.102017110397440347E+01
 0.312267047321011182E+01
 0.307963050070677991E+01
-0.731313019669339259E+00
-0.441920763227596047E+00
 0.102664773810597088E+01
 0.255686938427643584E+01
 0.186087384375291487E+00
 0.885996226908405404E-01
 0.121247498766128992E+01
 0.648032260969080398E+00
 0.441107984077479032E+00
 0.281263851476410753E+00
 0.872296473372278225E+00
-0.172464475912654153E+00
 0.527192741946783006E+00
 0.394308697716509005E+00
-0.121410020183800108E+00
 0.524790663024797488E+00
 0.216987239365975165E+00
 0.217339878964140532E+00
 0.492890235500222484E+00
 0.422509656530462685E+00
 0.932921179187777005E-01
 0.124219239483550001E+00
 0.476964035829659738E+00
 0.988905518591642996E+00
 0.454942170480295505E+00
 0.707075149244149159E+00
 0.647691404330097975E+00
 0.281118500300178653E+00
 0.238558837550881558E+00
 0.428730080794535950E+00
 0.216606490918093098E+01
 0.278927365364246960E+01
 0.116228425027906623E+01
 0.235492445658411143E+01
 0.250504758128695748E+01
 0.242331164483629324E+01
 0.723295511075921826E+00
 0.175902670506707581E+01
 0.105312478999060133E+02
 0.192517301009629138E+01
-0.192477337842313734E+01
-0.106946103658968639E+01
 0.429277687270693864E+01
 0.175614703396845862E+01
 0.186916773090713129E+01
 0.104463230526084239E+01
 0.193862385033795692E+01
 0.208008169065646520E+01
 0.597170833601004647E+00
 0.348322729379174190E+00
 0.102328960169408711E+01
 0.113907067203436085E+01
 0.481549956667777612E+00
 0.322171933552790724E+00
 0.619912670988282954E+00
-0.777171457383283526E+00
 0.356285791367004223E+00
 0.243374402895534997E+00
 0.700854037242126693E+00
 0.229928841968323167E+00
 0.478224542070981418E+00
 0.437730454365632460E+00
 0.178454263219786219E+00
 0.205795032596037458E+00
 0.397634613858359798E+00
 0.451880301569783649E+00
 0.484600457781693805E+00
 0.423428452837603941E-01
 0.221758555480202846E+00
 0.301665915154762876E+00
 0.113480295616394411E+01
 0.511279738379809889E+00
 0.478358766437391336E+00
 0.695545309410566803E+00
 0.172345999947659134E+01
 0.941392064666120132E+00
 0.921640493515743398E+00
 0.180704041594600229E+01
 0.789199418316955392E-01
 0.118568002095581626E+01
 0.120222599454979484E+01
 0.306153154021387897E+01
 0.580677268358452192E+01
 0.348623966739752406E-01
-0.760150945205189443E+00
-0.384208464930186622E+00
-0.670656926871252113E+00
 0.414284222135481528E+01
 0.621348384311050328E+00
 0.201656548792937929E+00
 0.106568159686095609E+01
 0.392895156171612026E+00
-0.160876901689427532E+00
-0.649746011905898563E-01
 0.636822113102384679E+00
-0.309125252486830537E+00
 0.433476513710891409E+00
 0.232881094241209424E+00
 0.194552518547753739E+00
 0.426732198472130897E-01
-0.293563103964078372E-01
-0.207199075724641066E-01
 0.246422981351068715E+00
 0.915935285246469721E-01
 0.381182289704237870E-01
 0.336939973267360582E-01
 0.919460244294858925E-01
 0.172013647595481739E+00
-0.247624657830593439E-01
-0.255291440056761680E-01
 0.293654986076000324E+00
 0.908994936540887116E-01
 0.424769506783620292E-02
 0.541243802050432252E-02
 0.210133161895947163E+00
 0.234152807025213627E+00
 0.102326331471149376E+00
 0.141976991883775189E+00
 0.289183916464114787E+00
 0.575630857007523727E-01
 0.670281530626462008E-01
 0.115216558916281644E+00
 0.529269412382846194E+00
 0.405825620354080319E+00
 0.698525576163231826E-01
 0.156033129068515769E+00
 0.160586423463968075E+01
 0.403471407339395072E+00
-0.585397517690262270E+00
