-0.712583096813080963E+00
 0.152022897978676519E+01
 0.236854296038266643E+01
 0.651515650289098192E+00
 0.410931623742937679E+00
-0.122052871289606998E+00
 0.165396810180141252E+01
 0.428995027941064311E+00
 0.284720025517385622E+00
 0.879568146702673470E+00
 0.760862288375950047E+00
-0.150468591027273953E-01
-0.117588004917994447E-01
 0.554208472321936707E+00
 0.129758764243015823E+01
 0.531141992246441541E+00
 0.471570078227127820E+00
 0.260580017288285726E+00
 0.201678099968664093E+00
 0.794474681889574125E-01
 0.803863139480049671E-01
 0.435934772548991600E+00
 0.176013207538446181E+01
-0.181827414864201703E+00
-0.237980720601071921E+00
 0.118794475433161373E+01
 0.838352069255421273E+00
 0.706537430374485131E+00
 0.101277849244187879E+01
-0.712306951631972718E-01
 0.919179992077344243E+00
 0.103918937877203166E+01
 0.187668968903706657E+01
 0.208708889951327325E+01
 0.998269609649694467E+00
 0.243778124998482193E+01
 0.564732770652745497E+01
-0.211660861255969657E+01
 0.255647678123016198E+00
 0.386472834250731889E+01
 0.101910982504309828E+02
 0.826349871425651550E+01
 0.901203654154255140E+01
-0.278950805963378645E+01
-0.630504393392295803E+00
-0.221093691231468581E+01
 0.287554240173337217E+01
 0.864238105088862452E+00
 0.493433429836295068E+00
-0.558402386110572579E+00
 0.113447555010507606E+01
-0.300581089124795711E-01
-0.181753407216208793E-01
 0.492928351334180115E+00
 0.799503333187751020E+00
 0.302552503120750937E+00
 0.212464997358558477E+00
 0.321730270741942603E+00
 0.282150001196766698E+00
 0.115318467682193240E+00
 0.929862905050814897E-01
 0.692364380739079355E+00
-0.300267277684968636E+00
 0.215180856109406404E+00
 0.200711302437302896E+00
 0.259351068999174483E+00
 0.568569317070913183E+00
 0.473140214609231932E-01
 0.509075698808591839E-01
 0.102225003460980846E+01
-0.692222291746965368E+00
 0.257725448897892506E+00
 0.343600111263356267E+00
 0.101930867082546595E+01
-0.457771067070188581E-01
 0.421519003745544796E+00
 0.666948633555904391E+00
-0.156536910824080444E+00
 0.156893065421207800E+01
 0.575846561780948840E+00
 0.112815986143491398E+01
 0.222321045457799560E+01
 0.162047366528289372E+01
 0.781938002471544102E+00
 0.194794860598843234E+01
-0.571652536021728697E+01
 0.476481095624545681E+01
 0.276945195962495028E+01
 0.997049391214878455E+00
-0.795601325055640518E+00
 0.961596419172746963E+00
-0.262682674462589687E-01
-0.127784649809110380E-01
 0.105994661290364722E+01
 0.499486721495915886E+00
 0.238226162600795183E+00
 0.120864315020301427E+00
 0.397931954052776149E+00
 0.548577756209182033E+00
-0.864772713457289122E-01
-0.508398094990429872E-01
 0.377169997268799850E+00
 0.893498830627546120E-01
 0.991930025572645424E-01
 0.688775413047697793E-01
 0.133548831922538497E+00
 0.303961003159847698E+00
 0.169004206743900987E-01
 0.157335333533194684E-01
-0.244247097126598450E+00
 0.328555027683008760E+00
 0.886382539638767980E-01
 0.863008244191706686E-01
-0.195952718032865819E+00
 0.792462235321666625E-01
-0.604275498128622589E-02
-0.741554414469161507E-02
 0.265131538461463423E+00
 0.265654915306899109E+00
 0.172016953924670785E+00
 0.263644621298909587E+00
-0.233394691193884229E+00
 0.265291445342341226E+00
 0.956383898796906023E-01
 0.187606720188193354E+00
 0.932686852874832106E+00
 0.202295431777378354E+00
 0.275286207298026595E-01
 0.602582223070194517E-01
 0.167193457726557182E+01
 0.185792523768336193E+01
 0.550463396769551805E+00
