     33 -    30 -    30 -     1 
rmse=  25.2555meV
  8.055995620999924E-002
  0.116471524948966     
 -0.730803174708443     
  0.981374197183532     
  -1.39970349709880     
  0.858545930456043     
  7.813042587070411E-002
  0.296844988947438     
 -0.578954447827292     
 -0.406603483537139     
 -0.113107066168293     
 -0.111475528525116     
  0.545577922604767     
 -0.157965395297430     
 -3.128793185932124E-002
 -0.302741776047389     
 -0.235728802873179     
  0.150235702380021     
  -1.02735030798167     
  0.588223385151768     
  6.435643933509001E-002
 -0.104067414068400     
  -1.40098096282079     
 -4.161749267115322E-002
 -0.380905455884759     
  0.167634869060686     
  1.191631912715308E-002
 -0.474819244238020     
  0.469534608817035     
  0.660250645808378     
 -6.056091919544758E-002
  0.690464258202364     
  8.948386954201649E-002
  0.564816745162610     
 -0.187519877059831     
  0.487003421708039     
  8.344475916034920E-002
  0.311103922989724     
  -1.06512456231167     
  6.359292565900383E-002
 -1.582079510209076E-002
 -0.152614488924094     
  0.245049327825738     
 -0.444919106855724     
 -0.318504451854237     
 -0.145281588334582     
  0.103795795756838     
  7.193019681065480E-002
  0.170302115045686     
 -1.803870828814036E-002
  0.229544995721289     
 -0.360401490760138     
  2.643673366414661E-002
 -6.040121914079219E-002
  0.153907732088322     
 -8.326945650568854E-002
 -0.220322695683942     
 -0.207340758072571     
 -1.415714535819326E-002
 -0.397695811835113     
  0.392465489104497     
 -0.378185437707966     
  0.259998891312741     
 -0.255954336341160     
 -0.206821667735421     
 -0.289232442749999     
 -0.384483976142098     
 -0.480197144628931     
 -0.481126001964369     
 -0.651988035705145     
  6.849822591447999E-002
  0.248097900046865     
 -0.567479051322991     
 -1.336600986332198E-002
  0.170671541902953     
 -3.140179270051886E-002
 -0.421493533566158     
  0.788774622920754     
 -0.462313735693014     
 -0.448392003904811     
 -0.981200853079237     
  0.214764119180871     
  0.751524538581360     
 -0.863993690856768     
  0.225140602540583     
  0.251957321094261     
  0.283786110685259     
 -0.187199817528620     
 -0.374121529416534     
  0.315215371759955     
   1.21553374620335     
 -3.743535665506754E-002
  0.995433401258344     
 -0.585880560984217     
 -5.037926437579505E-002
 -0.128965077850176     
 -0.204556179990709     
  0.671100222832831     
 -0.161262426102133     
 -5.487857920641910E-002
  8.286836853430676E-002
  0.300561681960410     
 -0.640742535924925     
 -0.377608832215636     
  0.188786056375090     
 -0.214964625178354     
  0.227478865224315     
  -1.65075772353802     
 -0.885962459211243     
 -0.240451336389878     
  5.673309879415873E-002
  0.118341272431264     
 -0.645747409659602     
 -0.100818082290367     
  0.651203143963306     
  5.823123366039080E-002
 -0.190493070070818     
 -6.855155723397978E-002
  0.280617153750588     
 -0.419094795057113     
  0.499885132445613     
  3.154544242100692E-002
  0.139544428952395     
 -0.417579718075367     
  0.254125550739620     
  -1.29819758939285     
 -0.168699525307318     
  0.208393707645112     
 -0.592445323392989     
  0.862352530365849     
  0.282134399475909     
   1.16789095224112     
  0.101574485961841     
  0.214791196672935     
  0.162471253766707     
  0.504773645065456     
  0.166862664455398     
 -6.354130159265066E-002
 -0.441187544597744     
  0.251325751994606     
 -8.054077754128576E-002
  1.692935065082530E-002
 -0.415296119084486     
 -0.321328970021100     
 -0.268809704325775     
  0.219149092027867     
  0.105050284064002     
  0.179526076253640     
 -3.192404260496169E-002
 -2.857088302647671E-002
 -0.322473885478687     
  1.824773429100898E-002
 -7.648508486099000E-002
  0.255819992049705     
 -3.031565663933167E-002
 -0.188015178842193     
 -0.300537106021389     
 -4.058367514282361E-002
 -0.521483019391686     
  0.182014040902796     
  4.104254482141286E-002
 -0.137811249159024     
 -0.205771889748254     
  1.769965707434508E-002
  0.448327801377099     
 -6.291643647051111E-002
  5.827444741971085E-003
  0.196045288642470     
 -0.305267782980103     
 -0.357047935879134     
  0.675226153564906     
 -0.974970616981056     
 -5.685036269001757E-002
 -0.452733893629827     
  0.278800017205420     
  0.185707560944833     
  3.647253769506872E-002
 -0.140648491480588     
  0.221512212039441     
  0.296350006830736     
  0.153596773984724     
  2.184950167077025E-002
  3.974175629841759E-002
  0.570651879293023     
 -0.174606294456952     
  2.636334233089680E-002
 -0.105027928470968     
  0.278398128683880     
  0.301999807092113     
  0.237904180315822     
  4.003280821544819E-002
 -0.318448952155400     
  0.246303671247140     
 -0.642909212012248     
  0.402046368526062     
 -0.104806903256489     
  0.267996081316503     
 -0.295238510790671     
  0.550127025195410     
 -0.432195552167105     
  0.432779467136661     
 -0.674441418586107     
  0.643562038340992     
 -0.685549865576228     
   1.30954373524776     
 -0.377147945574057     
   1.33330765322837     
 -6.956202558863095E-002
 -0.393833031207737     
 -0.515706556752470     
  0.425900078745429     
 -0.634650712188107     
 -0.159800642370573     
  0.566305966542617     
  0.112360563789898     
  3.651690469264002E-003
  0.380594193014353     
 -0.339944842096777     
 -3.195709815108772E-002
  0.125213374450609     
 -4.662799773374914E-002
  0.193189931342981     
 -0.168131976155999     
 -2.360122998186728E-002
 -0.197347138111924     
 -0.349698020430043     
  0.429952112434599     
  -1.06688660112307     
  0.310560910125596     
  -1.02575331045272     
  0.340446400113603     
 -0.374253335129090     
  0.490668340410953     
  0.822866314527675     
  9.634704479298441E-002
  0.301769310676677     
  2.842417262039314E-002
 -0.222618404599153     
  8.826622548533546E-003
 -0.109054624437918     
  0.162657828945084     
 -0.295125600099537     
 -5.477597452864282E-002
 -7.608776191185791E-003
  0.439710095546109     
  9.220393478097581E-002
 -0.305362333668454     
 -0.437279939962455     
  0.196571721988769     
 -0.329145342870788     
   1.01159166401260     
 -0.172941678795505     
  0.154531943835483     
 -0.188199090076640     
 -0.530787251047104     
   1.09902130515258     
 -0.455488896237450     
  6.624188387555491E-002
  1.434382665929474E-002
   1.01608473571544     
 -0.722374644710985     
 -0.333281104038596     
 -0.647879999047132     
 -0.434299879195918     
  0.181983193656834     
 -0.521611308148980     
 -0.391556427589253     
  0.365950666156255     
  0.167754038774792     
 -0.258243808635357     
 -0.129498069359748     
  0.171089336106952     
 -5.353489905695331E-002
 -0.260128915696323     
 -0.220974170275544     
 -0.573168164965186     
  0.646948967754269     
  0.157509798645012     
  0.238596910619043     
 -0.100661349992051     
 -0.166767728204215     
 -0.252023081586474     
 -0.346041369504677     
  0.275878719792918     
  3.709659395671428E-002
 -8.000344345580172E-002
 -6.536944805449880E-002
 -0.140593207607767     
 -4.016195907129295E-002
  0.144209972774978     
 -2.989418190643531E-002
  0.367426932063398     
 -5.882560639785614E-002
 -7.992886596390980E-002
  9.732669525132591E-002
 -0.217387038375512     
  0.177765859554276     
  0.273707443971449     
 -1.547806603918248E-002
  0.787589860121012     
  0.731120993244876     
  0.360234990065381     
  0.228541300569901     
   1.23826438962074     
  0.539551362005570     
  0.693076568458536     
 -9.248925073158075E-002
 -0.208805315213652     
 -0.637779044287374     
 -0.129282532061483     
  0.659171006436948     
 -0.117733339543093     
 -0.892505508636542     
 -2.763416582956241E-002
 -0.257491044302474     
  0.617827707907944     
  0.130840446772752     
  0.333119096025344     
 -0.447005176443306     
 -0.140612818601994     
 -0.352452308228232     
  0.839461917728097     
 -0.602094218514065     
  0.177515722956657     
 -0.719658414233435     
 -0.138824486342626     
 -0.364556376031646     
 -0.240498667020689     
 -0.484844535524381     
 -0.702382911954259     
 -0.329259304323266     
 -0.336187055320804     
  0.435215185117113     
 -0.245615832557931     
  0.473808419073073     
 -0.318471338433740     
 -0.491257178644453     
 -0.820720399819491     
 -0.601657330251855     
  0.247142032484450     
 -8.624768009634849E-002
 -9.366241258122199E-002
  0.245662645631357     
 -6.184424629067826E-002
  7.835080100538871E-002
 -0.659577535261714     
  7.104343145326830E-002
  0.111297900186625     
  0.152500113131304     
 -0.392326823517396     
  0.410429920773307     
 -0.156696371453863     
  0.225196535330413     
 -0.365603866531416     
 -0.539139819204772     
   1.69490016305350     
 -0.434606055202271     
 -0.697203121694401     
 -0.526460769486047     
 -0.871356481849510     
 -6.225181749227134E-002
 -0.374088018636360     
 -6.549699290557030E-002
 -0.688624841758024     
  0.125713335437871     
 -0.443511518342714     
  0.262749997908670     
  0.449229604690984     
 -0.213939337872512     
  0.333448916843287     
 -0.334264698085691     
 -4.355521916541130E-002
 -0.195255586058763     
 -0.217362911074921     
  0.195898163835966     
  5.713911526921807E-002
  0.254315935814938     
 -7.672300384813588E-002
  0.188686077386079     
 -9.551406610652962E-003
  0.119313066456753     
 -0.191707271668746     
  2.584245254115156E-002
  0.171297312015675     
 -0.357242510421291     
 -7.142760215886576E-002
  0.290502630256233     
 -0.404550229091999     
 -0.182090027098213     
  0.231451397455513     
  0.255047600620446     
  0.776280462236649     
  0.470036985388129     
  0.296641511192965     
 -0.123367774680898     
 -1.303215175055241E-002
 -2.895803267786667E-003
 -6.571997826567592E-002
 -0.821573060263998     
  0.106326351063873     
  0.245810067631952     
  0.333072972292162     
 -9.445431380791951E-002
  4.850747354082290E-002
  -1.08005251069136     
 -0.252990045250541     
  0.436147590349468     
  0.269509128610869     
  0.295359851474247     
 -0.362402249631444     
  3.158898809294893E-002
  0.426135898906741     
 -7.872234288368916E-002
 -4.122928334753018E-002
  5.548952294107898E-002
 -0.429121539646557     
  0.214935101345001     
 -0.108284982191488     
  0.171390493303062     
  0.248402794155811     
 -0.356438886933667     
 -0.126381661937415     
 -0.517873200306667     
  0.152414275453486     
  0.532313748456125     
  0.721376701721889     
  6.852136614817392E-002
 -0.105270003026935     
  0.470334229871153     
  0.874741025954384     
  0.979474053677674     
  0.339548473139522     
  0.981381388434651     
  0.167284836682491     
  0.409266042627480     
  0.413498266728485     
  8.201506187761691E-002
  0.551235734048002     
  0.656228746078042     
  1.415713043217730E-002
  0.104632371118753     
 -0.947439622567085     
  0.130596487534708     
  0.117269816139850     
 -6.762941956837462E-002
  0.128293610662212     
 -0.170365489429653     
  0.177439702009395     
 -0.407854566423699     
 -0.192015538827291     
  0.537019626341524     
  0.494830998003284     
 -0.118734594653815     
 -0.390652407780147     
 -0.214110989744406     
 -0.448854204994092     
  1.450465069304669E-002
  -1.20362342877001     
 -6.298657473777836E-002
 -0.230541604526059     
 -0.845917977432379     
 -6.979511911692146E-002
 -3.098179753973630E-002
  0.493196646056542     
 -0.383601772237872     
 -0.299619067119358     
  0.253571153792821     
  0.329056331482430     
 -0.213097911957315     
 -0.188500515303488     
  0.535317849626075     
  0.133003983652799     
  0.556972753375133     
  0.142900345056906     
 -7.721477124425032E-002
 -0.149411843587962     
 -0.115037761509914     
  0.240988347332713     
  0.336815488344974     
 -0.389195525367545     
  0.429561808336083     
 -0.684781486373894     
  0.420456832368391     
 -0.405592872995026     
  0.102774334693112     
  0.286368941849138     
  0.477906869535788     
 -0.127289585798253     
  0.229583848566830     
  0.314228233632738     
  0.300561047272208     
 -0.229148792915104     
 -0.156434277199607     
  0.337344711214472     
 -0.786865218616906     
 -0.602202952659397     
  0.524743731267171     
  0.111413149521622     
  0.439765896135838     
 -0.330591152104055     
 -5.124266749126335E-002
  -1.30666061952000     
  0.187567021869700     
  4.822726760817014E-002
  0.280889486189192     
  6.508874722101869E-002
  0.230461222867232     
 -0.402919920060985     
  0.407995182757278     
  0.120674048450666     
 -4.788044234001158E-002
 -0.121805697916330     
  5.282034779111276E-002
  0.321059843986311     
 -0.184722579305954     
 -7.085180104665065E-002
  0.219357897917475     
 -4.731198312597470E-002
 -0.130604443470894     
 -0.270456485122188     
  5.350816837349034E-002
 -8.799609593370593E-002
  0.382308668754213     
 -0.599862788582542     
  0.247033264173753     
 -0.365106378949600     
  2.273099700795264E-002
 -0.275964899042541     
 -0.112863971831076     
  0.335862005739495     
  3.962224612865355E-002
 -0.230606519869117     
  4.133636295693284E-002
  0.387602893107827     
  2.205417573127183E-003
 -0.239192279712151     
  0.600917947027032     
 -0.253592966577792     
  0.266080668424790     
  4.379933093931062E-003
 -0.169242729025054     
  0.223821475169394     
  0.218002271316602     
 -0.165152482127301     
 -0.261681749303167     
  0.361101163844063     
 -0.582160983624490     
  0.237586337723295     
 -8.671259823723056E-002
  0.133116292384590     
  3.020752060987596E-002
 -9.742896740169721E-002
 -0.162298769100683     
 -3.140673813192141E-003
  5.495233618727875E-002
 -3.814001075247832E-002
  0.584408110458560     
 -0.661156674279170     
  0.152376863484316     
  0.230885476039126     
 -0.251244910646207     
  0.133339742928941     
  0.245163542955669     
 -0.492097775701941     
   1.04963605046436     
 -0.679991946656218     
 -6.137410343804238E-002
 -4.089944956325456E-004
 -0.519741983270131     
 -0.348106697914170     
 -0.242296752648034     
 -0.257861356913807     
  0.488714426512233     
  0.187998004416661     
 -4.518383441152482E-002
 -0.176658831244542     
  0.291880905381650     
 -0.353005573840957     
  0.615040450780985     
 -0.177287026784734     
 -0.558342158408837     
  0.228409892785345     
 -7.503863198564771E-002
  0.280640037628076     
 -0.363707235531245     
  0.320179088998702     
 -0.169872673983399     
  0.322314438747591     
 -0.396793932763646     
 -0.373523537843149     
  0.355173613181287     
 -0.330020745721493     
 -0.573398096221166     
 -0.616226555761078     
  0.347405497895230     
 -0.169041182231864     
 -0.610912080867040     
 -7.854201057948168E-002
 -0.322334332484071     
  0.432763805318522     
  0.480714549883177     
 -0.316891048579792     
  0.942616101872170     
  0.547498090132457     
  0.423999046246311     
 -1.894164209735342E-002
  0.284757236852497     
 -2.843441096165107E-002
  0.396961537874669     
 -0.102156647291863     
 -7.501485579221370E-002
  0.152211055034226     
  0.181501545351418     
 -0.448774822920174     
  0.236473000353130     
 -0.174380935607017     
 -0.230189195735792     
 -5.775890458417758E-002
 -0.432890088047296     
  0.111967198833363     
 -5.697826171444174E-002
 -0.491720759808672     
  -1.33056595163171     
  0.176041234445904     
 -0.402046871770507     
 -0.742616190234462     
 -0.522843853748234     
 -0.143351446282002     
  0.695846320782735     
 -0.392228443196653     
 -0.107944781917840     
  0.234448779448151     
  0.181475521059999     
 -0.390517735168831     
  0.346278947186823     
  0.851106314073683     
  0.525751261812316     
  0.668097001373543     
  0.415039312020598     
 -0.639837516514732     
  0.169191244747203     
 -0.322857242288433     
  1.388869433362321E-002
  2.354434542968614E-002
 -6.244874041310681E-002
  0.393314914947293     
 -0.359784821319916     
 -0.185129204054034     
  0.377846985600251     
  0.299233347904527     
  0.220664485351291     
  0.672013500018459     
 -0.150369759872588     
 -0.198068118716854     
 -0.150502918704217     
 -0.284601396884786     
 -0.168351732093037     
 -0.622646892171613     
  0.367424803565318     
  0.183889787397299     
  0.883813778368272     
  -1.22837404090934     
  0.253536478523218     
  0.209372737849314     
  0.405191187466474     
  -1.09851280952669     
  -1.08386957187364     
  0.314104459091213     
  0.612754146660148     
 -0.394251535107700     
  1.779079229604330E-002
 -0.503821200661428     
  0.493902876338372     
 -0.124691373495047     
  2.026957912859801E-002
  1.543859421291537E-002
 -7.352201903974304E-002
  4.339418242886009E-002
 -0.270878230272714     
  0.669556012740652     
 -0.139904947491974     
  2.961235444673820E-003
 -8.065485583908114E-003
 -0.147003469287535     
 -0.268698922244174     
  1.151172479668894E-002
  7.805767052712409E-002
  0.764212244495346     
 -0.187058864765089     
 -0.624561370002688     
 -0.177098757267451     
  0.420718138478060     
  0.747556021214977     
  0.204703237603676     
 -0.121721837548600     
 -0.735010447004201     
 -0.288821640905382     
 -0.376412803783031     
 -3.384244784426596E-002
 -0.266064342825573     
 -0.256214733003568     
 -6.542422386978014E-002
 -0.394305482879489     
  6.023409544582284E-002
 -3.202168415883103E-002
  9.893978205292640E-002
  7.003879322087390E-002
 -2.767972102790105E-002
  0.273654237108153     
  0.272536421801962     
 -0.358170227285293     
 -0.201020324947725     
  0.598337022965294     
 -9.279073344350774E-002
 -0.233442928348199     
 -0.134011854608674     
  0.706924102258601     
  0.262991273513280     
  0.172705449098411     
  0.223235342324330     
  0.270940703253353     
  0.585452425576177     
 -0.263776964317624     
  0.679803559336829     
  8.790155650041995E-003
  0.227616802486778     
  9.515769982808391E-002
 -9.917145608658914E-002
  0.541007049195128     
 -4.930768920827965E-002
 -0.190948464412843     
 -0.730069342675407     
  6.998361804253385E-002
  9.911594445296729E-002
  0.277762274077022     
  0.184139051504744     
  0.181876978368034     
 -0.332425945906938     
  9.843607779417615E-002
 -0.219574373541210     
 -2.830068566718684E-002
  0.271365641095297     
  0.208021564858917     
 -0.283274076738566     
 -5.705077941928917E-003
  0.189356285826924     
 -6.314708147480792E-002
  2.823842267209430E-002
 -0.151018094893436     
  2.551218495640683E-002
  6.507816769422936E-002
  0.104724467132354     
 -0.321129846701831     
  6.568094225418435E-002
 -0.279318117049016     
 -0.200242825920364     
 -0.182079905280991     
 -7.462648793406847E-002
 -0.346846837293366     
  6.509700616398272E-002
 -0.101865439166558     
  0.195909546381227     
 -0.328642216465088     
 -0.119242347306625     
 -0.241301443214187     
 -0.202057814388762     
  4.122642195178191E-002
  0.597323017989527     
  0.124311065212258     
  4.228754938840486E-002
 -0.148127567145439     
  6.461630526353555E-002
  0.338432418832808     
 -0.111472200548990     
  0.244470747439188     
  0.343015919576792     
  6.217657725519017E-002
 -8.974916768821900E-002
 -0.719024657796665     
  0.269175992259690     
  0.235649976001310     
  0.411995771902815     
  0.463165530466129     
 -0.109653887555282     
  0.140642854295682     
  0.194805671682141     
 -0.265181423066645     
  0.281766146729250     
  0.204731032180396     
 -0.404290234761154     
 -8.315660063110066E-004
  2.549295997614431E-002
  0.737829143941615     
 -0.125330353634830     
  0.198333960716394     
 -0.322753372338955     
 -0.457851809718079     
  3.277713793936506E-002
  0.422322262850888     
 -0.159572869304038     
 -0.492506672445623     
 -0.198821239691741     
  -1.02301592630691     
 -0.349404925793777     
 -0.168843909496349     
  8.216805452190765E-002
  0.395302835664862     
 -0.513197906483752     
  2.148312851141243E-002
  0.336373607170020     
  0.172904252345466     
 -9.170499493245279E-002
  0.184577625393517     
 -0.196328585064947     
  0.229548362977066     
  0.265656889824129     
 -0.100873507417524     
  0.125678198046978     
  0.815655328039522     
 -0.149779047793774     
 -0.738459752567227     
  0.331154276568307     
  0.209453625877442     
  0.415513894944492     
  -1.00318655323225     
  0.384630860886827     
  4.172080806807697E-002
  3.868239120526390E-003
 -0.339496994250937     
 -0.563242493922350     
  0.335091848144568     
 -9.550706876439062E-002
 -0.439875792236278     
 -0.644135059855155     
 -6.144606890583433E-002
 -0.318225731770873     
 -0.145444361938989     
 -0.133762359199854     
  0.231401275062029     
  0.188126811917702     
  0.202275367003478     
 -0.135884908582754     
  8.749088369652827E-002
  8.872945700978326E-002
  0.659184077667276     
 -0.457165347482396     
  0.362157892173693     
 -0.174175170318736     
  0.510957489413975     
 -1.219124773387154E-002
  0.191819164159859     
 -0.296838960243092     
  0.369374708560967     
 -0.651252035857986     
  0.506326864368351     
  0.694717618893968     
 -0.330928274679877     
  0.159736797625221     
  0.638622299754561     
 -0.161047770702969     
 -2.625472110162937E-002
  0.393013000040229     
 -7.534335240969533E-003
  0.286164203076581     
 -0.418755183629896     
 -0.308403697269243     
 -0.870191271748593     
 -0.255008382424376     
  0.328179608145678     
  3.592894648372445E-002
 -0.250457781060955     
  0.687434738002291     
  0.311577127406048     
 -0.188056273469409     
  3.085496809675258E-002
 -3.106869609911830E-002
 -0.745516523777755     
  0.531805965121713     
  7.546505524013118E-002
 -0.243137101758679     
  4.734693590895053E-003
 -0.410571328651004     
 -0.144752316243549     
 -2.681903301925240E-002
  0.103212842685609     
  0.432393052169368     
  0.526668904010533     
  0.356253142398724     
  0.362016127341047     
 -6.395056068357856E-002
 -0.324036144631728     
 -0.341029913285146     
  0.412925487207457     
 -0.148234551448682     
  0.268376402256345     
 -0.391291228203862     
 -0.320849435061752     
  0.162769598324169     
 -0.397330553928453     
  0.428675182831231     
  0.712756576672702     
 -6.877631657098662E-002
  0.410622153696397     
 -6.480979455049643E-002
  0.174449402689678     
 -2.156509416814650E-002
 -0.442620107672409     
  0.102025528825812     
  4.188853385151119E-003
 -0.212669603158614     
  0.321430918586448     
  3.943430425080369E-002
 -0.495209931525353     
 -0.184987708340714     
 -0.190714123568052     
 -0.255989972556183     
 -6.854889159474747E-002
  0.539831766857365     
  0.245361509706359     
 -0.593743661731798     
  0.511938333848682     
 -0.128507027527876     
 -0.190113261528122     
 -0.618324307924148     
  0.530053600184766     
  0.244480241928953     
 -0.162803384450009     
 -6.509193903786169E-002
  0.322486697708395     
 -0.369836028133988     
 -0.351477860407638     
 -4.610690200446929E-002
  2.369337543423385E-002
  0.180849922469737     
  0.316498972506526     
 -1.417970470352596E-002
 -0.449827653681376     
  0.356337326329590     
  0.318683834099898     
  3.064907041955823E-002
 -9.901983044656401E-002
  0.139693665724619     
 -0.860007061395394     
  0.567931577434318     
  5.240880388141534E-003
 -0.270306271349198     
 -0.166045000500998     
 -0.216448858615299     
 -0.213187225327970     
 -9.343024150022031E-002
 -0.774153088571910     
  0.353798778454193     
 -0.586367632864983     
  0.405590938873826     
 -0.105472929664372     
 -0.278324946194432     
  2.767520045308194E-003
  0.159309849553994     
 -0.377229475346371     
 -0.209700292677434     
 -0.139901321111001     
 -0.685218815734454     
  0.480764774936220     
  0.381248370963088     
  0.195749516165040     
 -0.471747122546579     
 -0.396218554678617     
 -0.700237148871880     
 -0.253437846137099     
  0.114909394929475     
 -2.398440040607897E-002
  0.521768801787738     
  9.353168399673134E-002
 -2.278351529927526E-002
 -0.187167145952024     
  8.036129005745352E-003
  0.496419754855096     
 -0.159764301957273     
  0.238821640410638     
  0.333643375643913     
  0.372733525473777     
 -0.420513611359808     
  0.157991841392522     
 -0.273772182419198     
 -0.627847866184646     
 -0.435767988587982     
  0.196254524546157     
  0.250144307709090     
  4.035680148920212E-002
  0.576220079287317     
 
 -0.901616092150351     
   1.15707921974533     
  -1.08394629685587     
   2.16276088753064     
  0.553065546770206     
 -4.556765661524684E-002
   1.55522731256953     
  9.866761537410275E-002
 -0.296020722579996     
 -0.317475131413864     
  -1.25679452131298     
  -1.77098068084730     
 -0.254090302124046     
   1.15685961664579     
 -0.691430419476210     
  0.337210854308250     
 -0.687650967744441     
 -0.391513285290346     
   1.93994338312642     
 -0.625188276838928     
  0.844257195147647     
 -0.867955667333675     
   1.13085473286521     
  0.481265112108799     
  0.569582452340926     
 -0.102006232763458     
  1.158995349472113E-002
 -1.787408257681750E-002
  9.167496599657644E-002
  0.509186552209074     
 
 -5.461303782886779E-002
 -0.142869970019641     
 -0.402495955571177     
 -0.606213737473793     
  0.867672297218155     
  0.511932732930250     
  0.414431827458470     
 -4.480856610057638E-002
  9.674820435042632E-002
 -0.349185856725097     
  8.440598943883325E-002
 -0.162665484123693     
  0.464255056510317     
  0.161735518696283     
  0.226766280135509     
  0.814614806847574     
  0.145535993984415     
 -0.327125427335642     
 -0.319154204493368     
 -0.451873672158569     
 -0.125741943008801     
  0.656612849475772     
 -0.734726382300906     
 -0.343648608981270     
  0.312597948062448     
 -0.162900203769562     
 -0.928127648368748     
  0.202855327235699     
  1.424204875362661E-002
 -0.582465246162373     
  0.567230956860699     
 -3.818694567459405E-002
 -0.291853978058444     
 -0.316458915817973     
 -0.154661945980829     
 -0.132637289592356     
 -0.581738868942771     
 -0.196579554953893     
 -0.200186055426628     
 -0.168406399316573     
 -2.165664015681650E-002
  0.255302172841874     
 -0.941510253509556     
  0.153862066856983     
  0.432700368791078     
 -0.881481891794630     
 -0.224860323445788     
 -0.655810314356729     
 -0.607112314578364     
 -0.137587984113603     
 -0.113141618072034     
 -0.153439343527826     
  3.305057107004011E-002
  0.484612804030535     
 -0.649249111127794     
  0.209652015826733     
  0.318884608288240     
 -2.234401283593599E-003
  0.149895803661012     
  0.249539390848576     
  2.709543015513582E-003
 -0.236905698685299     
 -0.404761063615630     
 -0.465120056683396     
 -0.617820496951784     
 -0.210773474429952     
 -0.363313819408684     
 -0.109907474224155     
 -0.131350938581846     
  3.729455941271849E-002
 -0.133924942654854     
  4.305561306811325E-002
  0.532466952452093     
 -0.818308824646838     
 -0.772110911915239     
  0.289400932671713     
 -0.454407201902484     
  0.192346500720516     
 -0.895522152918916     
 -0.170276668175972     
  0.311014676417416     
  0.154002222713101     
  0.397861447094796     
  1.134965376701652E-003
  0.458017995414953     
  0.885861053579995     
  3.469170854881858E-002
  0.429237541388928     
  7.972808218293728E-002
  0.114364384129173     
  9.600772734986349E-002
  0.160341503039658     
 -2.820245102732628E-002
 -9.508848582192711E-002
 -0.354882514563490     
 -0.153406943459701     
  0.470018505091073     
 -9.830068526282318E-002
  0.162077931659442     
  0.642316501333025     
 -0.214209429013827     
 -0.169917348638693     
  0.338385097837483     
 -0.264995811755769     
 -0.215157252412102     
  0.245501123531294     
  0.483161912418632     
 -0.282618569220211     
 -0.244528913843648     
  0.503992525776690     
  0.236170182081731     
  0.594203984678704     
 -0.290440018370013     
  8.376103949183390E-002
  0.113746522109258     
 -0.507386537130129     
  9.162220361957642E-002
  0.468189168424050     
  0.107749179160363     
  0.368361647437731     
  0.246758053195700     
  0.139105273620810     
 -0.227788929368471     
  0.303522654455771     
 -0.652796306827001     
  7.563515383409375E-002
   1.15054007783504     
 -0.560390073838145     
  0.202919401561025     
 -1.179152071045543E-002
  0.164018470391101     
  0.810855107172402     
  0.211746080745097     
 -0.643428311311275     
 -0.935765209859700     
  0.402263185512983     
 -0.193308283149322     
  0.389626909179278     
  0.452317915828219     
  0.189042218198457     
  0.272276860151855     
 -0.565686074120900     
  0.892283422775626     
  4.948040369944787E-002
  0.713119729874141     
 -7.683065672010356E-002
  0.785952100327018     
 -3.517096341537807E-002
 -1.077564595301640E-002
 -0.329229353642625     
 -0.377840977794610     
 -0.413596469186291     
  0.360570282083514     
  -1.02255007520210     
 -0.634349850458192     
 -9.932341880789329E-002
  0.555808623563499     
 -0.153664569258396     
  0.221324238638506     
   1.16835879886092     
  7.668723011241577E-002
 -0.907202185483576     
  0.272563817875925     
 -0.666105248707363     
 -0.367097312408274     
  0.221984626581960     
  0.450829586367184     
 -0.662438161418076     
  0.159629827481468     
  0.676637967820333     
  0.231846409063755     
  0.216019938938932     
 -0.474474003703216     
  6.818036215983156E-002
  0.153845562506373     
 -0.542923257167025     
  0.428816925970280     
  0.399591041308515     
  0.406529127672718     
  0.400948377530205     
 -0.263502534752665     
  0.993562586137235     
 -0.610618818045847     
 -0.401140499587035     
  0.505371017177135     
  0.210601707721630     
  0.355669179204208     
 -0.565720957410168     
  0.310307537620236     
 -0.361127062855151     
 -0.519869509537504     
 -0.160575384487080     
  0.296662555561183     
  0.484816225562813     
 -0.565001778693289     
  0.424095624633540     
 -0.582644687568798     
  0.616079037177029     
 -0.136698797804063     
 -0.265828956981358     
  0.414583839635751     
 -0.629005917995911     
 -0.207364713785915     
  3.292523843437678E-002
 -1.532214246896797E-002
 -0.144194661297504     
  0.534694185238759     
  0.530724009412121     
 -0.464236496021752     
  0.283688419972117     
 -0.369634298388230     
 -0.314869303852920     
  0.277555889916285     
  -1.37671208427223     
 -0.397936629148428     
 -0.265153862245675     
 -0.280049093717995     
 -0.286006788407732     
  0.329922594917482     
 -0.230903587614036     
  0.295014257543807     
 -0.402336296793752     
  0.259513936917586     
 -0.446428113560954     
 -0.296670410758360     
 -9.287899244990763E-002
  3.963701597029205E-002
 -0.160594388501056     
  0.361955492650144     
  0.114491719459519     
  4.468023834047827E-002
 -4.967385813994706E-002
 -5.747428877714628E-002
  0.244376669216145     
  0.451807849835418     
  0.167702000548432     
 -0.514981998636828     
 -0.285874389204852     
  2.207635695882612E-002
  0.648511300919994     
  0.289475132640266     
  9.014560296406639E-002
 -0.378232559995124     
  0.807367990552758     
  0.245000888723708     
 -0.386459302747380     
  0.328950217445519     
 -0.114654330600466     
  6.125572474585179E-002
 -0.275944917592916     
 -0.714931954204027     
  0.823294193767638     
  0.198080705605728     
 -0.177123721617983     
  0.102266747887151     
 -0.301990394330584     
 -0.230550203864394     
  0.300085881888865     
 -0.317114828361814     
 -1.523319957955535E-002
 -0.205095782730826     
 -0.375799239270370     
  0.216287652638750     
  0.363092283562310     
  0.257111212463546     
  0.645373907453003     
 -0.406313089687737     
  0.435800500551365     
 -0.219261238399841     
  0.123475073002545     
 -0.360153835091866     
 -0.280880392777955     
  0.721633205627237     
 -0.186728484291504     
 -0.144606218637011     
  7.624397551220539E-002
 -0.154072408411209     
  0.208878519930840     
  7.145711774433637E-002
  0.433875048264147     
  0.539241523311356     
 -0.275060857818537     
  3.781900556235657E-002
  0.163029526781630     
 -8.144638561555026E-002
 -0.110578686832013     
  0.234317785794126     
 -0.160215618321399     
  0.186652082096952     
  0.234078435117716     
  2.233849472363012E-002
 -3.648981258479939E-002
  1.141940981872461E-002
  0.109558918002677     
  0.191257923519033     
 -0.253756502788107     
  0.540625740613055     
  2.735072012287166E-002
  0.217371100930241     
  0.325421696892084     
 -0.280450892751215     
 -0.700357539161776     
 -2.794497127728362E-002
 -0.325312510222081     
  0.866263207417250     
 -0.880316983579860     
  0.946561819388738     
 -0.363753309947429     
 -0.422189622610959     
  0.144882499378993     
  0.100681833201812     
  0.324797773368287     
 -0.189848177493503     
 -0.225637558321193     
  0.258706110574176     
  0.719459622113822     
  0.235977879382770     
  0.653849348098545     
  0.518432375119960     
 -0.231561523449653     
 -7.735782846865044E-002
  0.292182244085093     
 -3.805646945057541E-002
 -8.580319838711990E-002
  0.373733730192713     
 -0.278921524899992     
  8.496611892745005E-002
  0.221345757162518     
  0.235380902111500     
  0.153858270723903     
 -0.296224972967174     
 -0.260558388729911     
 -7.173074298211435E-002
  0.212349190516710     
 -5.906457440391768E-002
 -0.374398257698030     
   1.12105555900228     
 -0.488542051872083     
  0.182250940674347     
  -1.35344445630540     
  0.278232662422045     
  0.766217101341922     
  0.276679571499390     
 -0.145832097617322     
  0.549759724602124     
 -0.283147946911408     
 -0.532587440163606     
  0.253212361399055     
  0.449596674217937     
 -0.286282627871279     
  0.668850472718663     
  4.723933687472760E-002
 -0.167041799347879     
  0.270932566327385     
 -0.163420577925558     
 -0.313732467526628     
 -0.100617093684768     
  0.260575619343355     
 -0.488105774208014     
 -0.691116401358883     
  3.216133116560976E-002
  0.729054704814333     
 -0.470920408190759     
  0.245273312796168     
  -1.59156357355049     
 -0.750442932833274     
  0.505018019120973     
 -0.407533431435859     
  0.248697309125044     
 -0.633133641582644     
  0.424003909682263     
  0.539441785434635     
  0.789435323221976     
  0.910372692257701     
 -0.366697075107735     
  0.224774075309329     
  0.384333336511818     
  0.233284718776024     
 -0.275837694565601     
  0.930015713818256     
  0.680601582478145     
 -8.516853237783673E-002
   1.23753780507018     
  0.605404645631906     
  0.417717720718140     
  0.183988246380731     
  0.545525381247611     
 -0.879707081713125     
  0.777334148051558     
  0.392924531228668     
  7.546004923819341E-002
  0.534422904528613     
  2.327568136649176E-002
  0.258131618608826     
  0.794743957074569     
 -0.724380656524950     
  0.343702831151291     
 -0.295116202138123     
 -0.235599625109070     
 -0.231117225718965     
 -0.493219212306528     
 -6.951847243726951E-002
 -0.249692818871438     
 -4.145349386600936E-002
   1.18848522062966     
  0.303717344635577     
  7.266322174696971E-002
 -0.108497414510629     
 -5.095491227528857E-004
 -0.331848957397460     
  0.678812847863417     
  0.440757989342552     
 -0.449477384766300     
 -4.944530161081570E-002
 -0.679215395525552     
  0.151294297328427     
 -0.601013853428168     
  0.429770537327252     
  9.129978875863229E-002
  0.743030416864283     
  0.289743853713620     
 -0.155239323168396     
 -0.111031428380067     
 -2.119121194864546E-003
 -4.339610037263061E-002
 -0.198520059405495     
 -0.454603348944631     
  0.489438712694637     
 -0.168209020135443     
 -0.845006903361611     
 -0.382162441404458     
  0.148153175846353     
  0.129966382313337     
  0.153774727713471     
 -7.380416372948198E-002
 -0.289061002636011     
  0.538810122935715     
  0.109224521146542     
  0.657427443176726     
 -0.170556153977759     
 -0.410943038445220     
 -8.355384644020034E-002
  0.239671192830641     
  0.118881716217650     
  0.146725441099863     
  2.812141286938825E-002
  0.208946402101953     
 -0.359755320978050     
  0.130352403295049     
  0.603559872608344     
 -0.244403135732085     
 -9.217353704018411E-002
 -0.126042557410091     
  7.057944588762348E-002
  0.841909587260631     
 -0.835686118694991     
  0.192837312382598     
  4.306036761101461E-002
 -0.594190921391858     
  1.968999647299298E-002
  0.287107934971137     
 -0.408646505660185     
  8.408476858032635E-002
  0.132175154858893     
  0.146622508832134     
  8.205297432178685E-002
  0.203864589043376     
  0.607100778982093     
  0.443863094924388     
  0.143837697554729     
  0.454559298861671     
 -0.341150538555864     
 -0.231626277419488     
 -0.191793456494957     
  6.240556049734279E-002
  0.584751511325792     
 -0.488607217783078     
  0.115985665731229     
 -0.141735603880027     
  0.484035126648913     
   1.78368070117793     
 -0.579134804670924     
 -0.123628477788434     
  0.104027302898877     
  0.813000658676229     
   1.24413009485369     
 -0.177078626213749     
  8.379131482517133E-002
 -0.569531957744186     
  0.384428490207148     
  0.227511302870861     
  0.527953861952490     
  0.220911810703769     
  0.435370274776966     
  0.860223211024311     
   1.05592171208958     
 -0.454426019444603     
  0.151835464423060     
  -1.36447291320307     
 -0.806306917510924     
 -0.577926065312514     
 -0.246020721911206     
 -0.319189003769819     
  0.172854616167570     
  0.120668330134893     
  0.723674789214996     
 -0.424471593299027     
  0.450548370276382     
 -5.454544598355460E-002
 -0.785181063047183     
  0.212361547731723     
  0.489427214927950     
 -8.928233256387473E-002
  0.760450421682089     
  0.128376923365429     
 -0.269583151456049     
 -0.229855457582462     
  0.724257787268060     
 -2.615443495316135E-002
  0.337728881483904     
 -0.278699695399376     
 -5.382670366594600E-003
  0.252450016956323     
  0.648208548363280     
 -0.269856775912331     
 -0.192227562184842     
 -1.971668130728310E-002
 -2.698182032062345E-002
 -0.561931198623411     
  3.005261802493035E-002
  0.737206596975302     
  3.214530703663082E-002
 -1.957381598954608E-002
 -4.554582178770960E-003
 -7.047229871924438E-002
 -9.857789410300824E-002
 -0.365535681957369     
  9.444290572134237E-002
  6.764431070379041E-002
 -2.270488772065350E-002
  0.357277120251558     
 -0.847562597655667     
 -0.577715792600258     
 -0.904678208416439     
  0.425425724284036     
  0.208525559668320     
  0.618874318932463     
 -0.655976075419288     
 -0.107767390304325     
 -0.469356054070967     
 -5.360119690873057E-002
 -0.120087316414779     
 -0.353371686541912     
 -0.261907694822418     
 -0.341242296967990     
 -0.195220578723353     
  0.242028784031083     
 -0.319176662205045     
 -0.783735973645770     
  0.351257161362454     
 -0.102948543353919     
  6.183676226513005E-002
  0.623287313879239     
  0.249475662497699     
 -0.174596387447315     
 -3.186529095091457E-002
  0.646562573050147     
  0.588562420875421     
  0.345300879880239     
 -0.274487435369028     
 -0.285990894917314     
  -1.07488715330734     
  0.146747517518739     
  6.070690448854664E-002
  0.384047469197737     
  0.547382242191415     
  0.243571859424807     
 -0.164795472076372     
 -0.192786673119452     
  0.685396021833872     
  0.369208329057050     
 -0.305768843176040     
  0.242007584188473     
  0.235836457673576     
 -1.364974883390207E-002
 -0.310283263059522     
  0.397336439608843     
 -6.045094318523793E-002
 -0.248902828940325     
 -0.681665754398453     
 -0.192614682146778     
 -0.359472748639836     
  0.290594597130644     
  0.220422559757030     
 -9.987483204862169E-002
  0.542140564892638     
 -0.607660240402300     
  0.190624100102523     
 -6.016233477841546E-002
 -0.678595766897968     
  0.941741551554769     
 -0.738254432379840     
 -4.844279915181136E-002
 -0.164674955373489     
  7.318367751864809E-003
  0.691077433011186     
 -0.449289150577782     
  0.376606891746794     
 -0.159319128329783     
  0.173964847820950     
 -9.402309454637721E-002
 -0.160795745316812     
  8.348305096493142E-002
  0.392525934420117     
  0.877764440396719     
  0.652463150948713     
  0.408859752373984     
  8.273068312999433E-003
 -0.306323302564361     
 -0.398695325650433     
  6.103299829239556E-002
  0.204648439305822     
  2.171631429419354E-002
 -0.354978163464706     
  0.485378035037225     
  0.206243832405830     
 -0.136152511827288     
 -0.142816399648056     
  0.360104801357177     
 -0.496536594413565     
 -3.088592938267245E-002
  0.580654451991537     
 -0.488267715747911     
 -0.185409131866149     
 -0.363840594509584     
  7.838964367325618E-003
 -0.537096848881968     
 -3.175083925880117E-002
  0.116301748915832     
  0.541501712727529     
 -0.196860484242412     
 -0.360820386885143     
 -0.209308909333390     
  6.015886777606250E-002
  0.508222809958586     
  0.305772800325142     
 -3.139027430533509E-003
 -0.657741187709884     
 -0.971687997550843     
 -0.355167724359636     
  0.369020282932549     
  0.217668603901257     
 -0.606024013773950     
  0.311121787015712     
 -0.251720993421865     
 -0.199252399376523     
 -0.804529369498592     
 -7.014980337030639E-002
  0.282388215636688     
 -0.286144273783600     
  0.183815117146949     
  -1.29308229595361     
  0.308417366413144     
  0.153144966929903     
  0.911454054610764     
  0.733551959155735     
 -0.809297824284952     
  0.186653128746814     
 -0.835640964433942     
  0.683008490426342     
  -1.48211618152263     
 -3.560435887900342E-003
  -1.31000912626007     
 -0.374428851000386     
   1.06379546961325     
  0.268579712146149     
  0.938504853896709     
 -0.103486852251068     
  0.916757493961233     
 -0.216636622416237     
  0.426758768561944     
  3.583920425529261E-002
  7.493674944155229E-002
 -0.124481569701185     
 -0.853289319277515     
 -0.640165090712494     
   1.31650993358953     
  0.373396288648031     
 -0.440219775762069     
 -0.703206072864546     
  0.117152011378114     
 -0.208339507907090     
  0.202219101150840     
 -0.984921024026927     
  0.235140635737047     
  0.195489410707753     
  3.635327601149701E-002
 -3.089646154032339E-002
 -8.077185250358890E-002
 -0.640665451651101     
  9.738012673294394E-002
 -0.275852909255554     
 -0.417764387874466     
  0.215325342405384     
  0.477210450275961     
  0.201005268535827     
 -0.258865352804144     
  0.274692974692380     
  0.216795166398566     
 -0.418614996815848     
  0.306879271572796     
 -9.878609441534057E-002
  0.348126983374007     
 -0.412512348337722     
 -0.406038427360264     
 -0.299453566877298     
  0.254726411812468     
  0.104334932333496     
  0.130719808285508     
 -0.510004450252454     
 -0.440983443066603     
  0.421568993643073     
 -0.506012649577347     
  0.951841143263204     
 -0.184822245777690     
  0.448062861002992     
 -0.189225786103371     
  9.714743457000669E-002
 -3.163100035030000E-002
  0.449354987174210     
  6.164405821989768E-002
 -0.511661015946702     
  0.537191922017772     
 -0.361962906813242     
 -0.881986195559836     
 -0.822648651098801     
  0.604320473240375     
 -0.131561740674304     
 -5.370542566472276E-002
  0.535220297564613     
  -1.26465956826502     
 -8.057950049634878E-002
 -0.527860459323687     
  0.268004418325567     
  0.210925981967298     
  0.577344137289794     
 -0.108444544176020     
 -5.492687843252626E-002
 -0.413483703308393     
 -2.739145844249689E-002
 -0.232042408154751     
 -0.154634271748452     
 -0.515246534806267     
 -7.028386156811202E-002
 -0.217839823852981     
 -0.304848052245095     
 -0.834378242304877     
 -0.572598158397618     
 -0.191166367150589     
  7.976064617110280E-002
 -0.260434431397783     
 -0.779398658583572     
  0.145067425446171     
 -0.774003881519327     
  0.454348790353534     
  0.496768103687112     
 -0.276969441020043     
  0.374881103979645     
  0.223083069645330     
 -0.706537098036796     
  0.309602106284239     
 -0.563393320889498     
 -0.166930021463507     
 -3.223123620257363E-002
 -0.345431328908095     
   1.01262462380366     
 -0.556352721060686     
 -0.452932987574942     
 -0.108276992338307     
 -0.274983862173286     
  7.856666846428771E-002
 -0.138300367400701     
 -0.217084444687064     
 -9.335269723151092E-002
  0.462640246873130     
  2.471818684951894E-002
 -8.866252448275971E-002
 -0.152764544579651     
  0.269616833023828     
  1.024433314146223E-002
 -0.147807990955723     
  0.183869408518254     
  0.180959196438272     
  4.699607501948774E-002
  6.000556184806785E-003
 -0.260661388731489     
  0.105397071754774     
  0.152892698785982     
 -0.731310894534250     
  0.198484452580181     
  7.455154371105201E-003
  0.177605731256267     
  0.280277275261815     
  8.593614405613546E-002
  0.197513962677227     
 -0.165717330937461     
 -0.190822777950394     
  0.328431636877320     
  4.255136971395818E-002
 -0.204885821272364     
 -0.109654651661191     
 -0.141410219183420     
  0.249859244931484     
  0.848606928438962     
  0.204918966791589     
  0.284346166933274     
  6.729861461306304E-002
  0.456250700180730     
 -0.243700399357262     
 -4.792043996941447E-002
  3.975925848420588E-002
  0.531398478646092     
  0.134237231038464     
 -0.260450969481132     
  1.734819203648245E-002
  0.475359079220057     
  0.315233803987628     
 -6.196440088300090E-002
  0.101133524754815     
  1.255444044403978E-002
  0.710635759477914     
 -0.265087359977548     
  0.428844012912502     
  0.127789888925120     
  0.200584581062774     
  0.235567103730862     
  0.130498431180670     
  0.382361541304100     
 -0.139153681647839     
  0.320009837982402     
  0.307530596933103     
 -9.083447204302642E-002
 -0.526720868922757     
  0.408609934204087     
 -0.166524049165627     
  0.544670566655814     
  0.603060651154030     
 -1.932374747517576E-002
 -0.116953721677228     
  0.238306648586293     
 -0.527903022793036     
 -0.177690621051586     
  0.147793510793888     
  8.789988916959329E-002
 -0.222867032706299     
  0.214485934986298     
  0.547758297511786     
 -0.238750149957049     
 -9.057150161030622E-002
 -0.274804087620896     
 -0.187875592965928     
  0.248843033391065     
  5.118348121179218E-002
  8.675601546786217E-003
 -0.308342625317260     
 -0.192007596203930     
 -0.417484377583253     
 -0.179722472734598     
  3.683464128115466E-002
 -0.464436205832580     
 -0.376178796069910     
 -0.475582159224405     
  0.635831699251388     
 -1.392179696560467E-002
 -0.341118678646241     
 -6.431936877988279E-003
 -0.403193174361956     
  0.346248582861124     
  0.597570423219202     
 -5.160169159682720E-002
 -0.365408417094194     
  0.455718978369772     
  6.945857595827833E-002
  5.413445113964169E-002
 -0.107730264675941     
  0.345676307594726     
  0.205462487738844     
  0.153319788614248     
 -0.143110672264480     
 -0.296342384492762     
  0.371004407199194     
  4.147395220587397E-002
 -0.850133369510100     
  2.518322141136303E-002
  0.741275567500608     
  0.252426406434694     
  0.181018791950790     
  0.337984599359972     
  7.213279379499633E-002
  0.670593821848085     
 
 -3.372438684962605E-002
  0.380443085334306     
  3.984689518719664E-002
 -0.192547310177104     
 -0.225136372721632     
 -2.855467104582390E-002
  0.234584484004682     
  0.194868199801385     
  0.130013553665800     
  0.205390253340980     
  3.862653413792037E-002
  8.315334693663438E-002
 -0.931297891908752     
 -1.871585181294344E-002
  0.151795350058071     
  9.296682468488673E-002
 -0.461906644618546     
 -3.197420852385740E-002
  5.729156426607016E-002
  0.114789106782544     
  0.358453829764499     
  0.472062367816508     
  0.427280217379358     
 -0.279370977112513     
  7.083866632501543E-002
 -0.346108955771261     
  5.687351798922494E-002
 -0.144148679915204     
 -0.162357396711228     
 -0.280459196233716     
 
  0.475529553957232     
  0.887947971820869     
  8.369123478604386E-002
  -1.86737058761206     
  0.483291441673469     
  0.689203743706004     
 -0.749617987975645     
  0.407020374545509     
  0.696666866521184     
   1.49074706598005     
  0.388235562707108     
 -8.624940642965362E-002
   2.15365608034929     
 -0.246475822354607     
 -0.832321403721088     
  0.268784638005586     
  -1.11171048487963     
  0.382981732747340     
 -0.476068299095653     
 -0.833814407076503     
  0.705067404683156     
 -0.943702341981641     
   2.15941629269719     
  0.705064891093395     
  0.281220439049985     
  0.445441178677645     
   1.42193583163693     
  0.238053019317620     
   1.38270689888610     
  0.137980427811097     
 
 -3.939104761904762E-004
 
  tansig  tansig 
