 0.136662036621699889E+01
 0.183312103001138249E+01
 0.182053604803433000E+01
 0.127949770705115440E+01
 0.837824965526280718E+00
 0.107256053393368189E+01
 0.119210104346262247E+01
-0.664579734588529258E+00
-0.355963791333832047E+00
 0.163497532179173910E+01
 0.638516019972687032E+00
 0.556907888920891270E+00
 0.408527798252065533E+00
 0.255421269059582290E+00
 0.468392617482148221E+00
-0.381800102436087863E+00
-0.353050226447263471E+00
 0.114638402119240435E+01
 0.433122250657281216E+00
 0.612223157696781886E-01
 0.656349920173442125E-01
 0.996410448746730903E+00
 0.464340087548671898E+00
 0.259139417408372930E+00
 0.318338303108921195E+00
 0.822550678790135548E+00
 0.570415867311879210E+00
 0.486423548096538427E+00
 0.679062663408741995E+00
 0.924972704895600906E+00
 0.796318598520104781E+00
 0.447172994727247086E+00
 0.734557559457963749E+00
 0.139335836687689363E+01
 0.130808848740228423E+01
 0.150774607333541022E+01
 0.311800875254094922E+01
 0.271752229330035844E+01
 0.270511820587646712E+01
 0.262935000656893880E+01
 0.724409905482900118E+01
 0.743667369070481410E+01
 0.745284735369317186E+01
 0.581223532736856008E+01
 0.149551169046922494E+01
 0.164735752830494331E+01
 0.191764780965552206E+01
 0.102260822122667627E+01
 0.623964790601922670E+00
 0.141864387644935341E+01
 0.117009103698053618E+01
 0.116167028129532102E+01
 0.573574897478375978E+00
 0.672033840194247833E+00
 0.577732647019366330E+00
 0.670538666097383107E+00
 0.424046212560289515E+00
 0.201870237319425778E-01
 0.365356023787319351E+00
 0.261469296801848383E+00
 0.208290342458608807E+00
 0.346654876803451029E+00
 0.291048058968269685E+00
 0.344662938311906086E+00
 0.337347307840848876E+00
-0.346920797104042777E-01
 0.284870429139084225E+00
 0.211651101195888119E+00
 0.230451861117055096E+00
 0.898967850264717760E-01
 0.310175190213428098E+00
 0.197801942211779574E+00
 0.254617429580101640E+00
 0.421534330381918732E+00
 0.399268120264993864E+00
 0.196984931418712539E+00
 0.299878783587506526E+00
 0.588076339825807759E+00
 0.607823336374056722E+00
 0.381789778965981708E+00
 0.739934483726412018E+00
 0.116780948159331022E+01
 0.117800284705074976E+01
 0.105495166298821008E+01
 0.263487707309712693E+01
 0.293886929987156220E+01
 0.294221318628496320E+01
 0.255852939089008968E+01
 0.157047591898437222E+01
 0.220693237234058648E+01
 0.180598861753599960E+01
 0.173254882403491295E+01
 0.796205566993543612E+00
 0.120818836637774818E+01
 0.829955364755804559E+00
 0.967184218754157943E+00
 0.456047084491382648E+00
 0.253148904344322245E+00
 0.391340881101653604E+00
 0.382781127995580506E+00
 0.216946780181893284E+00
 0.151616410412048680E+00
 0.221798144942843473E+00
 0.228938579831728911E+00
 0.165000332947486200E+00
 0.160439671184326033E+00
 0.159854087457006161E+00
 0.839812050476460015E-01
 0.710113253002807449E-01
 0.209966906384367880E+00
 0.135166560167228472E+00
 0.140412960938135600E+00
 0.141477103610713029E+00
 0.860840787572200866E-01
 0.136190942130392290E+00
 0.783652936343750689E-01
 0.894557870119826459E-01
 0.154869851886153598E+00
 0.155465096181729906E+00
 0.143281704366215151E+00
 0.202604287930346155E+00
 0.218820332378740184E+00
 0.219831940506628687E+00
 0.849817176492322079E-01
 0.157072262357749931E+00
 0.403220574956569378E+00
 0.406316807767916677E+00
 0.277663054091300487E+00
 0.628640257584118789E+00
 0.919106711184921155E+00
 0.919917500482405059E+00
 0.000000000000000000E+00
