     33 -    30 -    30 -     1 
rmse=  21.5050meV
  0.522177178772329     
 -0.682120927385142     
 -0.123470247591892     
  0.191276388843616     
  0.360305887624213     
 -6.903940734812508E-002
 -8.635036769982518E-002
 -0.136467775865121     
 -0.248254134712246     
 -0.403089132974529     
 -4.247039973430253E-002
  0.303613970395417     
 -0.294713558515022     
  4.398516920279983E-002
  0.583323131808033     
  0.600821034066549     
 -7.407700677602883E-002
 -0.140537813761014     
  8.593820231253438E-002
  8.964089761977014E-002
 -0.202679512189176     
 -0.386424967196274     
 -0.470595559362680     
  0.102658672136188     
  0.447356955077797     
 -0.422401607275882     
 -0.249242160972821     
  0.262864422144871     
 -8.774424781364633E-002
 -0.151271340809544     
 -5.315224932809445E-002
 -7.148593146931577E-002
  0.711473628810554     
  0.101014057540746     
 -0.492315958158564     
 -0.157367411779483     
  0.155835060324170     
  0.527573602145505     
 -8.874786903188325E-003
 -0.540976157875353     
 -0.262972682758493     
 -0.365163032260986     
 -4.136271398958916E-002
  0.132007680474486     
   1.14583270433726     
 -0.257200979586158     
 -0.251097898206211     
  1.221298717895269E-002
  0.430256015479725     
  1.721961676956888E-002
  0.109613024150397     
 -0.195940573206934     
 -7.032361793561638E-002
  0.250104254546727     
 -0.574999063482475     
  1.906327462632800E-002
  0.391217569414221     
  5.927102403518133E-002
 -0.201861831247544     
 -0.136369135429742     
  0.115880919575485     
  6.969550058987206E-002
 -6.953712592317726E-002
 -0.277136291379196     
  0.409496697462854     
 -0.395684644467798     
 -0.386813121814612     
 -0.117474384279813     
 -0.248185510281146     
 -0.240256784541078     
  0.380033486570914     
 -0.279555513292958     
 -0.154958408738649     
 -0.151493045850845     
  0.408989616661040     
 -0.116866642474461     
  0.140098662923514     
 -0.198454249879383     
  0.553138269436931     
  6.525128740195728E-002
  1.228921932483625E-002
  0.489286564330079     
 -0.337057050049169     
  0.334132038579979     
  0.134992139145251     
 -0.724359149341848     
 -0.132650970318028     
  0.793461688011495     
 -8.366854600278530E-002
 -0.339989472992982     
  0.305809515110402     
  0.360793341435787     
  7.066582903585229E-002
  0.881535656870870     
  5.592909415350020E-002
 -0.325949149390508     
  0.182540865801596     
 -4.151118075627058E-002
 -0.145329369620155     
 -0.276619637777976     
  0.124696433963565     
  0.625940057799412     
 -0.671239532255393     
 -0.624265713884919     
 -0.485267360971311     
 -0.150793253721763     
  0.183466621871275     
 -0.219352169981066     
  9.911613121496414E-002
 -0.149449625147994     
  0.211968573413134     
  0.379365174965475     
 -0.410392815937043     
  8.594652410182853E-002
  0.338599287083685     
  1.849256142327189E-003
  0.494233081891327     
 -0.294045892681217     
 -0.465455851844903     
 -3.493319794433505E-002
  2.129557837213927E-002
 -0.400730114065079     
  0.610396539245613     
  0.260705454859177     
 -7.450267727073076E-002
  0.147270351506565     
  0.374712033135943     
 -0.131438026014101     
  0.374253495668501     
  0.219617377957621     
 -0.142321446718681     
 -0.310405863638835     
  0.384605883550765     
  0.305582220756874     
 -8.741868534429524E-002
  9.192691413898741E-003
  0.195952151958415     
  0.333384311237744     
  0.231129979210402     
  0.289532792123317     
  0.115964522012106     
 -8.195173794312675E-002
 -0.137601324082022     
  0.499322246353591     
  8.390449428823346E-002
  7.600451151889320E-002
  0.449879230596042     
 -4.681418783815141E-002
 -5.727470215955115E-003
 -0.315388653577237     
  0.162828828620890     
  0.102329991426331     
 -0.106882680978084     
  0.277799412116726     
  2.403008705082513E-002
  1.352787285857093E-002
  0.385399856803265     
  0.277553952751309     
 -0.535389429765311     
 -0.251659823192819     
 -9.845795351647984E-003
 -7.493877638427289E-002
 -0.210321478627235     
 -0.284878915027716     
 -1.818147289632633E-002
 -0.798975181611695     
  0.215425157777989     
 -0.174587520937787     
 -0.443823318249422     
 -0.203111768666731     
 -0.125971164718977     
  0.112882526194760     
  0.395504025819825     
  0.458976713195916     
  0.386850686312927     
 -0.185742796128077     
  0.542199257669067     
  0.368863495812348     
  1.610039558881679E-002
  1.415931107343336E-002
  9.503048332789817E-003
  0.498464470683742     
  5.259623013624001E-002
  0.206131465014113     
 -0.207709762330057     
 -0.262738374559004     
  0.446318296924919     
 -0.245853656835988     
  0.168189936690323     
 -0.136311132364578     
  0.333662591925308     
  0.287469247661937     
 -0.104437367220130     
 -0.115665505511681     
 -0.236229947459043     
 -0.319250830534093     
  9.294735130381747E-002
  0.317568916745763     
  0.255542741232713     
  0.266489963635761     
 -0.263120804262645     
 -0.359680722041784     
 -4.473213000458904E-002
  0.941358712856299     
  0.517129932146919     
  0.223946799490599     
  0.264865665674387     
  0.216412248226508     
 -6.556848778613127E-002
 -4.032270126029060E-002
 -0.450453092955539     
 -0.263813134224428     
  0.758469383176453     
 -0.304483188354978     
 -0.853504724593992     
  0.246563166873370     
  0.106891097881031     
 -0.564858657599400     
  9.828197594400980E-003
  0.165094337246935     
  0.332241512590290     
  0.251240391337176     
 -0.267440170930076     
 -6.486614390991715E-003
  0.209393617012206     
 -0.105195121247313     
 -0.409565928676812     
 -0.260868284382806     
  1.847830524765613E-002
 -4.537263133038170E-002
 -0.182709588277053     
  0.368369569459743     
 -0.769969712027275     
 -0.696951403484084     
 -0.121095042477815     
  0.275486287799458     
  0.233408282198149     
  0.208851787577096     
  0.208462411799351     
  2.024267591738518E-002
  0.130599988712739     
  0.118200638526875     
  0.507637793693736     
 -0.217012417134801     
  0.457991472320469     
 -0.265910240336063     
  0.290086595882130     
 -0.200351124356407     
 -0.150115019379706     
 -7.860445364819503E-002
  4.195206559463039E-002
 -0.274659462012975     
 -0.110601967250853     
  8.327464422935128E-002
 -0.335940882735406     
  0.378749783437870     
 -0.331586616307180     
  9.301811704057609E-003
  3.473923421733060E-002
  0.349795011088113     
 -0.130244558992248     
  0.233688155667672     
 -5.772584482216563E-002
 -6.886433603138895E-002
  0.161136495751544     
  0.500627802280151     
 -0.394520612591497     
 -2.895487279601460E-002
  0.294918931847280     
  0.542166009647267     
 -0.227724271112731     
  0.165897069577321     
  0.223659357642340     
  0.123479096969311     
  0.560351953063731     
 -0.232034394412380     
  0.219975548112481     
 -0.350758541091068     
 -0.608983384402911     
  4.861042635693224E-002
  0.719911545209240     
 -0.639787635038350     
  0.207781520074623     
  0.760164419981375     
 -0.104104113165397     
 -0.193269111805816     
 -0.136518450267262     
 -0.633151344332773     
  0.420217758320554     
  0.374476546670774     
 -0.501572434883930     
 -0.359755591145487     
 -0.568463444372287     
  2.945016227021042E-002
  9.476034598712393E-003
 -0.526067879097228     
 -4.138928464305044E-002
  0.474657839130439     
 -0.309103843217846     
 -0.361603916444421     
 -0.200045064724404     
  0.515832081389239     
  0.308126928199755     
 -0.329095911186523     
 -0.501709188685535     
 -0.334790099940818     
 -0.141824599125921     
 -0.245558568439248     
  0.435955623308794     
  3.581698882248779E-002
 -4.699034643338811E-004
 -3.583158514426869E-002
 -5.904299558470270E-002
 -0.155826115490660     
 -9.915310540034690E-002
 -0.288163411069160     
 -0.403146619811626     
  0.430328290899248     
  0.324984130902184     
  0.793291166245426     
  2.558925950066061E-002
  1.319618286973935E-002
  0.147661463875092     
  0.758754050926823     
  0.395282620114863     
 -0.344967761876952     
  0.161953077141847     
 -4.044125908586171E-002
  0.210332353214295     
 -0.115880461537194     
  0.271845944540297     
  5.799608379237862E-002
 -0.449968575945427     
 -0.706280149436662     
 -0.753596978437465     
 -0.344266383636259     
  7.650322333253710E-002
  5.216203328075443E-003
  9.573559074381409E-002
  0.240733764729590     
 -0.195855680044927     
  0.537106939380983     
  0.135278986321870     
 -0.366903024740263     
 -0.599964530514399     
 -0.531654155622773     
 -0.309129660700913     
 -7.598133590512056E-003
 -0.376482787411951     
 -0.483049460246992     
 -8.773108001262547E-002
  0.746478022500790     
  0.347093935421171     
  0.200316579398898     
  5.803971258125295E-002
 -0.631414242380083     
 -0.158038144085188     
  8.033818347373831E-002
  0.223150265743398     
  0.589922851180967     
  0.540893990727332     
 -6.390484242370482E-002
 -0.536975903798535     
 -0.284021557029837     
  0.140888491591175     
 -0.132954080689662     
 -0.207480966018312     
 -0.235469763377155     
 -0.203141541614873     
 -0.383335570274261     
 -4.635967683795270E-002
  0.209391977715398     
 -0.126645106582957     
 -2.388967362116464E-002
 -0.674840974709494     
 -0.291776186901009     
 -9.100714660495875E-002
 -0.177422086705664     
  0.436218573885333     
  0.443424718952638     
  0.145713828118656     
  0.293653442195173     
 -3.492540557312240E-002
 -0.390891514025221     
  9.878465292303169E-003
 -6.668887254841842E-002
  0.708311431425495     
  0.416153851662144     
 -2.465754494462865E-002
  0.110808838040743     
  0.410231424256365     
 -1.030995186026051E-002
 -0.391785103498227     
 -8.821414450030536E-002
 -0.417709676206522     
 -4.785712592101145E-002
  0.217606528635556     
 -5.993727725615865E-002
 -0.178932679933314     
 -0.230599231669966     
 -0.328084645052038     
  0.150281150571457     
 -0.245264447131400     
 -0.287402464228623     
  0.421150293905802     
  0.214181107150163     
  0.338894912271001     
 -0.321710261585351     
  0.523877128977606     
 -0.362823598633876     
 -0.130265710732327     
 -0.263676381975388     
  0.572611022964180     
  4.534993093569838E-002
 -0.404120942016851     
 -0.749788676819875     
 -0.289702551831194     
  0.570062679068967     
 -0.393672590965503     
 -0.471274109218453     
  9.449519247591810E-002
  7.884169986528160E-002
 -6.864378766309752E-003
 -6.205172633616901E-002
  0.339246615616584     
  0.164879907232315     
 -0.123458182365153     
 -0.119415030498294     
 -0.232254702813403     
  0.264137054516116     
  0.280092457628041     
  7.543563744103068E-002
   1.15348295533528     
  0.435177197058332     
 -6.952199431025967E-002
  1.160799923635920E-003
  4.887451672636910E-002
  2.252821079192965E-002
 -0.104916079082483     
 -0.202822184326103     
 -0.154960800636512     
  0.211616654463668     
 -0.418911170207278     
  0.321584065285354     
  1.579865122708682E-003
 -8.232431284700839E-002
 -0.531417765250193     
 -0.151838851418531     
  0.397851317899862     
  0.440607212775564     
 -5.638603001654584E-002
  3.465375011464368E-002
  0.379388775149578     
  0.447567922201525     
 -0.135053949333093     
 -0.416663022178775     
 -0.644275747148335     
 -0.172712246275653     
 -0.308224366494169     
 -0.143940772581913     
  0.458309442056219     
  8.834907611898718E-002
 -0.125366405906359     
 -2.502085598912476E-002
  0.259648143972528     
 -0.870903414397519     
 -0.729124453510011     
 -0.130020869055444     
 -0.522919079089917     
 -0.264359111737602     
  0.561228294049471     
  0.180214956986425     
 -0.325128055816379     
 -0.142501199047828     
  9.580384007430962E-002
 -8.773454956622432E-003
 -7.603753227491721E-002
 -0.289392374600075     
  0.102218740328695     
  0.331142224007893     
  0.385673984811486     
  0.362399666313835     
  0.101064593596165     
 -0.376477372289115     
 -0.309833662844798     
  0.250032776963959     
 -0.168678878421627     
 -0.160708306085777     
  0.523970834862942     
  0.471733564543606     
 -0.176461536516616     
  0.143130407566635     
  8.757836913418221E-002
  6.829340108027439E-002
 -0.310769388367986     
  0.663840376896064     
 -0.310535251457449     
 -0.496341656745630     
 -0.263769166887625     
  0.339975988149560     
 -5.842068727344828E-002
  0.123080910670756     
  0.261189652096965     
  3.166043356003952E-002
  6.733549272197556E-002
 -0.256814393490062     
  3.414271693141090E-002
  0.470498015328360     
  0.619370501188712     
  0.361387490425457     
 -0.307916554080406     
 -0.398526340206356     
 -9.157879926851385E-004
 -2.730728055564216E-002
 -0.126139831027598     
  0.276492420953255     
  0.349760654000603     
 -0.590147780648632     
  0.179358562267319     
  0.190203182882975     
  0.247686491592801     
  0.434023052368577     
 -0.379598293495777     
 -0.121078568530986     
 -8.940667571995950E-003
  0.261885753286193     
 -0.221931804077055     
 -0.114647006844797     
  0.359468340803025     
 -0.241869184945527     
 -0.560024509937130     
 -3.616149217531797E-002
 -0.125322049560908     
 -1.582360837327440E-002
 -0.458279693615441     
 -0.513940543672288     
 -0.350947651033185     
 -0.226309188387889     
  0.232585084255983     
  6.411740876032285E-002
  0.166978137226566     
 -2.458917302170720E-002
 -0.293371649033017     
  0.335715167795374     
  0.345756553771552     
 -0.109704278874652     
 -0.179539628323285     
 -2.948038018844521E-002
 -0.391223604582998     
 -0.629322875403601     
  1.128397870405677E-002
  9.696280384034875E-002
 -0.396524989284863     
 -0.880587268785207     
 -0.194003306493146     
 -0.122857632527379     
 -0.176897106146942     
 -0.154874267889188     
  0.480485254949261     
  7.016817541488228E-002
  0.101614207440196     
  3.157894671100836E-003
 -0.208672925067315     
 -0.268176500882778     
 -1.463150338143443E-003
 -0.264406224756790     
  7.619801278110416E-002
  3.661956194676108E-002
  0.199351110323790     
  3.194550144395269E-002
 -0.363001260967179     
  7.544758451299370E-002
 -0.438914312489847     
  9.522283083553669E-002
  0.222835435139467     
 -0.163258327158629     
 -0.363862662171745     
  0.304685037069517     
  0.109537013993104     
 -1.730086245008998E-002
  5.699461462008745E-002
 -0.434362400825164     
 -0.569775230114833     
  0.452368506635378     
 -0.577845109925676     
 -0.272112021158276     
  0.495381656972470     
  0.385128338270990     
 -0.442255773083520     
 -0.468919502814078     
  2.890188299118280E-003
  0.106007553190274     
  1.210368968392182E-002
  0.717907392634475     
  0.597724529874024     
 -0.843293770592739     
 -0.260737431211344     
  2.207487359242480E-002
  0.361564355072141     
  2.921706759150629E-002
 -0.217170043361835     
  0.248712355904906     
 -0.278697398704662     
 -0.569706252632816     
  0.441085452930872     
  1.532256033670437E-004
 -0.773297696982593     
  0.636342528885902     
 -0.379109274096843     
  0.518711617776897     
  0.284907014497034     
 -0.537058308430512     
 -0.257933783920314     
  0.524720068896952     
 -0.659317138022481     
  3.634342954615666E-002
  0.541964283947192     
 -0.590274528121361     
  0.110601688156789     
  0.764255937830658     
 -0.125842306092633     
 -0.224632000821249     
  0.351184496414029     
 -0.182477887709014     
 -0.373854146305186     
 -0.126524503642969     
  0.256113511265871     
 -0.189630898020543     
  0.123322271494847     
 -0.286071348186997     
 -0.755076440561436     
 -0.146316565424365     
  0.179206121026465     
  0.243535908325643     
 -0.219756785959506     
 -0.142191481421649     
  0.278486004669296     
  0.103503154193463     
  0.139666494621512     
 -0.118949932621163     
 -0.437475121734510     
  0.515471973305393     
  0.177838540396566     
  4.816983790727019E-002
  0.265203922153391     
  9.337548585577952E-002
  0.228643873292634     
  0.915746749718731     
  0.368927921473637     
 -0.274696604930063     
 -0.320616977510827     
 -5.340276387824340E-003
  0.484174728059154     
  0.161309497022725     
 -8.748725697279783E-002
  1.231153830772859E-002
  6.571663375539755E-002
 -0.237228534517914     
  0.190821582051917     
  0.264665992133934     
  0.305489453468412     
  0.699420145722063     
 -0.375449197900500     
 -0.625053294127207     
  0.295256806956906     
  0.243630631045666     
 -0.451140725246405     
 -0.404289945976168     
  0.240799894425062     
 -0.485358153591628     
  0.192156523579244     
 -0.831080914700107     
 -0.134523049376165     
  0.787592886633935     
  0.639663385841329     
 -0.654074919469126     
 -4.711768760675181E-002
 -0.347429270366679     
  0.409280736870785     
  0.474504780578792     
 -0.535234614846560     
 -0.294455729760216     
  0.315143785405538     
  0.322250766948312     
 -0.346958756668876     
  0.146423908573877     
  0.474504852315847     
 -0.112055339937160     
  6.771686149920493E-002
  0.241419021536582     
 -0.204993296437894     
  0.710465857718564     
  0.166444642886328     
  0.219592360047329     
 -0.257901323211439     
 -0.317856777817068     
  6.522958564213174E-002
  0.571895267040375     
  9.479706571758327E-002
 -0.177167617522158     
 -0.576654991545304     
  1.279356992912510E-002
 -0.479185464866811     
 -7.722195019238226E-002
  8.776421896574904E-002
  2.834094272501408E-002
  0.634287403616571     
  0.380258774053078     
  -1.01862131331358     
  0.212777307142249     
 -3.265453602754931E-003
 -1.775469098138428E-003
  8.518289564551666E-002
 -0.186976704836035     
  0.495366397549520     
 -0.566425600342369     
  0.676870477873779     
  0.214844651149467     
  0.491612729370502     
 -2.951675254703452E-003
 -0.276855354314784     
  0.119949884906330     
 -0.130962108115529     
  0.118993274331126     
  0.620633639477382     
 -0.250729610551070     
 -0.652159605745256     
  0.305146180130051     
  0.188272286967698     
 -2.035753186501310E-002
 -0.216981219378789     
  0.396549657169509     
  0.408574053972836     
  7.391354372193575E-002
 -4.500034381231677E-002
 -0.441739122784046     
 -0.284174705734441     
  0.331934507717388     
  0.277883814505056     
 -0.516627111480552     
  0.432392569213881     
 -0.277340368887530     
 -0.169106500679312     
  0.122914936137082     
 -0.118697126600140     
  4.004699945893295E-002
 -0.153628767016564     
 -0.192717691584367     
 -0.190673587248836     
  4.388531676645617E-002
  0.153585681079874     
  0.897836781867345     
  0.149808680989004     
 -0.480837078671005     
  0.365371109759477     
 -0.220916310097766     
 -0.445860232126234     
 -0.363321456089488     
  0.489045236374388     
 -0.246711046317699     
 -0.226877446795358     
  0.233250608857270     
  4.098648129912198E-002
  0.268610372941645     
  0.526268454145097     
 -0.207739374759731     
 -0.488221665009604     
 -0.319863368093500     
  2.838591818062354E-002
  0.295311239814924     
 -0.163004707377110     
 -0.142038617922413     
 -0.207842890135077     
  0.199073111867387     
  0.573310551999310     
  0.639461668803460     
 -4.221220657184768E-002
 -0.171294131384212     
 -0.136795033483381     
  0.816513048338175     
  0.114378763877087     
  0.417995264930594     
  0.455867874320121     
 -0.381219733290101     
 -0.122174192615763     
 -0.176315450785593     
 -0.554235288196029     
  0.476786806401024     
  0.417781737557600     
 -0.333927910843857     
  2.065668551012633E-002
 -0.491355497534801     
  9.485787374780009E-002
 -0.177722356387073     
 -0.485984007335063     
  0.865629056560692     
 -0.257947328908685     
 -0.189499865461710     
 -5.595572863118562E-003
  0.197703680586368     
 -0.124996465494329     
 -0.223395455990063     
  0.351047464464371     
  0.154860190284831     
 -0.306523814387365     
  0.160117180719136     
  0.114104835823205     
 -0.321985078465364     
  5.446211715145124E-002
  0.238185852284917     
  7.030674140636940E-003
 -6.782443339028484E-002
  0.104557903025909     
 -0.311684519926953     
  0.282049313201941     
  0.602042591315307     
 -0.292333249280796     
 -0.779249123353747     
  0.301544851367192     
  0.100762858080740     
  0.689529943777138     
 -0.269388220321913     
 -0.177376128460509     
 -0.201370057341256     
  0.446564285565017     
  0.834123687603751     
  0.349821647788894     
 -0.102089346099076     
 -0.719304820945297     
 -0.260932967385635     
 -1.446963751162403E-002
  0.473646179319549     
   1.07749928672808     
  0.353908070275790     
 -0.367953403794566     
 -5.561757775941569E-004
  1.069371660134231E-002
 -0.701952328591423     
  0.149770746640205     
  0.566236578175702     
  0.337937504818497     
 -0.370862813469457     
 -0.382296941200260     
 -0.134601575074346     
  0.461453286376646     
  0.121243956338124     
  7.777112878661493E-002
  0.832622396122465     
 -0.403530940328972     
 -0.274777629362221     
 -0.268842083830345     
 -0.726513928028480     
 -0.174761156949795     
  2.129710964505860E-002
  5.975073574402610E-002
 -0.543117561116125     
  3.539220510763987E-002
  0.296956424058201     
 -0.314822561660310     
 -0.213592344371407     
  6.970576687178696E-002
  0.212224712301557     
 -9.504658392823404E-002
  5.079823845122224E-002
 -0.381309256364123     
 -0.566756443463533     
 -0.717313027731028     
 -0.360478315083810     
 -0.106420309310013     
 -0.379149450403396     
 -0.376959437828612     
 -0.275873740240618     
 -9.916586750942530E-002
 -9.671359894185794E-002
 -0.395863856936347     
 -7.934312357467711E-002
  0.129128081453055     
  0.150096639672752     
 -1.635625495619893E-002
 -7.474198949311818E-002
 -0.519784020415676     
 -0.560023546936063     
 -0.223428696195343     
  0.184344702641011     
  0.121884314951773     
 -0.377273788352662     
 -0.371003297317546     
 -0.366820249281873     
 -0.319264874465824     
 -0.295759082750817     
 -0.179828348236296     
 -0.588433721066254     
 -4.128659311267383E-002
  0.237733324677061     
 -0.137313343820593     
  1.574917521081752E-002
 -7.006288644630568E-002
 -0.347206412646139     
 -0.459897210266739     
  4.136760747410686E-002
  0.294048350216375     
  0.225232231659367     
 -2.948306199741972E-002
 -0.430163618861364     
 -0.191797920356460     
  0.369130297368075     
  0.180980082341920     
 -0.155193354881909     
  0.261982758352991     
 -1.281015664633181E-004
 -0.156471082662191     
  0.525276205975217     
  0.697987005392525     
 -0.139820209676219     
 -0.101021218632599     
  6.595894968073261E-002
 -0.119720458840832     
  0.364988275297495     
  0.519885973213330     
 -0.388216855775334     
  0.166360194848433     
  0.180789107034124     
 -0.237803335043888     
 -0.639616125314364     
 -0.274252706145198     
  0.280760637041070     
 -0.187339807627539     
 -0.244728005764898     
  6.851209323963496E-002
  0.514115261354457     
  0.651634444617876     
  5.111781988488368E-002
  0.361281864345230     
  0.460793861852312     
  0.302046351270564     
 -0.288917078794033     
 -0.633446644849591     
  0.583197759826679     
  0.485121936997676     
  0.157262812757337     
 -0.268239381401631     
  2.946125603191952E-003
  0.138907971059724     
  0.151538325226248     
 -0.211933473479152     
  0.176571881293276     
 -0.204144400650856     
 -0.778767333993907     
 -0.406605295019131     
  0.184383680763095     
 -0.146819518523479     
  0.368488581868983     
  0.228553303230400     
  9.803655169313458E-002
 -0.172610278184467     
 -7.749330057844386E-002
  0.327928363846565     
 -9.945814399156271E-002
 -0.108003020569749     
  0.128294576468408     
 -0.519688360886302     
  0.391461655890140     
  0.378581212676463     
 -0.415173474597805     
  2.035794418448859E-002
 -0.400331744371013     
  0.336940583360172     
  0.884696947594607     
  0.218981376102848     
 -6.557173334000274E-002
  0.150116154618759     
 -0.103228610200216     
 -8.786202173342279E-002
 -0.524501946615541     
  0.450560066319249     
  0.371742735271753     
  0.211233642768552     
 -0.251966384140429     
 -0.572907115278443     
  0.191369817617408     
  0.321782641848565     
  0.246176268627362     
  0.286444517462096     
 -0.259198536760508     
  9.095743892607443E-002
 -0.454605110364718     
  0.200658744553634     
 -0.376617355210358     
 -0.505374002524983     
  0.427586486280795     
 
  0.123760939008273     
 -0.398332814779043     
  0.290890374644818     
 -0.341948055751831     
 -0.185351237972230     
  0.273592243254326     
 -0.514450221134912     
  -1.13280372511168     
 -0.134808293860400     
 -0.415758132356035     
 -0.267423447143062     
 -0.182896492720768     
  7.362598476412544E-002
  0.353847768415027     
 -0.474840171040687     
  0.135615993099777     
 -0.135288756883013     
  0.514647863789886     
  0.593514130482666     
  2.381020400181806E-002
  0.283816066940138     
 -0.321318462034635     
  0.143682302394394     
  3.680220191439158E-002
 -0.315971251796075     
  0.379438823305095     
 -0.417399962907173     
 -0.182411429681153     
  0.389505117030715     
 -0.283389179554035     
 
 -0.125697918199327     
 -8.516143674684584E-002
  0.341960654366065     
 -9.933769828447665E-002
 -0.236365178065375     
  0.523700167174836     
 -0.232073288961222     
  0.645676996061875     
  0.255975911433726     
  3.711885217561892E-002
  0.258096542700334     
  0.246839094274918     
  1.585905791212328E-002
  0.422664332068302     
  5.229947861402893E-002
 -6.395621280184476E-002
 -7.394172182004910E-002
 -0.149026892317814     
 -0.208974492522909     
  -1.05096840063749     
 -0.151519713484419     
 -0.340661680201971     
 -0.200966660568597     
  6.072587101632602E-002
 -0.185480335814837     
 -0.196741995195768     
  7.660636807512031E-002
  0.519367890213247     
  0.354048711825320     
  0.255347538380408     
  0.116264093758260     
  0.437933023722997     
 -9.330800468071980E-002
  0.369889887744261     
  0.236008975107745     
 -0.491198649900500     
  0.505827027235151     
 -0.254630177355108     
 -4.890815538226390E-003
 -0.451817423671216     
  0.123314136052884     
 -0.232238337573681     
  0.487727918830103     
  0.386983012670584     
  0.116635047283985     
  0.147806010336332     
  0.259106487161083     
 -1.563242423198224E-002
 -0.538791571059320     
  0.228526224362693     
  5.802713253930161E-002
  0.203843363562433     
 -0.129419363656437     
  0.393727651177258     
 -0.163132750508887     
 -0.118236949155473     
 -0.540232562598322     
  0.277337447423071     
  0.277664428064453     
 -8.420196173858970E-002
 -0.118593280962474     
 -0.191391967850243     
  0.166385353259704     
 -0.320177520176460     
  0.734278015062037     
  0.419140577170688     
  0.241866432953640     
  0.258078741025814     
  0.160160243351281     
  4.845722482514002E-003
 -0.491024024240905     
 -0.424504806917002     
 -0.327020719534787     
  0.402798210578591     
 -0.301858424903505     
  0.372444875780549     
 -9.217305387794594E-002
 -0.370867958903193     
 -3.594420721446460E-003
 -0.109971311320550     
  0.185388310276564     
  3.544110560836811E-002
 -9.640894004706890E-002
 -0.387980723412673     
  0.376900529086132     
  0.155888527321705     
 -0.178006007534440     
 -0.313615284622099     
 -0.326572857520661     
 -0.469181347234730     
 -0.307475149878742     
 -0.202754195434334     
  0.164768231178913     
 -0.134019979729172     
  0.292697692980627     
 -0.418234396888336     
  0.189954179210730     
  0.277520876073568     
  0.272464213458927     
  0.157096824012590     
  0.410629187560748     
  2.906899098397024E-002
 -0.243960334278132     
  1.382376050187257E-002
  0.306181692459159     
  0.205490425860993     
  0.215363289380283     
  0.226180234303985     
  7.144434152963634E-002
 -0.370524461120431     
  0.388758602854436     
 -0.155441290500828     
  3.586796334043365E-002
  1.617412833813648E-002
 -8.247783416092001E-002
  0.152366826987303     
 -5.421293957008490E-002
 -0.161708985612075     
  4.722483485798475E-002
 -0.176167308949934     
 -0.111473314859005     
 -0.301597359015939     
  0.173750447879187     
 -0.212380254462171     
 -0.352035315391825     
 -0.547274906075154     
 -0.506904514062329     
 -0.168910788340531     
 -0.240344252042111     
 -0.295679046976689     
  0.305153236171931     
 -0.121882009506517     
  0.234123853648277     
  0.208905071214732     
 -0.148812206578712     
 -7.315120684732419E-002
  1.278028523104801E-002
 -0.210183986279298     
  0.342258408169144     
 -0.385470669414307     
 -0.270015731546877     
 -6.408954842054483E-002
  0.252312637178541     
 -0.228266598097510     
 -0.135705573776785     
 -5.541313029493274E-002
 -0.104312619345762     
 -0.163432014162525     
  0.324944690147225     
  0.497639485071673     
 -0.204143550342621     
  0.128400418221904     
 -0.220077771225056     
 -0.216706253554669     
  0.225987531387919     
  0.274902723933107     
 -0.455070046891468     
 -3.015988532968131E-002
  0.130620917663389     
  0.101426650325605     
 -4.602237509282261E-002
 -0.369274597104592     
  5.266699332841712E-002
 -0.197342350682580     
 -5.016681354477481E-002
 -0.291261377994104     
  6.952549844964917E-002
  6.030399003518769E-003
 -0.538132785479167     
  0.178828022125393     
  0.200973554309337     
  0.226733937040516     
  0.462796420760792     
  0.147266689688528     
 -9.544975472205333E-004
  0.249012065950309     
 -8.116987731259670E-002
 -0.175143116440540     
 -4.710692256378245E-002
  0.265067554676724     
 -0.624719453606847     
  0.320553753959470     
  0.413661904873241     
  0.113230655808046     
 -3.606981584235885E-002
 -0.244455915156161     
  0.446579230617457     
 -0.278326846706786     
 -3.115140600648001E-002
  0.393640275592834     
 -6.534595366963243E-002
 -0.383047841080429     
  0.111534235453262     
  2.462280782855501E-002
 -0.210709136082084     
  0.111594016058526     
  0.750376558681372     
 -0.615962970941996     
 -0.352406170790556     
  0.314974141375214     
 -0.266084728807485     
 -6.291844859196656E-002
 -4.620628265788700E-002
  0.997750661672819     
  0.486211491131981     
 -0.794913798837261     
 -0.310900688657647     
  0.241972419504870     
 -0.134100992372670     
 -0.160691685715701     
  0.437778808611677     
 -6.781412618412676E-003
  0.206929929177995     
 -0.589334449762369     
  3.491780380112858E-002
  9.877003307493644E-003
  6.881621751775001E-002
 -0.628787492674465     
 -0.531527540494772     
  0.268195264623049     
  0.407327300636143     
  0.939210289443684     
 -4.840008957307898E-002
 -0.259366258512046     
  0.253171542495989     
  0.241905173992047     
  0.146133297566521     
  0.355740562657976     
 -0.225244327733406     
  0.186379181152878     
  0.137275326489300     
 -0.373603009391273     
 -0.203726492514332     
 -0.538764587795493     
 -0.123604987950625     
  0.362882824847495     
  0.256495708929254     
  1.258538563719704E-002
  0.211949759860787     
 -0.142178020931847     
 -0.270633412308014     
 -0.424052956613318     
 -0.446835113869568     
 -8.991694961249613E-002
  0.217361422060953     
  7.830368483973914E-002
 -6.763884184491842E-002
 -0.149610773305895     
  0.501409908174503     
 -0.484000214510107     
  0.454952109161392     
 -7.154088852949689E-002
  0.156264351237641     
 -0.201310042495037     
 -5.794042098919387E-002
  0.277034776024019     
  0.147958201221053     
  0.257839316978971     
  0.281445271146559     
  5.400743433350305E-002
  0.129740806923910     
  1.895156737833222E-002
   1.01241570904456     
 -0.182738704072116     
 -0.285302337721459     
 -2.156508066876170E-002
 -0.170928226047528     
  0.261006391556103     
  3.106554547557602E-002
  4.535373982424491E-002
  3.557205172634206E-002
  0.160242255594430     
  0.209078809357415     
 -0.317946801120354     
 -0.122175341569952     
  0.159549410066182     
 -0.320859646284327     
 -0.353840075502245     
  0.380697506084155     
  0.434210304268499     
  0.274142653165671     
  0.383380566012747     
  0.469295002331960     
  0.170834097425089     
  0.201871476408259     
  5.574981115912508E-002
 -0.343696182127525     
 -0.791871066719803     
 -0.392072575056014     
 -0.175090510024807     
  0.127060725341327     
  0.645320376126079     
 -0.198599425506866     
  0.850655804192573     
  0.243781191179302     
  0.194677793549870     
  0.437024006090296     
  6.126810261243094E-002
 -0.463855158182148     
  0.570114051083242     
  0.298162629669196     
  0.182700546639813     
  0.847487513505206     
  0.427188030436483     
 -0.371032948819703     
 -0.135975795492145     
 -0.207177297034687     
  0.356906994159075     
 -0.100309000368282     
  0.462012922393325     
 -0.170957149482697     
  0.165722292919494     
  6.419631572871691E-002
 -0.574060360350344     
  0.791731222893116     
  1.394637716334660E-002
 -0.232660636781718     
  0.494899449250922     
  0.104898375173991     
  5.905551470037455E-002
 -6.859835653842956E-002
  9.151054867196289E-003
 -0.223871691227855     
 -0.116991125816301     
 -0.608426742351036     
  0.802899634573414     
  0.108512485793656     
  0.429609426347175     
  0.160602454981073     
  0.368002855648540     
  0.145806763023543     
  0.289286830516160     
 -0.132982709420155     
  0.215513606449207     
 -0.157422993377060     
 -9.324446541045595E-002
 -0.160502234749045     
  0.308846714106376     
 -0.229050935659616     
 -4.005335217583424E-002
 -0.317553955152804     
  7.598971538385457E-003
 -0.245159013079794     
 -0.270732367903658     
 -3.339472604938890E-002
 -5.429017953406289E-002
 -1.810454258537203E-002
 -0.211057026365669     
  0.367341671850048     
 -7.165132429573298E-002
 -6.738665601476584E-002
  7.543113600046530E-002
 -6.954352458364625E-002
  9.201849058980753E-002
  0.144236263713495     
  1.977972258764902E-002
 -1.030812915319918E-002
  0.140222534146001     
  0.223202887014529     
 -0.164707920286741     
 -0.175371249270498     
 -0.527622393701155     
  3.940925837341881E-002
 -7.158280266784284E-002
  0.477530449782451     
 -0.643057906549457     
  0.368651932025366     
  1.734557578617342E-002
 -0.206049768813053     
  8.182303862883927E-002
 -0.654126755112446     
 -5.018913198366018E-002
 -0.445680400680127     
 -7.499458168968505E-002
  8.301950996422452E-004
 -0.465762938769333     
 -0.542369283542648     
 -0.437112826046069     
 -0.702904173839494     
 -0.197507974268481     
 -0.322161004638947     
  0.338355944843237     
  0.646721430685118     
 -4.593060726670514E-002
 -0.530445772772128     
  0.592410054557762     
 -0.314892512474443     
  0.436675553836335     
 -0.840400579550993     
  0.380357712030053     
  0.218906543787900     
 -0.185846758083156     
  0.258260179366666     
 -0.232820862964039     
 -6.254736199912520E-002
 -3.652526498680297E-002
  0.171378291142377     
 -0.180563483444707     
 -8.933042553794195E-002
 -0.303337032445564     
 -0.132438434165852     
  0.450794107066687     
  0.287500091321313     
  9.839455737066564E-002
  8.980481143927616E-002
 -0.513959945841898     
  0.521779984162143     
 -0.198785751171764     
 -0.238428292493567     
 -0.101182913678146     
  0.357900433745995     
 -0.249841620358482     
 -0.218233951602623     
  0.481192112330788     
 -5.469905149499026E-002
  9.624728315223276E-002
 -0.179013886584342     
  0.907437276514099     
  0.184151939757322     
 -0.248000286018600     
  0.321268449673858     
  0.189594443904898     
  2.735159399418484E-002
  0.298141899439234     
 -0.550675391100863     
 -2.038145833305982E-002
  0.120087745435161     
 -3.115561415611237E-002
 -0.259277822565446     
  6.546680615780258E-002
 -0.132278365049299     
 -4.180376163527437E-002
  0.389883769551622     
 -6.395914064666493E-002
 -4.383659583792732E-002
  0.283519549818087     
 -6.256473468832313E-002
 -0.158102206450412     
 -0.390916037741072     
  0.196649679319584     
 -0.101947267798935     
 -0.263357941634567     
  3.506947355792140E-003
 -7.226772916200680E-002
 -0.653439171488905     
  1.390221066230932E-002
  0.123890251755416     
  0.356564237308638     
 -8.214682706149419E-003
  3.337391885125308E-002
  3.476031128827769E-002
 -0.139045037058333     
 -0.313750153944413     
 -0.462270502201081     
  0.267675131146122     
 -0.370552697078804     
  0.275595522521296     
 -0.277024818723876     
  0.106572858426293     
  0.429262022539709     
 -0.355295643534573     
 -9.571823333232944E-002
  0.261426134343942     
 -8.362554868190260E-002
  0.598159029298907     
  0.211123674073359     
 -2.217983034851922E-002
  0.465927145062685     
  0.193811398764202     
 -0.369502693294753     
  0.509645404045385     
  0.768269814535063     
  9.522144891303680E-002
  0.476108712843611     
  0.503820786348048     
  0.447817772839885     
 -0.238612378976430     
  0.140715910368487     
  0.528856758018351     
  0.105728071856875     
  0.279700778258919     
 -9.241227680681921E-002
 -8.137327311881272E-002
 -0.209561416530927     
 -0.123818840894856     
  0.146773782003548     
  0.174774467239645     
  0.105989215039926     
 -1.906258951797830E-002
  0.153515372679488     
  0.214221039364374     
  0.376148832025741     
  0.202478097298481     
  0.316825166302219     
  0.107252085696735     
 -0.266621773806579     
 -9.716629900012660E-002
 -0.196134372678956     
  0.180786598513059     
  0.502133107705069     
  0.494030393508887     
 -2.501661661064698E-002
  0.372994323673030     
 -9.545044739807262E-002
 -0.256860957762293     
  0.136271922254647     
 -0.125747746212507     
  0.271436015118437     
 -5.909329404587327E-002
 -6.958127431290185E-004
 -0.169776425676320     
  0.138719316921100     
  8.514563217576192E-002
 -0.538077917207471     
  0.210456585066919     
  0.181084287319987     
 -0.452521719160167     
 -9.892927360434968E-002
 -3.801959212605698E-002
  0.284837618817838     
  0.409421379394939     
  3.426698856954370E-002
 -0.119973284705079     
 -1.980917732424957E-002
  0.245618630057663     
  0.236734712628685     
 -0.106673658408587     
  0.103302831063322     
  0.342079708521937     
 -6.861631214142325E-002
 -9.731947573269052E-002
 -0.350824070729108     
  1.175548030809190E-002
 -0.229763047419061     
 -1.370828228887470E-002
 -0.369463042621492     
  0.277959024551418     
  0.371444255513879     
  3.801121487311190E-002
 -0.416973413390477     
  0.310546210517608     
 -0.292630804030409     
 -0.290797653129989     
 -0.431179248435017     
  0.299115260502255     
  3.580735998221049E-002
 -0.302206603445882     
 -0.150916184502219     
 -0.205825972458874     
  0.269048191841980     
  0.201387144815704     
  0.231342708111676     
 -0.526271472622851     
  2.354409422068923E-002
 -0.113659970799346     
  0.183251765794731     
 -5.912474986264146E-002
  0.580006869325320     
  0.324695840276795     
 -8.243694727568791E-002
 -0.351570073269613     
  0.102769746864609     
  0.547637531540566     
  0.555431362805723     
  7.207394090185537E-002
  0.157719689761177     
 -0.560659240138041     
 -0.258498969222283     
 -0.172767580679142     
  4.700172662605842E-002
 -9.960797229102489E-002
 -2.906096564319353E-004
  0.175985848333852     
 -0.103966339764960     
 -8.964609284857514E-002
 -3.072464210403470E-002
 -0.166879895663514     
  0.236865309735040     
  7.724303802506270E-002
  0.516759410028750     
 -7.902581315552230E-002
 -0.437839717067545     
 -4.738522128738442E-002
 -0.558989294013412     
 -2.987445883074076E-002
 -0.208248749194426     
  9.346548661843317E-002
  0.480231662771030     
 -0.141576289063736     
  0.451394130440096     
  0.297944354795269     
  0.103960410220335     
 -8.716461295483377E-002
 -0.111933792191040     
  0.211825258599277     
  0.167280977389026     
  0.251541446765208     
  0.426204107757832     
  0.450904510030511     
 -0.101185812458896     
 -0.244113726525478     
 -0.340115097745223     
  0.172525297042112     
 -0.309778027910172     
 -0.150523172758941     
 -0.477823561924115     
 -0.484642697767605     
 -0.463392167757571     
 -0.487091288732008     
 -0.534328542675664     
 -0.619381073027021     
  7.281831207632822E-002
  0.315211892539124     
 -0.188707294558220     
 -1.786967640059424E-002
 -0.199259066392567     
  3.962797142798512E-002
 -0.331835572759310     
 -0.201392804821167     
  6.818783855777519E-002
 -6.336852926056550E-003
  0.240829487405034     
 -0.380330789103121     
 -0.395684638403319     
 -0.478578345244132     
 -0.277510645000573     
 -0.124281419365878     
  8.552176894558641E-003
  0.326463716757977     
 -0.108566795339368     
 -0.120705234047166     
 -0.338612790876383     
  0.318672127485862     
  0.539969459227231     
  0.233735894019587     
  8.373855238547477E-002
  3.071735812522031E-003
 -0.326095718547960     
 -0.121126817210727     
  0.183695224070890     
  5.566254739605240E-002
 -0.326169453019658     
 -0.126528659465633     
  0.149717613512963     
 -1.411741523056763E-002
  7.044173074350031E-002
 -0.476751492545565     
 -0.293831989046813     
 -0.632163684577056     
 -0.480443458282084     
 -0.336852722454592     
 -5.232815905446148E-002
 -2.066492249592600E-003
 -0.476809532506616     
  0.160484281807921     
 -7.046517915604887E-002
  0.208426881166695     
  0.578431634599848     
 -0.101091418624302     
  0.509361088744920     
 -0.355241124755510     
  0.723411939256810     
  0.370294108156178     
  0.216839594664702     
  0.130306200911021     
 -0.364660391739511     
  0.105267043821133     
 -0.273947416831604     
 -0.151465660349544     
 -0.213444780220010     
  0.477931681127430     
 -0.385412383072004     
  0.300809785941347     
  6.435065302268281E-002
  3.567551384191211E-003
 -0.201069583799690     
 -0.403324054907391     
 -0.428880455541271     
  0.614987053885643     
  0.419176938539315     
  0.395521983866335     
 -0.364434913191741     
 -3.295171184201329E-002
 -0.544720566587021     
 -0.809602923547634     
  0.248837672547351     
  4.606635934107063E-002
 -0.117561114205892     
 -0.182402665872796     
  0.649610043591743     
  3.091238127245856E-002
 -0.514208726210538     
  0.215742069976191     
  0.185289198300084     
  0.471314736010348     
 -0.151552001033828     
 -0.265911235093649     
 -0.234281073883119     
  0.277412659158924     
  2.439718070486678E-002
  0.313515169929976     
 -1.107095827924081E-002
  0.245666764046796     
 -0.324450840252078     
  0.384268785897081     
 -0.189325085945110     
  8.234599111218072E-002
  4.167578474612304E-002
 -0.243653002569743     
 -0.825958450498888     
  0.110243008949853     
  0.249220274652522     
  0.237510483158255     
  0.209595714649353     
  3.050792005319677E-002
  0.401698024367866     
  2.590469615360123E-002
 -9.753857668422436E-002
  0.211617511889744     
 -9.915487908823169E-002
 -1.608013086280987E-002
 -4.349673040125509E-002
  0.114553327425894     
  0.188656829356103     
  3.756209276582145E-002
 -0.140612747326509     
  4.872593156762467E-002
  0.219719825738870     
 -8.428025422946481E-002
  0.242056111091074     
  0.146318947418002     
 -7.991767333980151E-002
 -0.120483254039316     
  0.303526653660204     
  5.168940255962715E-002
  2.211769440306930E-002
 -9.979947201332579E-002
 -2.683277929262906E-002
  4.560940648137330E-002
  8.190343921098514E-002
 -8.954849572258958E-002
 -0.432187194180010     
 -0.416895648592314     
  0.103342545438437     
 -1.963507334382208E-002
  0.215788419946668     
  0.139585844054130     
  0.161271969016454     
 -0.327385923189694     
  6.703614699215082E-002
 -0.244592694450506     
 -0.380141800656211     
 -4.958449867524836E-002
 -0.187150289609950     
 -0.120517928476417     
 -4.119706846270283E-003
 -0.373129140026704     
  5.253441009041194E-002
 -0.134940846027567     
  9.712117461024040E-002
 -0.270782758709555     
 -0.169003362633319     
 -1.300765555925161E-002
  0.262107787057005     
  5.532618433927006E-002
  0.156395286227025     
  0.152929810352200     
 -0.152055910287468     
 -0.113976081129487     
  0.112642691813161     
  0.114380137373423     
  9.719536868803381E-002
 -0.227287285172450     
  8.130072529798149E-002
  0.245772625148479     
 -8.560825956135540E-002
  2.308316699067866E-003
 -3.039381353261998E-002
  0.192899761750368     
 -0.240430188878621     
 -0.149774451816775     
 -0.146251955264081     
  4.890935635775728E-002
  0.366979279159823     
 -0.216383645461787     
  2.911151541571234E-002
  0.151820905869962     
 -7.496421309043680E-002
 -7.560639200947485E-002
  0.357993605924156     
 -0.216643361620355     
  0.261451855064621     
 -0.193462264640861     
 -0.207786943428638     
 -5.779407525290292E-002
 -0.190366429635257     
 -1.208630129486484E-002
  0.155367779729275     
 -0.102276181832200     
 -7.759982672168447E-002
 -0.158568587057769     
 -9.170925751330826E-002
  0.140939214534697     
  0.126222221061978     
 -0.114507582082131     
 -0.159892970362779     
 -0.272486652509995     
  0.226132849243942     
  0.355468640065964     
 -0.246084068595652     
 -0.217915980771648     
 -0.233320969117963     
  9.920249513854078E-002
  1.079261592544873E-002
  5.220115724160160E-002
  4.138147742037970E-002
 -0.354614439536399     
 -0.151316352355572     
  0.664027053797515     
  0.452045923751114     
  0.127195645785452     
  0.146758384855613     
  0.339288279968290     
 -2.782871806518877E-002
 -0.238508064306088     
 -0.193275289548829     
 -4.360431118167484E-002
 -0.150494720385271     
  7.634288265390433E-002
 -0.340464788961381     
  0.112435601701673     
  0.128685020926387     
  0.151632000597624     
 -6.150310304834553E-003
 -0.182432387091652     
 -0.200096830778600     
 -0.232087841813755     
  5.029969577375792E-002
 -0.319031812489574     
  0.178106868350590     
 -0.107294455228503     
  0.202857563954694     
 -0.186784470121696     
 -6.485749608583456E-002
 -0.206053476485173     
 -6.284364974919891E-002
  0.481856544163424     
 -0.724067950319626     
 -3.969607669172601E-002
  0.142693560714915     
 -0.109958231972716     
  0.175672276701174     
  0.458901188051040     
 -0.106503239467739     
 -0.382399935479637     
  0.373436368569948     
 -6.093260487122160E-002
  6.161487365100479E-002
  3.667156307952900E-003
 -0.157758454196517     
  0.147331975181567     
  0.498907576125814     
 -0.493920339177380     
  0.147310211474607     
 -0.405140921907514     
 -0.362068689075765     
  6.478453820615415E-002
 -4.875545754758779E-002
  0.148312910163867     
  9.299221064165281E-002
 -0.269284236590525     
  0.529312409323905     
  0.309898839058695     
 -7.757538977576814E-002
  5.044262293095338E-002
 -7.123713425899024E-002
 -0.266100736953220     
 -0.114204156017391     
 -4.001937044106651E-002
  0.288086305188268     
 -0.161747426986877     
  0.195271330934268     
 -0.200120367694635     
  0.325212334620438     
 -0.151315094364675     
  0.189461937782934     
 -0.494296321617700     
 -0.431035644131274     
  0.202340896318685     
  0.517032406337699     
 -0.351508960408817     
  0.114124852687422     
  0.422913074627678     
  0.601662081761460     
 -5.850816952191326E-003
  3.536836674531701E-002
 -8.310432886603077E-002
 -0.160672490116011     
 -2.723229924612370E-002
  0.182120775896832     
 
  0.219233483642633     
  0.210611265929638     
  0.490422860956091     
 -0.381202804257895     
  0.141423014586568     
 -9.013626660252513E-002
  0.238120564255023     
 -0.307282086584675     
  0.453413738284742     
 -0.357618448666221     
 -0.296851084437899     
 -0.130741758248339     
  0.741102540127707     
  9.632365519025585E-002
  0.109720046762812     
  0.332608362592253     
  0.379967481908379     
  6.195728744575665E-002
 -0.141713375928367     
  0.162303034061693     
  0.346298212655682     
  0.192636053496294     
  0.154554051862314     
  6.198392675243204E-002
 -0.109007982677797     
 -4.072467990516659E-002
 -7.991529685983297E-002
 -0.177154044654036     
  0.161459383918264     
  4.359247681846434E-002
 
  0.935162861746758     
  0.168852859323023     
   1.70108836610522     
 -0.138300429216593     
  -1.88156452535053     
   2.39770392309242     
 -0.918728055155380     
 -0.386515909268013     
  0.746970991903885     
  0.635233911331887     
   6.12088815916113     
 -0.609924472500488     
  3.521489069785361E-002
 -0.189172750227672     
   2.99441818113620     
 -0.165557742352922     
   1.57253689864621     
 -0.852853948404391     
   5.09432303220374     
 -0.725872718968051     
   1.01424879140557     
  -1.60221374983920     
  0.971786094933899     
   1.18522381259814     
 -0.475516782060473     
   1.89073344608003     
  -2.48678043012849     
 -0.200684579114163     
   2.11743257689711     
  -1.47201422960047     
 
 -1.366165487804878E-003
 
  tansig  tansig 
