     33 -    30 -    30 -     1 
rmse=  63.4352meV
 -0.114501540546332     
  0.234733663004494     
 -0.498033233661354     
  0.818950025821967     
 -0.230281247786801     
  0.476875071149527     
  0.360716322273861     
 -0.131249485519637     
  0.405213745278743     
 -8.819186980988268E-002
 -0.289046909164693     
 -0.119449561915142     
  0.213831915362601     
 -0.158429441807429     
  1.785561570391246E-002
 -0.163957428224100     
  3.326819505221674E-002
  0.204858744198553     
 -0.117343323580377     
  1.771355006488841E-002
  0.143062470777785     
 -7.117507872439963E-002
  7.248194136079553E-002
 -0.117316186011143     
  2.113968957483149E-002
  6.749249272991374E-002
  4.991262136249890E-002
 -0.202540721335081     
 -6.143082091520604E-002
  0.194182517074379     
 -0.284165922122665     
  0.278768102553576     
 -0.499348413148394     
 -0.281770570779173     
  0.610688886023541     
  0.229835813680201     
 -2.834973864970074E-002
 -0.263560363085491     
  0.139885976416444     
  -1.03168429183226     
  0.180140185936360     
 -3.213636828891868E-002
  0.492010694521342     
 -0.177035592040826     
  0.255689597059327     
 -0.497742385019302     
  0.131743049263657     
 -2.234197096208940E-002
  0.473242355670273     
 -7.316733119631966E-002
  0.166929130888999     
 -8.570940613867495E-002
  9.785708531635937E-003
 -8.834449829003217E-002
  9.061190563433252E-002
  0.155333082974103     
 -0.486873514506107     
  3.264070931687445E-002
 -0.208085523366304     
  0.549771475342462     
  0.163476319635337     
  1.089928041246375E-002
 -0.129403531716248     
 -5.390566008443869E-002
 -0.157775753079777     
 -0.335580353657514     
 -0.289020747268553     
  2.970582849367040E-003
  0.123584881192278     
  2.632859777267484E-002
 -2.148797758329086E-003
 -6.048253315808600E-003
  0.223442651536595     
 -2.317525114069365E-002
  0.109413567000660     
 -4.315225904431889E-002
  8.485593119509335E-002
  0.316757493216193     
 -3.592599561439321E-002
  0.261845684026038     
  8.208882069946849E-003
 -0.111898870633790     
  5.740779196446514E-002
 -0.161558923252366     
 -6.114804960094657E-002
  8.784169127501816E-002
 -0.153970456233789     
 -9.887374047914621E-002
 -0.208937983151185     
 -3.401924565443732E-002
  2.225089835085762E-002
 -0.318208854643305     
  0.237853810310119     
  7.802658367906602E-002
 -0.118525770656675     
  6.343714957590051E-002
 -4.548732523391505E-002
  5.153545838865560E-002
  0.130326442407568     
  6.151030351561564E-002
  0.467895350303002     
 -1.717902084993688E-003
 -0.130972232035480     
 -4.176254509981603E-002
 -5.488646736934468E-002
 -0.121946769038784     
  0.354942744788825     
 -0.348922925654153     
 -9.716220144941860E-002
  6.743360473301595E-002
  7.408421593025385E-002
 -2.617587685996038E-003
  0.106405899394689     
 -0.132913504231186     
  0.367375527635681     
 -2.404908429070555E-002
 -0.174789955781751     
  0.276051554694283     
 -0.103434992143417     
  0.200859301017550     
  7.102792176134370E-003
 -0.133349430111450     
 -0.214012862840735     
  5.251494097881048E-002
 -0.255458413621488     
  0.221964637448009     
 -0.244491064706684     
 -2.795664033157056E-002
  0.266667970512594     
 -0.241680408096210     
  0.207840796234008     
 -0.362704259685374     
 -0.263615292329257     
 -0.358061532263523     
  0.547768333412782     
 -0.779181244026171     
  0.166323864863532     
 -0.146340667089884     
  0.546104664136791     
  0.324209353200242     
 -0.655987082314383     
  0.125684601369996     
  0.429278450085951     
  3.268609162554070E-003
  5.181656963643541E-003
  2.271553952166657E-002
  6.225562748638598E-002
  3.684694276954464E-003
  1.233037445588964E-002
  0.636263791768213     
 -0.190275674547536     
 -4.243016112306915E-002
  0.392202883013027     
 -0.190250482088098     
  7.468603716761688E-002
 -0.163101529383695     
 -3.456819306790331E-002
  0.522107246707519     
 -0.432687834879754     
  6.767021368252701E-003
  3.001044632040870E-002
 -0.117495583838202     
 -4.330005109591247E-002
  7.474570442903240E-002
 -0.316719749073088     
 -0.180747526050396     
  0.801014240435622     
 -0.344822097471360     
  0.152482234764810     
 -0.170614327467417     
 -0.258397565551525     
 -0.627274226478832     
  0.671250447859457     
  6.613575707999451E-002
  0.122264723662898     
 -0.359717880433897     
  0.178949860047367     
 -0.868880438724712     
 -0.108752586921977     
  0.137424763488899     
 -6.665008120239652E-002
 -2.582274031022310E-003
  0.214789681828770     
 -0.111020233819283     
  1.411963378213206E-002
  0.123382046367229     
  8.770528664390971E-003
  0.352361321266151     
 -0.161986513149282     
  9.734990999950203E-003
 -7.764578424710511E-002
  0.375946715884463     
 -8.986194127184968E-002
 -4.216995741516849E-002
  1.667388670878058E-002
 -0.228886344214064     
  0.104874446631296     
 -0.138213057729124     
  0.459338299682093     
  0.229392785977143     
  0.296236019731419     
 -0.999752401783908     
  0.391440607344607     
 -0.177156624813566     
  0.344251017965827     
 -0.293548601257789     
  4.895638614017356E-002
  0.579579021466106     
 -7.436374488616161E-002
  0.297016191320233     
 -0.316865523116060     
 -0.154630904366646     
  0.259858908248404     
 -0.105583780862757     
  6.190280305460275E-002
 -0.337805076639933     
 -3.970904624410479E-002
 -4.790828645794401E-003
 -0.128162274762635     
 -0.101730719060285     
  0.197867173692644     
  0.394871883324804     
 -0.119924396733664     
  0.331064316612419     
 -0.350673683689033     
  0.386909204700790     
 -0.165912368601617     
  5.523840473837854E-003
 -3.837282707330463E-002
 -0.194733441686094     
 -0.173735838608947     
  0.549808322005860     
  6.903595912497003E-002
 -7.265469941626068E-002
 -0.798542011266661     
  0.163503381915104     
 -0.290581417518912     
 -0.237053577387540     
  0.383891124543976     
  2.539219424189435E-003
 -0.266420822386086     
  0.706813217614718     
 -0.190852820221280     
  0.163086989744222     
  0.273293763025102     
 -0.110408988130872     
  6.287948039008770E-002
  5.747601118133280E-002
 -0.346848111264957     
  0.166410377644002     
 -2.036145973219715E-002
 -4.739379088633659E-002
  4.583280652929962E-002
  3.849082746069390E-003
  8.525958465884061E-003
  1.252414627739395E-002
 -2.850114528096793E-002
 -8.608756331872983E-002
 -3.497469682852958E-002
 -6.748773566752934E-002
  0.130851819339556     
 -7.210646511449337E-002
  0.123936931722083     
 -0.197987998860090     
 -1.234242336073930E-002
  0.511458509514260     
 -0.747877246774631     
  3.758072690093283E-002
  0.551027497369559     
 -0.258761223391213     
 -0.232105692566305     
  0.554938166222490     
 -0.861952590863493     
  5.437823533790657E-003
 -0.473949477559212     
  0.168981395665464     
 -9.879319235846304E-002
  0.155580227071806     
  0.332434208079924     
 -0.587734891042289     
  5.897160660059249E-002
 -0.106903768014798     
 -0.111735048514939     
  2.166986061097800E-002
  0.135977610676865     
 -0.109946672114673     
 -8.616103448848711E-002
  2.327610030866340E-002
 -4.825059481335212E-002
 -0.125175356083091     
 -0.347281329302045     
  0.188298522732102     
  8.019449031535131E-002
 -0.316455688833233     
  0.214563874079742     
  9.868040700986312E-002
 -0.136037260610017     
 -0.613877379086954     
 -6.596171753734505E-002
 -0.330421064773408     
  2.075557899061580E-002
 -6.890168410246840E-002
 -0.570722855961832     
  -1.00777905532981     
  0.207941594429235     
 -0.473245840446279     
  0.579125735829965     
  0.283489835369712     
  0.226726572016312     
 -0.309051085827529     
 -0.378572790067886     
 -8.382651549221674E-002
 -0.155043538173325     
  0.117343846935964     
  0.504488533243295     
  2.401503997190559E-002
 -7.960701097438558E-002
 -4.315488034722315E-002
 -8.823264827728472E-003
  0.401378320841774     
  0.331142918187942     
 -1.068607192464661E-002
  0.107321203534147     
  0.115749488837830     
  4.425116188686554E-002
  2.289888326279327E-002
  3.887273010090302E-002
 -1.493340866644790E-002
 -0.285225120559547     
 -0.297202384682654     
  0.372299173095389     
 -0.529738986221769     
 -0.755883578123306     
 -8.110792915429715E-002
  0.728117074493306     
 -0.642588924176580     
 -0.317238083067066     
 -0.239610050179949     
 -0.106699434118441     
 -0.412024338985913     
 -9.625148571716156E-002
 -0.240769605966863     
  5.152973811426793E-003
 -1.427148910924878E-002
  1.835745030321395E-002
  0.705125349368483     
 -0.218795619929311     
 -9.584512302639506E-002
  0.233382204124650     
 -5.629346071774331E-002
  0.294579591879849     
 -1.716730523588084E-002
  0.107185314889031     
   1.19836649488892     
 -0.180627845358033     
  7.153874289448961E-002
  0.142693367852602     
 -0.393312881944750     
  0.320993805820162     
  2.426359742647515E-002
  1.516520390862905E-002
  0.233434891414306     
 -0.207481084584782     
 -0.335207235354104     
 -0.310847780215804     
 -3.911310074882708E-002
  0.270048406975139     
 -0.308771454893635     
  0.752470540529765     
  7.299198141154796E-002
 -0.924844182305196     
  0.434778699936259     
  0.268046417371526     
 -0.280318730609485     
  0.355039116493886     
 -0.238518143115221     
  0.290726371505679     
 -8.672165238555775E-002
  0.436826682411147     
 -0.227849651431010     
 -0.198052357400243     
  0.399628501952021     
 -7.993068175685822E-002
 -0.159987902242067     
  0.155019078845838     
 -9.977633148399283E-002
  0.108170290863242     
  1.668002074732646E-002
 -0.272355461465575     
  0.477242822417082     
 -0.139972982446117     
  7.426998260444394E-002
  0.271688059555138     
 -0.250846257714002     
 -3.530534185882424E-002
 -0.103291916656489     
 -4.430293092495305E-002
 -0.395661480282303     
 -0.628094523988137     
  0.291251958061149     
  2.263723442337848E-002
 -3.536686205300307E-002
  0.497539950367927     
  2.286297407786939E-002
 -0.298844080416135     
 -2.827275250572268E-002
 -0.998508944157701     
  0.335937391878852     
  0.190654920870271     
  9.645466080362466E-002
 -0.141604535811639     
  0.174002768757571     
 -0.110984686311907     
  0.144523431868062     
 -5.966819494506944E-002
  3.810148657305475E-002
 -0.168593134867309     
  4.327482160472446E-002
 -0.280069543004425     
 -0.169948927693657     
  3.424928712402941E-003
  0.322779846284769     
 -7.262128380521218E-002
 -0.298329980143580     
  8.833064678727018E-002
  0.139208662011378     
 -0.103116568235234     
 -4.427034797972225E-003
   1.01457298744816     
  5.430404116236474E-002
  0.192864609263914     
  0.623519622569122     
  0.454461351498746     
 -0.378177915341290     
 -0.406067799209499     
 -0.246730449183757     
 -0.158034514350583     
 -2.424693039069140E-002
  0.287157821286777     
 -0.280497274382557     
  6.332354574330154E-002
  0.113009898986831     
  0.356585823140331     
  2.905228216817646E-002
  4.514268705751442E-002
  5.967972308514458E-002
 -0.423811523470967     
  0.121681810112379     
  2.901401662852583E-002
 -0.395190118095817     
  0.272687891049354     
 -0.330539546830225     
 -0.200432981680045     
  6.087303792381791E-002
  3.041373211925322E-002
 -0.112944270776796     
  0.240543379166680     
  1.697245662150929E-002
  0.100208659425286     
 -0.279485312643722     
  0.127579489931544     
 -0.487601074179686     
  0.145482723083738     
  0.521169037231102     
 -5.583781103635707E-002
  0.151629898608578     
  0.459701877539264     
  1.755301953568469E-002
 -0.457185461340264     
  0.585469190172791     
  0.261085990594837     
 -1.971155345450673E-002
  0.148428727534620     
 -0.525313405106928     
 -0.341151389915432     
 -5.897011765287934E-002
  0.153462173962102     
 -0.137601503212418     
 -4.035200473122812E-002
  2.524666041681004E-002
  0.203946697127824     
 -0.105852848911334     
 -0.166118640075309     
 -7.439180848833411E-002
  0.376564856174350     
  0.105968282992647     
 -7.005212866511849E-002
 -4.917083156687966E-002
  7.736283512403355E-002
 -2.476240707444012E-002
 -8.416008596117704E-002
  0.198867327837610     
 -0.203962461423592     
  1.772960336255649E-003
  0.192111879045594     
 -0.333897373234815     
  0.164954932449433     
 -0.413783747949465     
  0.617108956754979     
  0.314957726246304     
 -4.387008179871742E-002
 -0.236647844279146     
 -6.984976367070204E-002
 -0.452443741030263     
 -0.617311565280428     
 -0.127248445278188     
  0.193103194398755     
 -0.115495620210666     
 -5.036674905395809E-002
  0.147569397570495     
  0.317620940478641     
 -9.504943546697289E-002
 -0.589073192592161     
  0.177528452159062     
  8.257035852771544E-003
  0.225053525310057     
 -5.752097584663021E-002
 -0.213708888261280     
  0.551042699690194     
 -7.314132653839166E-002
 -0.217274487284568     
  0.128602148467418     
  3.945871344250373E-002
  0.141024531382356     
 -0.232281027586293     
  0.411425026319329     
  0.163337014310320     
 -0.230384454013347     
  0.220065166398627     
  0.192342242016247     
 -0.422249943980345     
  0.670378703236033     
  0.167447789809103     
 -0.260729694071831     
 -0.129567723787112     
  8.605352051506967E-003
 -0.407813549536340     
  0.402225164287026     
 -0.643841808386739     
  0.414020505783419     
  1.756709957845570E-002
  0.203103274405038     
  7.574025796738120E-003
  0.107846563752972     
  2.564585613901132E-002
 -0.311985405108019     
  0.118085831971687     
 -5.698611048828343E-003
 -0.102692174254576     
 -1.269977318001991E-002
 -0.262322466558232     
  2.769606754732960E-002
  3.282658145462108E-003
 -0.487703083938876     
  0.418691395029455     
 -1.815603426125187E-002
 -0.156644873500923     
  0.307407680736987     
 -0.258099281176758     
 -1.472980379237137E-002
  0.249399566551736     
 -0.339595014641353     
  7.302686743095421E-003
 -0.584714067193793     
  6.199776133524767E-002
 -0.113709992348426     
  0.221362203488853     
 -0.529112003974719     
 -0.139351484540874     
 -0.430248520980085     
 -6.914134282538960E-003
  0.527091339424935     
  0.162136990899286     
  0.782245730243838     
 -0.684370362997383     
 -0.164625438093713     
  0.122653247156163     
 -5.846092977977204E-003
  0.259337234375805     
 -4.373963293208407E-002
  5.087175419494210E-002
 -9.828982797989259E-002
 -3.248119527808239E-002
 -7.964913101464097E-002
 -0.365970474252517     
  0.103364581750846     
 -0.409276238855942     
  9.441746538126825E-002
  0.203540654706653     
  0.124870016531207     
 -0.198440882097772     
  0.275352667389672     
 -0.156155434152401     
  6.025834787489176E-002
  0.654733466718088     
  0.200181890422171     
  0.158302547722817     
  0.458285206348021     
   1.09015872834239     
 -6.751770438797627E-002
 -0.480758455629235     
  8.394425129005080E-002
 -8.024153962932687E-002
  0.126383162893328     
 -0.297916468301451     
   1.25902898991683     
  0.323809894597500     
  -1.22189383663800     
 -0.563944044581921     
   1.63479043534454     
  -1.41567991114017     
 -0.392238661757060     
   1.51048658763018     
   2.45747589484567     
  0.836196091878616     
  -2.23640620931440     
  -2.50476159192708     
  0.697839406814320     
   2.55101814644724     
   1.53867903049940     
  -1.01283747712788     
   1.54135416651819     
  -3.56217401417057     
  0.402774564781453     
  0.611607735961520     
 -0.860445786962581     
  -1.17381721499863     
  0.634918878338139     
 -0.233264823124625     
 -3.922879647973764E-002
  -1.36673211428615     
  0.409516205399077     
  0.180161755803718     
 -0.213500557507121     
 -0.751492451171775     
  0.902023863604586     
 -0.107086484771975     
  0.171670525643633     
 -0.174855788829610     
  3.901859914140589E-002
  0.111522813199198     
 -0.117707558084187     
  0.295317973120405     
 -3.660251100803019E-002
 -0.343227908594031     
  0.323003346546090     
 -4.605915404397223E-002
 -0.155116869726832     
  0.101088633389523     
  5.593128910555600E-002
  0.105401294090442     
 -3.489331997327975E-002
  0.379574579320655     
 -0.510817986384025     
  0.146668092997007     
  3.682710053137523E-003
  9.775881997146257E-002
  5.353976563720036E-002
 -0.156970460648033     
  0.388142321520544     
 -0.682273782100507     
 -0.218095290585350     
  0.485662235520328     
 -0.527059478861659     
 -0.120908156465208     
 -0.353182949415986     
 -0.292077028581305     
 -0.321897539987762     
 -0.415592640985789     
  0.362334608703767     
 -0.482661712207009     
  0.462763365790579     
  5.713885238191883E-002
 -0.143922306250791     
 -0.147536901605422     
  0.236595139909863     
 -2.959455158440710E-002
  0.195918970236671     
  9.439033762497238E-002
 -0.104868319242719     
  0.203054013356546     
  4.256263140300123E-002
 -0.235590722376135     
  0.273841125243505     
 -7.410336435289397E-003
  0.127539134121806     
  0.109723103783456     
  2.051749459521534E-002
  3.280235322175612E-002
  0.189642565247602     
 -0.149498499288613     
 -3.224177610072966E-002
 -0.407812635324260     
  0.226451173530292     
  0.416051132256281     
  0.249624968778003     
 -0.231313912532675     
  0.130137518443609     
 -0.527942326346884     
 -8.291518198249727E-002
  0.189847136005565     
 -0.387588642365215     
  3.380097667092355E-002
 -1.957726865160428E-002
 -0.176581514465238     
 -0.150479882409051     
 -0.232871747357492     
  0.179715490253275     
 -0.159923369978653     
 -8.062146643645334E-003
  5.577868202458369E-003
 -0.203411806918502     
  0.127661781749255     
 -0.195095103435948     
 -0.123043980516142     
  0.187572239697235     
 -0.253480051809942     
 -3.628455747972819E-002
  0.451120386014475     
 -0.386580258620555     
  0.316557954494188     
  0.157454800956086     
 -0.428193476519736     
  0.356855604074627     
 -0.179731980994045     
  0.570397365895399     
  0.115728240489176     
 -5.224816581131447E-002
 -0.292158051980973     
 -0.326536698614105     
  0.636788770021142     
  -1.04299535224243     
 -0.503982035821073     
 -0.346020894415356     
 -0.290719865180495     
 -3.642846185603199E-002
 -0.538767273403049     
  5.282439165085560E-002
 -0.337617425517504     
 -0.104424199713168     
 -0.171974436087400     
  0.837707305393329     
  9.488304150955142E-003
  0.292071152170333     
  2.222717185777737E-002
 -8.993852975226214E-002
  0.465150819532538     
 -0.106595845194727     
  0.103049052574815     
  0.847445190625981     
 -0.126715413725195     
  0.206909130472684     
 -0.171087360842917     
 -0.387889207841538     
  0.324251896825995     
  0.528932959920015     
 -0.530106557855399     
  0.332297399178943     
 -3.511171926958247E-003
  8.216913318932010E-003
 -0.146267472593656     
 -0.244306149085083     
  0.276511911021986     
 -0.135205557115173     
  0.812562874983047     
  0.129887454266691     
 -0.654365193543723     
 -0.562006812682946     
  0.375831827598919     
  0.804212453097103     
  0.117337227762010     
  0.165807210861404     
 -9.588020664988435E-003
  6.896296984821125E-002
  0.396019586970792     
 -0.178386817284565     
 -0.279181274831989     
  0.206997474637678     
 -7.365224028145653E-002
  0.123111191855283     
  7.167425682851829E-002
 -0.205895359091930     
 -0.155953822014325     
 -3.650783117114467E-002
  0.276647899920312     
 -8.951234395096232E-002
 -0.129581751256307     
  4.167978393002321E-002
  0.375773396368089     
 -0.356465419928019     
  0.163495683837632     
  -1.13894928496221     
 -0.236428884696444     
 -0.237746254183018     
 -0.587044061943144     
  3.997322929087152E-002
 -4.027487653190918E-002
  0.337462345289203     
 -7.991217451588239E-002
 -0.496443854129943     
  0.377072283744974     
  0.428001836149536     
 -0.631803024407985     
  0.429359244146120     
  0.259280602747557     
  0.508235145579845     
 -0.437139333171513     
  0.554838376186632     
  9.306392767850728E-003
 -0.419165263251450     
  0.568339152767539     
 -0.259652499661414     
  0.214668388582867     
  0.130964226954765     
 -0.558574949384537     
  0.399397424881533     
  6.104727821181809E-002
 -0.698778194382792     
  0.404244339845023     
 -0.157903284456357     
 -0.190028256802969     
  0.538261480634155     
 -0.451493278150309     
 -1.935826027622875E-002
 -0.230092954768120     
 -0.385315339324962     
 -0.421646004261473     
  0.133455776275377     
 -0.493964789468393     
  0.836951916186481     
 -5.456091501720012E-002
  0.802270822301687     
  0.739099646128529     
 -0.722226595999687     
  0.147838047787093     
 -7.148019207189367E-002
  0.215842300068543     
 -0.434618451380931     
  0.151337762895589     
 -6.193737641610245E-002
 -0.582944361496179     
  2.799486905760974E-003
  0.521892952203398     
  0.374714127390307     
 -0.214181489586873     
  0.207522732082303     
 -3.963072648290579E-002
  0.306217327093909     
  0.112332451251115     
 -6.103853119331130E-002
 -0.378831791126174     
 -0.251325508613877     
 -0.557060422595192     
 -3.199469931628031E-002
  5.745583823207712E-002
  1.897285663351560E-002
 -2.727241279935914E-002
 -0.204308853084348     
 -7.260436795738270E-002
 -0.392100698504185     
  0.100435141427028     
 -0.147194670198908     
  0.268998467105356     
  0.434471261696693     
  0.726195914065376     
 -8.531105542145445E-002
 -0.128659014478734     
 -0.174821864757719     
  0.116378136846185     
  6.372624492195515E-002
  0.406608132602623     
  0.256882494783944     
  4.135398758749483E-002
 -0.271287641867230     
  7.543384340443450E-002
 -0.166137117346996     
  3.855553081398309E-002
 -5.126516164252940E-003
  5.616434882797127E-002
 -0.116798611289341     
 -0.391655967486368     
  2.960011762302424E-002
  2.254335819763829E-002
 -0.441213396126856     
 -8.901681880680888E-002
 -6.048710383111221E-002
 -3.281150385525005E-002
 -6.382370219207385E-002
  0.113346395969312     
  8.192374273455064E-002
 -1.127063629691416E-002
  0.536565685594454     
 -0.247187134042957     
 -0.362098754350268     
  1.972059944230917E-002
 -0.459825960198409     
  0.204235261764807     
 -0.768451936799445     
 -1.724634615082118E-002
 -0.526675271346142     
  0.627411758751266     
 -0.616351360377640     
 -8.414956473994886E-003
  0.352693606017115     
  0.243784233697075     
  0.248467292231759     
 -0.392096305446540     
  0.367512718273931     
  -1.13039415838212     
  0.433896294342141     
 -0.372901608325005     
  0.456358308364302     
  0.495296657525453     
 -0.502099502799297     
 -4.913494906621322E-002
  0.205327740607304     
 -0.974746021589064     
  0.827439339640078     
  3.610540298147501E-002
 -8.906886231276047E-002
  0.415911724226988     
 -0.805969871237713     
  0.109697886760568     
 -0.610510320761256     
  0.144841509015940     
  0.362126681564373     
 -0.453006022493675     
 -3.995318565719906E-002
  0.154886389487028     
  8.106789477584952E-002
 -0.767931083519859     
  0.109923860841357     
 -0.120818518927409     
  3.538688310277371E-002
  0.293755980009515     
 -0.379460754922615     
  0.100780653740979     
 -0.101408177206911     
 -6.467813257566050E-002
  0.218595630469206     
 -8.649922282203301E-002
  7.437064573457061E-002
  0.178525180033404     
 -9.444326343281666E-003
 -0.150677635626142     
  9.853483320668149E-002
  9.194006109751003E-002
  2.078843833706681E-002
  5.507638811419788E-003
 -0.181064273218595     
  0.151312002200312     
 -7.208646074013311E-002
  9.235421842070619E-002
 -2.679885333408819E-002
  8.633659857201489E-002
 -0.158560448750811     
  0.372212483123104     
 -0.648417937283046     
  0.279504783264263     
  0.644016294278622     
  0.625506092717153     
 -6.851849318884996E-002
 -8.759710029932286E-002
 -7.095094498712293E-002
 -0.149585941754159     
 -0.147278549490227     
  3.165476159778099E-002
 -0.475015648618910     
   1.02825294824762     
 -0.560066429878034     
  7.634715427398983E-002
 -1.872430177051944E-002
  5.175318065020641E-002
 -4.718234147726540E-002
 -2.945796644273139E-003
  0.189983141247982     
  1.744577089903852E-002
 -7.504988541663822E-004
 -0.199819997907146     
 -0.209426492253861     
 -0.315930845171354     
  8.108800830460992E-002
 -0.680199965313078     
  0.481353317711122     
  2.329155487145724E-002
  0.191108716015412     
 -4.903588330085652E-002
 -0.119710273019266     
  0.197376703018398     
  0.112264951344220     
 
 -0.229407955740117     
 -0.322434140092669     
 -0.298909007219641     
  0.353513906111657     
  0.441963713551863     
 -4.838620429855510E-002
  0.278782357817259     
  0.510367969803958     
 -5.898052808342683E-002
  0.636508575889925     
  0.659832825607672     
 -0.901785601559334     
 -0.804975660577309     
 -8.104457114744468E-003
 -0.127931130427854     
  0.939960185567703     
  0.438467049142650     
 -0.433260759239156     
  -2.32602311409882     
  0.127353219293353     
  0.584758102026566     
 -7.159197717506126E-002
   1.13417055427209     
 -0.744960787413609     
  0.798224470523086     
  0.815097750702639     
  9.051714945432976E-002
  0.305659756605083     
  0.283576968667042     
 -0.222004247532343     
 
 -0.588359332349153     
 -0.122016873917243     
 -0.504356127089777     
 -0.284089715359371     
  0.659451481728347     
 -3.964361324795110E-002
 -0.117070836843901     
 -0.375562015883055     
 -0.568177540006033     
  3.820185045723885E-002
 -0.397247258644934     
 -0.285683121306088     
 -0.141493612825625     
  0.337838136918167     
  6.682654477247786E-002
 -0.223755790353106     
  0.601102713125201     
 -7.138984163165960E-002
  -1.22642982884041     
  0.432357870952584     
  0.272782395891220     
 -0.225791341674305     
  0.206099427786959     
 -9.565829937721749E-003
 -0.547183559248921     
  4.267777361868051E-002
 -0.110716042299549     
 -0.120843530316706     
 -0.290431753843228     
  0.114948015095043     
 -0.337362503230744     
 -0.203034607825943     
 -0.735302149957437     
 -0.260351650530445     
  0.507958191069197     
  0.138834773821317     
  0.753033642628075     
  9.523313739085820E-002
 -0.963037270984533     
 -0.100952271702406     
 -1.190851156849020E-002
  0.755330372750092     
  7.208550163242884E-002
 -7.242044359185110E-002
 -0.489418046813768     
  0.525937918864015     
 -4.097364348751045E-002
  0.900645055941219     
   1.26124747443284     
  0.730583487322334     
 -0.358712116329059     
  0.130811520149729     
  0.478806440658771     
 -0.317744618028139     
 -0.371579463944723     
 -0.198004648356369     
   1.62391616654557     
 -5.573985694035435E-003
   1.17197262419457     
 -0.239503910346333     
  0.784318140767543     
  0.529172343319696     
 -0.173622878225182     
 -0.131803746580949     
  0.286698955368260     
 -0.202230883627064     
 -0.265185564026548     
 -9.252872122286504E-002
  9.927869331528909E-002
 -0.557000864837228     
  0.422048667933692     
 -0.713276846917701     
  0.285721009424306     
 -0.180159460458187     
  0.356130366489345     
 -0.746394003263515     
  0.338409144341489     
 -3.857223776750957E-002
 -0.872792364088630     
 -0.537337069377456     
  0.149507253328321     
 -0.125200797820062     
  0.500921061204763     
 -0.192725767139785     
 -6.753886092173442E-002
  0.536074341867118     
 -0.123491624077289     
  2.098653692258999E-002
  0.188203127249992     
 -0.367062618374719     
 -0.299977166167206     
 -0.788048263928642     
  0.267976868086967     
  3.391927456412495E-002
 -0.208168986061165     
  0.351159920692334     
 -0.472973714794648     
  0.447064979145098     
 -0.525792542379078     
 -0.644488386276040     
 -0.399210729664496     
 -0.226519098287747     
 -0.973655727755536     
  0.480084015268244     
 -0.190778238057591     
  0.388305898739393     
 -0.884650189754109     
 -0.289465432033557     
  0.201658859088367     
   1.10582709543260     
  0.217268470102887     
 -0.577696943176591     
  0.161202793578557     
  0.214604981931625     
  0.316499565674888     
 -0.874833628942548     
  0.519051518361408     
  8.110832921352137E-002
 -0.121421006742345     
 -0.590467932737929     
  0.416507103388973     
  0.555453041060052     
  -1.01654477878093     
 -3.070645552670048E-002
  0.222365925423118     
  0.747779649200283     
  0.287328083261034     
 -0.242764294578653     
  0.315943913787350     
 -0.115704617258296     
 -0.470018166395689     
 -0.480044486995427     
  0.420549287070786     
 -0.130893358018040     
  0.526649983271856     
  0.277793607156722     
 -0.618649855572238     
  0.203918543712947     
  0.948072938645293     
  0.123417587480035     
 -9.370531674565228E-003
  0.119358877895589     
  7.051886097673649E-002
 -0.442669950738616     
  0.351382282956741     
  0.581918781972320     
 -0.412675255840517     
  0.429782239945520     
 -0.275484671211688     
 -0.188177955265886     
  0.251970591496307     
 -9.752451312702495E-002
 -0.929513067255502     
  8.823080462157512E-002
 -4.042813481057849E-002
  0.387976071660354     
 -0.400732915428875     
  1.279934973925511E-003
 -0.415248934679630     
 -0.573052425189968     
  0.541245029395725     
 -0.282604728666210     
  2.439902664665618E-002
 -0.125342978145954     
  0.384378189110328     
  -1.01730744274491     
  0.613347799174576     
 -0.158207237872284     
  -1.35122607840538     
 -0.126137210660489     
  0.129530624736548     
  9.574199597173856E-003
 -0.673186278009748     
 -0.114830585662028     
 -0.276422111383458     
  0.418161656005472     
  0.152972373251570     
  0.188343023115413     
 -0.492169404696080     
  1.918919784468785E-002
  0.346230798232282     
 -6.451882351307931E-003
 -0.412025900755324     
 -0.297451835969742     
  3.409070881772997E-002
 -0.217556077529831     
 -0.130175361715598     
  0.623181394364518     
 -0.208135114130606     
 -5.383334207951762E-002
 -0.201062256504509     
  0.201392899572277     
 -0.107032996302430     
 -7.654128303936755E-002
 -7.958178386617530E-002
  0.133990279992785     
  0.540836431248333     
 -0.202575705203310     
 -0.316784732143646     
 -0.582668956678710     
 -0.550641254292328     
  0.500616028881486     
  0.365790905531465     
  0.264107258960836     
  0.388870635833386     
  7.868670866334089E-002
 -0.444604734580147     
 -0.113937693942071     
  0.203848568728054     
 -5.553974464718402E-002
  0.324322229727184     
  0.273403285537460     
  0.555730303361264     
  0.388121034585642     
 -0.607931134217939     
  6.257791051104640E-002
  0.141797691462277     
  6.813768421656326E-002
  0.325841544391574     
  0.206672541015067     
  0.165090690600248     
  0.553045764428090     
  0.467645671601041     
 -1.319966646070633E-002
 -0.169511743118534     
  0.646153471909845     
 -0.323334081809479     
 -0.250155463558379     
  0.714240027408905     
  0.114709165192216     
  6.966640730600755E-002
  0.209220302865473     
 -6.592892290656843E-002
  9.054456743207243E-002
  0.313654272056204     
  4.292712557456884E-002
  0.553313963550605     
  4.242249715259056E-002
 -0.329257939226514     
 -3.263354317107000E-003
  0.635968582867983     
  0.281700426520015     
  -1.03002431879287     
  0.232806349228438     
 -0.652921472771100     
 -4.281706848621395E-003
 -0.109697916443771     
 -0.385388870569268     
  -1.19542537223444     
 -0.504239110425452     
 -2.655716893824337E-002
 -1.949448968740845E-002
 -0.380054764688124     
 -8.801310682295266E-002
 -9.314424801288312E-002
 -0.499512103941712     
  0.728920737513654     
  0.551072553907292     
  -1.77043833677823     
 -9.963948918544546E-002
 -0.127396787990677     
  6.479383889734043E-002
   1.08151358744771     
  0.263923012889070     
  0.306091885125386     
  0.843253250695045     
  0.112891548808845     
 -4.834409750552895E-002
 -0.674361314907445     
 -0.103022337446390     
  0.372073734878187     
 -0.237071341981809     
 -0.455565907945398     
 -0.194022171785412     
 -0.294845349253036     
 -0.359871815224983     
 -0.176052840431134     
  0.113549368721454     
 -0.819989888804455     
 -0.169476405508917     
 -0.328299736507596     
 -0.598312624448441     
  0.339007005993139     
 -0.543380835692274     
 -9.243241282564377E-002
 -4.718686688146431E-002
 -0.301646903607058     
  0.334818833399224     
 -0.133907739353835     
  0.614925162431289     
 -0.244176806568609     
 -0.351785092732764     
 -9.344770702826641E-002
 -0.283284757521308     
  0.400761979848118     
 -0.491880916013041     
  2.197548989158626E-002
 -0.148144801060738     
  0.207057900685820     
 -7.837519998085490E-002
  0.244347939959600     
  0.123996483122151     
 -0.344673084079447     
   1.27630448507112     
  0.533789992050035     
 -0.726803236951241     
 -0.615392635009691     
  0.288382224505707     
 -0.318618242334820     
  0.575818401831226     
 -0.442790096483652     
 -6.364308055015515E-002
 -0.870674344475305     
  2.296203457419148E-002
 -2.385642779240199E-002
 -0.944323774560746     
 -0.714291516466931     
 -0.354665660470328     
  0.600621796533740     
 -0.604340531375731     
 -0.787141223871547     
  0.589681378573970     
 -0.969957333060983     
  0.174704029762706     
 -8.725771553675610E-002
 -0.564811383092722     
  0.355645164526568     
  0.134673036495021     
  0.503698982463094     
 -0.147652884111120     
  0.153068302173871     
  0.261316143461765     
 -0.130947764369486     
 -0.331031854305336     
  0.255552452137364     
  7.819794542109695E-002
  0.168610267239559     
 -0.342850660424601     
 -5.242313922553526E-002
  0.256947101369765     
  0.615283393026258     
  -1.31813113518781     
  0.605488370171990     
  1.956596848514041E-002
 -0.105792385523636     
 -0.311599362555789     
  0.672923087200087     
  0.188263058436681     
  -2.08511859141560     
 -0.665529613473740     
  0.281121383992174     
  0.756374371235773     
 -0.149689944768970     
 -4.525226834582546E-002
 -8.049032084003252E-002
  0.626057203105414     
 -0.670316110388576     
 -0.129248319216506     
  0.132741595030818     
 -0.179080673993065     
 -0.697280573494120     
 -9.477502863523314E-003
  2.161801881377062E-002
 -0.822122238634224     
  0.663988674091957     
 -0.377789708072737     
 -0.459064088297661     
  0.377473693721869     
 -0.260086855198932     
 -1.985604105862741E-002
 -2.294406131026693E-003
 -0.183082229986507     
 -0.424954183153544     
 -0.238668766534879     
  8.553990902743701E-002
 -0.872194618212855     
 -6.207217364282779E-002
 -0.160715589634497     
 -0.484765161607192     
 -0.346508838388581     
  5.599979825405033E-002
 -0.355128154670518     
 -5.805129790158892E-003
 -0.537853486928236     
 -0.503545396041992     
 -7.038945553149681E-002
 -0.404342979161228     
  0.114668135795686     
  0.610524073193178     
 -0.138127842297612     
  0.256673297393568     
  0.178269642472019     
 -0.100916892697121     
  0.719337400863002     
 -0.284255283160281     
 -0.390372114465830     
 -0.188187909943646     
 -0.873041205226005     
 -0.969419424925105     
 -0.214106404436742     
 -0.218108524344785     
  0.111590257671052     
 -0.408475183879244     
  4.086015804110586E-002
 -0.222132926504360     
 -2.722699763295820E-002
  0.362454643723478     
 -6.538545690408364E-002
 -8.384740111603670E-002
  0.139337736527356     
 -0.249712757936644     
 -7.823766242219525E-002
  0.886616601332422     
  0.165221686355774     
  0.220854224426940     
  0.822345607794145     
 -0.527624533061107     
 -2.400623596000096E-003
 -0.663668042505295     
 -2.324250642429625E-002
 -2.124556388159286E-002
 -0.255107119151485     
  0.328590932946743     
 -0.231125846756462     
  0.405311058888240     
  0.414384494665117     
  0.384262097938203     
 -0.490190998287345     
  7.020418182173131E-002
  0.168670666305656     
  0.248109477191111     
  0.685378022914279     
  0.580279724864885     
  0.404558195427420     
 -0.516112135845127     
  0.150631523803792     
 -0.259324524495185     
 -0.285088199700928     
  -1.01519518142711     
  0.348780434685038     
 -0.414330459493394     
  0.733918716160257     
  0.324136560478851     
 -8.327696510289839E-002
  0.418181404198487     
 -0.210208694147054     
  0.809239423079996     
 -9.407297978625957E-002
  5.455229730338055E-003
  0.158633281074040     
 -0.541996884952690     
 -0.417969487260397     
   1.31503826129157     
 -0.248831953012846     
  0.547337854379010     
  0.189486015285634     
 -0.258475073090607     
 -0.723992571884891     
 -0.290114091410773     
  0.619553767468408     
 -7.849612302963063E-002
  0.224704970990452     
 -0.226213395714900     
  2.803223951730788E-002
 -0.732362843034821     
 -6.766124800585693E-002
  0.533452544486166     
 -0.442745838049273     
  0.574968209265544     
  7.615966462743258E-002
 -5.019737346317114E-002
 -0.157576133638915     
 -0.308299938286807     
   1.11768609672650     
  0.388782669179684     
  0.275202146710480     
  0.415516270372120     
  0.132057332264325     
 -0.681830844677123     
  0.106612173985453     
  0.518685848862880     
 -9.283292835544958E-003
 -0.260035297389996     
 -0.506300610207444     
  0.486271303746746     
  0.268899463568638     
  0.176842525694233     
  5.586129539029017E-002
 -0.425865509741467     
 -1.644230130367634E-002
   1.04289283307707     
  -1.45077253190774     
 -8.367270496618055E-002
 -7.124491793993233E-002
 -0.138056788629835     
 -0.568508660933808     
  0.221997232310717     
  0.861818222572656     
 -0.399543489996985     
 -0.380734151238026     
  0.663560903159820     
 -0.201241403429106     
 -0.732699194078885     
  0.562627274219776     
 -0.313888712242911     
  0.241655081569128     
 -0.288948722393007     
  0.148769317299475     
 -0.117199388374943     
  0.172453908118484     
 -0.649408545133388     
 -0.273549858474098     
  0.594390045369771     
  0.244775813544726     
 -0.130254741234844     
 -0.250509371987018     
  0.257369278320157     
 -0.225499438709565     
 -0.346716772361870     
 -2.905473816416219E-002
  0.124806354621055     
  0.131402106022937     
  0.190878839986153     
  0.507000855371719     
 -0.307263478837068     
 -0.155710930488991     
 -0.365577176524528     
 -0.706470786222196     
 -0.746950952278706     
 -0.242183092493765     
 -0.208311877213741     
 -0.174877426860711     
  0.346204199762302     
  0.554809105127898     
 -5.822822258190979E-002
 -5.810166933360431E-002
  0.339745638744916     
 -0.249944960434372     
  0.572664676333519     
  5.155984346377454E-002
  -1.33205827286455     
 -2.071581668879474E-002
 -0.357502650287365     
   1.37149755946219     
 -0.213356692746060     
 -0.804330158195605     
  0.365311630936060     
 -0.346483765961338     
 -0.194993780816263     
 -0.180251979545087     
  0.563549814758166     
 -0.274920385808552     
  0.488252252766316     
  0.272688360060883     
  0.210466621332414     
  0.143834905463201     
 -0.840629836528755     
  0.708227719391459     
  0.156883734001078     
 -0.208464441010234     
  0.468874336441731     
 -0.362907377822393     
 -0.286371343457911     
 -0.331197164112788     
  -1.03906363799101     
  0.272075882653455     
 -0.230744574266164     
 -0.120805891011801     
 -0.219726140956849     
 -0.366668159907593     
  0.134026373218629     
  0.363360364839852     
 -0.260809102017932     
 -0.368308201171784     
  0.325489207434411     
  0.670015377084008     
 -0.316281758878393     
  0.627939548254210     
  0.239719853554924     
  0.314296664055801     
 -8.755568895376580E-002
  0.254792053213373     
 -9.920399037088554E-002
  1.285520064429913E-002
 -4.983018215767796E-002
  0.438745842197880     
  0.431195701974808     
 -0.704276133598110     
 -0.411003481369074     
  0.757723500255804     
  0.584692040189942     
  0.466492752613746     
 -3.973217116592348E-002
 -0.533181941644704     
 -4.158226724790302E-002
 -0.218064524740212     
   1.01734701317349     
 -6.569542989795285E-002
 -0.684059484489382     
 -0.132490624924207     
  0.276222978819910     
  0.618847710588971     
 -0.890631909716776     
  0.230369734351537     
  0.749079240921667     
 -0.456252180697130     
 -0.221875535096243     
  0.720924600766006     
  0.292293434088529     
  0.382107957105661     
 -0.324711893591529     
  0.826076455504051     
  0.210359772296883     
 -0.371043122297874     
 -0.175064096344250     
 -0.236763378941728     
  0.309275410194440     
 -0.509805451450478     
  0.147810256952749     
  0.229222734849634     
 -0.131482115629856     
 -0.892350609035263     
  9.334074737262364E-002
 -0.403407726929454     
 -0.679317143173106     
 -0.567005726015795     
  0.194296950968427     
 -0.198706843525030     
 -0.203902012330333     
  0.104292569718765     
  0.575741665097837     
  0.141435705190929     
 -0.490388678765785     
 -0.265745150484841     
 -0.137782875601450     
 -1.747101533014521E-002
  0.487064619143192     
 -0.373874025830177     
 -0.228663690079299     
  0.422220679776605     
  0.178224627407229     
 -7.594367919365712E-002
 -0.135114851423014     
  0.631656297909990     
 -0.144353834911110     
  5.390355794848444E-002
 -0.372314974892434     
  0.161620705520466     
  0.566135441173495     
 -6.407808736249487E-002
 -0.128648189575976     
 -0.390321480293316     
 -0.103046230949551     
 -4.533876254840312E-002
 -9.629577512694004E-002
 -0.437608079254371     
 -0.134003085066602     
  0.461692888837622     
 -8.239748779974100E-002
 -0.419196787017125     
 -0.710119707135887     
  0.188606177780257     
  1.480828448290229E-002
 -0.366945258090525     
 -0.172170057310380     
  0.579710746480623     
  7.820143840878838E-002
 -0.455052630710475     
  0.251981235257521     
  0.270589938221293     
  0.124242939261101     
 -0.169093733385244     
  0.446209607235591     
  0.195145035880419     
 -0.100261926046999     
  0.734208229136176     
  0.230720155883261     
  0.538591648653565     
 -2.549325474143481E-002
  0.113496907565242     
  8.973263945855825E-002
 -0.433242333232615     
  0.497999026690205     
 -1.486483859450814E-002
 -0.121965048365852     
 -1.523063118793606E-002
 -0.209748430037888     
 -0.143585386899937     
 -0.253883611282939     
  0.278660129672934     
 -0.529790475106966     
   1.06394841140603     
 -0.316896937622295     
   1.26445187370783     
 -0.591349426304019     
  0.163884050355766     
 -0.323914691331319     
 -0.652477450459943     
  1.031688351252784E-002
 -0.816199139594334     
 -2.048185628341803E-002
 -0.711393843862113     
 -8.717151844603570E-003
 -0.481549548166192     
 -0.794920873834309     
  -1.07762266208705     
  0.748232762977997     
 -0.111189952293232     
  0.567392660832292     
 -0.257916316648141     
 -0.251947088962407     
 -0.440197231944794     
  0.753494023917167     
 -0.668363242594364     
 -7.043487354990027E-002
  0.466167591542138     
  0.303358485317065     
 -0.303710148884921     
 -0.396364158919607     
 -0.242123505305391     
  0.101487768935875     
  4.243912103931065E-002
  5.495571786060648E-002
 -0.252664617764481     
  0.515148717319103     
 -0.171548618057722     
  0.167212587689532     
 -0.352768886556028     
 -0.248708760989203     
  0.240839408487833     
  4.156598092089580E-003
  0.214737570772696     
  0.396993499751224     
  0.277441399755467     
 -0.613796928171556     
  0.199558279707121     
 -0.395948090904954     
 -0.367265821903272     
 -0.436956863262985     
 -0.281956386055185     
 -0.188285530180561     
  0.391403423493697     
 -0.200616084321897     
 -0.733110792972019     
 -0.284396299730179     
  3.519214814396474E-002
  0.345878643021756     
  0.161768977648677     
   1.40583184003283     
 -0.211717891283615     
 -0.111632629461174     
 -0.882238885818972     
  0.358237444764681     
 -0.171569158328281     
 -0.687944340306885     
  0.837861856546348     
  0.193248105413601     
 -0.394328958200231     
 -0.881041755600757     
 -0.399091623177799     
 -0.306968877221779     
 -0.233416900217156     
  0.459669987982814     
 -0.753169047009204     
  0.106098846703436     
 -0.239885002769422     
 -3.748040210957627E-002
 -0.166477913198322     
  0.198285344434965     
 -0.578640057130507     
  0.794442904847768     
  9.789192668952873E-002
 -0.372200639281410     
 -0.156073090635250     
  0.192717027256059     
 -8.692263187643642E-002
  0.186502807943072     
 -0.388686300496347     
 -0.110479088590363     
  0.194802529486142     
  0.284338516425406     
 -0.424960316313261     
 -0.459347445019681     
  0.205818481289457     
 -0.508167055503799     
  0.176624282052180     
 -0.571755444952659     
  0.522180148691702     
 -0.295908066682954     
 -0.778996897076443     
 -0.158468011285569     
 -0.220768392491220     
  0.319057555510114     
  9.696901241248315E-002
 -0.994620782062601     
 -0.671393767185576     
 -0.127896478834746     
 -0.419780842703728     
 -7.321264486401767E-002
  5.085938148562059E-002
 -0.261704804189177     
  7.432908699869813E-002
 -0.470772149470187     
  0.179753928015866     
 -0.455566590259239     
 -8.209491872116445E-002
 -6.042335947995327E-002
 -0.162724947460295     
 -0.110578272075196     
  7.351285911900003E-002
 -0.524240181446163     
  8.995591476239005E-002
  1.769719971874105E-002
 -2.771750073495276E-002
  0.154547587718706     
 -0.130989087439535     
  3.538794661719178E-004
  0.154556791991345     
 -7.320224134825827E-002
  0.418469200086536     
  0.229734261928433     
  0.449603735906565     
 -0.194283254062193     
  0.272533696311577     
 -0.423340072552479     
  0.312502855254525     
 -7.928549330654630E-002
 -0.217880443897501     
 -0.278153929965166     
  0.473414562051913     
  6.256761553691849E-002
  0.549390684121566     
 -0.318092999746603     
 -0.649884063663284     
 -7.130082836361068E-002
 -0.207526098925287     
  0.485487007361833     
  3.214467852551604E-002
 -0.306955341855828     
 -0.196455496105708     
  0.111637414306789     
  0.120036882949509     
 -0.285060866041484     
 -3.231543962196035E-002
  5.831294081096131E-002
  0.628838570511149     
  0.607659899199307     
  0.388629160157382     
  0.321369822578983     
  -1.33141977084498     
  9.410017489029554E-002
  0.275337034658229     
  0.217008952816389     
  0.221708020582416     
 -0.344628347068775     
 -0.116948949302912     
 -0.430248123913957     
 -2.998543759884814E-002
  0.146572757064914     
 -0.366583788393964     
 -0.345832232574021     
  0.208978993405163     
 -0.529633203278465     
  0.518580862086828     
 -2.830417587772893E-002
  0.176851207795876     
 -0.217087623208984     
 -6.263791256850766E-002
 -0.583981754759193     
  0.900489507403107     
 -0.186793832589679     
 -0.127358002153011     
  0.704038701105624     
 -0.501091884978723     
  0.507182285807993     
 -9.767428388370039E-002
 -0.635128430372029     
  0.619092963196135     
  8.578222927616157E-002
  0.322798949341052     
 -0.157698779465520     
 -0.508631197487176     
 -0.370627864460955     
 -0.269038894596602     
  5.485787811603358E-003
  9.529523191741848E-002
 -5.108021531487663E-002
  -1.04451489653019     
  -1.06378790985671     
  0.509836973920318     
  0.292205192229702     
 -0.263944103394569     
 -0.118342589115599     
  0.642162949581692     
 -0.242581928617867     
  5.797513078142274E-002
 -0.223889999641749     
  0.125754780622801     
  -1.09359567157068     
 -0.154432626166539     
 
  0.152874891006532     
 -5.732266051710162E-002
  0.640242453456608     
 -0.393228185513991     
  0.318811342190972     
   1.22152175533063     
 -0.541689806420713     
  6.061209591082684E-002
   1.14508884712177     
 -3.359392102524022E-002
  0.842277734454177     
  0.573883715348509     
 -0.138564491152560     
 -0.664540293086703     
 -0.642370416962912     
  3.451313446364279E-002
  9.538782975578042E-002
 -0.328621610523969     
 -0.276886063414817     
  -1.06954417056970     
  0.612635821965404     
  0.244280880252351     
  0.285373086193480     
  0.202311542629573     
  0.259010288133317     
 -4.536616575004980E-002
 -0.145048507372880     
 -0.634029584109435     
 -0.341441621406894     
  8.278845237749244E-002
 
  -5.71842358795794     
  -3.53072598307867     
   3.64395140914268     
 -0.468747633114424     
   1.30828480309221     
   2.36594204458591     
  -6.99152854157069     
  -7.49263989656762     
  -2.96796443162530     
  0.426055401145353     
  0.818539667802157     
   2.10662394231932     
  -5.19985333548242     
   3.00314013283902     
  -2.96584616566416     
 -0.824878681111790     
  -2.20376549870664     
   7.02093351190584     
  -3.54133598752450     
  -9.13749496452454     
   3.21229234988642     
 -0.216353387517013     
   5.23175084804869     
 -0.432886811759885     
  -2.07288871484802     
  0.262802875369234     
 -0.303588539462263     
   9.11674527992471     
 -0.226712763618948     
   3.45790760886959     
 
 -1.366165487804878E-003
 
  tansig  tansig 
