 0.226101097233030002E+01
 0.182053604803433000E+01
 0.149861344784123562E+01
 0.271902474042612319E+01
 0.116863983662804127E+01
 0.782468404247352090E+00
 0.595298166832263997E+00
-0.978723945664145834E-01
-0.573375628594799541E-01
 0.458401283761837364E+00
 0.915828091643877684E+00
 0.940464257402693349E+00
 0.722810074369213185E+00
 0.352312236641400267E+00
 0.575611802826077490E+00
 0.138591348727956393E+00
 0.128152725097002290E+00
 0.325776274096594154E+00
 0.641456772389770280E+00
 0.637482325260505966E+00
 0.674961029663507683E+00
 0.344929232844725819E+00
 0.198783160672036163E+00
 0.511485602488719993E+00
 0.609607757728450328E+00
 0.411099618809123879E+00
 0.546454865332123951E+00
 0.476473711334232886E+00
 0.673533434763396888E+00
 0.581121962659976177E+00
 0.649996718663673367E+00
 0.676129959967764371E+00
 0.122103453926746219E+01
 0.104945798876972907E+01
 0.108785665833909029E+01
 0.125020839696553421E+01
 0.291141686593466797E+01
 0.244392030641455982E+01
 0.242897449741006533E+01
 0.359870262698307197E+01
 0.105734958358157023E+02
 0.718058252137467878E+01
 0.723064370399116285E+01
 0.959799791299758986E+01
 0.256324324943688042E+01
 0.191764780965552206E+01
 0.193118171024896301E+01
 0.259490900318638884E+01
 0.145707557876759730E+01
 0.107678449945457855E+01
 0.119581792865204248E-01
 0.130397251125784552E+01
 0.671083079935746896E+00
 0.554161880010798691E+00
 0.746974654456089349E+00
 0.933351822000724640E+00
 0.615801704023959395E+00
 0.365621860880136429E+00
 0.191867351150123683E+00
 0.380925164117619841E+00
 0.314298080418935144E+00
 0.301671456387016979E+00
 0.565726768939718960E+00
 0.437261230985467653E+00
 0.393446131074287442E+00
 0.271442924641453420E+00
 0.196374351822137840E-01
 0.287304267451164941E+00
 0.310694600333511817E+00
 0.293541936334694609E+00
 0.323576718524076268E+00
 0.110948719412252830E+00
 0.143254221164590273E+00
 0.379014031811604923E+00
 0.412391488668713391E+00
 0.460625727589752787E+00
 0.746350187508288632E+00
 0.614115054300229612E+00
 0.626594336550756581E+00
 0.815697429946307895E+00
 0.156394965738942271E+01
 0.117745256207776805E+01
 0.118523565797925645E+01
 0.124287022154653748E+01
 0.311462555880560643E+01
 0.295068928400682884E+01
 0.294873630706156709E+01
 0.508157858168412790E+01
 0.231398299131077945E+01
 0.134364640949268010E+01
 0.129932793924177559E+01
 0.109572803748005954E+01
 0.418010729497978073E+00
 0.512589435158626650E+00
 0.550646297973435561E+00
 0.419007831162241606E+00
 0.212584100539918608E+00
 0.260062833950395922E+00
 0.260416085117300133E+00
 0.413404696301991448E+00
 0.279524970464478828E+00
 0.175842356483028928E+00
 0.236826027341784984E+00
 0.304229094106515663E+00
 0.223911783876848069E+00
 0.129419494992278533E+00
 0.130154005111162069E+00
 0.135021519693602488E+00
 0.106729217181887340E+00
 0.102301036308477797E+00
 0.101590568394233791E+00
 0.878458144152431536E-01
 0.820604905700775128E-01
 0.955637247054118982E-01
 0.108167727210656303E+00
 0.819879524477308552E-01
 0.986776296110846579E-01
 0.115016920769525632E+00
 0.122605541040588656E+00
 0.117807639078310572E+00
 0.185381651810767739E+00
 0.180990188117337775E+00
 0.185193429394275355E+00
 0.191099316596146235E+00
 0.392036757692129423E+00
 0.371298065254517862E+00
 0.366464169812976859E+00
 0.378543068312356068E+00
 0.940161294925032087E+00
 0.922167380819141069E+00
 0.920141122771059972E+00
 0.130085655338304451E+01
