 0.183110573787238295E+01
 0.486659154726060716E+01
 0.277254466411208256E+01
 0.179834267643365586E+01
 0.603554414792405680E+00
 0.913200507180335297E+00
 0.544227665974479136E+00
 0.133650427609572886E+01
 0.636334241487137797E+00
 0.262388788809196860E+00
 0.365064227168426625E+00
 0.466420379538792840E+00
 0.304422986100407966E+00
 0.209545708341183634E+00
 0.267763221011086516E+00
 0.343512627611790133E+00
 0.252676190804834999E+00
 0.138187032163593598E+00
 0.161580306502417448E+00
 0.180013308327459459E+00
 0.179111815857711659E+00
 0.215814769920797539E+00
 0.164899183805562982E+00
 0.258905103476784471E+00
 0.348798961201355451E+00
 0.232204860832292304E+00
 0.176796612962911215E+00
 0.169085391206685920E+00
 0.268332714554098573E+00
 0.505642866635403365E+00
 0.518708831952718663E+00
 0.386226459972264846E+00
 0.682971823861151295E+00
 0.691940146365204733E+00
 0.761166101386426708E+00
 0.107254360495081347E+01
 0.213644000258166145E+01
 0.127753195720654600E+01
 0.966258587358888144E+00
 0.135317935840301162E+01
 0.329290935914547456E+01
 0.313255713288924920E+01
 0.286879116650997412E+01
 0.113824346242017205E+01
 0.925132804234945261E+00
 0.358853908789172893E+01
 0.369634581304998688E+01
 0.494602962452279304E+00
 0.235898537769755584E+00
 0.197229550828208167E+01
 0.176194009782434158E+01
 0.108106719271598248E+00
 0.590823934541184967E-01
 0.100745166750701776E+01
 0.874245064893424018E+00
 0.700579127286258929E+00
 0.397200884931765696E+00
 0.468296495324569184E+00
 0.449465266665590502E+00
 0.268431752096298826E+00
 0.184142711160453360E+00
 0.386719109974876740E+00
 0.331253763599806572E+00
 0.240408398453568595E+00
 0.220463085580578672E+00
 0.258636536147193119E+00
 0.380890658478524435E+00
 0.236373125901812725E+00
 0.266379070606635571E+00
 0.388134788992547664E+00
 0.212099599506700320E+00
 0.307215989548251855E+00
 0.426561368792992168E+00
 0.303285488645135715E+00
 0.420790334825876744E+00
 0.313205382088442896E+00
 0.525254840919377686E+00
 0.923228510964594018E+00
 0.555875592864836565E+00
 0.694189260215517856E+00
 0.126916922042301339E+01
 0.127249179597620521E+01
 0.112609927846287716E+01
 0.836373762018460587E+00
 0.198652842685621600E+01
 0.355333182102649081E+01
 0.355305636502698308E+01
 0.235347685103307080E+01
 0.117477536069322275E+01
 0.224021076880939640E+01
 0.179677898531064995E+01
 0.192581365943998617E+01
 0.625016409452115562E+00
 0.301346016389756888E+00
 0.573090050239805304E+00
 0.168067412822912793E+00
 0.716465636462021160E-01
 0.293761847775912299E+00
 0.326275083836476520E+00
 0.814883667228329528E-01
 0.414765240191955903E-01
 0.216591666678789790E+00
 0.787286050793633008E-01
 0.760702612740578737E-01
 0.536909700615694971E-01
 0.103498573508680441E+00
 0.897625761985572507E-01
 0.358021384452209060E-01
 0.316419657551613998E-01
 0.562957088009698250E-01
 0.102064395837870164E+00
 0.725556019095078414E-01
 0.745563566324953242E-01
 0.243342179786291621E-01
 0.851265491273257568E-01
 0.616303988875964506E-01
 0.788004238579130961E-01
 0.943709636544557418E-01
 0.949455086233478573E-01
 0.571821054489613650E-01
 0.793397281472302679E-01
 0.171265420891504122E+00
 0.116670780762099233E+00
 0.831825034264230406E-01
 0.142984721626997879E+00
 0.252221052353788222E+00
 0.206952680419312862E+00
 0.227944724025427592E+00
 0.509171457109760195E+00
 0.275920680293737342E+00
 0.451332292144915714E+00
 0.642267617888494069E+00
