     33 -    30 -    30 -     1 
rmse=  21.5050meV
 -0.345649515429972     
  0.760584542260261     
  1.219802853329847E-002
  0.117371070079599     
 -6.606317757327730E-002
  3.988554549668469E-002
 -0.366861872827142     
  8.084309243785456E-002
 -0.173786262765920     
 -9.123901149532315E-002
 -0.248689947599878     
  -1.17370081998038     
  0.231761182922382     
 -0.264193791835694     
  0.712548430592657     
  0.162194502454148     
 -0.496934906117134     
 -0.470828646822222     
 -0.385613348322687     
 -0.457661116145632     
 -4.260047329549797E-002
 -0.132558759230903     
 -7.513530496351836E-002
 -0.602280446993719     
  0.296188181160230     
 -0.351100598257278     
 -6.659006562179479E-002
 -0.314095315022850     
 -0.190624694671719     
  1.422624115023077E-002
 -0.470596662975193     
 -9.598049068707339E-002
 -0.326424131951247     
  0.777761896275004     
 -0.145659457118529     
 -0.616023216516618     
 -0.405584582543239     
 -0.649418560313110     
 -4.614941589272767E-002
  1.800551949669885E-002
 -0.249630180060017     
 -0.122708342255987     
  6.829164332031934E-002
  0.254447526880589     
  0.400629659747957     
 -0.320806036414654     
  0.176664634945137     
 -0.105377473796300     
  9.797044557875206E-002
 -0.247303400215863     
 -8.128700638086025E-002
 -0.255567686138799     
  0.121121251179387     
 -0.372886406087514     
 -0.154388383586112     
  7.800990636013108E-002
  0.502449430873260     
 -0.392878459850962     
  1.800552369184004E-002
 -0.321211870052662     
 -0.408457858777076     
  0.152663925682112     
  0.475043826591845     
 -0.121491769251703     
  0.109520837028676     
 -0.286255388937537     
  5.560544929204377E-002
 -5.977021473432483E-002
  1.480657079247575E-002
  0.878589546493229     
  9.832147329827351E-002
  9.167431652650743E-002
  0.291686764881107     
  0.164011344726289     
  0.292578586610431     
  0.494405500563208     
 -0.217694332732001     
 -0.666101960323818     
  0.698455423285622     
 -0.593488161438264     
 -0.282115376305794     
  7.712404897185800E-002
  0.268601153261664     
  3.564117811160231E-002
 -0.553654173673404     
  0.547514134362662     
  0.212570538199142     
 -0.179877239931994     
 -7.671860321849770E-002
 -0.416073136951001     
 -0.679087391847447     
  0.589788029997488     
  0.154637481291398     
 -0.702587575536773     
 -6.777057722028729E-002
 -0.279645979540520     
 -0.123038871135236     
 -7.610525145476826E-002
  0.252420828223955     
 -0.839856259908408     
  0.596192116515617     
  0.363591035886337     
 -0.678279719793353     
 -0.212975126835340     
 -0.232888381358357     
  0.573260146802680     
 -3.834062453105562E-002
  0.108952396882009     
 -0.101180835507667     
 -0.164272111183667     
 -0.824747872403438     
  0.445170979012645     
 -0.192242538511553     
 -0.494282119307799     
 -3.423620437145976E-002
  0.475168736479028     
 -0.239161094809694     
  0.197059088294852     
  0.351092617768962     
  0.400415385800197     
  0.122122090938537     
 -0.516381472882226     
 -0.961840941547605     
  0.365658140802418     
 -0.474537238342055     
  0.414751817509407     
  5.485294675552869E-002
 -0.432345295157635     
 -0.108732529056180     
  1.413514670732089E-002
 -2.706432735492046E-003
 -0.100319839041109     
 -0.350564537790788     
  0.240677446409125     
 -0.661416385770653     
 -0.187751711871164     
 -0.128607416940218     
  0.127299012203810     
 -0.482126362756409     
 -0.152516486148428     
 -0.185837935246520     
  0.135225291923448     
  7.161843149396009E-002
  0.197458754120049     
  9.755661849284672E-002
 -8.555668611275941E-002
 -0.355080734345490     
 -0.104688067011982     
  2.911087978938679E-002
  0.166998121610534     
 -0.190071495677078     
  9.371064366624211E-002
  0.351892324549812     
 -0.110046728780205     
 -0.307599890596103     
  0.452318217908997     
 -0.120126789030425     
  0.358157361151073     
  0.289327585001538     
 -3.115219037948131E-002
  0.366739962666634     
 -0.364097261414913     
 -3.067801215660947E-002
  0.440151767482340     
  0.215066707804437     
 -0.380050926316940     
 -0.139211711963778     
  0.418601798972299     
  4.018244131183009E-002
 -0.540206978154347     
 -0.424899212069497     
 -0.439687319000920     
 -0.653888929192448     
 -0.120777314540198     
  0.183481225708580     
 -0.523512626148433     
 -6.565195053650345E-002
  0.531052403853469     
  0.190896577040304     
  4.017821484014626E-002
  0.169965317266320     
  0.167892238996043     
  0.322814618650333     
 -0.454463327752056     
 -0.510624369010346     
  0.136797522465509     
  0.851739837478201     
  3.697260630740713E-002
  0.780472730080439     
 -0.134719215908595     
  0.437593089648427     
  0.295209521286597     
  0.648171795758149     
  4.573713465363197E-002
 -0.467767761193917     
  0.386282559863199     
  0.116383100447162     
 -0.315000991669498     
  0.363252574597390     
  0.521165370377108     
  4.622850111001357E-002
  5.342469617381323E-002
  2.495203240177403E-002
  0.264430507692745     
  0.356615673704425     
  0.210169003404642     
  0.229973176323735     
  0.127115342928532     
  0.324492731396704     
  0.432244985167955     
  0.241820549238848     
 -0.252395869320321     
  0.283488152808980     
  0.388011647061268     
  0.183319926764831     
  0.215272736380556     
  0.198757347522075     
  0.423238584686892     
  0.519584445671572     
  0.364387901435152     
  0.401155392156462     
  0.218953165704538     
  2.118429664442080E-002
  0.402069233132488     
  0.640868266679899     
  0.176103051927838     
  0.171455631960722     
 -4.416788203042771E-002
  0.120911538765074     
 -9.581141739149899E-003
  0.484016805043695     
 -0.285191819699447     
  0.112877107292481     
  0.509500639512007     
  0.887450749028256     
 -0.657420416669588     
 -0.876478956812517     
  0.428156765175836     
  0.388090638073668     
 -0.318521575942416     
  0.322647257565877     
  4.777767414828314E-002
 -0.385018538624689     
 -0.192972672505460     
  0.144869487459052     
 -0.433440982451553     
  0.222290227787540     
  0.602309196016272     
 -0.550963939982191     
 -0.114034090689587     
  0.316088652408988     
  0.387742929468822     
 -0.257293489254259     
 -0.104032102419965     
 -0.811725818072923     
  0.710842474697183     
  0.600727511749619     
 -0.388095291929646     
  0.241822986097195     
 -0.376394821434285     
  0.526443504552115     
  0.224441382218679     
 -0.206043318163344     
  3.959667912945629E-002
  0.229643937872486     
  0.574281066087571     
 -0.182805736701408     
 -0.337646651407920     
  0.955908041792970     
 -4.825487485781035E-002
 -0.143426625683573     
 -0.284498050047280     
  0.473773346389216     
 -0.109875005334283     
 -3.698053061587751E-002
 -0.209093958642159     
  2.309279068089075E-002
  2.703966243897298E-002
 -0.133368467260347     
  0.264497327397737     
 -0.538767156673793     
 -0.221377136943356     
  5.817211814531779E-002
 -0.422543103534538     
  0.191060205093347     
  0.203121337287019     
 -0.334865604249478     
  0.225730013487874     
 -0.225316646595449     
  0.845224715214075     
 -0.603367901231792     
  0.611685742145799     
  0.442748890208443     
 -0.530041134653564     
 -0.240087931466819     
  0.414507435979693     
 -0.229044264742600     
   1.21683497714984     
  1.393916522251813E-002
 -0.623941422588887     
 -0.277424379268345     
 -4.902003975562954E-002
  0.528591694014746     
  0.342113996916408     
 -0.126492070575331     
  0.338919556591881     
  0.335802579936571     
 -3.127007064821791E-002
  0.789094135600770     
 -0.312982212213012     
 -6.834149956176232E-002
  0.280954969691519     
 -5.959075264521367E-003
  0.232215359556967     
  0.318420863340798     
  0.204891525754987     
  0.116898798975756     
  4.056827557167930E-002
  3.739212789257732E-002
  0.763992783173094     
 -8.440336784113636E-002
  2.242775985811511E-002
 -2.803573790680696E-002
  0.275535784497911     
  0.229031291065123     
  3.166806145924552E-003
  0.210065790833107     
  7.992323364726751E-002
  0.193781712341567     
  0.285229876474589     
 -0.332474101718383     
 -0.504522251141755     
 -0.239810921470460     
  0.150757444989567     
 -0.369072808391466     
 -0.522415255062430     
  0.290540211301337     
 -0.285830169020989     
 -4.194237194558115E-002
 -0.228783560709640     
  8.789358663593898E-002
  0.235587338765435     
 -0.325655188963293     
  0.761106335672775     
 -1.083819621389209E-002
 -0.340938438869180     
 -0.478424444324491     
 -0.412828128710898     
 -9.357706675394385E-002
 -9.068365901342479E-002
  0.134091875142099     
  0.209276130598476     
  5.464814788227612E-002
  0.607472022544624     
 -0.185290433869418     
 -0.300713816712723     
  6.056153854888920E-002
 -0.483909526644998     
  1.130380698927076E-002
  3.819387812285201E-002
  0.127155937221676     
  8.294856556009979E-002
 -2.725896577357346E-002
  0.484740446392928     
 -6.653111558519263E-002
  4.314889521999354E-002
 -0.283331648965496     
  0.201854888027901     
  8.364457188002955E-002
 -5.037687259401961E-002
 -0.176034413144842     
 -0.196608572489713     
 -0.352496432190243     
  0.140811601469504     
  0.644091353387977     
 -0.337964852736596     
 -0.216009147829685     
  0.370810699642285     
 -0.350805348124990     
 -0.208172788799473     
  0.147418647524415     
  0.316215639403103     
 -0.131136510893434     
 -0.513573351395321     
 -0.315056324974345     
  0.795122111971131     
 -1.708667575201695E-002
  0.278898532235696     
  0.314225918201840     
 -0.207561646129276     
 -0.283858415457378     
 -0.471731052701449     
 -0.507603019103468     
  8.534612850553600E-003
  0.479878423284995     
  6.030635274825139E-002
  0.738463272465654     
 -0.349862587930389     
  0.152603995235727     
  0.693607187084273     
  0.480398370499784     
  0.124324353055677     
 -2.336307454500270E-002
  0.291450978410499     
  0.106013684357191     
  0.378898110920031     
 -0.111422248325380     
  0.515639685379464     
 -0.441703301339634     
  6.770769623520696E-002
  0.621692990338176     
 -0.314037953120915     
 -0.462996546541358     
 -0.178901807329379     
  0.359464081983193     
  0.244537252836376     
 -0.206558101224599     
  0.247169622511157     
 -3.609575159781887E-002
 -1.406166633180897E-002
 -0.111866976754410     
 -0.384528011014491     
 -0.191958787814101     
  0.292201573876173     
 -0.137612011878466     
 -0.200300539918686     
 -0.146984354302366     
  7.915202201809831E-003
 -0.890341929524363     
  0.198791223466118     
 -0.991289286072808     
  5.459279849455035E-002
 -0.205524890828364     
 -7.870969600648121E-002
 -0.579159825287204     
 -0.462425397205745     
 -0.382791264919452     
  0.143746046831762     
 -0.454012164682556     
  0.303884351222820     
  0.369645819743932     
 -0.943084911601334     
  0.172671005723249     
  0.363059995131030     
 -0.433473675891565     
 -0.197830826809971     
  0.757351785238988     
 -0.346864772460183     
 -0.197028096192568     
  0.224004748731658     
 -5.643814354948182E-002
  0.828253496644517     
 -0.782468885018113     
 -0.913040225251108     
  0.109529612456115     
  0.294218510951109     
 -9.476016113496416E-002
 -0.220752568888036     
  0.324397136418415     
  1.931050222316275E-003
 -0.451580347298017     
  0.210166993274471     
  0.237833603706078     
 -0.646268684590482     
  0.196403096713122     
 -0.796632023175826     
  0.621935206195303     
  0.532524277999797     
 -0.299530046452238     
  4.313482592050485E-002
 -0.180507444179629     
  0.185666183386306     
 -0.458529637411845     
 -0.516368321286630     
 -0.102102061465139     
 -0.228858472159245     
  0.582360645356662     
  0.233830800178969     
 -0.459793954497572     
  0.199904666682952     
 -0.117150917456317     
  0.163870212648997     
 -5.463547751051807E-002
  0.337064111983353     
 -0.167870118854018     
  7.869245249585658E-003
 -0.610529467819380     
 -0.486275406120093     
  0.471234326569777     
  0.407424348987545     
  0.366362939195184     
 -0.388258808468999     
  0.385744803259113     
  0.626626058779215     
 -0.219645165382732     
 -0.336934626989327     
 -1.462452922125361E-003
  0.233435292857352     
  0.312813219619406     
 -3.024420196862566E-002
 -0.257091496304421     
 -7.373012900954247E-003
 -3.146568584016736E-002
 -7.470262216137694E-002
 -5.018678222086170E-002
 -0.117601375651271     
 -0.425110711993000     
  9.878682061068994E-002
  0.408092486667450     
 -1.102336975772865E-003
 -0.319777218480996     
  1.308112871974588E-002
 -8.361644248549141E-002
 -0.588979007209131     
  4.517984849970046E-002
  0.281461038318664     
  0.110395815489672     
  -1.04210433472945     
 -0.893337818770747     
 -0.385501270424787     
 -3.203536156774384E-002
 -3.650055762873280E-002
 -0.506378236783473     
 -0.622391540235617     
 -0.594338737961628     
 -0.409606491290294     
  6.716484181363487E-002
 -0.230590663594868     
 -0.336993585599056     
  0.740506875999886     
 -0.382875017932237     
 -0.155184246664668     
  9.198590687452754E-003
 -0.153777598014072     
  0.409523584294448     
  0.147685619333285     
  4.436006885050520E-002
  0.233012286756249     
 -0.107657016256013     
 -0.528218031087591     
   1.10023788940441     
  0.307116008760531     
  3.190080321365172E-002
 -0.292604255302517     
  9.059421496459331E-002
 -4.900882347293641E-002
  7.094688584809974E-002
  0.714175648141324     
  0.194640525717884     
 -9.321049599780232E-002
  0.640140556527026     
  0.202086024454749     
 -0.315651324616788     
 -0.369620470208161     
 -1.874168990739500E-002
 -0.247049300827223     
 -6.966321167190381E-002
 -0.205293934882406     
 -4.565761468841321E-002
  0.493895503437016     
  0.278170521642730     
 -0.152555832239028     
  0.132314025475855     
  9.138094534347971E-002
 -5.259465724489865E-002
 -0.316133894826859     
 -5.624775842016558E-002
  0.127443816038019     
 -0.444129101883900     
  2.588046476562523E-003
  0.248701234466284     
  0.214215683001969     
 -6.209429874656311E-002
  0.444987588386723     
  0.520079097747574     
  8.189254994342510E-002
  0.188375973991010     
 -0.218562506944358     
 -0.151956878787640     
  0.586610721637891     
  0.317377755556307     
  0.176861449883666     
 -0.110722570704553     
 -0.937896417309768     
 -0.274685882260564     
 -0.139743247020664     
 -0.650831611108889     
 -4.235743993155250E-002
  0.365266321793462     
 -0.336539126846931     
  4.424010552603345E-002
  0.454689321998456     
  5.653915218175139E-002
  0.188831767372123     
  0.610207792450016     
  6.128934132321424E-002
  0.895340152644185     
  6.092246936463114E-003
 -0.927555698041562     
 -0.105054215600579     
 -0.131392076513562     
 -0.213109166601021     
 -0.665209321758994     
 -1.106863451496291E-002
 -1.817901617531267E-002
 -0.684213237782968     
  0.346668970851635     
 -0.461893606685702     
 -0.724177474646371     
  0.391957372686344     
 -0.455066783358030     
  8.913416433459379E-002
  0.268809441582812     
 -0.136117959423263     
 -0.105307071159767     
  0.165194277275714     
 -0.426999085105145     
  0.266963627209295     
  0.245888578341526     
  0.738088747306310     
  7.200934256907125E-002
 -0.302938922249332     
  0.224661685255950     
 -0.117208004325898     
  0.216638732624094     
  0.233792880354287     
 -0.355975880852826     
 -0.506193292785722     
 -5.056213575330382E-002
  0.219027216917304     
 -0.399114424064888     
 -0.487931417731119     
 -4.577897604660248E-002
  0.211623040869740     
 -0.554458423377262     
  0.161608603304461     
  9.851636130370681E-002
  8.510439965842503E-002
 -0.349830204104332     
  0.131497987297108     
 -8.522314687649487E-003
 -6.892238729689064E-002
  0.591722397978743     
 -0.102100582586625     
 -0.553684085721149     
  0.255895470852126     
 -0.255103771480685     
  0.195361420830032     
 -0.107282676803420     
  0.338982034639596     
 -0.512802878505589     
  0.259066583051398     
 -0.277519692427255     
  0.127987155334566     
  0.182933974168945     
  0.217268475944954     
 -6.344415642465900E-002
  2.739956472342931E-002
 -3.141029741577881E-002
 -0.285960714458108     
 -0.165253165835880     
  0.406446500450049     
 -7.747255118270086E-002
  0.324071992567614     
 -0.379561969780618     
  4.467997846822092E-002
 -2.176712241036141E-003
 -0.249790448801475     
  0.214266718500511     
  0.373535291124709     
  0.267315424984130     
 -0.315022328356239     
 -0.490178652352514     
  0.137948274202386     
 -4.222626750496810E-002
 -0.452910613011841     
  0.383450128139931     
  0.473388095220862     
  0.488838870460556     
  0.101425196936925     
 -0.243642107368278     
 -1.856036481057351E-002
  0.392698961578791     
 -0.509242107104505     
  0.163537252337819     
  0.309997735483726     
  0.200056841055965     
  0.506806301527034     
 -0.318081798669993     
 -0.451532202800727     
 -0.209340754881637     
 -0.452071896986007     
 -0.478919353507800     
 -3.347163432779223E-002
  -1.09421603813674     
 -0.263885189811659     
  3.559900464892744E-002
  0.460231920634344     
 -0.405007813286121     
  0.262256938885761     
  5.178739010518107E-002
  8.818723177310307E-002
 -0.722876676462158     
 -0.250178910030138     
  0.555574134795008     
 -7.713655465731161E-003
 -0.291305950371711     
  0.106519104609482     
  2.886701195341143E-002
 -0.131724057814616     
  0.371358218755839     
  0.317465761421152     
 -0.233948608803088     
 -0.101632569774163     
  0.416735864486073     
  0.420508448762291     
  0.936243992077314     
  9.044517988279070E-002
  7.891921346632064E-002
 -0.186514441252493     
  2.882362957054831E-002
  0.196876581675441     
 -0.133397493175056     
 -0.204552344918320     
 -0.204453339341920     
  0.564535846125558     
 -0.314115207010306     
 -0.921565607524237     
  0.374144919023118     
 -0.253893146951168     
  0.146390766207403     
 -0.299954413649360     
 -0.312323778733555     
  0.253692555667367     
  3.544499830372065E-003
  1.029891949078648E-002
  0.502678260262030     
  0.361047847344543     
 -0.136591875232030     
  0.924149557424514     
 -0.436844636298214     
  0.802979948748876     
 -0.169698487192327     
 -1.285738036301145E-002
  0.319167845223105     
  0.387862060519926     
 -0.108826119542525     
 -8.898014964089100E-002
 -0.608846189079577     
  8.221538163163022E-003
 -0.164688669746447     
  0.226387874330717     
  0.245033003252148     
  0.335812811797465     
 -9.177119699812008E-003
 -0.265234173078465     
 -6.336491100771841E-002
  0.199524597741285     
 -0.700883415491320     
  -1.01600281331416     
  2.976931564747709E-002
 -0.747978376146567     
  0.484018278198701     
 -3.791796277493530E-002
 -0.831905635854521     
  -1.03405819215945     
 -0.203201533017179     
 -0.211924643132831     
 -0.229513371581720     
 -0.428491229738120     
  0.432594643815521     
  0.393679315072833     
 -7.661338823839056E-002
 -0.197569335360852     
 -0.594088164664698     
  6.464627733572723E-002
  0.163328482259467     
 -0.256707376076617     
 -0.670215391780972     
 -0.139039674365865     
  0.325773214396997     
  0.507070422155426     
 -0.142950705043088     
  0.161625864564489     
  3.822334502361632E-002
  0.135764244149540     
  0.226581604102148     
  7.386595763786308E-003
  0.224114517175226     
  0.527788520963509     
  0.537630000664052     
 -0.116936662638581     
  0.455711109877226     
  0.289442873263741     
 -0.730365282042821     
 -0.289215520911800     
 -0.540507140282515     
 -4.724255283671929E-002
 -0.166114781764006     
  9.454721507661806E-002
  0.101949550517488     
 -7.639318194681065E-002
  1.500378851931488E-002
  0.215341565044028     
 -9.489350703852567E-002
 -0.136443451068135     
  0.569065651245166     
  0.647513025291578     
  0.770823393495829     
 -0.608501366571957     
  1.614500521761936E-002
 -9.610111006910151E-002
  0.320899435906784     
 -0.363878130757290     
 -0.212022560631262     
  0.311199621092972     
 -0.632905308827291     
 -0.200868387281142     
  0.604293887406387     
 -0.735776444492378     
 -0.294156424274743     
  0.168026075068695     
  0.248367963661551     
 -0.379546770847525     
 -0.615347863872139     
   1.19028321519349     
 -0.272747325980385     
  0.292659562091987     
  3.708326088513809E-002
  0.193433179088717     
 -0.198935698877099     
 -0.342203213511638     
  0.303657579777473     
  0.184032233569821     
 -0.345163906857949     
 -0.198013061727840     
  0.147206800726194     
 -0.605406420419597     
  0.283097422871013     
 -2.421828030975803E-002
 -0.661658159196690     
 -0.382182909371070     
  7.572615022962725E-003
 -0.379683017113721     
  0.476011402844138     
 -1.701819402322376E-002
 -2.581676952294345E-002
 -9.077794869938012E-002
  0.120725417264584     
 -0.411778231069008     
 -0.729496316043593     
 -0.162629064811959     
 -0.286428127451334     
 -0.232477552607401     
  2.322778289719775E-002
  0.401794322857363     
  3.934595502288971E-002
  8.345247822328313E-003
   1.14070723339638     
 -0.132336303906727     
 -0.936648203663091     
  -1.06943165712804     
 -0.102609262251575     
 -8.011819884753582E-002
 -7.286445615039931E-002
 -0.328230440240252     
 -0.195806690328061     
 -0.331280782756242     
 -0.340783838003704     
  0.415518132574601     
 -0.204439726592205     
  0.375599671267330     
 -0.286909459864143     
 -0.372312723454918     
  4.466780573999961E-002
 -1.063082510448224E-002
 -8.441326676361155E-002
 -0.291202195718654     
 -0.296884156844278     
 -0.887623322791970     
 -0.689896504828704     
 -0.510364218577789     
  8.480273834343889E-002
  0.701335946540935     
  0.197299601195632     
  0.278731305502896     
  0.262137916081624     
  0.147625174573870     
 -0.193873476356519     
 -0.326095201377233     
 -0.343947608461955     
  0.255494822960391     
 -0.227891566676578     
 -0.112264588964550     
  9.567746296626750E-002
  3.565827688939927E-002
 -0.206157715112620     
 -0.252627221777988     
 -0.151309541350292     
 -0.141284808313348     
  7.048830102123635E-002
 -0.101165916673169     
 -0.408859368610807     
  0.172982542239645     
  0.338981668110529     
 -0.449513618519836     
  7.300873846313104E-002
 -0.255305084643981     
 -0.456238435852582     
 -5.031585115912010E-002
  0.100581196197138     
 -3.108341258242388E-002
 -0.180947658655070     
  0.285720891428093     
  0.296848902538203     
  0.787421393245531     
 -4.758293825412768E-002
  5.182507029721352E-002
  3.003803886700529E-002
 -0.110882853406424     
  8.176630403754286E-002
 -5.524387316603458E-002
 -0.356021699477927     
 -0.444254801564993     
 -2.657244463282283E-002
  6.551819496224365E-002
  0.113376118761624     
 -0.228031670946275     
  0.135517994642841     
  1.681768907374771E-002
  0.328882717137843     
  0.464952977035876     
  3.055268989872636E-002
  0.316237591908887     
  2.206986477247707E-002
  9.025570170841357E-002
  0.429598141090178     
 -0.601204612287494     
  0.245170841373172     
  9.933302774202567E-002
 -0.822331388460256     
 -0.414091274435227     
  0.296495404322762     
 -2.208975218872043E-002
  0.186228314940794     
  0.433320999711512     
  0.718728389701635     
  0.150220605300812     
 -0.613999542231887     
 -0.445396413257748     
 -0.636136669346774     
  0.255614609698527     
 -6.216207822512981E-002
 -1.133394913084723E-002
 -0.234932736535007     
  2.077025915846405E-002
 -0.255114218642514     
   1.24967328856707     
  -1.56034331416340     
 -0.189395320872511     
 -0.630791943022342     
  0.199436860068109     
  0.615161718075696     
  3.260944608905752E-002
  0.228514483922365     
 -0.135859889602360     
  0.151549110170625     
  8.505359394374112E-002
  0.583045570975722     
 -0.580162527992287     
  0.810765613804654     
 -0.669212485026119     
 -0.649199549751441     
 -0.196718731629669     
  0.558651350717564     
 -0.562659421246908     
  0.195786715187604     
  8.921260317244903E-002
 -0.308324242741160     
  0.767461141372338     
  0.452770796141209     
 -0.224801523466853     
  0.300383730666747     
  2.610118398864994E-002
 -1.594012795542575E-002
 -0.215310944481135     
 -0.347593405425692     
  0.372936679089208     
 -5.564090719688244E-002
 -5.765705049787019E-002
 
  0.416633597468717     
  0.177830433786731     
 -0.180210655427008     
 -0.778913569757291     
  0.129004799511944     
  0.139936544194662     
  0.296480255256170     
  0.335629302516530     
  7.448525947638880E-002
  0.152444975276127     
 -0.445046445649517     
 -0.470282355978973     
 -0.161904025103355     
  8.787238023854099E-002
  0.132114817735658     
 -0.254341728577907     
 -7.408768755255951E-002
  0.792366158074794     
  0.306763122380904     
  0.322603881290574     
 -0.625749196145661     
 -0.369934594418302     
 -0.481577717468849     
  0.206030272939824     
 -0.150059304225156     
  -1.06802375274979     
 -0.259183827253165     
 -6.994348306066754E-002
 -0.413151409124529     
 -0.625983353571507     
 
  0.182140012362928     
 -8.697123156538343E-002
  0.140103724227167     
  4.386618337916416E-002
 -0.404553506426530     
 -0.183118472625641     
 -0.282625690027868     
  0.270018297332705     
  0.120129421689945     
 -0.243696463365972     
 -7.810220997859782E-002
 -2.674887291495297E-002
 -0.148718625252012     
  0.227961488215267     
  5.926876423810798E-002
  1.463835163359313E-002
 -0.122585582961679     
 -9.994463280286926E-002
 -0.185235467050783     
  0.123126449928504     
 -4.977902509260807E-002
 -8.917830302243068E-002
  0.113816342638730     
  0.144850296940580     
 -0.149546909929300     
 -0.171762960230889     
  2.943337473172734E-002
  1.564258246564531E-003
  7.817827833076404E-002
  0.353066436013802     
  0.178116292629069     
  0.372708168445387     
 -0.554829740477860     
  0.242180334302623     
  0.377782176151287     
  0.243254647659866     
 -0.125178164021113     
 -0.422998376428646     
 -0.542661427027428     
 -0.288334695679025     
  2.764851185949072E-002
 -0.103004751766304     
  0.105388128930314     
  0.228338812665753     
  0.219020124130215     
  3.516956216951077E-002
 -0.162548052538208     
 -0.343666087727640     
 -0.288142523130455     
 -0.453241722129148     
 -0.159818862154029     
 -0.127172048530276     
  0.166533963894493     
  0.117265906063254     
  7.369270304968012E-002
 -0.525859192922894     
 -7.284940963338646E-002
 -0.195507135455636     
  0.162342435696104     
  0.136515871588502     
  0.184325763761169     
 -0.410899870955836     
  6.253414455860871E-002
 -0.365552394570819     
  0.128185761539089     
 -0.254570633965281     
  0.111394428960207     
  5.807412304812644E-002
  0.129464477587604     
  4.114772982086520E-002
 -0.167381323627847     
  4.120723669454383E-002
  6.115091733737519E-002
 -0.206020230512206     
 -0.134115699396406     
  3.175023807428540E-002
 -0.184945677667635     
 -8.403163750817733E-002
 -0.525306845870394     
 -0.366179632259414     
 -0.627600295277481     
  0.352629925744148     
  0.203676637454465     
  9.114655786078123E-002
  4.494572455137159E-002
  0.457080762707619     
  0.102195304811831     
  0.232591293348216     
  0.365288775619306     
 -5.085658776103259E-002
 -0.235157719439106     
 -0.377553032354254     
 -9.797614283064303E-002
 -0.104816662990408     
 -0.137937262909617     
 -6.005679805111125E-002
 -0.230966010750828     
  0.380006172688732     
  0.447185515028754     
 -0.294566203112430     
  0.346733609016943     
  0.333053961820070     
 -0.351836069716430     
  0.512594801925198     
  0.179010947637832     
  5.791436924057030E-002
 -0.512684646448937     
  0.453456593995334     
 -0.656966090485353     
 -0.107113098179227     
 -2.015019211631294E-002
  0.533112799783771     
  0.219938933280135     
  0.258627727888084     
 -0.392901231947121     
  1.057494387021882E-002
 -0.247934967738678     
  0.603758278862989     
  0.231946475773590     
  0.129573546483566     
  7.291195315408029E-002
 -1.230228808621809E-002
  0.188771636123179     
  0.230187095590879     
 -0.103559034702676     
  5.229143210730763E-002
 -0.116479863001269     
  3.721784866094517E-002
 -0.148220894767906     
 -0.212517292049929     
 -6.948756337276814E-002
 -9.872422809023533E-003
 -5.804166792303734E-003
  3.862362436024671E-002
 -1.485899784056855E-002
  0.165584344922402     
  3.348361115770829E-002
 -0.168112784595140     
 -3.461930587473000E-002
  0.232403031704865     
 -0.247235835519079     
  0.137158435388095     
 -5.144496209680422E-002
  0.100805669043461     
  1.537737032386928E-003
 -2.473114539247797E-002
  0.419438469926433     
  0.429710133984968     
 -0.237853410501954     
 -0.357526438429776     
  0.122565805093157     
 -0.161662072206479     
 -1.550128081869084E-002
  0.161468755819531     
 -0.755872582735718     
  0.453598879481726     
 -2.062193498477192E-002
  0.236143797395907     
 -0.162372538829787     
 -0.487725639121412     
  0.226744406014352     
 -0.156567227013809     
  3.292843111760126E-002
  0.278581768495976     
  0.322323560219440     
 -0.451534469564312     
 -0.407187807385789     
 -0.518113592631126     
 -0.202479056724721     
 -0.141543484836639     
  9.461777632447828E-004
  0.395178870838671     
  4.167669514039717E-002
  0.145545963101187     
  0.780644554689799     
  0.454577336509232     
 -0.416118246456338     
 -0.110605257949787     
 -0.741164256542286     
  0.201326306566007     
 -9.536403379756368E-002
  0.187848870502277     
 -0.550921333141592     
 -0.206366714855378     
  0.133561786107838     
 -0.220047257874019     
  0.395765657173370     
 -0.366040549595074     
  0.499329104131963     
 -0.380782788922809     
  0.343274783618841     
  7.223472250217156E-002
 -0.104943051568969     
  0.403009105495498     
 -0.492137891308292     
 -2.721905563303010E-002
  0.371920391590636     
 -0.238604511068706     
 -0.424032845459135     
  0.351735735322314     
  0.391723661140989     
 -0.203564595663243     
  0.750702691931637     
 -0.907059461116492     
  0.339606363997125     
  0.338001850342543     
 -0.421027455555973     
 -0.237178792843745     
 -0.562621958919032     
  0.324061296992794     
 -1.617007856649338E-002
  0.136706555220712     
 -5.908887797391153E-002
  0.130219731640292     
  1.931171353809452E-002
  0.120985531156817     
  0.175796480889232     
 -0.482413830836900     
  0.179814428788249     
 -3.149793383248199E-002
 -0.122871774048893     
 -0.146978703362220     
 -5.535188912298341E-002
 -6.595717380724847E-002
  0.700712278946009     
  0.276968389296383     
 -2.697852048622450E-002
  8.927791950366598E-002
 -8.745305221341422E-002
 -0.246623187595702     
 -7.983490166249071E-002
 -0.139215438890590     
  0.546006110094574     
  0.257610785661733     
  0.583656451061598     
 -0.240106403618260     
 -7.191712289549743E-002
  0.208291378542532     
  0.334217220983846     
 -0.348801247029726     
  2.156092396894554E-002
 -0.142150765352938     
 -0.345454313360149     
  6.830550778823952E-002
 -0.350174054496897     
  5.358030627053867E-002
 -0.280915362515978     
  0.188410957476827     
 -2.745299167868666E-002
 -0.161055534407980     
  0.269485417083640     
 -0.111179400189898     
  0.244536481406153     
 -0.189046812390788     
  5.488408386541883E-002
  0.188923329984178     
  0.182258332326018     
  9.824235183082095E-003
  8.931261353064239E-002
 -0.383961136082370     
 -0.361333157220857     
  0.138882025572201     
 -0.215598905268624     
 -0.219435039284410     
  5.068073660128709E-002
 -0.171627581461893     
  0.621414822490510     
  0.314717149232457     
 -0.584302239121445     
 -0.101831147551833     
 -0.306749033159998     
  0.123368373335186     
 -0.205553002781686     
 -0.529757888887241     
  5.030024063199069E-004
 -0.450803768007324     
 -0.342441475891768     
  0.228791563584713     
  0.136067453285313     
 -0.737881449123480     
 -0.345609717543677     
 -0.168949866191456     
  0.117584608875847     
 -7.692031947833559E-002
 -0.536904836757826     
 -0.138402223282989     
 -0.402640189665599     
 -0.229528285246304     
  0.308307237930839     
  0.366227128126252     
 -0.339518461304384     
 -4.670667790888896E-003
 -0.219762257738498     
  0.572573232042820     
 -0.597103526344306     
  1.658887995500099E-002
 -3.502646457160045E-002
  0.128522927318750     
  0.230367912142158     
  0.127774294366951     
  8.367171363090611E-002
  8.988786040527087E-002
 -0.698581954546965     
  0.239936370140742     
 -0.132868294901434     
 -1.491138934438535E-002
 -4.077737354384679E-002
  5.022657330662430E-003
 -0.767209560187468     
 -0.182416478698287     
  0.264664893797873     
  0.186959112996895     
  7.035160704327349E-002
  9.592068546877711E-002
  4.249393094530410E-002
  0.248468181220849     
  0.383718051440079     
  0.303435323642275     
  1.946040492059448E-002
  0.256654689352650     
 -0.685003521272264     
  0.147841877460703     
 -0.142625623939306     
  3.349026205668990E-002
  0.479054904227171     
  3.886815511935410E-002
 -0.113638276969127     
  5.210785972523278E-002
  0.147193489480286     
  4.863648669569559E-002
 -0.298704424393259     
  0.535728815446688     
 -0.561508237552002     
  0.254452690803346     
  8.446221610872641E-002
  0.218532466598212     
  0.191276526121351     
  0.425645854097010     
  3.985951692985548E-002
  0.347947524147011     
 -0.346958698222847     
  2.265933703275321E-002
 -0.281095107848871     
 -0.191854986429046     
  0.365412159399075     
  0.199959595701515     
 -0.144643463908486     
 -6.543798199711347E-002
  8.834711568670858E-002
  0.130656232912788     
 -0.340538473948659     
 -0.234154921313732     
 -0.150487642628682     
 -0.493680919391460     
  3.634309723776353E-002
 -0.142094381347656     
  0.322039637194925     
 -0.204915152533672     
 -0.115237138862004     
  0.232439054678901     
 -3.717362547663668E-002
 -0.237543077937530     
 -0.366839009285306     
 -2.953365847270206E-002
  0.149938074327100     
 -0.108995963726337     
 -0.473271264422294     
 -6.039552980069043E-002
 -0.189704953593542     
  0.318807627187995     
  0.617041646876349     
  6.923236982615445E-002
  1.531414493726177E-003
  0.369418968910552     
  0.222396458019034     
  9.470010914788925E-002
  0.339886536642424     
 -5.739705837678518E-003
 -3.733577014461338E-002
 -0.426409295001430     
  0.157595748139188     
  0.469402595415792     
 -0.837785229818479     
 -0.373699287019624     
  0.481908109588345     
  1.992003429020314E-002
  7.178803710602329E-002
 -0.299953064650477     
 -0.542304119432482     
 -0.261741505074480     
 -0.205600748039220     
 -3.909296962367809E-002
 -0.340692102687671     
  0.256845075488727     
  1.056230918847609E-002
 -0.102171551994752     
  1.486466460076187E-002
  0.659756355046492     
 -0.167933963119724     
  0.114896038487875     
  0.209112026669515     
  0.162659308736204     
 -0.346907938270060     
  8.597334430009208E-002
 -0.102603795158484     
 -0.255461945718468     
  1.604292146430599E-003
  0.329626592277313     
 -0.340902062220877     
  0.396626537932624     
  6.990806635324891E-002
 -0.863628635559440     
 -0.481923872401430     
  0.254551262580368     
  0.447496913969945     
 -0.134187965046137     
 -0.277816002654768     
 -9.709573457063430E-003
 -0.287765790984436     
  0.656694256559800     
 -5.732908693447519E-002
 -0.147344603455974     
  9.872767754742176E-002
 -0.781752258657158     
 -0.528775045992808     
  3.143030166411584E-002
 -0.470112957611711     
 -0.234320339800659     
 -0.922298097643468     
  0.156835067863813     
  5.824033403768017E-002
  0.112370751521788     
  6.093774205692717E-002
 -0.367745123398083     
  0.269665020429054     
  0.239804230200417     
 -0.620683869025425     
  0.283744456689937     
  0.229906620941905     
  0.283888844497376     
 -0.257628429102170     
  0.321589263964560     
  2.317593783054804E-002
  0.129299049256592     
  0.112168279936523     
 -0.399685807561981     
 -0.320846002306267     
 -0.406679478140525     
  0.247342991435246     
  0.225590013064712     
 -0.323271390339406     
  0.124487948554291     
  0.402782464121571     
 -0.299184033755648     
 -0.128850734551745     
  0.397672775414155     
  0.159898590050545     
  4.764744850089418E-002
 -0.332337586743409     
  0.260876222365925     
  0.276212858193999     
 -3.553262584841165E-002
  6.322887165594750E-002
  0.259006162431538     
 -0.251988452364975     
 -0.213746892747752     
  0.329337124220040     
 -0.136474489262244     
 -0.111248919430101     
  4.075668454766599E-002
 -2.567608025971948E-002
  0.250260529958440     
  0.100047882601937     
  0.196753751749279     
 -0.362560916731889     
 -0.415923894939442     
  0.308298241578692     
  0.138094139353065     
  0.211444330064696     
 -1.447414627171784E-002
  0.192241094118505     
 -0.119685123716225     
 -0.272043636030988     
  5.449617183523837E-002
  0.125028415181473     
 -5.549981242570115E-002
  0.107001738406033     
 -0.145593713740445     
 -3.024510859461454E-002
 -0.223508487172678     
 -8.366569003791791E-002
 -0.151237997861850     
  0.180796398455618     
 -0.130703703359000     
 -1.274531470358768E-002
  0.182912283342571     
  0.433818504487044     
 -0.330471279619702     
 -0.453769516488928     
  0.228188507045272     
 -7.733755708982766E-002
 -8.124419918291860E-002
 -9.285970944031074E-002
  0.119605928528020     
 -7.839563867708843E-002
  5.452514855573189E-002
  0.269598557313023     
 -4.840685289085719E-002
  0.423757586237815     
  9.949521552609630E-002
 -0.138556725590139     
  7.327768640715665E-002
 -6.942902085060793E-002
 -5.893734165476153E-002
 -5.768134901820394E-002
  1.604998230668053E-002
  0.442186180354444     
 -0.332982041542666     
 -8.999256274191182E-002
 -0.119410185109148     
  0.169163731469021     
  0.265480591282051     
 -0.320042120359530     
 -0.150502429900712     
 -0.114798141280640     
 -0.719982335851165     
 -0.138901642576866     
  6.796748791583697E-002
  9.108556767054028E-002
 -0.484038607888308     
  1.273690828084188E-002
 -0.140867158699248     
 -0.176346585182715     
 -0.261238535790785     
  7.165763217707383E-003
  8.767354098637143E-003
 -0.118582729566311     
 -2.040347980080797E-002
  0.326762787095755     
 -3.412081286138643E-002
 -0.179768815199845     
 -5.932907766754599E-002
 -0.168636720624293     
 -0.199237427516988     
  0.406540405659905     
 -0.332473583447394     
 -0.173197579886485     
  0.131550748488615     
  6.448555527491344E-002
 -6.878774164725977E-002
 -2.940770784131872E-002
 -5.960195530793842E-002
  0.172678300334307     
  2.872676307033529E-002
  2.383547937803321E-002
 -0.197920486863238     
 -7.755820900498758E-002
  4.986986150003875E-002
  0.608102471757289     
 -2.439150845575563E-002
 -0.535872869120661     
  0.257841901493026     
  0.471903655055814     
 -0.286114840391903     
  0.453223667363946     
  0.170214101989411     
  6.019686916717842E-002
 -3.050677079251811E-002
 -7.643974614524021E-002
 -2.219753822042477E-002
 -0.167493470625461     
  4.649050884665221E-002
 -0.393515912969094     
 -8.029957432290495E-002
  0.275563632307839     
  0.198184993994744     
 -0.528055442265164     
 -0.730164231567900     
  0.899946109534684     
  0.248702854953458     
 -0.185850380146695     
 -0.164851861693564     
  0.100800895065137     
  4.532683254964455E-003
  0.618058523133071     
  9.419412129063864E-002
 -0.283531263542564     
  0.188473142117258     
 -4.480239189482260E-002
 -0.302280608082482     
 -0.310344826610377     
 -0.289485907228983     
  2.685741904082555E-002
  1.520767988778589E-002
  0.484610023488868     
  0.541424793180519     
 -0.319753836667712     
 -0.308207763986846     
  0.562414236039422     
  0.267379407162744     
  0.147458566741042     
 -0.308318284642051     
  0.300853780986398     
 -7.208907349004885E-002
  8.995137488028232E-002
  6.609029697924924E-002
 -0.283619393175607     
  0.533506174356029     
 -8.198732568589713E-002
  0.261754780686175     
 -0.138290259906329     
  4.323139900127516E-002
 -0.174193992289740     
  0.301904563820457     
  4.063056094470750E-002
  0.132435385916713     
  6.094199552206192E-002
 -7.687461175397182E-003
  4.704980986165901E-002
 -0.281507227592711     
  0.211774477207473     
 -0.446164206363729     
 -5.122610449970651E-004
 -0.495559091453616     
  2.813330522840837E-002
  1.664022243944455E-002
 -0.271018924662019     
 -9.160512131675012E-002
 -8.423087188870435E-002
 -0.265538965333741     
  0.149738303753552     
  0.147545397108462     
  0.258761337543458     
  4.625186698306477E-002
  0.182489979851047     
 -0.372748347044408     
  0.268360138625244     
 -0.258645563274888     
 -0.175527009213613     
  1.185703902913482E-002
 -0.234500065579611     
  0.591166101775073     
  0.111955310181729     
 -5.547071219923969E-002
  0.258725206104337     
 -0.242779652386523     
  0.230742081159491     
  4.146349520694513E-002
  0.513247549884840     
 -0.402715507683694     
 -0.368206294823190     
  1.405558851955908E-002
  8.647131181519070E-002
  0.473009304217955     
 -1.998321006750164E-002
 -8.758229405610607E-002
  0.253985525150862     
 -0.426441996012762     
 -0.196930109291385     
  0.417707370246271     
  0.646938649691523     
 -0.260726869402489     
 -0.102113117254416     
 -0.732597862303338     
 -0.541966510013467     
  4.613383010384281E-002
  0.243189233321432     
 -0.129896199710415     
 -0.207239051803497     
 -5.047099241810822E-002
 -1.119335516289936E-002
  0.127752983984437     
  0.468894353313767     
  7.035215119350308E-002
  7.074067361703980E-002
 -0.142240683515291     
  3.643170061248071E-002
 -6.312079736393658E-002
 -0.241578713265802     
  0.218372481217040     
 -0.318063777303592     
  0.472093515927810     
 -1.311487047895497E-002
 -2.495579813463089E-002
  8.902339215342163E-002
 -0.277441044612021     
 -4.812719370652603E-002
 -1.596690471612906E-002
  0.986438022695625     
 -0.169053310455629     
 -0.318468332563042     
  0.474767132432438     
 -0.597277915785155     
  0.853923185413314     
 -0.416747918134588     
 -7.914348710100040E-002
 -0.292894095880380     
 -0.153300149082571     
  0.625818991593850     
  0.184813920648412     
 -8.943312781856658E-002
 -0.306382172743859     
  0.572007215735021     
 -0.189638871281500     
  0.155464037964925     
 -0.488636188801233     
 -0.249153700113807     
  0.375876469224418     
 -0.301517298693036     
 -8.425621362359985E-002
  0.265290447212023     
  0.727854375854756     
 -0.276021479906046     
 -0.332058296310993     
 -8.843375232242287E-002
  0.111963388733085     
  0.139817643828798     
 -0.163079048161238     
  0.227005679171484     
  0.480093063368738     
  4.237175803688652E-002
  0.134302287676531     
 -7.344712495519454E-002
  0.374072344171409     
 -0.205723295515758     
  0.482172497582063     
 -0.567617131682236     
  7.542002370311472E-002
  0.239793506738665     
  0.288322482923012     
 -5.405166476350764E-002
 -0.187497908251100     
  0.222321930806245     
 -1.649454919270117E-002
  0.264412097286430     
 -6.815868527566352E-002
  0.108670938082636     
  3.722682270814915E-002
  0.288098318617009     
  0.334669977634406     
 -0.297567935151522     
  0.294846341240116     
 -0.876098313929733     
 -0.260140081262881     
  5.264020918772011E-002
 -0.147753748022871     
 -0.111199277335244     
 -0.391646348395686     
 -9.988584716839691E-002
  0.593107559022261     
  3.484067636170523E-003
 -0.109351923152445     
  0.558110595329869     
  0.416189471093002     
  0.191595358973554     
  0.520046710897471     
 -2.120827485462751E-002
  0.173058288449788     
 -0.380613351468010     
 -0.124863322999921     
  0.254951467410002     
  3.274655746276484E-002
 -0.429245695382575     
  0.580430646510403     
 -0.523834653782044     
  0.173568198893479     
 -0.136474350762020     
 -0.177721788505613     
 -0.799289637596636     
  4.875287503223718E-002
  0.105527900602571     
  0.399296506713177     
  -1.49774908131510     
 -0.800687214181935     
  0.382093883209866     
 -0.304062957170530     
 -0.479545844151810     
 -3.201341806618380E-002
  0.259217536719648     
  0.397702914744716     
  0.244449910293345     
  2.390328464535810E-002
 -0.369949141425288     
 -0.561293510567259     
 -0.229137372113758     
  0.239199485633781     
  0.125654134758606     
 -0.428919299280233     
  -1.02295452485588     
 -6.545045154537228E-002
  4.280505131619702E-002
 -0.253167036507151     
  6.460055004975614E-002
 -3.523086709935121E-002
 -0.210615512054632     
  0.168097476139826     
 -0.451004324166353     
  0.492725804773099     
  0.301509165913903     
  0.179480463268952     
 -0.570293600491975     
 -0.248336610193576     
 -1.391011466785738E-002
  0.550855333107394     
 -8.326959601806294E-002
  4.976142586048559E-002
 -0.242791668905834     
  0.149973171005592     
  1.512828979504391E-002
  0.461875878487038     
 -0.223526866815888     
  0.152723442103299     
 -4.572063865014119E-003
  0.345934435867996     
 -6.241254138057817E-002
 -0.206802928176168     
  9.048827173895797E-002
  0.149618007154077     
 -0.571865250655405     
 -9.462261453204494E-002
  0.218388989368091     
 -0.476562742546402     
  0.214369336197344     
  0.381486649213266     
 -0.125653317100400     
  0.109238232657985     
  0.239868996246274     
  0.213573834992223     
 -0.381274946511896     
  0.287793786669457     
 -0.103022740827908     
  0.140433709579832     
  0.250288765447468     
  0.383281295455271     
 -0.714810192153951     
  0.194561837310869     
  0.296129365944663     
 -7.432163837155639E-003
 -2.300783713358546E-003
 -9.459364699809494E-002
 -0.116973768603192     
  0.122855307727101     
  9.381437309499253E-002
 -0.163986713869381     
  9.494587826694757E-003
 -0.269774336979503     
 -1.793496945746433E-002
 -0.276102350587821     
  0.424842118338762     
  8.014164903230316E-002
  0.141574953871360     
 -0.239460326345861     
 -7.916046210816714E-002
  8.155306462783816E-002
  0.355914963158822     
  4.271974684960590E-002
 -0.409168901068506     
  4.414963301429530E-002
 -0.203652683764570     
 -8.372915114650378E-002
  0.240217997519961     
  0.263983523782677     
 -0.486109058561060     
 -0.255362952768495     
  2.867055115424755E-002
  0.162963634686670     
  6.937216914672630E-002
  0.124210101203590     
 -2.575971538081226E-002
  0.144332599536124     
 -0.102295420240414     
  4.988400059201059E-002
 -6.527848819636918E-002
 -8.057352786008298E-002
  5.819401844193519E-002
 -6.694977010719887E-002
  0.170477792387804     
  0.398353273031009     
  0.174544394379957     
 -0.244498176205767     
  0.269603013671394     
 -7.299399505955342E-002
  0.372274200804049     
  0.223278050293632     
 -0.170845347913750     
 -0.240606438160286     
 -0.299770045987443     
 -0.186959182414133     
 -4.094914961697980E-002
 -0.205119878981445     
 -0.333914794476263     
 -0.178184836482766     
 -7.511150491096667E-002
  8.882196617883964E-002
 -0.290829210371502     
  0.249684766130119     
  0.148664381231227     
  0.181406079149954     
  4.622292895896850E-002
  0.204371991245132     
 
  0.109531447026575     
  0.709783619012243     
 -0.107691274475917     
 -0.130956878200713     
 -9.953847170985446E-002
 -0.485527883583366     
  0.274878235820987     
  0.291025550146653     
 -4.582707478135382E-003
 -0.379544554152001     
 -0.276472701382186     
 -0.261065944635443     
  0.126264097258389     
 -2.406891591070261E-002
  5.452737560870607E-002
  8.843709698594465E-002
 -0.134236325977297     
  0.497676696282031     
 -0.213671665536185     
 -0.416274968793282     
 -0.148390287266528     
  7.651311386642380E-003
  0.327120576326666     
  7.950397967375460E-002
 -0.496815581339851     
  0.649571734967515     
  7.883945314638074E-002
 -2.636244003188081E-002
  0.193995713084774     
  0.130429196411921     
 
 -0.407255528548698     
   1.62178659760419     
   4.80527638309579     
  -2.52903171839847     
  -1.38597194272588     
  -2.54222552502967     
  0.511857408673742     
  0.638499012288660     
 -0.507951655858971     
  -1.29181666624247     
   1.81985619792323     
   6.17408307012160     
  0.693799088078784     
  -1.11295070583758     
 -0.812693367755192     
 -0.384866774122179     
  -3.02836713464669     
  -3.67943803285058     
  -2.09750697991464     
   4.30266833708032     
  -1.53711155665350     
 -0.337035164390492     
  -1.25576319944082     
  0.832160352514644     
  -1.49871799128861     
  0.195504008038184     
 -0.119975120177096     
 -0.409624324089556     
  0.826489031706589     
  0.150015113828450     
 
 -1.366165487804878E-003
 
  tansig  tansig 
