     33 -    30 -    30 -     1 
rmse=  19.1378meV
 -0.239926431914501     
  0.229468161677952     
 -9.618412718357726E-002
  0.275701706792193     
  4.000869529489715E-002
  4.697752722582935E-002
  0.273955220160046     
  7.530058492602719E-002
 -7.432503666008050E-003
  0.271922786670291     
 -0.176314913083164     
  9.982209427084619E-002
  9.761345026243078E-002
  0.196547758063554     
  3.957475994264685E-002
 -4.886244726728651E-002
  0.169521214949666     
  0.284865043029258     
  0.356721662191069     
  0.288674810679284     
  0.346787585642626     
 -0.241084244408389     
 -2.186412300365623E-002
 -2.279084502663718E-002
 -0.336024193891588     
 -0.294603834090032     
 -0.258713665020284     
 -5.832571474409311E-002
 -0.180488395191485     
 -0.142217347503005     
  5.210897973032352E-002
 -6.116430200367396E-002
 -0.396712424866818     
  7.829819766052307E-002
  0.350987528423329     
  0.132160254430958     
  0.180428549027786     
 -0.262281371212023     
 -0.161012283587156     
  0.274102015008984     
 -0.138522702853133     
  4.114518291772523E-002
  0.378304360347598     
 -2.959076152465587E-002
  1.697228695609251E-002
  0.154374744388694     
  0.137208168156797     
 -0.255203006714207     
  6.455922399706820E-002
  0.130565462721703     
 -4.312249199818787E-002
 -0.235496774977039     
 -0.187738583956952     
 -3.694600525229017E-002
 -5.467987392658719E-002
  0.300542982514578     
 -0.384328973414485     
 -0.253514505208355     
 -0.571279689447364     
  0.185066799371776     
 -0.260212278959940     
 -0.300829595123817     
  0.199730228587657     
 -0.237231321338361     
 -0.162191169994401     
 -0.209724819010060     
 -3.427980199335682E-002
  0.508663569286346     
 -0.124125848161421     
 -0.335576921538986     
  0.177254218573376     
 -0.165564900624537     
  0.165027337478018     
  0.210305756847832     
 -5.099588616743218E-002
  5.027069326846785E-004
 -0.105430403204115     
 -0.345837250532439     
  0.553096860668303     
 -4.442097842614974E-002
 -3.192544081326519E-002
  0.353668964360466     
 -5.522714029956289E-002
 -0.138514951978999     
 -6.656855749844724E-002
  0.218132699860170     
  2.252578614546490E-002
 -0.223690534868512     
 -0.532599188769848     
 -5.800557155246307E-002
  0.485172936196401     
 -0.156626064004962     
 -0.316069655193827     
  0.125196554264809     
  0.292826532959542     
 -0.202014515645437     
  0.245887955003334     
  0.216856290779509     
  3.813383997786725E-002
  0.543154899672383     
 -0.251562060913961     
 -0.130866114022117     
  0.192420935421990     
  1.912687818993440E-002
  0.170643193100658     
 -7.283360689787969E-003
  0.295943016931000     
  4.383965883598672E-002
  1.975524580935765E-002
  5.383376023699754E-002
  0.247577897072015     
 -0.421961755009583     
 -0.190901765160688     
  9.835572849966090E-002
  0.191830198145540     
 -9.681194405458653E-002
 -0.308783868927713     
 -0.238880734278115     
  0.222352997646719     
  8.725994788093187E-003
  0.240420959910420     
 -8.208131429458107E-002
  3.870030924273662E-002
  1.406105127035826E-002
 -4.877777891752196E-002
 -6.282990009936446E-002
  8.975369940389644E-002
 -0.475493805740866     
 -0.237768697952864     
 -0.216602936705110     
 -1.216192145746385E-003
 -0.287774517060218     
 -0.156351095077152     
  0.149494881282021     
  0.303826737266615     
  0.121699610477784     
  2.517743790123269E-002
  0.175770752898825     
  0.123470676557634     
 -0.305358495138580     
  8.121840125912023E-002
 -0.194320574351060     
 -2.265583660321955E-002
  0.286897782555738     
 -0.418665072317250     
  0.184461986196254     
 -4.981121448602892E-002
 -0.214414402863506     
 -0.269865833028357     
 -0.395241213108480     
 -0.445574845247558     
  0.158637610090464     
  9.414084260863069E-002
  2.453021665163697E-002
 -4.653614437712358E-002
  0.175828481135521     
  1.980624028125821E-002
 -0.210137441857153     
 -0.233944955941107     
  2.118421820358014E-002
 -4.284477821440217E-002
  0.186381133676957     
 -0.132705694242848     
  0.368910938782206     
  9.462096611840165E-002
 -0.380210325224640     
 -0.174493690783340     
 -6.834758587164190E-002
  0.263501639964482     
 -2.936283004165714E-002
 -0.111781600621078     
  7.735737279989849E-002
 -8.942742457894796E-002
  0.135689274992836     
  0.245371187047500     
 -0.231109488412314     
 -0.100690592953626     
  0.142088158796683     
  0.117580122705826     
  0.130014138181280     
  6.475470404384918E-002
 -9.961054752178367E-002
  2.376243820652488E-002
 -0.388330025505355     
 -0.401844607067504     
 -2.626213875828663E-003
 -0.358575194683105     
 -0.286795658058956     
 -0.438757716658055     
 -0.275978878464226     
  0.105034701149580     
  0.137474467207345     
 -0.173547900253889     
  3.845145360475718E-002
 -8.676982116662409E-003
 -0.449428111397054     
 -3.639686538182609E-002
 -0.251447834802757     
  0.530876086571762     
 -0.236278068765940     
  0.172727471361932     
  0.519392154960187     
 -0.297834194804380     
 -0.426351147200359     
  1.613831257961060E-002
  0.372882866806476     
 -1.393310793052658E-002
 -0.200407295609572     
  5.883336607591547E-002
  0.335596158738135     
 -0.356604313229418     
 -4.387173645828928E-002
 -0.114381886819582     
  0.330182116526083     
 -0.197559877213133     
  0.450812696118752     
  6.232535433197475E-002
 -0.520308604301860     
 -0.205278835678565     
  3.595340992598457E-002
 -0.371211159919650     
  0.642019417174598     
  0.501842674417516     
  0.240326268888482     
 -3.128989489607337E-002
  0.463031036744667     
 -3.569054320477929E-003
  0.433441704758788     
  0.149425414309280     
  0.221564203005512     
 -0.195009684964461     
 -0.854907836851140     
 -0.256767201109468     
  0.270217973102219     
  0.147656862084412     
  6.714039961461862E-002
  7.371243447343227E-002
  0.286872142730304     
 -0.288514875306618     
 -0.129608513865914     
 -0.126710861373312     
  9.490413839577362E-002
 -0.447572152391041     
  0.273165724998248     
 -0.115314818496937     
 -2.357530071276388E-002
 -0.416312793193023     
 -5.764409346581032E-002
 -0.268517923682982     
 -2.431219488816926E-002
 -0.159160706355345     
 -0.273466083287795     
 -0.149850692359717     
  0.104442608002108     
 -5.548387868096417E-002
 -0.299097477369880     
  8.581167440866401E-003
  1.316674728987207E-002
  5.976165558223159E-002
  0.387018814289679     
 -0.253732304004673     
 -7.999489956012840E-002
  0.164962576995123     
  2.313476494084931E-002
 -0.131852858078862     
 -0.407261950181779     
  0.249667366423582     
  0.195250458384849     
 -0.354451433589758     
  0.302840826908319     
 -0.154864258739093     
  0.203447631438196     
  0.254227936332898     
 -3.319551304953097E-002
 -0.141572015497016     
  0.409962846281088     
  0.153154623892234     
  0.198574379920825     
  0.134437930062204     
 -0.132935057787211     
 -0.177391566665961     
 -0.305009504894100     
 -0.294871342190720     
 -3.840356354863684E-002
 -0.337523877861881     
 -3.413593823971150E-003
  0.269630657689702     
 -0.117645998074238     
 -0.454157007485633     
  0.417614687800610     
 -2.411717755394235E-002
  7.934205831939083E-002
  0.153563036246690     
  0.416270592215166     
  0.323107265816891     
  0.277455894492197     
 -1.749516819157153E-002
  0.137840772150308     
 -8.028421838397334E-002
 -0.257918539001903     
  0.335405415254098     
 -8.311083050045942E-002
  0.133911436383681     
  4.370284700615804E-002
  4.274579658376894E-002
 -9.675462175254874E-002
  0.135320229178438     
  0.214196279665994     
 -0.144812163375147     
  0.258602033698235     
 -0.272295298248064     
 -6.676419352418536E-002
 -0.124884077669392     
  0.461387145832559     
  6.062285918289425E-002
 -0.180820987464329     
  8.538320011080028E-002
  0.174796305723429     
 -0.290517880709712     
  7.930316845788868E-003
  0.280367348293463     
  3.115632993101244E-002
 -0.294675275585332     
 -0.213436984662843     
 -0.194905623982501     
  0.157377768452573     
  9.329969723995474E-002
  2.783956462144382E-002
  0.345824009387003     
 -0.180546631755749     
  0.355746562535009     
  0.279000590377891     
  0.148142879616864     
  0.348698982437078     
 -0.105024169883149     
 -2.997691912565558E-002
  0.154930777063007     
 -0.165067840400778     
 -5.516509485143496E-002
  0.204140064513508     
  0.342977181126715     
 -0.355412513855917     
  0.223554160234318     
 -0.529328269371679     
 -0.250522285668192     
 -0.192836723497529     
 -9.979812235656928E-002
 -0.100042014209862     
  0.201158692622312     
  7.961608309095297E-002
 -0.129526783984926     
 -0.166088203696995     
 -0.569064887674174     
 -0.181219471356281     
  0.316789595288102     
 -0.170505689662291     
 -0.181341452954717     
 -5.700971621117511E-002
  4.084030872472388E-003
 -2.070974167781181E-002
  9.174713420196430E-002
  0.370846884149724     
 -0.268385126197640     
 -0.260227593107415     
  0.319411238328662     
 -3.529132916577307E-002
 -0.223390135402659     
 -8.747713745590489E-002
  2.235120247208246E-002
  0.440065713969235     
 -0.363222018471969     
 -0.116268696749854     
 -0.119191060552873     
  6.203858300261418E-002
 -0.254165295830124     
 -0.216904229939912     
  0.104368071653598     
  8.386816612321894E-004
 -0.188198711454999     
  0.115521235697813     
 -0.104418642988887     
 -9.483847239887737E-002
  2.376876738051842E-002
  3.017788387778916E-003
  0.156328081289571     
 -9.328217062605849E-002
  9.976797196940702E-002
  0.255819606585702     
 -0.178798558921741     
  0.152053227980857     
 -0.752162314881382     
  0.239695698997802     
  0.130897338066908     
 -0.150417361347141     
  0.148611277182618     
 -0.300874675634662     
 -0.180429623087241     
 -0.170684983871204     
  0.170713477584960     
  0.212925693670277     
  0.229184078760633     
  0.137393073060516     
  9.363542684970109E-002
  0.316831365402885     
 -3.085575936216889E-002
 -0.268856620064200     
  2.886204936228897E-002
 -0.136106118829030     
  2.028534011686185E-002
 -0.179801957702220     
 -0.181609237337963     
 -0.576999429790446     
  0.261608284160820     
  9.078247792587145E-002
  3.078302688339696E-002
 -0.191965128296644     
  0.183191154656332     
 -0.263517235454278     
 -0.161307415659475     
 -0.155888749746647     
  0.119656130881516     
  0.442824834129479     
 -0.198198268111310     
  0.449678772349915     
  0.199451054288680     
 -0.481424265311561     
  0.223810876801824     
  0.144243610955715     
 -0.218140926529799     
 -0.348814340721301     
 -9.296465680670807E-002
  8.430178577395192E-002
 -0.419171707706137     
  0.241422905841329     
 -0.153135341289211     
  1.320893569421420E-002
  0.173667971327209     
 -2.783706218071230E-002
  9.307742637180838E-002
  0.407067190576788     
  2.912029431670170E-002
 -0.272594235418850     
  0.323599220105547     
 -4.199839058693004E-002
 -0.371994101661328     
  4.429565609768055E-002
 -0.102392275501539     
  0.105893150672301     
  1.432760647707591E-003
  0.139936809234445     
 -0.101992184790256     
  0.494585318688709     
 -0.126197770294992     
  0.198304867079726     
  0.432073985758744     
 -6.149736085048690E-003
  0.125236255955456     
 -0.455482376980143     
 -4.652973741467960E-002
 -2.000211879580691E-002
  0.245445901898381     
 -0.234440923590253     
  0.115787494280682     
 -0.176074769952695     
  -1.04758042284599     
 -0.150830981055160     
 -0.205540708608342     
  6.291853313604898E-002
 -3.968679314690045E-002
  9.373154964736834E-002
  8.828287895640458E-002
 -0.336119639905142     
 -7.868832616185746E-002
  2.252705756827139E-002
 -4.377894477708574E-002
 -0.126344876205578     
 -0.416571382803650     
 -0.291582390077662     
 -8.752902073841792E-002
  0.550004061598209     
 -0.162788039241170     
  0.357710901433236     
  5.624898605354097E-002
 -4.955625629749343E-002
  0.322590846800139     
  0.286632441401252     
 -9.010554219607800E-002
 -0.180868543103793     
  5.461095829842096E-002
 -4.439066895591652E-002
  0.186158532041207     
  9.328642439879986E-002
  0.212128133646838     
  0.122280013914976     
  4.189234422281260E-003
  0.676687436338415     
 -0.203025202707255     
 -1.966433235301950E-002
 -1.491677917594963E-002
 -0.213767269069291     
 -0.220074295617387     
  4.930167762076676E-002
 -0.154468632462572     
 -9.910494016316351E-002
  3.000654413757124E-002
  0.173864781781403     
  8.331742631775907E-002
 -0.383927682874404     
  0.104091570531328     
  0.294683318252695     
  0.518935773286296     
 -0.189860296093477     
 -8.969890497369867E-002
  0.229403009244630     
  0.296982879040738     
  1.793134680096281E-002
 -0.109689619946863     
 -0.120565820286978     
  0.248285932356548     
 -0.906258090083010     
  9.228530122160949E-002
  0.161732637652026     
 -0.319551590103425     
  0.495944276585980     
 -0.240290439686459     
  0.243062793119880     
 -6.367860479811523E-003
 -1.138661356695057E-002
 -0.812397797509036     
  0.350607820142177     
  0.147958691328047     
 -0.102952165639232     
  0.285217027329509     
 -0.374423811058827     
 -0.151559495704279     
  7.143928064212991E-002
 -0.225246098530966     
 -0.192024344384212     
 -6.281833108391176E-002
 -0.252707296764512     
  0.125655191705864     
 -0.160006472566035     
  7.217793361433128E-002
 -2.253560979837339E-002
  0.299997854894620     
 -4.227307741496662E-002
 -3.701222321481679E-002
 -3.364354547359988E-002
  1.384067962662850E-002
  3.519612173493609E-002
 -0.241963697310282     
 -0.322923691378025     
 -0.761862893607790     
 -0.265647051739719     
  0.331578840926573     
 -0.196024549661619     
 -0.389347793861007     
  8.827486375639008E-002
 -6.007009930353301E-002
  0.520433935084361     
  0.289244713068482     
  0.248872369096671     
  0.130639516249473     
  0.239532808675216     
  0.214599505638194     
  0.101410740575733     
  0.203652817816694     
 -0.185708926735490     
  0.168005084149346     
  0.299064779344157     
  7.557547396339834E-002
 -7.651376845122207E-002
 -7.714593476937396E-004
  0.115845177776196     
 -0.385055409635754     
 -0.257616233143739     
 -0.592811777485471     
  9.095006962795886E-002
  0.291010611285678     
  0.187781256671376     
  8.834396855978956E-002
  6.657676676921330E-002
  7.433988236780778E-002
  0.128988139497350     
 -0.546392804097398     
  6.968165949981177E-002
  0.241133286625170     
 -0.319717471646652     
 -9.792620550054525E-002
  5.493374465604690E-002
  0.193634565219829     
 -0.249643821015868     
 -0.365698810690930     
 -0.284306748412418     
  0.405165130932254     
 -9.746604626215041E-002
 -0.498619428821522     
  0.243651289702409     
  0.208713833257067     
 -5.536688410861904E-002
 -0.239070208065762     
  7.361362163470613E-003
  2.769129162905349E-002
 -0.181191350047298     
 -8.361149439030695E-002
 -0.405084586774942     
 -0.215424949985190     
  0.587068968653397     
  0.199680509550922     
 -0.189349413286248     
 -0.365403423052553     
 -0.364344037313834     
 -0.215848892420312     
 -0.149513848207498     
  0.382761208668683     
  0.242972855049143     
 -0.140554605012011     
 -0.126860728832667     
  0.339509952735980     
 -0.227275740383433     
 -0.229003200291503     
  0.167310208358001     
  7.242139865512434E-003
  8.403575088869836E-002
 -0.104027152608315     
 -4.848570332382001E-002
  0.292480174180095     
 -0.335294515450054     
  0.289214194159305     
 -2.827106916845615E-002
 -0.562965003375105     
  0.134520111528654     
 -0.249056946437054     
 -0.116731220989515     
  1.134693536439579E-002
  6.110420549319956E-002
  0.210463452383899     
  0.197323514530651     
 -0.241577128520269     
 -0.239394093225431     
 -7.557083858114533E-002
  0.335928561639458     
  0.395847470374733     
 -3.772689772252296E-002
 -7.475961175810136E-002
  6.432803881301982E-002
  6.865191099038630E-002
 -0.230874121963677     
  0.107452109537744     
  0.150706015500721     
 -0.210774795467856     
 -0.286670427657727     
 -0.212065607553252     
  0.277470674405781     
 -0.143338704704014     
  0.110004139866175     
  0.243144580297014     
 -9.380263460935259E-002
  0.159062505866091     
 -5.533607469685035E-002
  0.366827432522766     
  0.578219854488046     
 -0.179169874695547     
  0.504328004361236     
 -1.562806308429454E-003
 -0.120928838937893     
 -0.243092932396940     
 -0.253091593233213     
 -0.178901684566915     
 -7.846662620187109E-002
  0.135809877995829     
 -0.358283520659102     
 -4.625596566091719E-002
 -0.107135635330126     
  0.200936590660104     
 -0.234902236099684     
  6.573180407815486E-002
  0.160921373594289     
  7.350123432581265E-002
  0.284146263085561     
  0.142490684626553     
 -6.581867678931817E-002
  0.593124600638827     
 -0.237019664189324     
  0.375509040454081     
  0.146253582263233     
 -5.310493494828200E-002
  0.536738366670030     
 -0.160807713414337     
 -7.941603129113260E-002
  5.642861808032614E-002
  0.294360166541033     
 -3.072798337397389E-003
 -0.200548915239630     
 -9.340661041587096E-002
 -6.660171641187464E-002
  6.320664715837779E-002
  8.730712514159764E-002
 -0.257355929791576     
 -0.104450867895277     
  4.384261521560726E-002
  0.265254233365319     
  0.156611553564443     
  0.259178645528057     
  0.131044563868400     
  5.594114757266507E-002
  0.496319428106822     
  5.976642207074380E-002
 -0.322118022872062     
 -0.328461858854675     
  4.378944885410505E-002
 -8.516124576732278E-003
 -0.357605970896413     
 -0.180923935344237     
  0.198349377357407     
 -0.359841580445501     
  0.334330322673764     
 -0.173828517631565     
  6.990403594094584E-002
  0.103615068369195     
  0.294031741868222     
 -0.288675886486584     
 -6.347580055481516E-002
  0.283790015795622     
  2.322270705740201E-002
  0.185928055072307     
 -1.945245056598512E-002
 -0.164531351363650     
 -0.185356994985193     
 -8.076623761360167E-002
 -2.114237429148459E-002
  6.424429327981099E-002
  2.943242366580186E-002
  3.667671256958858E-002
 -0.106688435888378     
  0.156333116484694     
 -7.387356787129290E-002
  6.620531290369160E-002
 -0.366170268451701     
 -0.389278024898949     
 -8.310606430806759E-002
  9.430944688676841E-002
  0.114796865597126     
  7.127703905042247E-002
  0.248366658998296     
  0.215833955603540     
 -3.846260875800356E-002
 -0.121456566710541     
  0.280032049516851     
 -0.263709778368501     
 -0.285452713702455     
 -0.216154992469585     
 -8.823966035270563E-002
  9.395065840347908E-002
  0.209855514456411     
 -1.761997026028651E-003
 -0.174953959101134     
  0.123205082844542     
  0.175666133150374     
 -0.437659376512993     
  0.561812757188438     
 -0.203462852640727     
  4.328402262732171E-002
  0.343298212411722     
  0.228758996588031     
 -3.440081106776809E-002
  0.206289294069706     
 -9.988838765290538E-002
 -0.108148023816818     
  0.268642890940579     
 -0.392902844280961     
  0.255983242000759     
 -0.248326389948630     
 -0.302848290631097     
  7.495443806148375E-002
 -0.310116085982616     
 -0.165374363897896     
  5.135473357021575E-002
  5.971524183432939E-002
 -0.314028756815195     
 -0.105652354072067     
  0.318439615799693     
 -0.106872069631057     
  0.303132271750708     
  0.173800077157039     
 -0.153010907150548     
 -0.145293523764712     
 -1.794591040118820E-002
  0.189327139254105     
  4.179668814294148E-002
  1.356785990404561E-002
  0.180897361574743     
  0.252511633528505     
  0.106785230462285     
 -0.340146146444522     
  0.605591628316026     
  0.282697154154850     
  0.240411427252935     
  0.144043561473993     
  0.222588682108046     
  0.336517673893949     
  0.143397148058521     
 -5.444293047643738E-002
 -0.380489400092076     
 -2.636186782560244E-002
  0.258494562328545     
 -0.464397711876876     
 -0.372412962260631     
  1.760417684224410E-002
 -6.030289542015937E-002
  0.115342480677306     
  6.527632797447329E-002
 -4.532056366256078E-002
  1.191811847682082E-002
 -0.212881654847485     
 -0.174468030606534     
  0.759017446563725     
  9.701119218394044E-002
  4.246568823683880E-003
 -0.302906461121869     
 -0.540574607540184     
 -0.226065482363606     
  0.174580790499477     
  0.208041541834804     
 -0.272111332012285     
 -4.656941252661607E-002
 -6.911520423014793E-002
  0.212577839651880     
 -0.407560140822073     
 -0.226260258027737     
 -0.116210523308404     
 -0.583122000717437     
 -8.189311093857299E-002
  0.109551471051221     
  0.108092526983177     
  0.198013923143603     
 -8.400457835684237E-002
 -0.423283376550418     
 -0.257317788150508     
  3.594773804751640E-002
  0.455773035226784     
  0.184661585376107     
 -0.422250646526651     
 -0.260314790289628     
  0.164445910464137     
 -0.187143243091902     
 -0.104521451331396     
 -2.071983311184991E-002
 -0.287413779464152     
 -0.215314301827505     
  0.147651899157108     
  0.287330439093481     
  9.443988769131591E-002
 -0.207384020679941     
  0.123030634570164     
 -2.824266593962699E-002
 -0.250854487601681     
 -0.324646368713730     
 -0.118181854957191     
 -0.111532110167143     
  5.075184186617369E-002
  0.133969618204681     
 -5.527240007866840E-002
 -0.253194849570307     
  0.165188894615750     
  0.208080392148586     
  0.182701604069480     
 -0.242614848311897     
 -0.109317657533189     
 -0.615397774986460     
  0.666918319816616     
 -0.169232111358932     
  0.320149113249632     
  0.462572731893309     
  0.193449404163326     
 -2.413158434755794E-002
 -0.118446253757348     
 -9.016766769990453E-002
  3.966571202047053E-002
 -0.385511882217904     
 -6.350344330642177E-003
 -0.260595490078068     
 -0.338545800091830     
 -5.531237074230928E-002
  0.130622423003184     
  3.407500799091680E-002
  5.648674509998210E-002
  7.020231449642253E-002
  0.201616478206597     
 -2.280419862743191E-003
  0.343371940051645     
  0.224438306531919     
 -0.540636318406967     
  1.397481851092312E-002
 -0.536160490730409     
 -0.304170420668337     
 -0.252345362093750     
  0.256156950820221     
 -0.423275902372116     
 -0.410143283025960     
 -0.246962064313901     
 -4.687951224984428E-002
  0.214231824798766     
 -0.365521265735193     
  0.135929614555618     
  6.903106987123017E-002
  0.116725189236411     
 -0.302867046201569     
 -6.944003170814880E-002
 -0.141801037094215     
 -0.224328933086123     
  0.203366548731281     
  0.169631886090992     
  6.726608068746852E-002
 -0.420827675240885     
  7.843631126377019E-002
 -0.415638910640128     
  0.119940009799261     
 -0.106599851747086     
 -0.188144064036682     
  0.113737505526302     
 -4.315290246567946E-003
  0.132451609831893     
 -3.942471895762285E-002
  3.216511166310321E-002
 -0.371765715698501     
  0.532888113137477     
  0.160861719114730     
 -0.131448797077156     
 -0.107337952598984     
  5.434135335925015E-002
 -4.417478053290196E-002
 -0.151998113366946     
  2.535238916808827E-002
 -4.499967560737965E-002
  0.183598326097023     
 -5.328147453907565E-002
 -0.346494746331201     
  5.122243747332178E-002
  0.181585698101124     
  5.867269537274775E-002
 -2.914304637443123E-003
  0.291228359525206     
  0.340367249852479     
 -0.346597470118062     
  7.076545476455190E-002
 -0.359904809212968     
  0.461626199643995     
 -0.266804075050383     
 -0.349511002875227     
  3.575488540604904E-002
  9.324260871564527E-002
  0.429280305960374     
  0.214341792977563     
 -0.402406451410769     
 -3.801864621079533E-002
  0.192523997467600     
 -7.418174529643420E-002
 -0.533676078526803     
  9.489345994385871E-002
 -0.103330203572978     
  0.166711459586873     
  0.106339102063768     
  0.255705342781449     
  0.259793265653989     
  7.387671667784172E-002
  0.147194898435113     
 -0.147830546609988     
 -0.283703403938876     
  0.145845121388944     
  0.233525663621485     
  0.203765466308164     
 -7.559900949673316E-003
  1.308867137918805E-002
  0.172185211148117     
 -0.232441248517533     
  6.182662368272594E-002
  0.295856299179099     
  3.742676356550376E-002
 -0.443352303029346     
 -1.376320226386958E-002
 -0.211956575331715     
  0.275333718512409     
 -8.566341486521425E-002
 -0.278215210353179     
  0.112234658455116     
 -0.210958838968595     
 -0.312430913785844     
 -0.213221504150008     
  0.405323245292401     
 
 -8.628318224833269E-002
 -0.244923353276552     
  0.358524075460108     
  0.125264991788534     
 -8.144223732013516E-002
 -0.168421088720898     
 -0.473248176708040     
 -0.271017562912153     
  0.158856419404387     
  0.174204455587152     
 -0.164010447222875     
  0.267951393552438     
 -0.103139563929301     
 -0.345747528867272     
 -0.313747338860690     
 -0.454348109773006     
 -7.929494813062517E-002
  0.204195041917836     
  0.312709208946418     
  0.242042987886640     
  0.189065283574622     
  0.120517125377029     
 -0.129495717777669     
 -0.405069531050360     
 -8.914887289878476E-002
  0.380212229427839     
 -6.227874876833066E-004
  0.260520924869435     
 -4.654081264155832E-002
 -0.245903375219702     
 
 -0.119651773633481     
  0.224027593109566     
  3.992714591123628E-003
 -0.280632625635611     
 -0.104379328978949     
 -0.133384520288507     
 -0.128786393911802     
 -0.277643395737837     
  0.265097685461132     
  0.198751665790680     
  0.104088130642713     
 -9.636837152142223E-002
  7.184461270159018E-002
  0.208233806411623     
  2.238040168648285E-002
 -0.309398956897963     
  0.262839336438890     
 -0.114243137820770     
 -0.379818255082713     
 -6.542957334706426E-002
 -0.342197763579239     
 -0.414424003767376     
  5.210475659396435E-002
  0.164307834499324     
 -0.390993625531710     
 -4.179938950895282E-003
  0.163734957278962     
  0.485710236989427     
 -0.155461902192739     
 -0.282861893514584     
 -0.217644695114379     
 -0.225441639154108     
 -0.192015227731396     
  0.136544919094675     
 -9.944598300163558E-002
 -0.135716078274726     
 -0.342380313143668     
  0.392410045478644     
  0.193108672063609     
  7.945093226562382E-002
 -2.505784648740021E-002
  0.102023888181255     
  0.103802636310671     
 -0.151762382439812     
 -0.402451072924150     
  0.441640778433407     
  8.244044523115234E-003
 -0.216568855079651     
 -8.942917826019670E-002
  0.432667612825695     
  0.201884037163470     
  0.205630921404299     
  0.420687441300738     
  0.121133845671437     
 -0.174795516504283     
  3.749732757505472E-002
  0.275005260822105     
  2.114843994753006E-002
  0.138413574367744     
  4.935339371817250E-002
  7.806242971254063E-002
 -0.497322291258520     
  0.266248917730970     
  0.195026591485687     
  0.338646050417985     
  0.477911422481210     
  0.155838074527445     
  0.185513505249922     
 -0.296399156080895     
 -0.212586879125951     
  0.106625572794552     
 -0.491828772292765     
  0.504909027900412     
  7.175961114753851E-002
 -0.120915618315359     
  1.078005509795327E-002
 -0.115532141858796     
  8.141487287763187E-002
  0.104379390307006     
  0.114868643463647     
 -9.453110187815777E-002
  0.241669381332805     
  0.171737914769217     
  0.122113359201035     
  0.368648284813017     
 -0.140854482884109     
  0.317451871466292     
 -0.302054545117657     
 -0.413369514969483     
  0.140586997850638     
 -1.299021614139105E-003
  4.914007311188574E-002
 -0.555685670580571     
 -1.877077059636833E-002
 -6.625211948462092E-002
 -0.206066216383084     
 -8.175063975859656E-002
 -0.115978718139162     
 -0.210828721240310     
  0.255880390636329     
 -0.371960982845718     
 -0.285452711464384     
 -0.545607472891454     
 -0.273615954923976     
  0.152508342480525     
  0.331926853918494     
  0.236427470041283     
 -0.154651389645206     
 -4.240743487349337E-002
 -8.548097236523634E-002
  5.593530276601012E-002
 -6.479872589635870E-002
  0.279132160772597     
 -0.169589423588405     
 -0.376720614379462     
  0.225799929711527     
  7.669017163117822E-003
  1.043179023282060E-002
 -9.461678213736945E-002
  0.189476385528409     
  0.192440647265807     
 -0.260180152598921     
  0.237776197524052     
 -0.174702096657181     
 -3.652078205959020E-002
 -0.146523216247291     
 -5.310720339069815E-002
 -8.624318150162719E-002
 -5.863983390305350E-002
 -0.200907427385971     
  3.171817772936983E-002
 -0.349189868489310     
  0.331561475119433     
  0.160588253470167     
 -0.153664144347381     
 -0.339132365649199     
  5.263931915142624E-002
 -0.284632843407175     
 -8.365183092609917E-002
  0.114492273804880     
  3.543317656574784E-002
 -0.258713961764179     
  7.150433512700052E-002
  0.374927988034725     
 -0.497340889444676     
  0.368797555834217     
  6.571448265073164E-002
 -0.104309873257767     
 -0.227860093076333     
  0.298415585337302     
 -0.175335000347011     
 -0.357355039494200     
  0.131401714062452     
  7.247122263588007E-002
 -0.191858557753622     
  0.318198506469343     
 -9.362632217513492E-002
 -0.312020478219884     
 -7.302093536329160E-002
 -0.365455540317187     
  9.738166406493078E-002
 -0.300752168521477     
  0.170762524996904     
  6.368595176079130E-002
 -0.117338706814664     
  0.415815159783890     
  0.427483275137822     
 -0.419553313945477     
 -9.836871003251457E-002
 -4.316440648620365E-002
 -8.193439762875257E-002
  0.148079684830927     
  3.120973590299227E-002
 -2.813680730260053E-002
  2.238542342227604E-002
  0.317877977245080     
  7.450733733347989E-002
  0.109136265466720     
  5.700642065476129E-003
 -0.110962962418023     
 -0.313718314371659     
 -0.172779862516258     
 -0.423476690396716     
  9.730190034234032E-002
 -0.100269823887240     
 -0.164779774130437     
  0.289285300221776     
 -6.913030308138397E-003
 -0.210027457578057     
 -0.304024228686491     
 -0.188256448843354     
 -0.309988845346011     
 -0.119723291003323     
  0.163544617851822     
  1.385020463547317E-002
 -0.601027432458327     
 -0.552957275847142     
 -0.136738771468244     
  0.139028265947738     
 -0.419170881239488     
 -0.134759313253639     
  0.376132896891291     
 -0.272472631702394     
 -0.280485842475682     
  0.261811049222008     
  0.290712309862876     
 -0.328929570673383     
 -0.474418095376327     
 -6.646407018940716E-002
 -0.222516614410647     
 -0.118020208788561     
  0.216446602873829     
 -0.183830833408875     
 -0.248288303360326     
  0.141771104001954     
  0.162632741507838     
 -0.502585222913211     
  0.113290617878817     
  0.293282097590823     
  0.368345955427824     
  0.145950498999348     
  0.165256483025926     
  9.222518138551429E-002
 -0.165565062818941     
 -0.130707332273614     
  2.866994666110250E-002
  0.186262688269513     
 -0.216709338620173     
  1.594324016196535E-003
 -0.143480762348348     
 -9.078180497320079E-002
  2.877137040068794E-002
 -3.802747131210502E-002
 -5.667931604929630E-002
 -0.340778303216032     
  0.100662308450780     
  0.263384095928966     
 -7.773033412514062E-002
  8.095938357565986E-003
 -0.100795606581543     
  0.173434331311584     
 -0.304022027595146     
  4.807709659738339E-002
  9.774119180492558E-002
  0.304893426928110     
  0.212666395219147     
 -0.453469447284142     
  0.252332136336544     
 -0.171581975831046     
  0.218286359551438     
 -0.134934932509214     
  0.314019809871065     
  4.645060930452707E-002
 -0.199020650671828     
  0.146586212351329     
 -0.425592468617941     
 -0.400340334746694     
 -9.433222808861133E-002
 -0.183158355386264     
  2.393544895336468E-002
 -7.674460080765116E-002
  0.373226027538592     
  3.637870125078707E-002
 -1.648330628054851E-003
  0.133126095654846     
 -6.888904941201904E-002
 -0.250737643842823     
 -0.121368206557466     
  5.350586208750756E-002
  0.261367063358504     
  0.110640035426717     
  9.900471837005224E-002
  0.302395967273572     
 -0.241809328636906     
  1.423959833792844E-002
 -1.814416396665144E-002
  0.145742688373842     
 -0.163715347872361     
 -0.322843713230456     
 -0.108774692062084     
  0.319536375896096     
 -0.375024034115266     
  1.515940030117516E-002
  0.146959723644697     
 -0.276230442291710     
 -0.225474233823888     
 -0.167810891874519     
 -0.153666404724536     
  0.230781742852396     
  0.101556842607216     
 -0.265753500317755     
 -7.626558522641062E-002
 -0.136834771234715     
 -3.315593884207196E-002
  0.399447234065739     
  0.185067131030635     
  3.655532320905829E-002
  0.125008319718997     
  0.167903022441294     
 -0.200146528937054     
  0.108107014367369     
 -0.246824333299298     
  7.966845330054446E-003
  0.174186801194329     
 -0.224326639240271     
 -9.406287946009745E-002
  0.361030893045201     
 -0.542091151800800     
 -0.521940016470006     
  0.194994122396098     
 -0.419352958027436     
 -4.340930510593521E-002
  0.170749066966785     
 -0.448957872121217     
  0.160966005689405     
 -0.158506340558942     
  0.159580703699321     
  0.658040413699029     
  9.803466050732053E-002
 -0.347619488560736     
  0.147838395076606     
 -6.860205378089299E-002
 -0.256510638834720     
  0.178023186475291     
 -7.476211827740518E-002
 -2.124807151019149E-002
 -7.794765381436913E-002
 -0.459530237202144     
  9.444893836165812E-002
  0.323690942837923     
  9.933207290827378E-002
 -0.297832688866498     
  9.158771029586149E-004
 -0.319407574627187     
  6.551818181403748E-002
 -0.307294920298625     
 -0.102831461959725     
 -2.618520136596854E-002
  0.304843277553399     
  2.741992364307552E-002
 -0.178626961562309     
 -6.557329240878693E-002
 -2.928778354218664E-002
 -7.219084965619875E-002
  0.286571159920241     
  7.538029634065108E-002
  0.225006933382981     
 -0.324070455849253     
 -0.101300958437481     
  0.106112358617069     
  0.232125744746405     
  0.308799110298619     
 -0.295099823371422     
  1.102049804401005E-002
  0.166922399274661     
  0.162030541348147     
 -7.648181156879504E-002
  0.253795077875818     
 -0.216591797195840     
 -0.300276936603000     
 -0.253101420002211     
 -8.656055077852050E-002
 -0.156371963905079     
 -0.101568375149587     
 -0.401835566338787     
 -0.219251017808376     
 -0.172276954053499     
 -0.264864915073105     
  0.128967745998093     
  0.217925179459761     
 -9.014059814467491E-002
 -0.216489098406445     
  0.122190576036838     
 -4.237468572807173E-002
  8.411196490412441E-002
 -9.319516803690268E-002
 -0.367753551271050     
 -0.378233760122771     
  0.190049812616627     
 -0.290619035915116     
  0.388364609918618     
 -1.101017257359697E-002
  0.228063530970528     
 -1.640539690488645E-002
  3.745969240696569E-002
 -0.285202365560048     
  0.284538136392364     
  0.372979803001743     
 -0.263928105314735     
 -0.164798812133688     
 -0.298800313790087     
 -5.292825288543571E-002
 -0.222325148867170     
  0.286773418295581     
 -0.120455231251124     
 -0.335168009350870     
  0.151968829956007     
  0.235901771715399     
 -1.842207469365313E-002
 -0.140666377539815     
 -5.646913987499044E-002
  0.302190403243352     
  0.248024169712405     
 -0.379542516837679     
  4.976071768112596E-002
 -0.111837654954758     
 -0.216148506724588     
 -0.130064465273691     
  0.308617597173681     
  6.647146182676082E-002
  0.315204306037689     
  0.285238094678150     
 -0.455087933972938     
  0.426320192359691     
 -0.106156400208302     
  0.107911676966599     
  7.316911169979899E-002
  0.194148902720652     
 -0.231021536127788     
 -0.310585794763156     
  0.403610964924293     
 -5.013456639189438E-002
 -0.154693016565926     
  1.431756818528524E-002
  0.159007030087491     
 -0.158195001777133     
  4.592224998535151E-003
 -0.200682587068516     
 -7.034596053527378E-003
  0.283912289314326     
  0.230883476205854     
 -0.195593751472674     
 -6.364512909577752E-003
 -0.433044885584991     
  0.163801543856568     
  0.146852881406734     
  0.178908438599175     
 -8.667967827195895E-002
  3.230601421065862E-002
  0.266110319032327     
 -0.126116095267485     
 -6.855145961911427E-002
 -0.108108493632936     
 -0.181463755777078     
 -0.215986674873412     
  6.888199292635881E-002
  0.130695592397745     
 -0.432851221374881     
 -0.132471056416576     
 -0.354877616272376     
  3.104862939762233E-002
  0.407169826851888     
 -2.591398064511970E-002
  4.117003942491047E-003
 -8.310247470434433E-002
  0.133945450283074     
  0.151085966570012     
 -0.164483576726219     
  0.164139385819398     
  0.207946459632845     
  0.208046509949792     
  3.478915109845289E-002
 -0.290265344925028     
 -0.280134516942303     
  0.217276259089762     
  0.151833956052050     
 -0.532092371340459     
  5.767112233028368E-002
 -0.215410231533205     
 -0.239005929251252     
  6.629300903768579E-002
  0.169916342990622     
 -3.335273394143855E-002
  0.285865140356535     
  0.213143854628960     
  0.361315652213101     
  0.397626795549048     
 -0.187709141386713     
  0.171435356028724     
 -0.109739373233372     
  6.757667880966620E-002
 -0.103576743884422     
 -0.342212235639424     
 -0.113224568809022     
  0.222089443667767     
  4.726031190126815E-002
 -0.164465146044818     
 -5.178466217335354E-002
  9.701769963616282E-002
 -6.997476438699667E-002
 -8.321535905402835E-002
 -6.280247187728587E-002
  0.246012041075054     
  0.180161440017785     
  0.341109924736833     
 -0.125861335657660     
 -0.348269161203574     
  0.147288194074867     
  9.185135567130563E-002
  8.881938911013826E-003
 -0.153097457613127     
 -0.168146016778431     
 -0.329641778285638     
  4.549491168672170E-002
 -0.112874087900398     
 -3.300510049616532E-002
 -7.454457677390521E-002
  0.197519001120316     
  1.197116638783671E-002
  1.167971218950396E-002
 -0.252694468327598     
 -0.239117355342137     
 -0.118283936219539     
  6.347191468888073E-003
 -0.268948377230379     
 -0.471737418602306     
  0.418069955071054     
  5.915240990886991E-002
 -0.381364546758749     
 -1.823911199181827E-002
 -0.295240883370582     
 -0.260518749218205     
 -0.528729069225749     
 -1.802557194578818E-002
 -0.561351530184709     
  0.107284183978445     
  0.149266920094997     
  0.340389731397462     
  0.281898565297922     
 -0.460825722474311     
 -5.113794944876701E-002
  0.333555842366166     
 -6.983664396077768E-002
  6.430350700409921E-003
 -0.509753473395864     
  0.347568641029776     
  0.462478042611378     
  0.451579922670973     
  0.465682980893669     
  0.373020691495421     
 -4.603515858483881E-002
  0.297410947923823     
 -0.268837957799689     
  0.255999706998463     
  7.687874237675223E-002
 -1.058126087205218E-002
  0.106291399266129     
 -0.103623422314334     
 -2.921906289521917E-002
 -9.045147132797574E-002
 -0.127779335314595     
 -0.117882404167287     
 -0.213936881255418     
 -0.233948206196921     
  0.131658244571813     
 -0.290171581975351     
  0.316726960107587     
  7.148742655274731E-002
 -0.304638678214578     
  0.150343495335570     
  0.383459229166097     
 -0.312678014318756     
 -0.335598764828666     
  4.457333944666692E-002
 -1.873659422215235E-002
 -0.151389994250259     
 -2.076020746149035E-002
  8.823642909777552E-003
 -4.208265363852461E-002
  5.280900473046383E-002
  7.379276004213965E-002
 -0.374594159833777     
  0.214884364517024     
 -0.387758927677815     
  0.176349263390233     
 -0.411009195680038     
 -2.290748789025869E-002
 -9.925423715940442E-002
 -0.160188690226230     
  0.161343840654090     
 -5.615194653961670E-003
  0.314762827859503     
 -0.106860423751785     
 -0.299433545544506     
 -5.144729726469055E-002
 -0.198885925185943     
  8.074823933186923E-002
 -9.756168079581487E-002
  0.225607443406402     
 -0.377871977762052     
  6.675733950016949E-003
  0.535097913779305     
 -0.282295658242709     
 -0.185559734684869     
 -5.002537989409932E-002
  0.103918528033959     
 -3.136770943275277E-002
  0.165104604175223     
  0.338700712507619     
  0.226066279358223     
 -0.201825733107621     
 -0.151426179265357     
 -0.169955244786299     
 -0.176374421910489     
  0.285213718240296     
 -9.819493394903307E-003
 -0.174816511808102     
 -3.071449829798394E-002
  0.181681156844164     
 -0.303400117582690     
 -0.446159488630688     
  9.633916424760831E-002
 -0.256079495886604     
 -0.125344394485578     
  7.757981050493104E-002
  0.259379586464551     
 -0.258895393137752     
 -0.226858816261299     
  0.286720631847322     
  1.666606125970675E-002
  0.244854107471503     
  0.130338697713458     
 -8.070251645787380E-002
  1.682214775209795E-002
 -8.216739581055302E-002
 -7.701095403832083E-002
 -0.123600031837449     
 -0.154935342048503     
  0.233471818176710     
  4.731356502031166E-002
 -6.942239892122433E-002
 -0.267016230409842     
  4.646295607005105E-002
  7.335818291808412E-002
  3.681781120004998E-002
 -0.192168297775010     
 -0.433623177949858     
  4.018529198519651E-002
 -0.167851084403016     
  0.222341604603552     
 -0.125685771597471     
  4.834057667828899E-002
 -9.979360134976648E-003
 -0.133003207683611     
 -0.170345983697014     
 -0.193164180868367     
 -0.290936653200750     
  0.117672494647832     
 -8.471347511878263E-002
  0.189480244479240     
  0.440877669069746     
  7.169723519796663E-003
 -0.138288242215006     
  7.888171183575080E-002
 -0.162641477988265     
 -0.187304906102513     
 -0.122639705361416     
 -6.041428292111365E-002
 -0.217337838410669     
 -0.218513188610166     
  0.370686474219527     
  9.319826772931862E-002
 -0.645546794087388     
  9.141253207306764E-002
 -2.551819290511339E-002
  0.216472013098236     
  0.111311711176426     
 -0.126848643728620     
  0.224309150802458     
  0.246979554595444     
  9.780550621985976E-003
 -2.864008683207853E-002
  0.171623635064083     
  5.232938838032043E-003
  4.235441115837416E-002
 -0.373457040427544     
  0.151959525980389     
  3.070883830013350E-002
  0.281897042063796     
  5.276541724497024E-002
  0.238199829156592     
  0.164741221206848     
  0.116166533021873     
  0.387097216085304     
  0.180622978579113     
 -0.104534149192077     
  0.285216663212818     
 -0.131478700994180     
 -0.256791455347219     
 -0.105107939972638     
 -4.045678479170842E-003
 -0.303368643968723     
 -0.325705537207452     
 -0.249838093052930     
 -0.147579048031884     
 -9.249036328729301E-002
  0.337110144176958     
 -0.539477478596109     
 -0.113078309321684     
  0.181676503156255     
 -0.184593420019218     
  0.273805745945749     
 -0.605294674612608     
  0.427594078912316     
  0.319722608726714     
 -0.358957477735196     
 -4.748111468590960E-003
 -0.186495738158312     
 -0.117974155140680     
  0.236980485689787     
 -0.321382008098648     
 -0.189460014120736     
 -0.180933335419769     
  1.778109496638069E-003
  0.420203829734411     
  0.442462687069516     
 -0.316065599094106     
  0.258075023078496     
  1.252058738250495E-002
  1.670035694992834E-002
 -0.321416163836344     
  0.228243423458137     
 -0.415554003681892     
  0.388871409651737     
 -0.147213876735398     
  9.642720567616703E-002
  0.145216745741912     
 -4.930522463101290E-002
 -0.288984275772160     
  0.121037393735922     
  2.306197294417832E-003
 -4.659395563843923E-002
  0.122916927123387     
  5.285214205340039E-002
  0.177329023524485     
 -0.518865429793283     
 -0.134367469279638     
 -0.406885679886333     
  0.338739533736402     
 -0.372183491178262     
  0.245627527482184     
 -0.111058767037988     
  6.219478886742031E-003
 -8.847884177006934E-002
  0.432831496960745     
 -0.371547619262113     
 -7.783093109503714E-002
  7.886398109490210E-002
  0.164068973606128     
 -1.250695332171727E-003
 -0.107885887088283     
  1.691357844184131E-002
 -0.161016842525958     
  7.960343423195532E-002
  7.413334400379065E-002
 -0.101006121197289     
  0.335998754590650     
  0.274776584205992     
 -0.173494644671262     
  2.183793707803995E-002
  0.407371190119770     
 -9.458777461919948E-002
  0.211045212236570     
  3.688496740443267E-002
 -0.173911965415871     
 -4.733129761773312E-002
 -4.191545999008022E-002
  0.180633217499003     
 -6.340274244928505E-002
 -7.240570412273946E-002
 -9.716444160086103E-002
 -6.845668868615916E-002
 -9.793348039350086E-002
  0.274060343204787     
 -0.139723611401429     
  0.134064878330054     
  2.654370012630944E-002
 -5.398580074758436E-002
  0.210347802743837     
 -0.305866439789213     
  0.107548697893499     
  0.204008329945821     
 -0.475732916167446     
  4.284378641857063E-002
  0.118861517721583     
  0.117105092162043     
 -0.166096958532721     
  0.203349878661409     
 -8.216313319914019E-002
 -0.359737618753251     
 -0.134106120725500     
 -8.371169789982245E-002
  0.242285020407054     
  0.389241200748856     
 -0.174335945048053     
  0.434524323122655     
  0.274366610913476     
 -0.140286995808746     
 -0.247077960245179     
 -0.340767966863158     
  0.125185832094798     
  0.366900522236087     
 -7.429467578546223E-002
 -0.440507794026797     
 -0.239394593365459     
  7.201372542068159E-002
 -0.271598575435474     
  0.207957120221270     
 -1.737480396674417E-002
  0.135946656958130     
  9.164809050744131E-002
 -2.796728398204639E-004
 -0.390103378569055     
  6.588128890792774E-002
 -0.165643624739179     
 -7.638595053832622E-002
  6.999192313495445E-002
 -0.309418125300537     
  0.341365134899839     
  2.858581884882626E-002
 -0.219012223046975     
  0.115476603449577     
 -0.184669284358378     
  0.139261269389334     
 -2.839671085261648E-002
  0.265521844978668     
 -4.544992023312349E-002
 -5.908108481909289E-002
 -0.373326007173708     
 -0.190161639664152     
  0.212563121229405     
 -8.440660481143580E-002
  4.446349991644820E-002
  0.166347390607487     
 -0.315010918409003     
  0.137000283616477     
 -0.207360923950239     
  0.175652462060440     
 -0.190389693337501     
 -2.709710533489457E-002
  0.154229055028318     
  0.384085267587982     
 -0.320491991666657     
 -3.554178712283494E-002
  5.811363205275895E-002
 -0.102303392417712     
  0.240084971280838     
  0.296164261489022     
  6.841332235603784E-002
 -0.118337717326938     
 -7.620813719948084E-002
 -0.134244680536249     
 -0.338646451738825     
 -7.787916951873047E-002
 -9.098175255748579E-002
 -1.682777247748593E-002
 -3.454996443715089E-002
 -1.542137770640780E-002
 -0.208665444724812     
 -0.246716336089778     
  0.250967463933781     
 -0.163161289560635     
 -0.100603568741439     
  0.241401233786283     
 -0.119614220198128     
 -3.948691063035921E-002
  6.183317717037547E-002
 -3.653841303135203E-002
  0.318355908278497     
  5.170510234023575E-002
  5.401628450423270E-002
 -5.382407956046956E-002
 -3.940447029307874E-003
 -9.510175056188633E-002
  0.148149437167822     
  0.182465548959473     
  0.104652217206564     
 -0.184217345395882     
  0.212384226714900     
  1.478510207345310E-002
 -0.174267927954647     
 -0.436055375732118     
 -8.443827406495968E-002
  0.157042601144073     
 -0.184963053180689     
 -2.736024052897772E-002
 -0.134682574930783     
 -0.331683427243206     
 -3.316091687450198E-002
 -0.192299862546337     
 -6.238318985107437E-002
  0.266622764339300     
  0.102696431283837     
 -4.195352056670976E-002
 -1.011887133482248E-002
 -0.266137732514033     
 -0.332077484338066     
 -0.202619973125366     
  0.113855633285421     
 -0.196069145173675     
 
 -8.266516739937003E-002
 -0.114015601215205     
 -0.490532263047333     
  7.833426259250927E-002
  0.197905565615914     
 -3.665582310726209E-002
  0.531672617707993     
 -0.257325157157269     
 -0.134253971819880     
  2.684152481834612E-002
  2.760254733818878E-002
 -0.157131840407312     
 -4.913551299653920E-002
  0.157040014864990     
  0.303341200144558     
 -0.255727192181193     
 -3.605011910632893E-002
  0.572646259179250     
  9.732798038637387E-002
  0.215076595367073     
 -0.168646665559855     
  9.545577311152036E-002
 -1.761854785914930E-003
 -0.185572434343086     
 -0.433310878226283     
 -0.321196753946557     
  6.852426821833198E-002
  0.283630649645042     
  2.070951182043822E-002
 -0.276050103593584     
 
  -2.11286550782010     
  -1.56742175924638     
   4.23699096379376     
  0.488408151645992     
  -7.86633754209946     
   2.63798728484906     
  -1.08922499873365     
   2.23624980300991     
  -1.72698611040254     
 -0.896893171531763     
   1.37664776319552     
 -0.372099191858001     
   1.36388218510764     
  0.884186635821509     
   3.79242359372183     
   2.52580898660382     
   1.44657588140065     
   4.05181011330277     
   2.41506286219437     
   1.93813202998559     
 -0.674730237633363     
   1.04585681698673     
  0.397035049890842     
  -2.95918159195663     
  0.167561418111017     
 -0.747396692070094     
  0.687240796012917     
  0.306485264634465     
   1.61382190817255     
 -0.412691104067249     
 
 -1.366165487804878E-003
 
  tansig  tansig 
