 0.167072577639577213E+01
 0.160564447253129794E+01
 0.182053604803433000E+01
 0.230332018077017997E+01
 0.150823181660661620E+01
 0.117798798024940732E+01
 0.119210104346262247E+01
 0.195763130911631611E+00
 0.104855117687015373E+00
 0.128219913595542456E+01
 0.638516019972687032E+00
 0.852885772983386414E+00
 0.625646635519124250E+00
 0.415022415442623194E+00
 0.468392617482148221E+00
 0.485203133781064166E+00
 0.448666920625045818E+00
 0.381897786520501270E+00
 0.433122250657281216E+00
 0.204640151507414880E+00
 0.219389850608519177E+00
 0.816251983834313188E+00
 0.464340087548671898E+00
 0.523830916213371411E+00
 0.643497028167541840E+00
 0.473203102172345014E+00
 0.570415867311879210E+00
 0.407943684087404890E+00
 0.569502290177342996E+00
 0.101588791412108037E+01
 0.796318598520104781E+00
 0.623540721838963807E+00
 0.102427149281691166E+01
 0.140655261024992706E+01
 0.130808848740228423E+01
 0.134839328549369863E+01
 0.278846825761324224E+01
 0.274119334155696315E+01
 0.270511820587646712E+01
 0.229304172847336929E+01
 0.631753907863839537E+01
 0.744409853515040876E+01
 0.745284735369317186E+01
-0.183898363353493882E+00
-0.473177937166940760E-01
 0.313622753228199036E+01
 0.191764780965552206E+01
 0.264892318071682231E+01
 0.161629328169675968E+01
 0.100540891723340894E+00
 0.117009103698053618E+01
 0.949646027093997369E+00
 0.468887886176984903E+00
 0.711972987063682838E+00
 0.577732647019366330E+00
 0.743951079691845707E+00
 0.470471955792701846E+00
 0.417398640415062971E+00
 0.365356023787319351E+00
 0.342532043666299968E+00
 0.272866135913348296E+00
 0.335943350163698806E+00
 0.291048058968269685E+00
 0.342129353889106647E+00
 0.334867499920667333E+00
 0.214158936247698883E+00
 0.284870429139084225E+00
 0.212765166835226588E+00
 0.231664888115457018E+00
 0.310657669395873415E+00
 0.310175190213428098E+00
 0.259314982479985412E+00
 0.333799120232960878E+00
 0.420302454212850840E+00
 0.399268120264993864E+00
 0.340570722869300513E+00
 0.518465718996929392E+00
 0.607387530013093868E+00
 0.607823336374056722E+00
 0.602361888479923113E+00
 0.116741819064928931E+01
 0.118551022946598583E+01
 0.117800284705074976E+01
 0.124807187453285295E+01
 0.311721956859052796E+01
 0.292983685045455067E+01
 0.294221318628496320E+01
 0.208820660758532872E+01
 0.128178249691159740E+01
 0.232900457516655823E+01
 0.180598861753599960E+01
 0.112574012065855267E+01
 0.517342160071941004E+00
 0.112353754615316737E+01
 0.829955364755804559E+00
 0.462093401587699293E+00
 0.217886463065152192E+00
 0.404820334151106964E+00
 0.391340881101653604E+00
 0.423535934178239093E+00
 0.240045160252414902E+00
 0.199495424585989123E+00
 0.221798144942843473E+00
 0.249060109806032326E+00
 0.179502297394077720E+00
 0.102902016523952269E+00
 0.159854087457006161E+00
 0.111680092827829230E+00
 0.944324554150324930E-01
 0.122377302262277665E+00
 0.135166560167228472E+00
 0.999362263467889478E-01
 0.100693609442205845E+00
 0.166967857074831999E+00
 0.136190942130392290E+00
 0.160258676666251237E+00
 0.182938969304006077E+00
 0.115327817455992451E+00
 0.155465096181729906E+00
 0.139071984247165381E+00
 0.196651627394384271E+00
 0.224738965744276875E+00
 0.219831940506628687E+00
 0.163163122552302198E+00
 0.301575462365068603E+00
 0.403712830575716886E+00
 0.406316807767916677E+00
 0.319838955461596630E+00
 0.724128184805963859E+00
 0.920922418860812941E+00
 0.919917500482405059E+00
 0.000000000000000000E+00
