 0.787037729409175046E+00
 0.347813720811164284E+01
 0.260922783769165800E+01
 0.354611741624209920E+01
 0.119013736925244840E+01
-0.470096101402941835E+00
 0.177760665614090785E+01
 0.400064595746512930E+00
 0.190478104435171630E+00
 0.733755177727493435E+00
 0.426743877764204138E+00
-0.155248312113163922E+00
-0.101327379406685472E+00
 0.468165364734827560E+00
 0.673108853130221951E+00
 0.198545563029592531E+00
 0.146043354843462064E+00
 0.455690764378425539E+00
 0.408588977334254713E-01
-0.142762217243074009E-01
-0.142047275303475769E-01
 0.207593353528275154E+00
 0.394386845849313605E+00
 0.323499448479652951E+00
 0.435820963216479007E+00
 0.198581176469117715E+00
 0.110212920383043853E+00
 0.227089245077357282E+00
 0.360382840544528127E+00
 0.756766251106461785E+00
 0.192822072605051437E+00
 0.542857662399126806E+00
 0.959945850971362868E+00
 0.434364820241535610E+00
 0.453033257362907782E+00
 0.816022165788164222E+00
 0.162546528638629062E+01
 0.170876034568731150E+01
 0.111876284412677274E+01
 0.256002146601481284E+01
 0.622971270785734887E+01
 0.482516970286467839E+00
-0.340049823951326102E+00
 0.223288993561945137E+01
 0.181483118145515698E+01
 0.249404320013655800E+01
 0.274112802587045090E+01
 0.195256148906758664E+01
 0.931264944093457392E+00
 0.503280763563655253E+00
 0.132060327941098321E+01
 0.623799434729844671E+00
 0.340918343350819553E+00
 0.720395221283821163E+00
 0.690633286619679487E+00
-0.535012454142136731E-01
-0.303331075617303166E-01
 0.651736335725704885E+00
 0.345199717728305377E+00
 0.269223666663224726E+00
 0.184685960214346523E+00
 0.223878374741798530E+00
 0.195350713376290869E+00
 0.179229478322033647E+00
 0.164359831320553595E+00
 0.384235008452812221E+00
 0.309703291873402231E+00
 0.183579995071780050E+00
 0.206884214449594039E+00
 0.381720032649157770E+00
 0.216282537221733462E+00
 0.227652513895576503E+00
 0.316089563174285493E+00
 0.365781570845790049E+00
 0.203151001757379102E+00
 0.345333432697843612E+00
 0.579134547581395376E+00
 0.650284937458374013E+00
 0.602479614465133873E+00
 0.365167403522589584E+00
 0.667626619156821199E+00
 0.800793720674685905E+00
 0.753078662392573817E+00
 0.839658463765809993E+00
 0.199433014624433524E+01
 0.266027536244724327E+01
 0.213229116373760785E+01
 0.266197684647973354E+01
 0.132876803466646587E+01
-0.127906486240540129E+01
 0.203647161019840128E+01
 0.121839320453031696E+01
 0.395425456800342523E+00
 0.464755041590114659E+00
 0.662964594193420353E+00
 0.320492187647932969E+00
 0.136624724179116558E+00
 0.282230446583477512E+00
 0.217360154357459229E+00
 0.774078978995329653E-01
 0.393996181985791227E-01
 0.228123404495154114E+00
 0.147619885567047276E+00
 0.101368578533455045E+00
 0.715467151560798681E-01
 0.324136703537468429E-01
 0.753708966158223859E-01
 0.316787456205172221E-01
 0.279977070538555695E-01
 0.102846862439828254E+00
 0.915205096617883324E-01
 0.671454448499822915E-01
 0.689970119567957646E-01
 0.713692876922709524E-01
-0.313764788673803197E-01
 0.461242395182862724E-01
 0.589742998547483702E-01
 0.972315504317825541E-01
 0.348821699486403305E-01
 0.915890742590950990E-01
 0.127079130716147487E+00
 0.138693418011090946E+00
 0.419765922385434490E-01
 0.790739104235888557E-01
 0.135922346697292779E+00
 0.226602213472058389E+00
 0.186189216610350622E+00
 0.161389458858645474E+00
 0.360503654035201460E+00
 0.461318888984652620E+00
 0.353729109992199642E+00
 0.392238140934349555E+00
