     33 -    30 -    30 -     1 
rmse=  19.0948meV
  0.143045006035835     
  0.460798691858503     
  0.225777387522648     
 -9.063408790681626E-002
  0.191616686083997     
 -8.688185405297555E-003
 -9.816984306376066E-003
  0.155240687708832     
  9.624642711731096E-002
 -0.146046701483483     
 -6.762948549573056E-002
  0.221290670396388     
 -0.107509783109773     
 -4.255964185798793E-002
  7.390365415274742E-002
 -0.544110539818450     
 -5.470828896443344E-002
 -0.319871748708542     
 -8.880850822072001E-002
 -0.294680075446407     
 -0.106955552206892     
 -7.826030584565121E-003
 -2.357554660639675E-002
  0.185380188623548     
  9.468994635848119E-002
 -3.017633768038911E-002
 -0.288948734662119     
  2.828344497137455E-002
  0.117487766670447     
 -9.315292619615745E-002
  0.143859460963051     
 -0.304095040306004     
  1.424584536380466E-003
  0.361942180589671     
  0.220895840723052     
  0.251975184251959     
 -0.247902744698039     
 -1.494259245459686E-002
  0.288031505952220     
 -0.117388925031582     
  1.397255121208852E-002
  9.053953124066450E-003
 -7.899639494196755E-003
 -0.273462255258402     
  0.163120252739396     
 -0.214402950456125     
  0.415231989264258     
  7.819868124770085E-002
  6.556159528613856E-002
 -0.127279051703911     
  5.289123569232257E-002
 -6.765133977134146E-003
  9.677382551248526E-002
 -0.309583123500781     
  0.156381561165486     
  0.151477613604870     
 -6.924286154614948E-002
  0.146773213613697     
 -0.119287266898929     
 -0.148415559363986     
  0.145013634048232     
 -0.197321633496184     
  0.431914887496293     
 -9.946561957138281E-003
 -1.088837983245370E-002
  0.184891290892780     
 -0.610757773880137     
  0.124736443462708     
  0.362134332637102     
  0.202671111506688     
  0.132190511849490     
 -0.175273186242758     
 -9.492306350752321E-002
  0.331133965912745     
  0.171609956356545     
 -4.373831073090421E-002
 -1.630585477263866E-002
 -0.441829591813643     
  0.390652727400310     
  5.704614166657502E-003
 -8.983546238152143E-002
  4.784458229892410E-002
  0.167217025393266     
 -0.347272618074376     
 -0.261255043353093     
 -0.345040509260633     
  0.101488854221234     
  3.005888883380852E-002
  6.518093636825686E-002
  0.208519086396031     
 -5.342636205372857E-002
 -0.240744109124825     
  0.289780724908246     
  0.103315058168707     
  0.152452452285945     
 -7.645785474273184E-002
 -3.087366736634567E-002
  2.975514098894351E-002
 -6.981684845811366E-002
  0.291151155696643     
  0.234288972295450     
 -3.527477915734959E-002
 -0.103424580096174     
 -0.210625581900079     
  0.172525144809538     
 -2.711271346517586E-002
  7.057136935097556E-002
 -8.606433091689925E-002
  0.105331995466000     
 -0.120018744741759     
  2.899559123592302E-002
  3.033265025424485E-003
 -0.238680066997562     
  0.241948047004749     
  2.956188868208310E-002
  0.273858083466866     
 -8.763166832833034E-002
  0.314806391652933     
  0.368591237524656     
 -0.173012494074491     
  6.120707652345033E-002
  0.380923718962711     
 -4.902064463388062E-002
  2.950996876647245E-002
 -0.248365999442382     
 -0.250153301710657     
 -6.279018508703604E-002
  1.264875022800284E-002
  0.326180811085436     
  0.267562968899250     
 -0.238281416313751     
 -8.700383766399945E-002
 -3.692854679725155E-003
  8.866515646984299E-002
  0.284404135789604     
  0.277708864375140     
 -5.517313672867089E-002
 -0.106143021478103     
 -0.228672007411207     
 -9.800917771744393E-002
  0.222733248236224     
  0.161740277958673     
 -0.282861135187484     
  0.239001934658382     
  0.293764374770445     
  7.952234606384942E-002
  1.882708570186222E-002
  0.160020720983542     
 -5.594561826460016E-002
 -0.133498712988465     
  9.037382865165566E-002
 -0.102737479385178     
 -0.124719133664730     
  4.810485716092765E-002
 -0.121795750029936     
  0.673860302755261     
 -0.178667644507322     
  0.216360820941886     
  0.128973043133939     
  0.190851117708070     
 -0.173498293741476     
  6.187081287311370E-002
  7.282943982547109E-002
  7.113933988213093E-002
 -0.484374978532761     
  0.144966383402234     
 -0.208902933418465     
  2.398213003518153E-002
 -8.068366736425410E-002
  3.445684479151881E-002
  3.280337008843752E-002
 -9.910622122262072E-002
  0.135490942657433     
 -4.709793437122192E-002
 -0.225129057680503     
 -0.246097352124805     
  0.176621619623773     
  0.207477891599556     
 -1.952644214755327E-002
  0.155791665937004     
 -5.590969908680264E-002
 -0.305182973736637     
 -0.324927324755749     
 -0.329746276716622     
  0.200907352602404     
  0.247724580201531     
 -2.596329049883217E-003
  4.539849384151621E-003
 -0.117957166359322     
  0.157164604310273     
 -3.490605688810144E-002
  0.305841199837646     
 -0.197825916219187     
 -0.163346178103954     
 -4.585257982502977E-002
 -6.853924622296380E-002
 -0.193934654643395     
  4.505720243907115E-002
  9.760603117295936E-003
  0.185731675328398     
 -0.145841463846322     
  0.125328023425565     
  1.173257222496725E-002
 -0.216658211411358     
 -2.295948487178018E-002
 -0.208381673993786     
 -0.145078087521592     
  1.085787685036583E-002
 -4.387446564902771E-002
  0.130536750933667     
  7.906899471753565E-003
 -0.123851849029321     
  0.370195793117132     
  4.434172553505442E-002
 -5.682818545505551E-003
 -0.247707378700432     
 -7.676370149387829E-002
  0.211667262357459     
  6.252318439438771E-002
  4.389303883983713E-002
 -0.130638497332513     
  1.111213045732290E-002
  9.481398828535768E-002
  0.209951620008996     
  0.145641869617883     
  0.242399837658659     
  0.259461367785399     
  0.149689347794800     
 -5.494785608649549E-004
  9.613480862622897E-002
 -5.897149215884204E-002
 -0.442847407383160     
 -6.056925477998641E-002
  1.177362608290295E-002
 -7.048006088826297E-002
  0.134819461566442     
 -5.005729240320379E-002
  0.131142329129681     
  0.284871897111147     
 -7.830931883476637E-002
 -0.177871470317379     
  1.995995719065595E-002
 -5.731948471689782E-002
  8.532665964205900E-002
  0.157469116889152     
  0.211148923950228     
 -0.359701465262970     
 -9.713602613334847E-002
  0.250414173491028     
  0.495540608757719     
 -6.610749422431744E-002
 -0.232320635832504     
  0.196345098769812     
  0.356712889428089     
  0.146810159015253     
 -5.402317352437347E-002
  0.406207707185231     
 -3.797539096115301E-002
  0.289679304626140     
 -0.186738919183218     
 -0.138366092747407     
  0.122863710215329     
  2.738171053432696E-002
  0.378829441264423     
 -3.006660502783807E-002
 -9.361175876642525E-002
  0.370710203027795     
 -0.130094520591247     
  0.192355745966624     
 -0.124181897434054     
  0.178740656555842     
 -6.525441918735755E-002
 -0.161797314775986     
 -0.343548632222882     
 -6.461753236747425E-002
 -0.514788933785734     
  0.131693702554009     
  6.141622092984993E-002
 -9.585503811108714E-002
 -7.796030185370541E-002
 -3.152438614439065E-002
  0.204562822161398     
  7.197492745399520E-002
 -0.100727369166385     
  3.904887177449539E-002
  0.241794747016341     
 -0.142673112344852     
  0.269995838607002     
  3.493042792014498E-002
 -0.220837738331852     
 -0.128502320566924     
 -0.271217046940853     
  0.202795099457081     
  9.566084825246382E-002
  0.226794711216484     
 -0.204994017417915     
  0.228133265969140     
  0.111951663077358     
  0.220760744493388     
 -0.576854827384685     
  0.110147700543133     
 -0.433075598124395     
  0.260021825952196     
  0.294613103707888     
 -0.371510838382122     
 -0.237829422046958     
  0.211314108004462     
  0.100311931953987     
 -0.232136603022696     
  3.206309456635215E-002
 -0.278586272657043     
  0.283609119000796     
  5.621179541603330E-003
 -0.307081714092524     
 -0.186666649728694     
 -0.188570700182027     
  8.800835738348194E-002
 -5.588996683517507E-002
 -0.258849983238369     
  0.197700181422811     
 -0.175332560054381     
  0.263083724765819     
 -0.130277866824342     
 -2.261059071189517E-002
  0.157554148693246     
  2.716366056186135E-003
  0.115282263697481     
  3.444016968389426E-002
  0.165941702573995     
 -3.126361200698422E-002
  0.748451984029713     
 -7.859005244088840E-002
  2.313352342459288E-002
  9.491071045285522E-003
 -0.155824288963488     
  0.179904428623970     
 -0.109985176481532     
 -0.137465285095937     
 -2.414219164351659E-004
  0.260775184916926     
 -0.102542267081212     
 -0.139494043050949     
 -0.386183068221716     
  0.227940688665420     
  0.110569314966964     
 -2.513984083125530E-002
 -0.416919842288745     
 -6.134061193713214E-003
  2.515607019472471E-002
 -0.373486464422116     
  6.593527068028789E-002
  9.709659722245816E-002
 -5.731903609461006E-002
  4.482302334287784E-002
 -9.017793488963032E-002
  4.601351733924858E-002
  2.971968639978304E-002
  0.272136270014299     
 -8.012617895420440E-002
 -0.297908926774799     
 -2.129213887788000E-002
 -2.429336641345809E-002
  1.939429388572320E-002
 -6.940849034146283E-002
 -6.021605522456372E-002
  0.100144452517992     
  0.275730771317669     
  0.123367021929819     
  0.150190000839657     
  7.259666210719770E-002
  0.237878018154577     
  6.802066328675795E-002
 -0.226812914230885     
  0.146749701050844     
 -4.497404069962792E-002
 -3.761698219257313E-002
 -0.155878810475435     
 -0.165667943729433     
  0.215510998897681     
  0.164867352490381     
  2.475199331382899E-003
  0.244096511388289     
 -2.179679653988712E-002
  0.226624604492921     
  0.150669057403732     
  0.266953360109753     
  0.125575699600950     
  0.387980387921806     
  0.265488769252784     
  0.176302762562394     
  5.502660041225002E-002
 -8.194116986850186E-002
  0.320002430112078     
  0.199494002860754     
  0.133334272284496     
  0.283183417200939     
 -4.176860529323932E-003
 -0.345244042520811     
 -0.139654273810995     
 -1.987178877390788E-002
 -3.693235542293297E-002
  0.306172993596212     
  0.259280871353941     
  0.347229963667473     
 -3.262413166258885E-002
 -0.178079910666777     
  2.580002707135930E-002
  0.349518257510147     
  0.210033198343964     
  0.229112202508500     
 -5.679875025603512E-002
 -0.127376851903551     
 -0.139772951974290     
 -0.324062282168713     
  6.545801831289666E-002
 -0.252020447837611     
  0.317080407189874     
  1.165185931964359E-002
 -0.613664171027611     
 -8.994133083690406E-002
 -9.389251193264772E-002
 -0.505286470887935     
 -9.214018424685964E-003
 -7.221769820840908E-002
 -0.155501496703604     
 -0.246884876531477     
 -3.021567361824766E-002
  0.119545384676766     
 -9.652137981481600E-002
 -0.155273273087073     
 -0.191504994953111     
 -0.131067765019898     
  0.267751699341714     
  0.245687703651434     
 -5.417283878224366E-002
 -0.132181862299131     
  0.212441156754336     
  0.243278199936881     
 -0.210680338677777     
 -6.985711409897834E-002
  0.266393634315001     
 -7.960557269827288E-002
 -9.847843926277795E-002
 -0.310219243123556     
 -5.953001842336514E-002
 -0.435136818429362     
 -0.295115889393539     
  4.505370670466937E-002
 -7.677465922722086E-002
 -8.156375051543785E-002
 -0.197089964953416     
 -0.263034267960239     
 -9.847613483656618E-002
 -7.215718979232535E-002
 -4.412658482968899E-003
  4.462091653897220E-002
 -0.237512035112688     
  0.116418730401303     
  6.734909011925667E-002
 -2.178843809950784E-002
  3.265927958208358E-002
 -0.243304891381715     
 -0.136094300703633     
  0.863656958093912     
  0.202819674729884     
 -0.265544274528421     
 -0.275512275065131     
  0.242388978700535     
  0.277219085250727     
 -0.287034538254067     
 -9.133991904690036E-002
  7.310232395268379E-002
  5.157414287669430E-002
 -0.456458932233019     
  0.738062569857904     
 -0.211163469092760     
 -0.323698546095600     
  0.562183655710073     
  0.288974170607574     
 -4.303575147300311E-003
 -8.173373462124241E-002
  0.280171164594400     
 -0.182016456285586     
 -0.384975487581330     
 -0.678898514466998     
  0.105971047252427     
  0.230642894558666     
 -0.224476752771123     
  0.310035844467276     
  0.156806987579883     
 -0.119631513226136     
  0.327465126236769     
 -7.476890064335304E-002
 -1.046651636594237E-002
  0.205794847497144     
 -0.178732598737820     
  0.122529031013547     
  4.556724279804215E-002
  0.375336106854633     
 -0.386663422291528     
 -0.256724280280629     
 -0.279911845167707     
  0.168573038516889     
  2.943959085072809E-003
 -0.229442413164583     
  0.220088902394709     
  0.207716396549993     
  0.142784639578518     
 -0.101516387075078     
 -0.207102288236263     
 -0.103890455500257     
 -7.234554049686910E-002
 -0.264508486210205     
  0.161293220644480     
 -0.229474450742787     
 -0.423007964352616     
  4.004479565796140E-002
 -2.704262223586076E-002
 -0.135197791022090     
 -4.367979792838643E-003
 -0.442909022172457     
 -0.517072197534489     
  7.261754956135237E-002
  8.605163649041263E-002
  0.255888339312919     
  0.323934013678058     
  7.553847551602594E-002
  9.884719486580086E-002
 -0.416215930208868     
 -0.122079930900774     
  0.176221891918330     
 -0.236953497157031     
  0.213816891349535     
 -0.219448953602186     
 -0.161621431712798     
  0.245201581457649     
  7.046094507790037E-004
  1.392150936657920E-002
 -0.141762287148292     
  0.467178944877423     
  5.096596492967598E-002
 -2.920060679531778E-002
 -0.120998483745811     
  0.394119283696771     
  9.960236084115567E-002
  6.869131287208642E-002
 -0.125352949188153     
  5.620368075081783E-002
 -0.177694776399762     
 -0.170054930933884     
  0.182048360493924     
  8.178371263924744E-002
  4.734016975333069E-002
 -1.667834957251403E-002
  0.177972236569378     
 -0.111616662076501     
  0.361800145088081     
  5.513377369094127E-002
  6.594950244287845E-002
  0.118180567081779     
  0.329667750602177     
 -1.077168735077243E-002
 -4.347986881576776E-002
  0.169971784973307     
  0.132445449472435     
 -0.110345464952200     
 -0.223400118581125     
 -0.195589103146488     
  8.316573138037718E-002
 -7.116474068622887E-002
 -4.460848860091862E-002
 -5.720132943169604E-002
 -3.964577974330283E-003
 -0.155938447692722     
 -3.715694115599093E-002
  0.211772798237293     
  0.119397271431536     
  0.114672236862452     
 -0.204726401903652     
  3.261271975497604E-002
 -0.240984746983997     
 -0.129489096527979     
  0.161081764395109     
  5.837113507971321E-002
 -0.473704295903740     
  0.394103274327135     
 -0.333687472642802     
  0.103861929114593     
  0.401016348721939     
 -0.281290704482455     
 -3.193211153373209E-002
  0.123037666107257     
  0.169084090306010     
 -2.510222543885218E-002
 -6.225936672868313E-002
 -1.651151610840375E-002
  0.309811291853962     
  2.528812104986919E-003
  0.145461537062162     
  0.207196739093608     
  0.178645289992209     
 -7.213153640516806E-003
 -5.067562964340351E-002
  3.285192613876738E-002
  0.224562311566444     
 -0.109402060949533     
  0.492036222597281     
  0.200006905510464     
 -0.160729646391865     
  2.677228771705045E-002
  0.275128684107306     
 -0.397620699690247     
 -0.137251797372073     
  4.164104381091611E-002
 -0.339476274054711     
 -0.230004579083853     
  5.246462204288289E-002
  0.157323396635916     
 -4.035664950245591E-002
  6.226896712126190E-002
  0.363935284456568     
  0.256092921360945     
 -0.140301695971305     
  0.121597394857872     
  0.118512041857749     
  4.756938629536693E-002
  1.906299918935687E-002
 -0.451416695700327     
  0.179250853801779     
  0.247733152367427     
  4.728632581490208E-005
  0.205318140601582     
  3.732021667000673E-002
  4.686206077834422E-002
 -0.116175847976440     
 -7.360209278862959E-002
 -1.216155406285060E-003
 -2.719114512700404E-002
 -0.248543209426738     
  8.020596552936578E-003
 -8.730683478017001E-002
  0.123699635960586     
 -0.213151834232623     
 -0.257246915635789     
  8.364938270795652E-002
  5.606106381876221E-002
 -7.235175212053176E-002
 -0.160654353443032     
  0.215544838559587     
  0.112248461654013     
  0.152082878029818     
 -0.232482681835425     
  0.115862315682500     
  0.384489498219757     
 -0.214195264118265     
  0.180302422959586     
 -6.759380435931150E-002
 -3.915890264846768E-002
  0.181912278677580     
 -0.183370538351366     
 -1.850301408764356E-002
  0.194778844312529     
  0.253625710138694     
  0.364638282147614     
  0.323925395399834     
 -3.317439908320779E-002
 -0.146120848738936     
 -9.122666851365996E-002
 -1.605708691696076E-002
  0.211494856727946     
  0.118213809917150     
 -1.115165374617226E-002
  0.467075236249046     
 -0.188293460638648     
 -0.277697000751415     
 -0.126047942705460     
 -0.311870789525844     
  4.336811878471376E-002
  0.153956007557479     
  6.697824926394725E-003
  0.204067155358619     
  0.238790404906165     
 -0.237388965122248     
  0.345142113065750     
  4.378581403682975E-002
 -0.129526448647823     
 -0.251772440121240     
  0.330149724213567     
 -2.199770807739497E-003
 -3.837594916400344E-002
  7.097426661160756E-002
  0.105099914342464     
 -4.958011877325005E-002
  1.329364176153144E-002
  0.214104875610896     
 -6.141364231297446E-002
  0.198241706454566     
  6.319576013070456E-002
  0.158635656623829     
  0.105168881475525     
 -0.104939004176987     
 -3.457347862233513E-003
 -0.200664311009355     
 -0.134863408397019     
 -0.150853620836040     
  0.269248868540588     
 -0.162034638906607     
 -0.127302003935725     
 -0.123963909188648     
 -6.085305575946581E-002
  0.129157293640200     
  6.460951810682851E-002
 -1.233631394762640E-002
  3.386388444773307E-002
  0.347905180329076     
 -0.262103372367817     
  0.192029178266927     
 -6.459233024128071E-002
  0.304105813595048     
 -0.468362267563622     
 -6.051497155909057E-002
  0.243675107904502     
  9.246194674247409E-002
 -0.389665179994138     
  0.154459775986425     
 -0.348197011033892     
  9.317384708637476E-002
  0.272371785060276     
 -0.315366791528270     
  4.473368715184106E-002
 -0.362161204991303     
 -0.128735209932117     
 -0.207651561801500     
 -0.440670083290488     
 -0.105699465512312     
 -0.101645882768489     
  1.683705421567783E-003
  0.138703175323920     
 -4.728811477188401E-002
 -0.268387239301776     
 -0.323394049416744     
  0.290930262277262     
  9.684628101742722E-002
  0.302126832962850     
 -0.169510101489565     
  4.065125776096098E-002
 -2.712461049980242E-003
  0.201858097014358     
 -0.123755736542471     
 -0.147911724931699     
 -8.242261743173634E-002
  0.140927952951068     
  0.424704309354374     
 -0.402050910938795     
  0.234451949453325     
  9.936069425363996E-002
  0.102747241854235     
 -0.375129263736266     
 -3.926681897014184E-002
  0.307415985825850     
  0.191419249437771     
 -0.241491301857524     
  0.151984465806107     
 -0.101607749248971     
 -0.165773173016904     
  0.114088019128204     
 -0.120912049229047     
  0.101476369438517     
 -0.137181298162985     
 -0.187935093125312     
  0.249523332954265     
 -0.514552865568440     
 -8.411499083416869E-002
 -4.578706829406995E-002
  1.238577727434923E-002
  9.375787044616278E-002
 -0.489141882910122     
 -0.242095264023166     
  9.472518353230991E-002
  0.124903539292705     
 -0.111236216404237     
  0.313634247762086     
  5.504753262376440E-002
 -3.846448516511091E-003
 -0.162785949989062     
 -0.245334974693027     
  0.189473998071192     
 -8.392308011357606E-002
  0.437915419525787     
 -9.569203766077296E-002
  3.913035026929033E-002
  9.374682972000728E-002
  9.248315711603425E-002
  1.656261412702299E-002
  4.364111269747582E-002
  0.165898244242542     
  0.130864865178531     
 -2.170438773100040E-002
  0.215242661805910     
 -0.158952344464588     
 -0.186255078981723     
 -0.241181532857803     
  0.210625895067234     
  0.309708910788075     
  0.144498920192826     
  0.429058613327948     
  0.217876764755874     
  5.932811977576868E-002
 -0.198905626407410     
 -0.162507438262878     
 -0.176823784936915     
  0.321951108355042     
  3.676310760002238E-002
 -0.263695807792248     
  8.426151971811580E-002
 -0.209009125737229     
 -0.106128515613991     
  0.157403253803704     
  0.224579566423457     
  9.127035318331883E-002
 -0.158888038748938     
 -0.351650049180269     
  0.163323467761427     
  0.140877262542311     
  0.192792016553561     
 -4.404825894687121E-002
 -0.136523393206099     
  7.753623936653367E-002
  0.407465189282640     
  0.137188007389581     
  8.089529940924588E-002
 -0.176566032636973     
 -0.105542305671146     
  6.725527633306336E-002
  0.168631610608300     
  0.102220915316673     
  0.315295442192446     
 -0.412038076332394     
 -9.286847012817132E-002
 -0.238483867795295     
  3.545325756924410E-003
 -0.276073222313605     
  0.299997690270796     
 -8.625203269523919E-002
 -0.217246323079867     
  0.106297301856158     
 -0.114158403180422     
  0.167294834311861     
 -4.097841496741085E-002
 -2.491034837165724E-002
  2.448726396153080E-002
 -6.100513363676521E-002
  0.236270043002903     
  0.205296373389748     
 -0.192738965303862     
 -0.363146070963606     
  0.218649669102755     
 -0.224950682019285     
 -0.219469239446497     
 -3.882000648083411E-002
 -0.162974988856870     
 -5.382448065819852E-002
  0.242573349988979     
  7.400648241283694E-002
  0.385348464642585     
  0.123070483094142     
  0.159015786945919     
  0.170551064260555     
  9.714746009653734E-002
 -0.106045165810928     
 -0.201710786927597     
 -8.300737921289884E-003
  9.754483469191016E-002
  0.198176399936163     
  0.171745277042523     
  3.693462209609215E-002
  0.161052342479731     
  0.118328420586081     
  0.150153071137566     
 -0.259325812188125     
  0.286916432221835     
  0.120202125940060     
 -3.792627823188028E-002
  0.344248250680573     
  0.319045089495608     
 -2.238291294266535E-003
 -0.196093186423082     
 -0.282506039161718     
  2.000741504338503E-002
 -0.166436522990272     
  1.428382118295930E-002
 -5.903920828189663E-002
 -0.389874773445792     
 -0.599950368875285     
  2.745378507809378E-003
 -0.245220175170430     
 -0.125261791000824     
  0.110239879243456     
 -0.206142727934626     
  0.253035642568470     
 -0.163136781649202     
  5.938486461411030E-002
  6.033761351331333E-002
  0.313154546648634     
 -0.165617416307354     
 -2.325459134450012E-002
  6.142526088400996E-002
 -0.280048898203785     
  1.192408116020597E-002
 -0.133662949217438     
 -0.206028310039266     
 -5.128609035110770E-003
 -0.234877882104266     
  0.121953500840455     
  0.469711140630622     
 -0.310688957010559     
  0.325874105031812     
  5.588645797781959E-002
 -9.859421395154465E-002
 -1.760502109770497E-002
  5.632262367713623E-002
  0.376261939892753     
  4.568545539430148E-002
  0.225326831573429     
  0.315431843878125     
 -0.148236057102998     
 -0.166938575355667     
 -0.170587375963376     
  0.205829785471859     
 -8.767708658081089E-002
  0.148268908282927     
 -5.858803263760864E-002
 -0.144100221648646     
  0.192304080903291     
  0.247025378002384     
  0.219683397775926     
  0.381385025200092     
 -0.165363012267363     
 -0.332562656134486     
 -0.173995367794280     
 -0.107291512772463     
  0.135002892675762     
  2.858858640718858E-002
 -0.239577669103265     
  0.238839720678283     
 -3.777403176125389E-002
  1.964748920371218E-002
 -0.115617942452004     
 -4.006794221939211E-003
  0.127588038121558     
 -6.097034392241055E-002
  6.305848873623449E-003
 -0.245711500394422     
 -3.744621975319686E-003
 -4.664587923840392E-002
  5.412875700541813E-003
 -0.281172616105799     
  7.258241619098206E-002
 -4.153915588941597E-002
  9.514805893091696E-002
  0.376299926718626     
  0.198831954013149     
  1.994688201304227E-002
  0.139783604857345     
  6.836807126096976E-002
  5.574541665629811E-002
  0.129041723032606     
  0.116597653340416     
 -6.487732358519144E-002
 -8.355242845940125E-002
  0.203382257678403     
 -0.160613986943372     
 -0.216236429612971     
  0.114652121888765     
 -0.185068351496844     
  1.238585507821477E-002
  0.290479736988730     
  0.144240235788454     
  2.421302948138105E-002
 -1.336524459796027E-002
 -0.174053315850508     
 -0.248566947495515     
  0.273632085686754     
 -6.253063682422193E-002
 -7.922853134412210E-002
  9.894359631752300E-002
 -0.455243321131268     
  0.171722399139636     
 -2.349501480111205E-002
  0.626813281639793     
 
 -0.233257414199456     
 -5.341889238248629E-002
  0.262721899120532     
  0.122248573539671     
  0.155752909278281     
  6.027775465979442E-002
  0.349409973567246     
  0.339588528450238     
 -0.165021941634337     
 -0.393448035813547     
 -0.126649596226954     
  0.397549696644497     
  8.939436432183281E-002
  0.314800364788318     
 -1.977112368251601E-002
 -4.848143010044187E-002
 -0.243187306719640     
 -0.293952729442199     
  0.166543743695215     
  3.138420209796762E-002
  0.105602867539281     
 -0.206583719698864     
  0.152871538422527     
  0.121248648997242     
 -6.252082702667980E-002
 -0.131393387204035     
 -0.311057908984807     
  0.167355625806919     
 -0.130393665758564     
  0.132614789013740     
 
 -0.165173452432053     
  1.837710769504568E-002
 -0.136525550033616     
  0.200699906380782     
 -1.262626720678584E-003
  4.647392658821352E-002
 -2.834907364228123E-002
 -0.196513524650567     
  0.186873707447338     
  0.229068322491691     
 -9.559283378815667E-002
  4.768728417146820E-002
 -0.205930939305531     
 -0.127699181748986     
 -0.123256594445485     
 -0.142621630590970     
 -7.485905201100033E-002
 -0.252555770983911     
 -3.602992075558806E-002
  2.798135181463329E-002
 -0.190579727462292     
  0.308213881631809     
  5.564551565977378E-002
 -8.810932064419391E-002
  2.464134816244648E-002
 -0.204080767032052     
  9.245314509994128E-002
  4.770015185793951E-002
 -9.093862336119464E-002
 -0.263272499213555     
 -0.223620130782430     
  0.319296733984906     
 -1.853696146451335E-002
 -2.172761710719533E-002
 -0.186242836759035     
  0.159405907268013     
  0.229375441890605     
 -0.187493805595840     
  0.142193589038992     
 -0.274467329815211     
  0.203369583311163     
  0.265924472278807     
 -6.889063170909328E-003
 -0.219718273512138     
 -6.241941863611717E-002
 -0.530357791483252     
 -0.214090283834033     
 -7.226006679850590E-002
  0.409090378031523     
  1.582444153791254E-002
  0.339672953702119     
  8.088663509657490E-002
  0.222153560147687     
 -0.394567984600463     
 -0.150950541873213     
 -0.117493090073752     
 -3.580627043721406E-002
  5.204665351615636E-002
 -6.722486094185588E-002
  4.179794678115356E-002
  0.109411781754190     
  0.294927439739867     
 -0.123449858755771     
  0.373272943160928     
 -0.189448222569095     
  0.233586305140796     
 -0.361374316513961     
  0.126229702406842     
  7.116097333322764E-002
  0.209382646963688     
  4.327982464715066E-003
 -9.319857596976150E-002
 -0.384519745585625     
 -0.145775841988513     
 -7.227876127645325E-002
  0.334021420485784     
 -6.895328310600136E-002
 -0.229884132744803     
  1.549729382070243E-002
 -0.163815247494744     
  0.137280055351458     
 -0.292436600393301     
 -0.190231805170618     
 -0.265698926025922     
  0.267616731994440     
  3.575866360720086E-002
 -0.312342881787689     
  7.737048050559546E-002
  0.179035540430523     
  5.609249943591856E-002
  3.447856409292718E-003
  2.787969897290458E-002
 -3.633092727629347E-002
  0.212901987285979     
 -0.510464853437571     
 -1.949840812876328E-002
 -5.783203833731720E-002
 -0.184044774153205     
  0.240873346831485     
  0.246699695603865     
 -1.718729960995079E-002
  0.212359201081464     
 -0.335817726412743     
  5.451996957694178E-002
 -0.183843069895617     
  0.147326268695997     
  1.611267696803301E-002
  0.326446409125434     
  0.113885517521807     
 -0.305808447682411     
  0.183850938774943     
  8.275046968628204E-002
  0.335600719010399     
 -0.120973788658865     
 -0.270293589029238     
  4.615135917733738E-002
 -0.263175640538202     
  0.319161786827426     
 -0.436534502667112     
 -0.159157647371108     
 -7.551600833518904E-003
  0.164940602649641     
 -0.426334897502827     
  0.126716497601786     
  2.229720389141552E-002
  1.920785489106276E-002
  0.115440242811740     
  6.317931457911596E-002
 -0.295833820125435     
 -2.554389270241931E-002
  0.185291285824863     
  5.019401021367516E-002
  0.270101904835723     
 -0.351112959633412     
 -0.102748659769097     
 -0.320390682817787     
 -0.175192979351181     
 -4.824365978182530E-002
 -1.414203919138302E-003
 -0.146889977342657     
 -0.199394967067161     
  7.436280483713848E-003
  8.402406096627978E-002
  0.128717338079117     
  7.823686411464380E-002
  0.409626256547867     
  0.496862160247658     
  0.443601616352922     
  0.167710942871136     
 -3.901500575450460E-002
  0.157135184354221     
 -4.857420873514662E-002
  0.176219542085330     
  5.474728420482921E-002
  0.161577269805996     
  0.358733593949342     
  7.736997547875597E-002
 -9.998018328205041E-002
  4.928456850927213E-002
  0.131865580237014     
 -0.416149910505646     
  0.101864793941090     
 -0.169313823924479     
  0.289269020181264     
 -6.821205788310673E-002
  0.157170548963701     
 -2.463375459502080E-002
 -5.036301812278952E-002
 -0.124457322415274     
 -0.204808003874414     
 -0.208534337261133     
 -3.159849613262364E-002
  0.187167441501289     
  0.168530486345684     
 -9.724375153606726E-002
  0.103964361537355     
 -4.144825798276456E-003
  0.241389962932514     
 -5.460913607692799E-002
 -0.125941412359540     
 -0.228088915121103     
  0.244147071004222     
 -8.813771544110754E-002
  0.161403586955844     
 -0.211795555151410     
 -1.259729202534363E-002
 -0.290274038672261     
 -4.861741003978892E-002
 -3.688225066415550E-003
  6.708603042860899E-002
 -5.537628705413068E-002
 -4.764182717672420E-002
 -2.836001236758613E-002
 -0.188641592893529     
  9.066757838658183E-002
  0.183751966962461     
  0.187640969902109     
 -4.460621987758167E-002
 -0.229214580594822     
  0.140343330820866     
  1.891640809607597E-003
  0.278643310277878     
  0.211092437412435     
 -0.269028021918414     
 -0.155699302866639     
 -1.758247193561553E-002
  3.782291278705838E-002
  0.173161965186761     
 -5.314321858917370E-002
  0.105341078862848     
 -0.532034765299044     
  7.059481422342222E-002
  0.222429203065035     
  0.249981183634242     
 -0.396620954459843     
 -1.307405606243850E-003
 -0.179296087175672     
  8.386271598104207E-002
  0.141846141943086     
  0.408379020120895     
  0.145346128422687     
  0.240038067411139     
 -4.094779167195524E-002
 -0.173622435618362     
  0.338847191909614     
 -0.204759583733798     
 -0.505128148127881     
 -4.562619948024218E-002
  0.104036356820411     
  0.122767491025295     
  0.361994951625728     
  1.036116235039254E-002
  0.231980649468092     
  4.444151281999462E-002
 -8.228680361522533E-002
 -0.355205919950936     
 -0.190731557019035     
 -0.160685330996154     
  0.149211059193946     
 -0.408440100904268     
  0.229037722938732     
  0.232732761321471     
 -0.113190207009179     
  2.963390912246320E-003
  4.266096832020812E-002
  0.123328761546902     
 -7.678027430873367E-002
 -0.197114342263903     
 -0.187497664095407     
  0.230003068162798     
 -0.100176665510474     
 -0.186557277786853     
 -0.305978983414755     
 -0.124202429970817     
  0.154214725398812     
  0.356925770603000     
 -3.595622586000138E-002
 -0.266760774821868     
  0.138011575762998     
  0.223690499530138     
  3.474795192899916E-003
 -0.209498566942941     
 -7.887117224147371E-002
 -5.973898513978187E-002
 -6.623592775311471E-002
 -0.130905279092362     
 -0.351086632705722     
  0.175961713111170     
  0.194378489161036     
 -5.905090543669615E-002
  3.928376862826378E-002
 -7.669757932627302E-002
 -0.151837980256144     
 -0.122652283128620     
  2.814096928207075E-002
  0.176161633090228     
  0.258326577137078     
 -7.933705554694723E-002
 -5.593671601026661E-002
  0.165513743122647     
 -7.828397814682228E-002
  0.175185862472971     
 -7.573533760155790E-002
  3.944436835094586E-002
  0.216172892953745     
  3.595299686602297E-002
  0.118998846096221     
  0.102179533444952     
 -5.092943771023115E-002
  0.201122907267364     
  0.118187279605902     
  2.994906168722944E-002
  4.476581410172353E-002
 -2.944810501619095E-002
 -0.112136063720003     
 -6.966439083112540E-002
 -0.192926587230099     
  0.170378590642383     
  0.225917297032108     
  6.544280953288024E-002
  5.462117579891756E-002
  0.115690812712206     
 -4.984731929619152E-002
  0.250977918636466     
 -0.310329975295907     
  7.355042430151238E-003
 -2.624908408257304E-003
  0.110588882917855     
 -0.100792403322584     
 -8.601684496143244E-002
 -0.247895309227363     
  2.760340553117059E-002
  0.174390426466006     
  6.396125181806955E-002
 -4.986261683232620E-002
  8.821991525364373E-002
 -0.199134148480719     
 -0.273202077030298     
  0.237633063456232     
  6.974774245309953E-002
 -4.757866211672664E-002
 -0.185811707696675     
  0.194295802392507     
 -0.118416799806331     
 -0.176017669342041     
 -1.216584870538589E-002
 -0.238402400751757     
 -0.293400457573719     
  0.151759836920215     
  0.128617606089240     
 -0.265852714638239     
  0.156336697648136     
 -0.186136294675954     
  0.178888645294110     
  0.187296043444780     
  3.950686523098077E-003
  0.176547384438800     
 -0.170966303029833     
  0.231366207784322     
 -0.687611590218000     
 -3.344805200366890E-002
  0.263663215084145     
  0.226411560854421     
  0.117322151424680     
  0.153607388668199     
 -0.190658011973773     
 -2.190425795929226E-002
  0.324315187994419     
  0.375838067168798     
 -0.102807660855597     
 -4.728052057251612E-002
 -0.120091039081424     
 -0.214875035352182     
  0.297155952747946     
 -0.201877569265751     
  0.277898325593346     
 -3.930417556669172E-002
 -0.178625246980757     
 -8.261498151379661E-002
 -0.183520947652003     
  2.302972696582815E-002
 -0.215083755631979     
 -0.230592487478301     
  6.436173596163315E-002
  6.134042216454349E-002
  7.314944350852917E-002
  3.721094821282574E-002
  3.318577822536326E-002
  0.136134471148538     
 -4.195382333293367E-002
 -0.112127992655851     
  0.262092024946448     
  0.135699638640270     
 -0.140868424193822     
 -0.211570202934379     
  9.570491286502915E-002
  0.156360752370169     
 -6.936843412066329E-002
 -0.169961818918011     
 -0.181925435156169     
  0.182021864876947     
  0.139298872142518     
 -3.433508083326954E-003
  0.104487577671971     
  0.102448482412296     
 -2.903824680023972E-002
  7.782585698527722E-002
  5.557153305978488E-002
  0.101203508778312     
 -3.790288619387568E-002
  0.287593222070204     
  0.322505366401465     
  0.221931456499977     
  0.445129693522501     
  0.108097360451851     
 -0.142005529332203     
  3.946173774447732E-002
 -0.156966104669376     
 -6.199942221525552E-002
  0.363625845077025     
 -0.195719838867105     
 -0.117147282577473     
  4.137150001539001E-002
  0.313642336536342     
  0.162473229747915     
  0.111174967357607     
  0.303801358412105     
 -7.626375333241121E-002
  0.213367564647835     
  0.223158057318323     
  0.197874424832468     
 -0.173867460468684     
  0.162769168389393     
  0.206312786401952     
 -9.469840800562282E-002
  2.533971713606518E-002
 -7.882689892584857E-003
 -2.938385034016799E-003
  1.638930619197732E-002
  8.554744543157602E-002
 -0.483174101094313     
 -4.196231860740310E-002
 -7.342975326714636E-003
 -0.282339869689481     
  3.236871714344370E-002
 -0.108856815058048     
  2.240275257464843E-002
 -0.217342090614570     
 -0.303441598939255     
  0.185059148943778     
 -3.717282595383103E-002
  0.171343759021646     
 -6.298226803155624E-002
  0.276737435662606     
  0.281645837291734     
  0.357598008103903     
  0.162627375916214     
  0.302552130177207     
  0.122096525503506     
 -0.303524448208841     
 -6.280448502521191E-002
 -9.929037198740490E-002
  0.207496250003607     
  0.177575038216056     
 -0.298256621346983     
  0.118450346317974     
  0.231488097667086     
  0.136926931683860     
  6.137907031858077E-002
 -7.222081749441406E-003
  4.074938953907933E-002
 -0.108765691565603     
  0.225654361782078     
 -7.340717880852989E-002
  5.568195607643973E-002
 -2.433098375286804E-002
  8.226736372253116E-002
 -0.210279705138733     
 -1.848150309821712E-002
  0.109060617190021     
 -0.108048576691995     
 -1.880662572131724E-002
 -0.149001705319667     
  0.258812806651894     
  0.338569904009988     
 -0.165368405599118     
  1.236466757748132E-002
 -6.166060430977794E-002
  0.142069209462126     
  0.216468504390187     
  0.333576740323887     
  0.154021281076802     
 -7.340268958689397E-002
 -0.119514289238105     
 -0.179172216132975     
  0.112985582666293     
 -0.196023085632987     
  0.147584772758648     
 -1.834852619818926E-002
 -0.315100170127044     
  5.066887863007306E-002
 -0.438228405268893     
  0.422269862922592     
  0.383208541927630     
  3.208079184482930E-002
  0.187814516991790     
 -0.157338910207576     
 -0.136065878353477     
 -2.888201791436694E-002
  6.468640235803269E-002
 -2.454009946890414E-002
  0.152083470115860     
  0.259383936657976     
  0.302019699645640     
 -0.221101281668972     
 -0.297105479316245     
 -0.371805856781156     
  9.385240342993120E-003
 -7.997378109699094E-002
  3.772213836394112E-002
 -9.085774178738433E-003
 -4.466895611286687E-002
 -7.333711269922516E-002
  0.226982809714382     
 -7.936793735450874E-002
  0.142879014953744     
 -0.102219720784848     
 -0.192516918214071     
 -7.432935158372092E-002
 -0.115433602608623     
 -1.049465798613824E-002
 -0.193517199484701     
  7.053382490581940E-002
 -8.165286538360693E-002
  2.296833515452911E-002
  7.801350016567427E-003
 -0.239303406402941     
  7.654700531885623E-002
 -0.389243124854165     
  3.163345894641105E-003
 -1.078043020526042E-002
 -6.971015986684893E-002
  0.152807516558950     
  9.952944038034434E-002
  0.350649531098881     
 -1.731792227160082E-002
  0.100026254710127     
 -3.111830017312139E-002
  5.848011518793376E-003
 -0.231395067314935     
  3.200967250293511E-002
 -0.405994396338604     
  0.154265186171532     
  0.163882992590040     
  2.179705450628190E-003
 -6.975356575644140E-002
 -0.169184233167262     
 -4.744960510755848E-002
 -5.395375174218751E-002
  0.187239668679380     
  8.625193081409212E-002
  7.263918084483224E-002
  2.556100774468682E-002
 -5.666437221427033E-002
  0.220149131598219     
 -0.410930824541113     
  0.103879276381517     
  0.293681366767466     
  0.157254852799150     
  0.103198081700383     
  2.780677646799989E-002
 -0.151636191796013     
  0.167455125202848     
  0.272279083904015     
  0.117978553983395     
 -0.127558091363333     
  0.261900560234324     
 -0.174716983966384     
 -0.259174079304961     
  0.217809754900370     
  0.216083178932178     
  0.320660290846782     
 -0.234561315572330     
  2.170206692670008E-002
 -3.359056523106219E-002
 -0.250579733208579     
  2.863721895716160E-002
  4.788958561902813E-002
 -8.125917472594951E-002
  4.127301051816558E-002
 -0.112516891535105     
  0.260422711085709     
 -7.419497604318740E-003
  4.166013623196708E-002
 -9.566528362544803E-002
 -8.804065616581470E-002
 -0.164200455400163     
  0.208109760473586     
  0.359715635544141     
  0.182238541526703     
 -2.796802264267956E-002
 -0.241943365913355     
  0.113906209458703     
 -0.193086273480274     
  9.575646956738317E-002
  0.220491380097748     
 -0.137280155752916     
  4.977039487097330E-002
  6.629551502472695E-003
 -7.268240876352313E-003
  6.940842170168970E-002
 -5.154372420624726E-002
 -0.134611068491345     
  0.211217542722532     
 -6.763875305934748E-002
  0.208353216119058     
  9.952021386473291E-002
 -0.469735434966090     
  0.183968910323830     
 -0.295312578168276     
  0.181874566896525     
  0.116546224002640     
 -0.280071048546788     
  0.112527579439603     
 -0.135496877211234     
 -5.631756380010958E-003
  0.179050374558651     
  7.728556654067675E-002
 -0.135556559079685     
 -0.132866533270070     
 -0.129185894332451     
  7.433621749485564E-002
 -0.174123202497646     
 -7.561148727348761E-002
  1.065996998861775E-002
 -7.891658176367922E-002
 -0.282520219822095     
 -0.134473892402770     
 -0.222438513211185     
 -0.102687717198310     
 -1.542818233916097E-002
  3.490234155672538E-002
 -6.115864539497200E-002
  0.210793728535395     
  1.445851698357000E-002
  8.387856998084930E-002
 -0.167372419456879     
  0.127131941734697     
  0.102739236504876     
 -0.169172731059378     
  1.640915463361720E-002
 -0.172060661711600     
  0.312442376171422     
 -0.233109537605843     
  0.266099419792365     
 -4.541697216893477E-002
  5.576627283046157E-002
  0.366984208656630     
 -0.127465691050571     
 -0.412368648867697     
 -0.271999971317935     
  0.216088518988186     
  6.426692069058039E-002
  0.113079034832198     
 -0.224783241531075     
  7.485643162386219E-002
 -5.833557797373063E-002
 -5.970168276665404E-002
  1.385093893672986E-002
  5.962861997239247E-002
  0.123231725812082     
 -2.349952282123096E-002
  0.219087486670308     
 -0.135610530712734     
 -0.306817910368657     
 -8.072338904042728E-003
  6.736750939607654E-002
 -0.170660552251437     
 -0.257364462569407     
  0.144805501795651     
  3.811634952005008E-003
  0.129872658021171     
 -3.713885380599330E-003
  0.159191782836105     
  6.345772563580425E-002
 -8.608476119627044E-002
  0.106414617899403     
 -0.264195391695676     
 -0.284182966457898     
 -0.182360915413913     
 -0.176723877609988     
  3.854625275546391E-002
 -0.101851369895089     
 -0.339379995629369     
 -0.368297282952964     
  0.354027928709012     
 -3.924543714586998E-002
 -2.111616969972548E-002
  0.100553794383040     
 -0.366252285471952     
  0.128461151380941     
 -0.481359987691184     
  0.158744854671006     
  9.753055810058398E-002
 -0.144379803203359     
  6.418851536159524E-002
  5.674281668139763E-002
 -5.250772460443295E-002
  1.347298898486190E-002
 -0.407680666122766     
 -0.181909674637697     
 -0.118296819514565     
 -0.105617102636596     
 -3.661041169439364E-002
 -0.383342067590073     
  9.694720190587122E-002
 -0.263195200744739     
 -0.123521420798061     
 -2.857460136922390E-002
  0.504224791343803     
 -0.242672882322479     
 -7.147399259471894E-002
 -0.137731399851859     
 -0.161563664768849     
  0.285971643264491     
 -0.398593855519808     
 -2.471407015566418E-002
  0.267325505074466     
 -8.867090685494401E-002
  0.234453602281769     
  0.168377803615249     
 -0.388275097603689     
  0.479297065139058     
 -4.484423906752595E-002
 -0.170291006544445     
 -0.183384302690310     
  0.240273551280977     
  0.376771954026039     
 -4.594925846187098E-002
 -2.291024074272996E-002
 -0.242039605983204     
 -0.188791324810896     
 -0.122777428248214     
 -2.645877399542389E-002
 -0.141950729417239     
  0.372855078202030     
  6.804450026514333E-002
  0.142418990530830     
 -0.125887335899352     
 -0.186395438729374     
 -8.595549651156126E-002
 -9.710288683700452E-002
  0.250906134912980     
 -0.100905065934988     
  6.115341864202260E-002
  8.817037920621518E-002
  0.253851300194378     
 -6.433105802358774E-002
  0.192800088885328     
 -0.288996681622268     
 -8.462914998592788E-002
 -0.448685292051039     
  0.110355629863456     
 -0.207093874639201     
  0.424987159246279     
 -1.102716707816683E-002
  9.225300648909535E-002
  3.279540772085382E-002
  0.264600216942031     
 -9.335770415803508E-002
  0.111157316579083     
 -0.262586918758005     
 -0.191508804613323     
  0.189312386941161     
 -9.246962422162387E-002
 -7.871423897533125E-003
  0.142777370380443     
  0.201413214880935     
 -1.315986848839766E-002
 -3.976736476967820E-002
 -0.151939260084723     
  6.368545438105347E-002
  0.117983286278639     
 -9.975339045268608E-002
  0.315641687270822     
  9.193958794542417E-002
  0.175807812336686     
 -0.107072185637351     
  0.285836566413753     
  0.147174451541288     
  4.092711542768276E-002
 -0.145358618113044     
 -9.233774987650169E-002
 -0.219218146871363     
  0.167922367643232     
 -0.252769236311823     
  0.151452832377126     
  9.057830327152583E-002
  0.161159923008235     
  0.252986351633076     
 -0.109153592755884     
 -1.908838633126245E-002
  0.166598812387032     
 -6.037734249190778E-002
 -0.313451693585053     
 -3.444309192765015E-002
 -0.215948701969486     
  0.275708456021686     
 -7.106019074165014E-002
 -0.211793177936223     
  0.116002329160649     
  0.136685180609796     
 -8.488691543664825E-002
  0.224182260654404     
  7.718491602504004E-003
 -6.548314165026373E-002
 -3.958257594252703E-002
 -3.737283628379874E-003
 -6.164840326437557E-002
  0.191850601211251     
 -0.381838023203986     
 -0.158124895639708     
  0.120208792467696     
  0.127988658321750     
 -0.255315568206734     
 -0.149887456928094     
  0.269369516762418     
  9.132491332290356E-002
 -0.334846694335788     
  0.133774673751796     
  3.051024426589610E-002
 -8.085628735472372E-002
 -0.202428710428448     
 -4.287113160337576E-002
 -8.633912696282093E-004
 -0.176801707607086     
  0.101292688644158     
 -3.592152600469720E-002
 -0.109160863034073     
  0.290992357678954     
  0.302038510098520     
  6.264018045445119E-002
  0.176750127699825     
  5.611542524205817E-003
  0.357937105546278     
  9.124524769622210E-002
  0.130044624032234     
 -0.148193830391962     
 -0.124661180377402     
  0.244955507710176     
 -4.671615618120341E-002
 -7.184133788061328E-002
 -1.258291440780109E-004
 -0.138238857897625     
  0.318284499572792     
 -4.286939089982931E-003
 -2.192390664781177E-002
 -0.134098895381652     
 -4.061760975855901E-002
  4.842584703943035E-002
 -0.141630319853844     
 -3.644166534315778E-002
  0.187847772325001     
  0.213531547847104     
 -9.100114234627259E-002
  0.166117408165228     
  0.127431169415467     
 -0.128465165023633     
 -0.271785554783035     
  0.170096545640242     
 -7.511700102720989E-002
  5.830236918454352E-002
 -0.194637700786730     
 -0.221808774245045     
  0.160797515797163     
  2.275406983207846E-003
 -6.078692454164019E-002
 -0.217026417722162     
  0.191552565098172     
  0.355180752374102     
  0.175572584550182     
 -6.342956884754698E-002
  0.257647730572569     
 -0.155186183327169     
 -0.151056755949575     
  0.172452234952586     
 -0.375440881255117     
  0.354101248104907     
  0.253306199636628     
 -1.792594514512706E-002
 -0.228836772488256     
 -0.193386623469672     
 -0.139648825118628     
 -0.188742749075325     
 -0.146037506691635     
 -0.104961656129897     
 -9.396240716622255E-002
  0.289920249308339     
  4.196485093188109E-002
 -0.119384154032589     
  0.147776429679993     
  0.170823250789031     
 -0.198412552760234     
  0.233167129600017     
 -5.581536149142315E-002
 -7.188628028713250E-002
  0.237495715185562     
 -0.186059786534340     
 -4.095921271562285E-003
 -0.287800901031784     
  0.348346904896500     
 -0.133027587770676     
  3.816951447571639E-002
  0.159157525411041     
  0.119825787499678     
  8.257227458781187E-002
 -8.748517459293143E-003
 -0.220527747164585     
  0.227795499629206     
 -9.775072830449164E-004
 
 -1.478479275374671E-002
  2.003096558750739E-002
 -0.208833059253091     
 -0.114178961802244     
  0.114387613034764     
 -0.301827302873901     
 -0.286585294399252     
  0.129963455293720     
 -7.408253177741354E-002
 -1.970934979404648E-002
  0.289096379448994     
  0.255339929082648     
 -0.235788113134639     
 -7.546481144150748E-002
  0.150747233766717     
  0.185577294511684     
  0.242794320876368     
 -0.345209009179044     
 -0.153124042649212     
 -2.758397908969954E-002
  4.381518670341483E-002
  0.168637094701823     
 -0.245584831501612     
 -0.118982031327940     
  0.119289127315863     
 -8.004731547895832E-003
 -4.884060736711863E-002
  0.171493781395737     
 -6.941271154996245E-002
  0.243481735602894     
 
  0.396299434626818     
   6.58265959686234     
   2.61445424625264     
  -5.14716775033463     
  -11.2581031809660     
  -2.80255274572760     
  -2.13098459667885     
  -16.3330565800332     
   2.13826157086636     
   2.35121549731126     
 -0.843267540125920     
   19.9096005638917     
  -1.53752140097910     
  -1.58709534071365     
  -3.39765162602651     
  -3.25223560608321     
   7.19139079574607     
  -9.74802833011231     
  -1.42482352690081     
   8.89538205939844     
 -0.758878714553611     
  -20.4881448910919     
   5.38066536972056     
   8.66805528187949     
   1.31893297634656     
  0.251863623519570     
   4.55902723450829     
   3.55747104379250     
   8.28928420697564     
   12.4866223855549     
 
 -1.366165487804878E-003
 
  tansig  tansig 
