 0.114892036081686366E+01
 0.304763473459332745E+01
 0.267408315995322043E+01
 0.296532111894273731E+01
 0.995212245179163957E+00
 0.805962728154667296E+00
 0.608637005591216806E+00
 0.693262148442488901E+00
 0.330074846202210725E+00
 0.628279875621659212E+00
 0.410703562471098627E+00
 0.512207230269508540E+00
 0.334307121603579782E+00
 0.265934813806952830E+00
 0.267062182456448305E+00
 0.173040181541521843E+00
 0.127282464787586119E+00
 0.357193892439759075E+00
 0.130397441453538154E+00
 0.126965648174126144E+00
 0.126329814208242824E+00
 0.219544974261350334E+00
 0.224047326118398726E+00
 0.163898994681245219E+00
 0.220805995397811677E+00
 0.291383515665067427E+00
 0.216874865125699506E+00
 0.197977840367703134E+00
 0.314184040077633675E+00
 0.369138687055046044E+00
 0.677552293188401378E+00
 0.361737237872677864E+00
 0.639667052138631842E+00
 0.797690783746867527E+00
 0.681971411366819824E+00
 0.974153803652051509E+00
 0.194045365165807726E+01
 0.143511893037725069E+01
 0.959084962535997065E+00
 0.783124821226969137E+00
 0.190570380576954723E+01
 0.412575129953570752E+01
 0.439297073621748435E+01
 0.138095479864871695E+01
 0.112240186530848685E+01
 0.292637090418111345E+01
 0.348406042047804165E+01
 0.445717482952905086E+00
 0.212582840114207500E+00
 0.150296744113908876E+01
 0.176425189710326391E+01
 0.196794424394696799E+00
 0.107551923599247687E+00
 0.983285466875692293E+00
 0.564205400515210065E+00
 0.334826989771157435E+00
 0.189833769600448565E+00
 0.599231354858557053E+00
 0.450407572671190193E+00
 0.205753834381570688E+00
 0.141146003029809730E+00
 0.417511849240891353E+00
 0.309925055311985720E+00
 0.156259080931647532E+00
 0.143295156715707556E+00
 0.310198437380395042E+00
 0.352725749417917012E+00
 0.143319456313280441E+00
 0.161512876842177328E+00
 0.535109695118584971E+00
 0.297776293892096477E+00
 0.248575521672520589E+00
 0.345140612404253755E+00
 0.474762854128254919E+00
 0.464666727935819979E+00
 0.342043372144129387E+00
 0.573617017131461071E+00
 0.907771572841620245E+00
 0.641590154305485716E+00
 0.790744376321990128E+00
 0.144569857410195080E+01
 0.132590642267416636E+01
 0.996719202035859397E+00
 0.107191676180955220E+01
 0.254598268771532643E+01
 0.342470135690107780E+01
 0.260101353897898679E+01
 0.203108378260363720E+01
 0.101384773861657762E+01
 0.194819632382753771E+01
 0.196122328007961255E+01
 0.178180127603512606E+01
 0.578277670036111302E+00
 0.114513555582810816E+00
 0.842702634271903728E+00
 0.683984516667073938E+00
 0.291580261653931916E+00
 0.292831607550996104E-01
 0.115670478331886636E+00
 0.169586942681277275E+00
 0.863175589883440064E-01
 0.172363592102211249E+00
 0.104335103545731750E+00
 0.832029775810556038E-01
 0.587252955822481701E-01
 0.105699417868380288E+00
 0.104771058859665811E+00
 0.788473103452587004E-01
 0.696853317197395350E-01
 0.420632842728214176E-01
 0.942309959196061808E-01
 0.685627995607394902E-01
 0.704534508878897070E-01
 0.991072050631058715E-01
 0.194716165015389776E-01
 0.527137245188758694E-01
 0.673995935478632485E-01
 0.128483397792544252E+00
 0.812556709559788537E-01
 0.878516914328173054E-01
 0.121893541009527248E+00
 0.941672458672031809E-01
 0.140155530325704436E+00
 0.123554638918562928E+00
 0.212381509617840997E+00
 0.150630478069505275E+00
 0.220480781651199276E+00
 0.126384125188307689E+00
 0.282310500726897728E+00
 0.727044147982296440E+00
 0.474964173405533985E+00
 0.533706983829249859E+00
