-0.773306814087054817E+00
 0.237717298544918121E+01
 0.182053604803433000E+01
 0.740319700961667548E+00
 0.484767049224448243E+00
 0.168389935205618291E+01
 0.119210104346262247E+01
 0.173607796767669620E+01
 0.929882244766235710E+00
 0.437096383327901628E+00
 0.638516019972687032E+00
 0.113691061704311913E+01
 0.833997148235763541E+00
 0.817802077612036271E+00
 0.468392617482148221E+00
 0.919523837977280656E+00
 0.850282902362183513E+00
 0.239338031135095386E+00
 0.433122250657281216E+00
-0.571251988171110114E+00
-0.612425701513118481E+00
 0.149027036111242484E+01
 0.464340087548671898E+00
 0.983775640769717463E+00
 0.120851343749453344E+01
 0.127332415175693096E-01
 0.570415867311879210E+00
 0.829054324282147870E+00
 0.115738606767828189E+01
 0.422215518409750523E+00
 0.796318598520104781E+00
 0.107681396203948077E+01
 0.176884974109056015E+01
 0.149546413372849218E+01
 0.130808848740228423E+01
 0.189932002308898173E+01
 0.392778105053655446E+01
 0.241635809021246351E+01
 0.270511820587646712E+01
 0.350907542264863670E+01
 0.966782280374439651E+01
 0.759732906415154208E+01
 0.745284735369317186E+01
 0.920697029328836791E+01
 0.236899074656866659E+01
 0.183673089352569141E+01
 0.191764780965552206E+01
 0.758570519941327293E+00
 0.462856923900148376E+00
 0.169301665185164740E+01
 0.117009103698053618E+01
 0.152972796664863431E+01
 0.755303441749352933E+00
 0.678505349112549228E+00
 0.577732647019366330E+00
 0.549044192568042821E+00
 0.347213549580581704E+00
 0.688366954838270595E+00
 0.365356023787319351E+00
-0.819443890930773300E-01
-0.652781228064935187E-01
 0.839936074303102354E+00
 0.291048058968269685E+00
-0.295606398630780642E+00
-0.289332015931397402E+00
 0.585679621072219714E+00
 0.284870429139084225E+00
 0.275827066833439549E+00
 0.300328514895812859E+00
 0.428672695458054642E+00
 0.310175190213428098E+00
 0.511830233131214229E+00
 0.658845392942218777E+00
 0.207959614488820610E+00
 0.399268120264993864E+00
 0.702356980078069126E+00
 0.106922877457213428E+01
 0.570371386775892164E+00
 0.607823336374056722E+00
 0.915976125800737284E+00
 0.177522385116149928E+01
 0.123551860773487054E+01
 0.117800284705074976E+01
 0.152476624063554556E+01
 0.380829923325879971E+01
 0.296897062265929712E+01
 0.294221318628496320E+01
 0.271501076719285450E+01
 0.166652728119582227E+01
 0.204817581638536872E+01
 0.180598861753599960E+01
 0.280623671240445161E+01
 0.128962674051202342E+01
 0.266549544592214360E+00
 0.829955364755804559E+00
 0.357858531363119736E+00
 0.168737595924320555E+00
 0.671381058144611242E+00
 0.391340881101653604E+00
 0.697027465032812099E+00
 0.395050469256576609E+00
-0.523208002349684065E-01
 0.221798144942843473E+00
 0.331745065029819652E+00
 0.239094897084792202E+00
-0.761973136993277997E-02
 0.159854087457006161E+00
 0.170905715460415858E+00
 0.144511398108081723E+00
 0.335363560843544350E+00
 0.135166560167228472E+00
 0.159467873627761270E+00
 0.160676427083928708E+00
 0.145567465231061205E+00
 0.136190942130392290E+00
 0.176223135065122188E+00
 0.201162766141342403E+00
 0.139214536435664310E+00
 0.155465096181729906E+00
 0.150804661199486906E+00
 0.213241956703744351E+00
 0.221538281487132449E+00
 0.219831940506628687E+00
 0.275180797449286363E+00
 0.508618460633805114E+00
 0.404629054253463127E+00
 0.406316807767916677E+00
 0.349198025231528264E+00
 0.790598292768297184E+00
 0.910582990255982994E+00
 0.919917500482405059E+00
 0.000000000000000000E+00
