 0.149530622694747972E+01
 0.223015471589819736E+01
 0.439927312070107401E+01
-0.121476383519035086E+00
-0.407695421605226427E-01
 0.224266897329008463E+01
-0.518333933809317693E+00
 0.105285099928640924E+01
 0.501281704827037156E+00
-0.249527638088573311E+00
 0.102965791748345692E+00
-0.685116948338604481E+00
-0.447161737331184195E+00
 0.244992058706315713E+00
 0.463586421882000888E+00
 0.241755805282696273E+00
 0.177827337552264375E+00
 0.656778400406871299E+00
 0.350482858725190749E+00
 0.421688638331755017E+00
 0.419576854844376623E+00
 0.611726426705386128E+00
-0.125229619030277940E-01
 0.146699909216149227E+00
 0.197635254213960360E+00
 0.989822942124473859E+00
 0.523187498016531749E+00
 0.219321864294874047E+00
 0.348056273740236122E+00
 0.135834431507352194E+01
 0.105040503458384005E+01
 0.445728559836172766E+00
 0.788190554008588173E+00
 0.145036586564629832E+01
 0.971873051902576113E+00
 0.140855538535794755E+01
 0.280575452339632569E+01
 0.140285594122334589E+01
-0.979111777574824038E+00
 0.139540594459396194E+01
 0.339566611493655079E+01
 0.114350324044893625E+02
 0.342125171593624167E+01
 0.210028368917242636E+01
 0.170705249202278964E+01
 0.377988612072549079E+01
 0.353203170127141153E+01
 0.767126611886171594E+00
 0.365877400189802970E+00
 0.168927317594567028E+01
 0.220293905277288227E+01
 0.565836968621270198E+00
 0.309240745036192810E+00
 0.590117936067875548E+00
 0.330513044203993356E+00
 0.341464149241675730E+00
 0.193596778677431719E+00
-0.738533255120280896E+00
 0.261305632119075149E+00
 0.286590831861476603E+00
 0.196599740383058774E+00
 0.220434410148546450E+00
 0.175999553120108093E+00
 0.220682443374837306E+00
 0.202373680423957619E+00
 0.634204040116198464E+00
-0.168084081044700767E+00
 0.159684290201847240E+00
 0.179955113984140741E+00
 0.636173461332162016E+00
 0.534163673849229248E+00
 0.294114998054479826E+00
 0.408370984652029256E+00
 0.263543117546263583E+00
 0.379966364434315196E+00
 0.417286149120504102E+00
 0.699801415967550744E+00
 0.124318575007967480E+01
 0.100791801282130677E+01
 0.675301083704781591E+00
 0.123463642997059297E+01
 0.339763163933299195E+00
 0.254593095833507066E+01
 0.100907573248840077E+01
 0.239672466840814335E+01
 0.462745902963053002E+01
 0.544049797336812979E+01
 0.155415084286857907E+01
 0.775779084549387488E+00
 0.261640784350826117E+01
 0.319630230710267726E+01
 0.110159994813361428E+01
 0.357520594404406034E+00
-0.617649278125104728E+00
 0.905715938212082627E+00
 0.358676959500537185E+00
 0.152902761907560386E+00
 0.182900408172800566E+00
 0.407575787058459926E+00
 0.311688030848513042E+00
 0.158645173757811841E+00
-0.213543581688437484E+00
 0.619746369388673307E-01
 0.123542981057285298E+00
 0.871975774260399933E-01
 0.128770617402564264E+00
 0.390072948608893230E-01
 0.503128071311614716E-01
 0.444665092484932550E-01
 0.175163763630864611E+00
 0.950028942374889218E-01
 0.502097130530624741E-01
 0.515942694193104179E-01
 0.139794912961827944E+00
 0.174960334751902702E+00
 0.724068111757858734E-01
 0.925791089111401982E-01
-0.139880597080253161E+00
 0.380218764909649523E-01
 0.101070885124238896E+00
 0.140235069807187501E+00
 0.279407700744319698E+00
 0.962658936904646836E-02
 0.930489220150657048E-01
 0.159944383301527160E+00
 0.738498439682685331E-01
 0.537725274401688158E+00
 0.120340784400679940E+00
 0.268811190103222075E+00
 0.150049816048330364E+01
-0.520107939406169034E-02
 0.712369049532562637E+00
