 0.422078111082332796E+01
 0.182053604803433000E+01
 0.146489541404029144E+01
 0.451695313743115534E+01
 0.194139144749260040E+01
 0.782468404247352090E+00
 0.782277398593655859E+00
-0.925680968346458966E+00
-0.542300931182108537E+00
 0.458401283761837364E+00
 0.112839140788970438E+01
 0.676076661431181725E+00
 0.519610413773671120E+00
 0.352312236641400267E+00
 0.739932561890519369E+00
-0.856017825501925178E+00
-0.791543036968462732E+00
 0.325776274096594154E+00
 0.888590601249053202E+00
 0.833004655324845689E+00
 0.881978460567973355E+00
 0.344929232844725819E+00
-0.566429376939836388E-01
 0.724056832292435337E+00
 0.862958135779570257E+00
 0.411099618809123879E+00
 0.182844015743246407E+00
 0.109179717178589519E+01
 0.154334201800711912E+01
 0.581121962659976177E+00
 0.338514625931582214E+00
 0.102842779209948221E+00
 0.185725515750835013E+00
 0.104945798876972907E+01
 0.117991579553437598E+01
 0.340755682034808727E+01
 0.793533175946636060E+01
 0.244392030641455982E+01
 0.230182919938580666E+01
 0.380222483253645116E+01
 0.111714727780557830E+02
 0.718058252137467878E+01
 0.716282791854811762E+01
 0.113421449266515744E+02
 0.302903550103967500E+01
 0.191764780965552206E+01
 0.134802883613741109E+01
 0.400782432123526444E+01
 0.225044613714466646E+01
 0.107678449945457855E+01
 0.125467736603423946E+00
 0.230281078244399273E+01
 0.118513031451947626E+01
 0.554161880010798691E+00
 0.107711434055230253E-01
 0.112641511201146693E+01
 0.743179933937560655E+00
 0.365621860880136429E+00
 0.253936817194914843E+00
 0.689404643280887242E+00
 0.568821848556528620E+00
 0.301671456387016979E+00
 0.777826963925884740E-01
 0.357696824869359276E+00
 0.321854355862351005E+00
 0.271442924641453420E+00
 0.940319946784741845E+00
 0.522379734481600688E+00
 0.564908291362829384E+00
 0.293541936334694609E+00
 0.340395261480486933E+00
 0.551215824490389639E+00
 0.711716133807378637E+00
 0.379014031811604923E+00
 0.121581461509661717E+00
 0.964992819057832185E+00
 0.156357434747851776E+01
 0.614115054300229612E+00
 0.691313374136214742E+00
 0.107777314239637123E+01
 0.206643158959723250E+01
 0.117745256207776805E+01
 0.109226098816948158E+01
 0.176816769416837660E+01
 0.443101797519813889E+01
 0.295068928400682884E+01
 0.297765348518073747E+01
 0.485068294311620818E+01
 0.220884074627303084E+01
 0.134364640949268010E+01
 0.122853646104667269E+01
 0.175651433174253402E+01
 0.670094961587320070E+00
 0.512589435158626650E+00
-0.123442427075042785E+00
 0.113373261343116760E+01
 0.575200533151168147E+00
 0.260062833950395922E+00
-0.229480853327854936E-01
 0.807082680235762018E+00
 0.545711658269342759E+00
 0.175842356483028928E+00
-0.186340550262528409E+00
 0.247287610538718117E+00
 0.182003007204108669E+00
 0.129419494992278533E+00
 0.231090689449777204E+00
 0.260866693955472018E+00
 0.206204893100560421E+00
 0.102301036308477797E+00
 0.139685248413459140E+00
 0.196411483123353714E+00
 0.183476273354489489E+00
 0.955637247054118982E-01
 0.906609479500830734E-01
 0.141985751304734564E+00
 0.170888733759174988E+00
 0.115016920769525632E+00
 0.744412964853568421E-01
 0.139241189958095368E+00
 0.219109405777752897E+00
 0.180990188117337775E+00
 0.210610934235990782E+00
 0.312256991431930808E+00
 0.640589514751524036E+00
 0.371298065254517862E+00
 0.371641609229748315E+00
 0.498774652505276139E+00
 0.123877218321748606E+01
 0.922167380819141069E+00
 0.921912124663265553E+00
 0.146117643403851694E+01
