 0.981953695257528403E+00
 0.471555647635605091E+01
 0.352460839551712324E+01
 0.434050671208391936E+01
 0.145674793955820681E+01
 0.103065568071706837E+01
 0.908072373366440755E+00
 0.120317712189798542E+01
 0.572854733749309175E+00
 0.626906328884251574E+00
 0.653230346535522588E+00
 0.829727024785850142E+00
 0.541545759178191366E+00
-0.287021980789294306E+00
 0.383876691848312121E-01
 0.416280478194960279E+00
 0.306201743638921664E+00
 0.450584679241462505E+00
 0.278003156346863456E+00
 0.399697337424464116E+00
 0.397695684639932490E+00
 0.156546571899486425E+00
 0.214957994050465562E+00
 0.160884719429704615E+00
 0.216745140426651939E+00
 0.639986179227720609E+00
 0.561543369595491892E+00
 0.433073022630122317E+00
 0.687272028252516765E+00
 0.838311647483564015E+00
 0.825084076157660440E+00
 0.813935389485567207E+00
 0.143929791216793790E+01
 0.438948422161653806E+00
 0.518892565176428899E+00
 0.129078176540518408E+01
 0.257115681403095886E+01
 0.566295345383038204E-01
 0.105917221016273411E+01
 0.573929294146073188E+00
 0.139663462381791703E+01
 0.808642415287402372E+01
 0.581356389018607178E+01
 0.150547087258505119E+01
 0.122360508628558562E+01
 0.391556709593855867E+01
 0.310542195304880364E+01
 0.473352617295453998E-01
 0.225763286406231167E-01
 0.278444052537002928E+01
 0.177394199746773706E+01
 0.301202576377130771E+00
 0.164612979163665296E+00
 0.144279987232024154E+01
 0.109919390017382179E+01
-0.573174629808480274E-01
-0.324967532307511575E-01
 0.755749290746695279E+00
 0.666685409454863986E+00
 0.192995645123560600E+00
 0.132393955102836719E+00
 0.704795965680453329E+00
 0.281687968481802831E+00
 0.278409636454694742E+00
 0.255311577727695860E+00
 0.319105483430141390E+00
 0.248398473647516650E-03
 0.156535728512792544E+00
 0.176406864015883152E+00
 0.710490089336102582E+00
 0.513637356954184887E+00
 0.237046160167830811E+00
 0.329132395410140333E+00
 0.105764172442599325E+01
 0.277245053361287352E+00
 0.441875894966421767E+00
 0.741039158934873710E+00
 0.188561787903261391E+00
 0.700233464937422279E-01
 0.562568632311364336E+00
 0.102853045044717151E+01
 0.199437843162919104E+01
 0.182234627768829571E+01
 0.967263390542374313E+00
 0.229741332025112088E+01
 0.432546068549718399E+01
 0.359218143987659255E+01
 0.262659968726311677E+01
 0.131110896359433715E+01
 0.386846055815936785E+01
 0.244453845891455535E+01
 0.733356875478076264E+00
 0.238008531568738330E+00
 0.127843557969361954E+01
 0.953668091375027394E+00
 0.617498382542714941E+00
 0.263237449920702193E+00
 0.267280888987441678E+00
 0.329693057596993133E+00
 0.302540985764697568E+00
 0.153989446193484147E+00
 0.167907046484826947E-01
 0.121779745213144469E+00
 0.398347369826114184E-01
 0.281156609024723475E-01
 0.189284606883131756E+00
 0.141138361239552007E+00
 0.343907070296751508E-01
 0.303945412588623731E-01
 0.173804764709421744E+00
 0.139992144675223473E+00
 0.733022013051434912E-01
 0.753235438563301107E-01
 0.129711738646292041E+00
 0.675777055036820562E-01
 0.666396507459247056E-01
 0.852052366900875047E-01
 0.146389875040218637E+00
 0.123408182540037908E+00
 0.942804578987513631E-01
 0.130813404657858567E+00
 0.103647514005977395E+00
 0.236319797403038323E+00
 0.691563363196397163E-01
 0.118874752382911508E+00
 0.445121843294057518E+00
-0.519136732898147907E-01
 0.100697478917120664E+00
 0.224932962527310737E+00
 0.106689815804010979E+01
 0.844922810291959925E+00
 0.821604126207139185E+00
