     33 -    30 -    30 -     1 
rmse=  13.8867meV
  0.197864661990440     
 -0.339036048271463     
 -6.697394098938481E-002
  0.195994655931574     
 -0.929734936286113     
  0.608424839527495     
 -0.505935558797806     
 -0.186178312579662     
 -0.239883780012191     
 -0.160957216560669     
  0.415202342883352     
 -0.614559291424018     
  0.164849978276918     
  5.017330440784609E-002
 -0.910920408288182     
  0.844390255879881     
  4.742775575711597E-002
 -0.494641221347913     
 -9.751245190009536E-002
 -0.290098997594541     
  0.236929360201670     
 -0.151623553788805     
  0.168354451330085     
  0.576042422147751     
 -0.942408449983477     
 -5.006707099288566E-002
 -0.580964794289844     
  6.175469070089587E-002
 -0.406363972599505     
  0.523695672558171     
  0.193430433856670     
 -0.459575649829232     
 -0.442415114664031     
  0.508749852348313     
  0.402171424520010     
  0.461585954476077     
 -0.281106569526609     
  0.594991715560989     
 -0.105683586731348     
 -0.209880165030118     
  0.701169486398681     
 -0.757693610384808     
 -0.213241435466780     
  0.526848191388697     
 -0.178065828376799     
 -0.293282839059101     
  0.577903256568869     
 -0.706361491185738     
 -0.559588236337470     
  0.296043161456736     
 -0.174053893411264     
 -5.527672560691332E-002
 -0.324973338308026     
 -7.553748564351456E-002
  6.535381689319680E-002
 -0.274507409314219     
 -0.271706871990844     
 -0.326131380901398     
 -0.325479048567617     
 -0.480034446392748     
  5.602354767108234E-002
 -0.642405617906565     
  0.178640356055579     
  0.101636383694047     
  9.896791965424319E-002
 -0.743751340388489     
 -0.480917485001596     
  0.315552968826501     
 -0.184939432045412     
  0.229142517595886     
  0.241329762811260     
  0.312433481078893     
 -0.649563781885134     
 -0.441692678628164     
  0.402112542617258     
 -0.224838622161123     
  0.314013408892080     
  7.125261849152281E-003
   1.16629450498922     
 -0.627757376998026     
  0.286152920849813     
 -0.263542207734320     
 -0.473191870837879     
 -0.728421460702885     
 -0.272721468733676     
  0.747032938624316     
 -0.617808939133248     
 -0.707283283317095     
 -0.833593512326527     
  0.610075819405086     
  0.566396297170587     
 -0.381096540369086     
 -0.462410284947573     
  0.352022399040164     
   1.27861534779828     
 -0.952202155370656     
  0.297932759882951     
 -0.701810056028115     
  0.517193393052763     
  0.381526616390083     
  0.747308315863311     
  0.645150642397504     
  -1.27230458369374     
  0.540795327505574     
 -0.854617286270667     
 -0.670505852503658     
 -0.176033572265449     
 -0.492333027674254     
 -0.150397348668633     
 -0.431450203813157     
 -0.799842990234996     
  0.275832124432213     
  0.295436846378183     
 -0.690981762865127     
  2.186626615310806E-002
  0.567762039445533     
 -0.135516434260950     
   1.75587811172561     
 -0.356366379941859     
  0.446574121750952     
  0.309340985868700     
  0.803905664965590     
  0.405219359007618     
 -0.208166932165242     
  0.479310281683346     
   1.83556700553218     
  -1.45475822308875     
   1.08936913993900     
  0.680904917501044     
  0.658000663702370     
  0.535709651037048     
 -0.708650358857709     
  -1.37653452590145     
 -0.476396483160211     
  0.141617867939027     
  9.090972348685250E-002
 -0.606325186688503     
  3.290838094981586E-002
  0.206221568537064     
 -0.434259610091109     
  0.301091067010631     
 -0.112628100224244     
 -0.581193800022789     
  0.389902162954080     
 -1.655083288116222E-002
  0.607547259765179     
  -1.45836545840622     
   1.08241449846022     
 -0.105725355647065     
  1.559714942208868E-002
 -3.232994838242664E-002
  1.742005588099828E-002
  0.652327595342125     
 -0.301504104881530     
 -0.322606529756038     
 -0.598273202765109     
 -0.397214111751888     
  0.615250411184737     
  0.662555035703851     
 -3.579601705595456E-002
  7.755280560790447E-002
  0.296463483268279     
 -4.121851097230436E-002
 -5.482866457863824E-002
  0.951375709857684     
  0.340022846800800     
 -6.376782646620385E-002
  -1.14624393667595     
 -0.476587923375038     
 -0.321394504694618     
   1.17513721665821     
  0.256508942560701     
 -0.855974087360471     
 -0.179442708005457     
  0.588429713842377     
 -0.528551203816991     
 -0.623010387374597     
  0.726431515169825     
 -0.258424536879555     
 -0.476380720672757     
 -0.930327663206603     
  -1.52454017914855     
  0.389861290621195     
  0.864375968836240     
   1.41680881782560     
  0.173194886955166     
  -1.21069817101238     
  0.525805248703652     
  1.255360630420885E-002
  0.543390527132516     
 -0.887816039796296     
  0.289844630183997     
 -0.922627858252834     
   1.42097256457760     
 -0.616193564044690     
  0.579497046738976     
  0.431973532824174     
  0.389043172140135     
  0.575651740127780     
 -0.950174822173205     
  0.634655402617274     
 -0.269756390123834     
  0.327500854907637     
 -0.201744792898716     
   1.42762373284200     
 -0.157210800976701     
 -0.660359280975069     
 -0.350783383218365     
  0.243101362676651     
 -0.845050670847783     
 -0.351816446389849     
  0.876625079030603     
 -0.806855325624138     
 -0.822466997962548     
 -0.158160001238666     
  0.541896605659573     
  0.145067681903476     
 -0.535323756266035     
 -0.195304678918312     
  0.594838246050025     
  0.926213792759266     
 -0.292269572930146     
 -0.469338751685231     
 -0.102162199691270     
  0.528585145294781     
 -0.123248088379615     
  3.136069243540378E-002
  0.475802300096630     
 -0.104919232649963     
  0.448253256871201     
 -0.185594051201941     
  2.586690404470363E-002
 -8.513368058181713E-002
 -0.387785736340409     
  0.589082723375653     
 -0.886007167722596     
 -0.383759276999004     
 -0.234326383855259     
 -0.153708322156160     
  0.396516034770557     
 -2.541851776292554E-003
 -0.211179800158459     
 -9.309989433801785E-002
 -0.836633114533087     
   1.40266663128478     
  -1.82492202439007     
  0.635610645232764     
  0.506506372850998     
  0.365096965759858     
 -0.292396844370855     
  0.322818968644553     
 -0.954390157375065     
  0.781231363761425     
  0.456765667730508     
  -1.13812229693095     
  0.121973617868025     
   1.33527243692060     
 -0.234775896924955     
  0.417704470833618     
 -0.171231388936664     
 -0.490812676270086     
  0.310049180176766     
 -0.736849426708064     
  0.197697855463923     
 -0.322865169699269     
 -0.264029594756219     
 -0.397972914645600     
 -0.309016330407905     
  0.196567813332507     
 -4.494869301335346E-002
  9.455441020125847E-002
   1.08659836505762     
  0.123677693643030     
  -1.51971600971446     
  0.593103171704940     
  3.713991432322478E-002
  0.277076058934243     
  0.515761441850146     
  -1.01889594824455     
 -0.330314647686643     
 -0.368521287138363     
 -6.934680454887739E-002
 -0.513781928042154     
  0.405860670937496     
   1.20192162020945     
 -0.609631956868002     
 -3.391427784716575E-002
 -0.515188077220792     
 -0.944909764447956     
 -0.120494177028259     
 -0.168457074403661     
 -0.262764395262539     
 -0.440795180819288     
 -0.244951442404087     
 -0.310351572120519     
  0.475571559780970     
  0.289304280938814     
  1.126065639637080E-003
  0.264555276755044     
  0.131921346839100     
 -0.283742941930392     
 -0.122253293576984     
  0.888017877595519     
 -0.139135207000836     
 -0.674527084298458     
  0.781893449665474     
 -0.213628986104385     
 -8.096916578452806E-002
  8.478306809865696E-002
 -0.608014519702115     
  0.567110475811733     
 -0.921882926912891     
  0.454755801954407     
  1.142703013970036E-002
  0.434683643475188     
  0.365860109355636     
  0.478491602004473     
 -0.414867275716577     
 -0.375119286624923     
  0.275648311061574     
  0.593906986884931     
 -0.135098203608379     
  -1.14805488192910     
  0.855089874751142     
 -0.589236434797817     
  8.975069247766281E-002
 -0.200890348463168     
  0.481582466603949     
 -0.122273581340447     
 -6.981748193297613E-002
  0.109326077207109     
  3.669736696973864E-002
 -7.328854210576209E-002
 -0.588449224315140     
 -0.553369317018129     
 -0.104683485672683     
 -0.338958243706989     
  0.394659641577835     
  1.608430450120326E-002
  3.941941644932471E-002
 -0.663410469291998     
 -0.239209585082078     
 -0.278602268818422     
 -0.236318942321535     
 -0.386676756583235     
 -0.494604784647365     
  0.658012306969457     
  0.849377095395555     
  0.446916254439229     
 -0.429990615684625     
 -0.164104827965916     
  0.993180001581028     
  0.959202783742680     
  0.429645452467554     
  0.418380884383213     
  0.324328270425845     
  0.358451514177401     
 -0.351373867694610     
 -0.754081273446941     
  0.396788915280027     
 -0.157611505924022     
  0.189393508338516     
  0.169454331889246     
  0.616098168894057     
 -0.239066430517377     
  0.748910237740463     
 -0.311514760493505     
  4.868498096450249E-002
  0.221729776791179     
  0.309027812482296     
 -0.505863847483578     
  0.408312511196997     
  1.582653748766321E-002
 -0.361952627162019     
 -0.975814452549016     
 -0.696576131227907     
  0.655574194317067     
 -0.615825971865624     
  0.571862804470166     
 -0.800078680188696     
  0.226292083983054     
  2.226042862370054E-002
 -0.228063053955367     
 -4.890523397421927E-002
  0.269990562827267     
  0.669611594878627     
 -0.677579010224759     
  0.183234295448575     
  0.163569494327516     
  0.729907985431824     
  0.639279492843056     
  1.277178673291820E-002
   1.30871568778940     
 -7.585615355178670E-002
 -0.786418764877887     
  0.139315685053026     
 -0.590487138469852     
  0.523851972389613     
  0.553427211252061     
 -5.714964522938971E-002
 -0.689997185493751     
 -2.774059511818083E-002
   1.08176940789447     
 -0.167838910602708     
  2.662561077893012E-002
 -0.247269075394502     
 -0.473740715607997     
  0.154767529507996     
 -0.373767792362817     
 -0.269712657487054     
  0.263260382932126     
 -5.090436445860089E-002
 -1.430848786539917E-002
 -0.368603112679156     
  0.319030647842854     
  0.594165218528368     
   1.12796502151024     
 -0.274728348811903     
  0.558490256850854     
   1.24321902808514     
  0.338833775128683     
  0.347423169592707     
 -0.556605295193684     
  0.278689604640356     
  3.671037644241347E-002
  9.522768830168479E-002
 -0.194426437432579     
  0.884574226917019     
  0.390380862400896     
  0.519143504537815     
 -0.129141879011877     
  0.492750998103450     
 -0.101312215786209     
  8.600395847407856E-002
 -0.323209499818715     
 -0.620221551649540     
  0.523805035558700     
 -0.398717915817704     
  0.601684791574869     
  0.451065716761104     
   1.05827052660176     
 -0.692932131342224     
 -0.151038970228971     
  0.376900197087246     
  0.957201867541137     
  0.873110584190866     
 -0.548943345132976     
  0.300441508391125     
  -1.03961584306144     
 -7.316685783906160E-002
  0.472641379175444     
  0.108308834726606     
  8.364534641647389E-002
 -0.160872704378191     
  3.136074686434732E-002
  0.566964403828447     
 -0.278699873428474     
  5.082430769574646E-002
  0.279553544428660     
 -0.383782053812163     
 -0.421178489052250     
 -0.915538809191447     
  0.224001508668684     
 -0.228206469704193     
  0.625370441049296     
  0.832226110182621     
  0.756043467586469     
 -0.136623964484235     
  0.682981460602190     
 -0.831650439652058     
 -0.134364670989774     
  0.241377114389619     
 -0.216623740586187     
  2.571636102215113E-002
  0.908858022191670     
  -1.17692685925371     
  0.893488890902783     
 -3.106063178364589E-002
  0.186124675565466     
  0.288545636991090     
  0.198122987938151     
 -0.756133806035259     
  0.444335514790401     
 -0.105449429073012     
  -1.88864660900241     
 -7.390310294657462E-002
  0.700604693984689     
 -0.289856056307133     
  -1.22078482061745     
  0.455095993207562     
 -0.308429909167431     
  0.685670807563790     
 -0.198738355014126     
   1.17348491377854     
 -0.600361961484936     
  0.624308937382909     
  0.587444900757098     
  0.202348503486999     
 -0.770453057935821     
 -0.683864760715154     
  0.593527280357852     
 -0.743123016457515     
  0.552509239091756     
  0.372893887001099     
 -0.218801746549709     
  0.529267450887342     
 -0.894720818906301     
 -0.586082019332306     
  0.490501278719148     
 -5.437020172326082E-002
 -0.477259846330107     
 -2.976208882700481E-002
 -0.592587934582651     
  0.427445096949346     
 -0.435197674075921     
 -9.192686653918663E-003
 -8.481128358029129E-002
   1.51437186585840     
 -0.538875867206978     
 -2.954052732783945E-002
  7.054424027172712E-002
  0.574719479047144     
 -0.741193084336905     
  -1.10504955834623     
   1.37803977395307     
  -1.12302963035229     
  0.291425545459677     
 -0.443833109715613     
  0.307781382512232     
 -0.315051648405778     
  0.264459690559635     
 -0.502336618526022     
   1.28341501792264     
 -0.498798211149883     
  0.162203638201715     
  9.651898011152467E-002
 -0.479595865176391     
  0.187795934049879     
 -0.351671531665597     
 -0.126410962484049     
 -0.331630540105465     
  0.443437520159521     
 -0.476407154031250     
  0.347539739168197     
 -1.318420954480250E-002
 -0.409537273509406     
  0.640786721542345     
 -0.460442880744363     
  0.441953440633430     
  0.130145522482154     
 -0.498154014750088     
 -0.744418778166189     
  0.569375175397441     
 -0.440893366130896     
  0.936303852326868     
 -4.160519900733161E-003
  0.507258363291825     
  7.456735893880891E-002
  5.555615803365524E-002
  0.410766892164398     
  0.199882679633907     
 -0.294712008592660     
 -0.110880174502337     
 -5.471193801030631E-002
 -0.410359701792341     
  0.408234812165346     
  -1.03685963371707     
 -0.193171356480496     
  0.965707097067454     
  0.410059341549672     
 -0.944923337471036     
  0.641497099213090     
  0.416747748821597     
 -0.188144918414259     
  0.152661551076693     
  0.296687058576872     
 -0.424893955965136     
  -1.66905267434373     
  0.812867343706392     
 -0.291411707208188     
  0.263868599476485     
 -0.264286761116987     
  0.151270577284252     
   1.18583135003421     
 -9.401137350310980E-002
 -0.512679069562422     
 -0.307555983742476     
  7.140731805187690E-002
  8.822003506787598E-002
  0.638345521633455     
 -0.612410719809255     
 -0.439231817997620     
  6.367280070440793E-003
 -0.158189155542173     
   1.71855037734155     
  0.714820663352201     
 -0.730494830452431     
 -0.601842087308344     
  0.281295419706276     
 -0.345839151331349     
  0.395756084165745     
  0.892242316100748     
 -0.158291445722242     
 -0.315766885856223     
 -0.270145318517571     
  0.875989332960044     
 -0.906165266851313     
  0.949996790355966     
  0.180455708178209     
  -1.20680871304604     
  0.481833711990874     
  0.509366302524334     
  0.313975151747849     
  0.675138592474641     
 -0.448367483881266     
  0.204640579632003     
  0.270459086902992     
 -0.960676435254648     
 -0.191302404757031     
  7.940469809794862E-002
  0.960893306914551     
 -0.516485359451098     
 -0.715097968023293     
  7.511027003607822E-002
  1.954637324702109E-002
  0.404735582314511     
  4.473385395469760E-002
  0.143768409282384     
  0.101060579497516     
 -0.210767764488023     
  0.274738179188424     
  0.490516009353072     
 -0.403443763985379     
 -0.218688824140791     
  0.539864205538430     
  0.279692510674016     
  3.167128933061223E-002
  0.597902756506751     
 -6.212539431177855E-002
  2.263990666923044E-002
  3.694892164831215E-003
 -0.216255513452748     
  0.620315653740418     
 -0.431793258671464     
 -0.165212144552439     
 -0.435456544913011     
  0.300526425106621     
 -0.512832103927019     
 -9.605590450596271E-002
  6.932945719577974E-002
  0.473826919905798     
   1.23737501166548     
  1.213074191012465E-002
  1.572661861674886E-002
  0.423785408251696     
  0.160469408255127     
  0.134025616299379     
  -1.03156142460738     
  0.231644409789911     
  8.743705102847928E-002
  0.380937731711569     
 -0.543402418390509     
  -2.14408840845901     
   1.30142261830430     
 -0.230214450037990     
  8.257834314571812E-002
  0.424106953203969     
 -0.374571475972809     
  0.367781439318189     
 -0.766350141800021     
  0.313869283378253     
 -8.049677916241897E-002
  0.102899633437856     
  3.306779728471709E-002
 -0.359507159943431     
  1.214396534958708E-002
  5.623933589047049E-002
  0.610249894323307     
 -0.558746435820696     
 -0.754978339996920     
  0.435835291988036     
  0.219936700193606     
 -0.942791710022647     
  0.612234050688820     
  0.200521816130724     
 -9.333614375580188E-002
 -0.334304260728368     
  0.260992635842447     
  -1.28788248826307     
  0.966619841591804     
 -0.204746785335736     
  0.120781038045036     
 -0.261580137244355     
 -0.877300413937170     
  0.304987308069550     
 -0.158461935992472     
  0.193132316648597     
 -0.283612493481556     
  0.148881368592109     
 -3.418160922739467E-002
  0.148396404167035     
 -0.688167073518714     
 -2.038566674310480E-003
  0.290972859980502     
  0.332797377652728     
  0.259045213172575     
 -3.894526857792566E-002
 -0.445373074981924     
  0.170695563262344     
 -3.483022315851908E-002
 -0.515965379454953     
 -7.505488179963889E-002
  0.364424217951189     
 -0.254741676633243     
 -6.229525574723235E-002
 -8.591931910175830E-002
  0.363812292804166     
  0.559310639093936     
 -0.175991891128451     
  0.120170233440519     
 -0.166110151484292     
  0.242413830760244     
 -0.174643302131433     
  0.382223714029179     
 -0.363716165111875     
 -0.285688337165112     
   1.15477877565612     
 -0.691429395675582     
  7.975759776023042E-002
 -0.224411594902574     
 -0.741844195742101     
  0.124943243232461     
 -2.777198544438807E-002
  0.214934406577643     
  0.134458287339058     
  0.299871492022245     
 -7.825623089222172E-003
 -0.667907435262888     
  0.243549564517571     
 -0.453651958390868     
   1.01691617169840     
 -0.788134715872402     
  3.845861691619899E-002
  0.587990441125011     
 -0.286811254793245     
  0.191905280587715     
  7.024317020836507E-002
 -0.227945874273036     
  0.948574285397299     
  0.567026894175686     
 -2.821960042250974E-003
  0.202000800965380     
  0.748430931976252     
 -0.339369492201512     
  0.385015987128120     
 -0.459876504656489     
 -0.193727551486220     
  0.491217448724208     
 -0.157198952540773     
 -0.504649536120888     
  0.199381155507755     
 -0.217904130135075     
 -0.426844714438431     
 -1.302501451054802E-002
  0.224858712277164     
 -0.819004519545711     
  0.417276298296403     
 -0.322900245570249     
  6.001288844349922E-002
 -0.413701822479206     
  0.103971504486984     
  0.501688439047714     
  0.209056504277183     
 -0.895667536900124     
 -0.811338965244238     
  0.205819139055084     
  0.531032302547348     
  4.242565089570557E-002
 -0.865884311833958     
 -0.214193827977282     
  0.779335412606931     
 -9.291966542522238E-003
  3.160320696203559E-002
 -0.143479981167367     
 -0.114328208498627     
  0.975610298416121     
 -0.983061862992779     
  0.561546373840860     
 -0.852768277263497     
  0.247990772884471     
  9.066993983578769E-002
  0.358001521130741     
  0.372964409574595     
  0.853193910016368     
  0.325406190637457     
 -0.487883074604139     
 -0.738328982783925     
  0.172253169731852     
  2.873718182029263E-002
  0.179573641642057     
 -0.354464123642703     
 -3.284533939759391E-002
  0.390051992184318     
 -0.560359183998986     
  0.432433681842031     
 -0.411046139020816     
  0.272219494704580     
  0.159272602807332     
  2.879628615284424E-003
  0.521933600051420     
 -0.242712002107853     
 -1.040487290214543E-002
  0.633501243772810     
 -0.451694314032024     
  0.586726660278917     
   1.03110918013309     
 -0.529498244288068     
  0.138904443634802     
  0.517851429302022     
 -0.262553129874743     
 -0.471710537812689     
  0.417246405384506     
 -0.222522081413752     
   1.04342512664773     
 -0.951073057043714     
 -0.469224044369492     
 -0.805220728644766     
 -0.549166029218648     
 -0.442158917219087     
  0.244939129802707     
 -0.354867475701808     
 -5.677963531059509E-002
  0.657914653132427     
 -0.113137993478891     
 -9.842548181987945E-002
 -0.794961596159649     
  0.374312737494228     
 -0.136709037605117     
 -0.135916139837312     
  0.696181699907245     
  2.247802175917890E-002
  0.516423082848920     
  2.212619875912324E-003
 -6.221249479212083E-002
 -0.137148548276040     
 -9.331476696543589E-002
   1.04807863461924     
 -0.597551217924849     
 -0.296877030100681     
 -0.761537867885583     
  0.256263857160305     
  0.635119350532504     
 -0.659746892668886     
 -0.368867605575968     
 -0.486558280784037     
  0.459567537738197     
 -0.265409259770763     
  0.321639711258148     
 -0.267505713099849     
 -0.106628483673244     
  0.340260961822863     
 -0.422251598240779     
   1.02348765456110     
   1.66420881152825     
 -2.654169021477111E-003
 -0.663334611928263     
 -0.129166699774066     
  0.479131891399099     
  0.498468373158115     
 -0.372123941642799     
  0.299359144399180     
  5.934397945262855E-003
  4.031221918570967E-002
  0.225443985462388     
   1.84001346492731     
  -2.41802504128201     
 -0.723167115524221     
  0.352731674211117     
 -0.326254280395962     
  8.673571592135261E-002
 -0.645954576448076     
 -0.155863553737430     
   1.14839392899290     
 -0.371077648943668     
  0.549637772535891     
  -1.28833647371233     
 -0.523774597761044     
 -0.121341666776743     
  0.471158531773605     
 -0.195249588905160     
 -0.938799325467830     
  0.809607588079761     
  0.898518046997141     
  0.726975652319350     
 -0.293568773307167     
  2.450254046435809E-002
 -0.528456396325526     
  2.206555772645919E-002
  4.575265095917395E-002
  0.538769705189669     
 -0.492853197227358     
  0.152982827819571     
 -0.918661897508152     
  0.457833784602119     
 -0.619470874553885     
  0.696546499640235     
  -1.06172260956602     
  7.559349016981960E-002
 -0.173232082471936     
 -0.608711592797019     
 -4.970293920622804E-002
 -0.344805316324130     
  0.397759488537340     
   1.15202137941613     
  0.496471011501079     
 -0.591582601203683     
  0.210804444792928     
  0.203044453589292     
  0.130275215300663     
  0.507445558995040     
 -0.681173815187745     
  0.338181624700674     
 -0.395581312379355     
 -0.343429387226664     
  5.422528021637617E-002
 -0.154558246452789     
  0.566775376866628     
  0.161676165421504     
 -2.511236747310361E-002
 -0.104393686656237     
  0.232729881378052     
  0.824650211001025     
 -0.526976178155928     
 -0.239831448278717     
  0.579936032327852     
  0.492079866455406     
 -0.822673044132888     
  0.817159646018044     
 -0.764903863537651     
  0.207278097934781     
  0.272270363560161     
 -0.288889716066327     
 -0.185944610726315     
 -0.762267083599339     
 -0.167233633844948     
  0.838066402361139     
  3.811174556261945E-002
 -0.394698584918864     
  2.842712533172703E-002
 -0.124625233140700     
  0.628637097196611     
 -0.628145007239777     
 -0.649210170225925     
  0.707917712635078     
 -0.622394309086174     
  0.262753903363104     
 -0.775752581255657     
  0.424631003903826     
  2.703710699442625E-002
 -0.490313610880288     
 -0.508144335312056     
  0.599890220027782     
 -0.489897958579552     
  0.169774828036126     
 -0.832396017329797     
  0.469102991670457     
  0.942562262083377     
 -0.921766797872729     
  0.226085651527607     
  3.508512792128306E-002
 -0.654365632472462     
  0.466036020085612     
  0.633437684895084     
  4.914019091261773E-002
  0.780537320912360     
 -0.481820151528951     
 -0.343930503459236     
 -0.210252058698107     
  0.349493487134197     
  0.818641271502380     
  0.462802043134365     
 -4.361914840486127E-005
 -0.416701724013559     
  1.418635164248421E-002
  9.324396433497817E-002
 -0.299374340847070     
  9.828913610723976E-002
  0.261008656517888     
  0.922384567872908     
 -0.358661601575848     
 
  0.395370340482682     
  0.643208310281343     
 -5.471149085574014E-002
 -0.319222884206514     
 -0.916519908872397     
  0.497813850638515     
 -6.820961756930044E-002
  0.485102992207957     
  9.853333624190606E-002
  -1.55585244293846     
  6.415492998636174E-002
 -0.205060038884764     
  0.768234162900288     
  0.627725549129440     
  0.370877049778853     
  0.424382814129334     
 -0.171932576776591     
  0.263289625142490     
 -2.634014834763902E-002
  0.564465062434261     
  0.108925077968473     
  0.493754277427493     
 -7.009949867173965E-002
  0.391629341405230     
  1.608117975178762E-002
 -0.817924361617692     
  0.523024268845745     
 -0.967263672321434     
  0.348697779352047     
  0.910010710032582     
 
 -0.693414630247357     
   1.03006033768318     
  -1.80674261751606     
 -0.723553612168597     
  -1.09579792683583     
 -0.962760612249680     
 -0.125806005215034     
  -1.19194339213548     
  0.541700553079297     
  0.287991830769812     
  0.330746181135555     
  0.753161020114569     
  -1.27742351308148     
   3.61344671990361     
 -0.419463986596903     
  9.553105010438506E-002
   1.30619046195981     
  0.963661016209332     
  0.345044913712790     
 -0.641633325508035     
 -0.368352730886858     
  3.895698058766479E-002
 -0.468371649667594     
  4.500715090731697E-002
  9.727655969560266E-002
   1.02213748364075     
  -4.68492171862642     
  0.612206642907364     
 -5.028969968907299E-003
   2.22793632255623     
 -0.698648696676282     
  0.517979285906172     
  -1.11991261995294     
  0.988917549607687     
 -4.397206643907638E-002
 -0.379206830687683     
 -0.493908144595798     
 -0.705108706435956     
 -0.872873722732646     
  0.245582199734077     
 -0.565942396160434     
 -0.493407509058023     
 -0.234981618388012     
 -0.477407498168880     
  0.123534028642937     
 -0.183143087876541     
  0.639518071889562     
  0.109093449871188     
  0.125863246411042     
  0.242006915743637     
 -0.685576628577398     
  0.616684070640326     
  0.243890527167029     
  1.072887036006568E-002
  0.697806066303456     
  3.309756131536312E-002
 -0.187326072276458     
   1.38140936571996     
 -0.481587732556009     
 -0.824787712495045     
 -0.356768247728212     
  0.696141123315335     
  0.126847743014790     
 -0.670189799919934     
   1.02386529526909     
  0.321980826703557     
  0.537408630728947     
  0.470462079707120     
  0.676225691031804     
 -0.209075891457924     
 -0.186718820663964     
 -0.143682321419592     
  0.767265674440680     
  0.977896627292282     
 -0.233342832117325     
 -0.808342231282481     
  0.274362114473497     
 -0.638432634811779     
  0.604770206814221     
 -0.116817258433699     
  0.519623746780221     
  0.448228631171466     
 -0.404769247846969     
  8.813711590738575E-002
 -8.652477747652992E-002
  2.808770825133830E-002
 -0.308113848640485     
   1.01981000809817     
  0.123489705232335     
  0.424615587055531     
  0.273606053434949     
 -7.161780936230233E-002
 -0.145587553571187     
 -0.502762926267517     
 -0.636311367054586     
 -0.675701202400100     
  2.417755232590373E-002
 -0.944871940556155     
 -0.374741958372832     
 -0.275735376360044     
 -0.250847960306841     
  0.137646176419876     
  0.692773800174539     
  0.109697483195889     
  0.844371395538835     
  0.625462674592615     
 -2.496246286894996E-002
 -0.350012334961981     
 -0.164108912754656     
  0.304035060720437     
  0.265669316905327     
   1.24134282383347     
 -0.423861070707659     
  0.749328738757858     
 -0.444971382404610     
 -0.302867260954177     
 -0.223148463974324     
  0.140703140848312     
  0.404894608358768     
 -1.251485054004572E-002
  0.457541795242025     
 -0.564336936778375     
  0.359356607584732     
 -0.231417474494161     
 -0.818396041631516     
 -6.323855859104091E-002
  0.211287126913564     
  0.659149330547358     
  0.573067290424505     
  0.715336454627764     
 -1.693841330771394E-002
  0.273330596723203     
 -1.856375315616552E-002
 -2.524989236156068E-002
 -0.282018739056146     
  0.363624120376691     
  0.518921341281699     
 -0.113139466688624     
 -3.238859586282233E-002
 -0.133677531758512     
 -0.210470719627369     
  0.136340741221398     
 -0.452191441231774     
  9.161823717307223E-002
  0.211837923779279     
   1.19464111783695     
  0.842068627663073     
 -0.206013156738719     
  0.335830774242535     
  0.206778371745984     
 -5.199306252242511E-002
 -0.925397224956990     
 -0.103775527462750     
 -0.953153946130881     
  -1.02508197192518     
  0.102256088177616     
  7.760385641877193E-002
   1.82061305380497     
  0.979700532318415     
   1.00688987309814     
 -0.566119786919153     
  0.320158658596541     
  0.463917272252891     
  0.128199991572126     
  0.479911696959896     
  0.612841338731028     
 -0.300087836289188     
   1.22228988854467     
  0.250548047315146     
 -0.286869405914079     
 -1.710329850190245E-002
 -0.408007409859383     
  0.179028307763159     
  0.344846905830701     
 -0.248290126700264     
  0.676032384901356     
  8.417104335212816E-002
 -0.560499144639641     
 -0.594205689162325     
  0.571340962040054     
  0.281533774910349     
  0.148069906322947     
  0.416574918919320     
  0.227801237365590     
 -0.454252445282770     
 -0.325631688573293     
  0.698921527486132     
 -6.412389645182733E-002
  -1.00591480119856     
  6.974138198104311E-002
  0.427354381471929     
  0.450016552215790     
  0.179335577157864     
 -1.788960438253277E-002
  0.616971134951360     
  0.370437222892168     
   1.36956072027424     
 -0.182126834889401     
  0.376145244386443     
  5.791363902507919E-002
  0.773999290052435     
  0.161146125204989     
 -0.652427154502991     
  0.658183218041085     
 -0.808517431900559     
  5.347415010528864E-002
  0.434297762127142     
  8.411176060887686E-002
  0.499106574060580     
  0.158868724671459     
 -0.672826079247257     
   1.53847375050189     
   1.42736832045208     
 -0.249885355441068     
  0.923793770469218     
 -5.518840116558493E-002
  0.166593731387462     
  0.225319884746023     
 -0.204694945951843     
  0.404127577882044     
  6.802656168271713E-002
 -0.122959461914744     
  0.161658729803295     
  0.145298458891351     
 -0.252132038972173     
  0.201179461872151     
  0.513060223686622     
  0.311980300629863     
 -0.755627615060837     
 -0.143623637323919     
  0.455290188296147     
  0.344606805557433     
 -5.383270012187762E-002
 -0.116867546905581     
  0.196285302542976     
 -0.439090490157444     
 -0.118093205803889     
  0.896506415434308     
  0.340305689887351     
  0.512155421690976     
 -0.257464945067131     
 -0.500840895689274     
 -0.727850245979620     
  0.893539029371445     
  0.125253175284126     
  0.560795470134445     
 -0.681337656330413     
  2.884454177702720E-002
 -0.655354008302206     
 -0.709578865373970     
 -0.155720159496931     
  0.136893971308076     
  -1.39062879201253     
 -0.307410033655283     
  0.412107007554813     
 -0.261481728014144     
  0.304475699700966     
 -0.365246711930630     
  0.261181452750073     
  1.595601809731229E-003
   1.09330000045670     
 -0.620016643027079     
  0.798661532566352     
 -0.248790383589816     
  0.656303603378378     
 -2.784047478089307E-002
  0.235777392479313     
  0.302675056063306     
 -0.735587136563885     
  -1.35088299481192     
  0.137746583539154     
   1.01718895416577     
  -1.01217883265367     
  -1.08072833329928     
  9.819158124223946E-002
 -6.920634174334424E-002
   1.09491633095209     
 -0.612803631825547     
  0.259759623730244     
  0.120002149135285     
 -0.350611665397338     
  0.726811924124122     
  3.389537349593397E-002
  0.329829826393870     
 -1.705186131362081E-002
  0.958726990084078     
  0.388053592431872     
  0.284572485088415     
 -0.932085955312529     
  0.195443463203870     
 -0.469798901675109     
 -0.270367638889218     
 -6.640426315370052E-002
  4.793317339621110E-002
   1.14779704859186     
  0.263011421538564     
  3.984858984911622E-004
 -5.427048756127989E-002
 -0.104468480142988     
  0.377262230291800     
 -0.228201027751171     
   1.24058979344901     
 -0.856968609215538     
  0.233998268335272     
 -0.516237074102558     
 -0.352738304450703     
  -1.25861758654107     
  0.135381281660247     
 -4.698260654135773E-002
  0.740107562578815     
   1.34295709391983     
 -0.131588123802711     
  3.606181010140179E-002
 -0.962851115287155     
 -0.442232927450793     
 -0.506408008241555     
   1.25221635877198     
 -0.949766644942789     
  -1.20316333193970     
  0.500103666037866     
  0.670223526058286     
  0.508006974370004     
  0.592918707375235     
  1.477955171382701E-002
  0.456537125042253     
 -0.353565369289493     
  0.606394184678996     
 -0.215878747113030     
  0.925646597532408     
 -0.484859815015546     
 -0.524840006894468     
  0.609443381498317     
  0.392415736440593     
  0.231068841268253     
  0.129227852314461     
  8.705291793037916E-002
  0.630444803877929     
 -6.057185355078452E-003
 -0.200587917423074     
   1.08701867774621     
  0.358053835070172     
 -0.215437370866881     
  0.478119813869499     
 -0.118264866553467     
 -8.484631210370368E-002
   1.43092822083528     
   1.67168837350355     
 -2.333295398417216E-002
  0.573026491702423     
  0.542162579578688     
  0.989550974217396     
   1.24394701957997     
  0.571320854262060     
 -0.514009072445395     
  0.567439406069250     
  -1.05472982789029     
  0.475654026917266     
 -0.113431154936645     
  0.884184899394867     
  0.394560342686070     
  0.421203858884951     
 -0.875441803154134     
  -1.11573435313370     
  0.100458240378328     
 -0.667078414302710     
  0.228287247410085     
 -0.707192225948382     
   1.79562276924944     
  0.719295544886510     
 -0.430130600613877     
  1.272722540885936E-002
  0.312957317107693     
  0.111557537785576     
  0.399025769425639     
 -7.863670832422243E-002
 -0.185743505475025     
 -0.721704110551008     
  -1.42211047561335     
  -1.14060901380011     
  0.358604895039981     
 -0.456757102380583     
   1.47201364013685     
 -0.453605513401271     
  0.865928781362862     
  0.800108176216400     
  0.364832818540386     
  0.840070000080677     
  0.365095999343820     
  0.526906741428141     
  0.361146676834404     
 -0.896532078266279     
  0.919949206266988     
  -1.61608628004284     
  0.315358716186780     
  5.507336472577847E-002
   1.16023801893338     
  0.129016690956013     
  0.356084972856182     
  0.526659811394372     
 -0.207544748931674     
  0.113850138324892     
  0.331721229964187     
 -2.277745672082717E-002
  0.531159237932531     
  0.369577881358056     
  -1.05334901521034     
  0.614741131251927     
  0.501536396863596     
  0.265674220454771     
  0.571911348406454     
  0.179238282421142     
 -0.312448349383235     
  0.108468330599979     
 -0.813901709084624     
 -0.408287674270897     
 -0.177112285965650     
 -0.123203939965529     
  0.160079160335474     
   1.15845149064689     
  -1.13111214916735     
 -0.491715586475153     
  0.298829485841925     
  0.704598547552926     
 -0.639331613299267     
  0.595986943152803     
 -0.311780294081418     
 -0.226721648373968     
  9.340158491658125E-002
 -0.520865376609324     
 -0.238018822859088     
   1.47242589276846     
  9.199202323909951E-002
 -2.858847942183031E-002
 -0.803852111511433     
 -0.385448564216629     
  0.218063459018661     
  0.201113683823183     
 -0.259006049332684     
 -0.413907194141210     
 -0.519924613318194     
 -0.739076158490857     
  0.737866426975737     
  0.154600817145083     
 -0.736846480816438     
 -1.505876078435560E-002
  0.606346925437929     
 -0.283188476367539     
  6.439667176824396E-002
 -0.651452151501021     
  0.575541521676738     
  -1.05905616359792     
 -0.269134264367179     
 -0.819902483523470     
 -0.101586314882866     
 -0.593246841276437     
  0.646615312177448     
  0.995344390534228     
 -0.661336557413625     
 -2.888686920362574E-002
 -0.112760261127533     
 -0.846490094020070     
 -0.531385916389628     
 -0.782590942271665     
 -0.699630841797222     
 -0.640142164003501     
 -0.630352626525164     
   1.55956300525848     
  0.366606438858866     
 -0.155875175885083     
  0.327946904635740     
  0.353108040020631     
 -0.869006356461814     
  0.291511146151888     
 -0.871859789345666     
  0.306388335606173     
  0.167023750144500     
 -0.536144924024158     
  0.455645911311683     
  0.944757939285577     
   1.37256863611648     
  0.910246726741047     
 -0.211378309507453     
  0.730992676164240     
 -0.909928774633277     
  -1.20637181719682     
  8.192701954451843E-002
  0.249692991367256     
 -0.471010123243792     
  6.879703352438217E-002
 -0.147903822061428     
 -0.601847080748630     
  1.034797911862048E-002
 -0.270669998624178     
  0.933484236993964     
 -0.436530654969621     
 -0.524249629574361     
  0.295996180178403     
  9.576181606924344E-002
  0.270414217957877     
 -0.494223910303128     
 -0.461619857269732     
 -0.843613480464252     
 -0.814398495207258     
  0.128360355108225     
 -6.896146317365931E-002
  0.274935347575277     
 -4.594148247426063E-003
  0.255753500548277     
 -0.275999816391833     
  0.368857773448983     
  0.327779547501944     
  0.258237882159329     
 -8.046369408548337E-002
  0.619704648682197     
  0.221002204578913     
 -0.403067075064593     
  0.111035345494157     
  0.663515199679810     
  0.326361029256271     
  0.842151528668386     
  -1.09344165671900     
  1.231558872185803E-002
 -0.162620907758064     
 -1.698582992937154E-002
 -0.243310559913531     
  0.409158556307877     
  0.314249257233282     
 -0.558507955375922     
 -0.687417146737982     
 -4.370176448982231E-002
 -0.452002342282977     
  -1.78609981992909     
 -0.739617772424758     
  0.365267755549240     
 -0.472489660910964     
 -8.405964927545873E-002
  0.927740029233767     
  0.151424598566235     
  0.875411440298442     
  0.326883610906595     
 -0.392091638959870     
  0.155592701867011     
 -0.344959442085441     
  6.696647441131937E-002
  0.374780186281368     
  0.168581943849491     
 -0.334464413698074     
  1.052684951504551E-002
  0.102981803147428     
 -0.535656557340679     
 -0.520834041157499     
 -0.172936024597780     
  0.200992919631024     
  0.305174393768758     
 -4.961998649635221E-002
 -0.199753930547189     
  0.545960912115065     
 -7.025125120361229E-002
 -0.106460908937895     
  0.245007722186343     
  0.852928417185391     
   1.00899350432665     
  0.782474375186277     
  0.174970534647941     
 -0.658501529452177     
   1.06706015433781     
 -0.104901629955542     
  0.764685956686001     
 -0.406503862372599     
 -6.626263329491391E-002
  0.338831268913326     
 -0.203261499882651     
 -0.197422960133551     
  0.117802935386107     
 -0.456281711818192     
  0.166948170219509     
 -0.181734254572650     
  0.189321448068165     
  5.411167298307450E-002
 -3.314915628452914E-002
  8.565511416249486E-002
  0.132273569869343     
 -0.682125405510236     
  0.526838237158698     
  0.807694663884267     
 -0.831004636617867     
  0.831820881089108     
 -8.237206016130469E-002
  0.310203234386815     
  9.603586834770410E-003
   1.17858485712310     
   1.96411363743464     
   1.41608896570598     
 -0.529118327746009     
  0.657918303623586     
  0.252882021881531     
  6.802227149337808E-002
  0.795282870187232     
  -1.39208802078276     
  1.761836259253356E-002
 -0.259463285478584     
  4.599905445358204E-002
   1.55635080235931     
  0.135933100265316     
  0.429616978683572     
  0.526028549538293     
 -0.694165498556557     
  0.730696118680833     
 -0.672725983995443     
 -0.862458810558174     
  0.559963927237421     
 -0.424026284732262     
  0.822788890789616     
  0.414763959223464     
 -3.935290277600598E-002
 -0.531216153343656     
  0.342993323833559     
 -0.227038958040912     
  0.426032906246055     
 -6.491317422523116E-002
 -0.847344679864371     
 -0.648208605630468     
  -1.09104629533174     
 -0.242132745721842     
   1.01792461093793     
  0.696288382316222     
  6.106707875298493E-002
   1.71025300864618     
  0.646735876849932     
 -6.244000556568974E-002
  0.635217140398724     
 -0.514487128205818     
 -0.258918309493774     
  0.110261381079163     
   1.02322512544128     
 -0.416548811063858     
 -0.448898614398146     
  0.196263572913235     
 -0.695988291098534     
 -0.199611011944154     
 -0.811969623988000     
 -6.530286333705343E-002
 -0.419869626493179     
  0.591633634993338     
 -0.893109828616165     
  -1.55774878535742     
 -0.995884196077525     
 -0.392912680708841     
 -0.590011410973824     
 -7.053746311133648E-002
 -0.177611611876582     
 -0.187740997424502     
 -0.405009124260968     
 -0.677185333331794     
 -0.263445069549751     
 -0.252456599818011     
  -1.16399941693528     
 -3.943456798981773E-002
  2.506594775187349E-004
  0.158095441969735     
  -1.14690652819069     
  0.212489321604562     
 -4.977584730173538E-002
 -9.835534145968336E-002
  0.283793417401709     
  8.183412492552637E-002
 -0.722687059862044     
  1.575428709626818E-002
  0.335050619375158     
 -0.239930951503365     
 -0.337112486708017     
 -6.562429372612472E-002
  0.270245713780593     
  4.576120710404855E-002
 -0.511855278832857     
 -0.373824343619494     
  0.355571977920195     
 -5.823929980727286E-002
 -0.155724638589218     
 -0.873629311827463     
  0.695566523724509     
 -0.129657445294599     
 -0.634949543671062     
  0.320027103164581     
  0.147460771810203     
  0.384930673919685     
  3.439952700197541E-002
  0.594889875294185     
  0.376534677506931     
  3.658690642040253E-002
  0.111078651466269     
 -5.383141365954368E-002
 -0.373344235423119     
  0.285639237841705     
  0.840472148480299     
   1.63799432598460     
 -0.565894839585540     
  0.558744799479927     
 -0.232663166369120     
 -0.759013569989380     
 -0.401027819901196     
  0.486155846362664     
  0.425607942299993     
   1.46913663664206     
  0.778260345306816     
 -0.917795793694049     
 -0.108768653168188     
 -0.123007720078146     
  0.865631220247860     
 -0.306653869763609     
 -0.476530521724569     
 -0.411092165071863     
  0.322731333851795     
 -0.788169668499603     
  0.197548432358488     
 -0.121499018634018     
  0.269136589504317     
 -0.125115635747548     
  -1.23327157556232     
  0.201645090157209     
 -0.567541043210035     
  0.157689755687334     
  -1.18793827604943     
  6.925018410189050E-002
  5.436914540745566E-002
   1.19684548789825     
  0.398033206352215     
  0.396296513212224     
   1.72064321632183     
 -0.573665687475374     
  0.923168750281720     
  0.112719611315248     
  0.351845902632878     
 -0.470769935713898     
 -0.543086148432052     
  0.196491998017141     
  0.295579379478322     
  0.153995568491659     
   1.02415342831582     
 -0.387695817358146     
 -0.213893253738215     
 -0.413008009937965     
   1.21408142429277     
 -0.634979031452202     
 -0.533784515756040     
 -0.261826415561301     
  0.407669583537465     
  0.123547889406823     
 -0.284679278801315     
 -0.201412711876093     
 -0.688455058333281     
 -0.736277271712508     
  -1.43487722556439     
  0.962865257746958     
  0.455044705724208     
 -0.420857076391054     
  0.439448590178371     
  0.892986265154319     
  3.152555072772974E-002
 -0.295007009210668     
  -1.25301310122170     
  0.284149924338478     
 -0.128491627197346     
  0.318967513178454     
  0.374872495440213     
 -0.318241494141576     
 -0.743152580070503     
 -0.623941962520737     
 -0.718618158651827     
 -0.165222952698809     
 -0.287509375295063     
  0.217292390871979     
  0.705860226628866     
 -0.313217177290302     
  0.864605436414156     
 -0.187213947572747     
 -0.834452273017242     
 -0.554441406938115     
 -0.168468228519335     
 -9.997834548961589E-002
  0.624222888581632     
  0.248718566181974     
 -0.533653408664463     
  0.553628727758841     
 -0.141277028225848     
 -0.761643919804537     
 -0.113901899051157     
  0.598473447344935     
 -0.839026514400053     
  -1.21307054797587     
  7.353158043654444E-002
  0.548128089845545     
 -0.252678245867701     
  0.339162009309144     
  0.459048192703214     
 -0.259250129474827     
  1.582050209151319E-002
 -0.476488567222428     
 -0.945985607812460     
  0.344331094117293     
  0.931783285960628     
  0.104809929456409     
  0.992680517387431     
 -0.641869611807362     
  0.340941009581600     
 -0.482089245323108     
  0.513736297332387     
 -0.549064615325041     
 -0.779006646243223     
  0.863358492503061     
  0.233829580356408     
 -0.327088613377844     
 -0.627945666862922     
  0.405224418415894     
  1.825954170496719E-002
 -0.198154482604838     
 -0.384209604550696     
   1.04276115017529     
  0.917365507718897     
  0.513980508235167     
  0.426356266181429     
 -0.134845401399477     
 -0.375223823216757     
 -0.197306786841786     
  0.648060905579382     
  8.458908901846708E-002
  0.243177640390266     
  8.841378583384951E-002
 -4.514139983112914E-002
   1.38277329495236     
  0.765277154354137     
  0.207635580127401     
  8.223694780842394E-002
 -0.650914371420888     
  0.444533586376099     
 -0.859245841903338     
  0.393470121188745     
 -0.907425802780782     
 -0.134116288538806     
  9.775219595788287E-002
 -0.930882555595246     
  0.708529174906616     
  0.408190077377764     
  0.632158168185724     
  0.648910793030860     
 -0.287897388522552     
 -0.290396010647233     
 -0.276358341046835     
  0.645971288272922     
 -0.758740883989091     
  0.846029351647472     
  0.114723389699495     
  0.235070097208962     
 -0.689685200927432     
   1.24814963054521     
  0.857121355111973     
  0.159006611307928     
   1.01035907820488     
  -1.02084894712107     
  0.915530703596641     
 -0.507900994580301     
  -1.42230124191400     
  0.545905397797747     
  -1.22534454636501     
 -0.725123954986978     
 -0.378657697435983     
  0.683180634841768     
 -0.529737819717377     
 -6.819708268277994E-002
   1.44372967882256     
  0.463223678975760     
  0.259977592311135     
  0.384953426412428     
  9.845074533318798E-002
 -0.251304946991732     
 -0.164311369159593     
  0.320119230055204     
  0.621314320541243     
  0.361131466975193     
   1.00977789455197     
 -0.294756487651570     
  5.126366895915423E-002
 -0.765161729334307     
  0.303952831007958     
  0.412053728702138     
  0.518160624835883     
   1.00290961871681     
  8.618700475769094E-002
 -0.430831408926961     
  0.398538279719431     
 -0.257899315963543     
 -0.811942316283537     
  0.175753988358673     
 -0.188929940963953     
  -1.13926143917439     
  0.356347682970111     
  3.418196114271510E-002
 -0.352687633635626     
  0.853207367466677     
  0.117334733107764     
 
 -0.687493117956776     
 -0.137861303422282     
 -5.878924049967478E-002
  6.318945230429833E-002
  -1.34667422178149     
 -0.309114125623549     
 -0.209168276150547     
 -0.370536642535598     
 -6.213391336066828E-002
  0.268956646572136     
  0.397136690505495     
 -1.179331434653856E-002
  6.040166625102594E-002
  0.425456644168812     
  -1.28149174243556     
 -1.052842468375482E-002
 -0.203512139224515     
  4.507065638857481E-002
 -0.847406866874164     
  5.029789682550703E-003
 -0.838220113926283     
  0.108155243776681     
 -0.295249781405969     
 -2.401617374664871E-002
  3.989401442308651E-002
  0.178939561202375     
  0.585309675863302     
  0.920444033050242     
  0.696952422647353     
  0.294893071842851     
 
  0.613869899574333     
  0.348747201418532     
  0.566164962259458     
 -0.111587395315926     
  -1.71306970118391     
 -0.306974779320882     
 -0.105647362687537     
   1.26709758694507     
  0.150801811526913     
  0.529053753701481     
 -0.320385724574571     
 -0.913975106687082     
  0.106819394037057     
  0.284952187903830     
 -0.792700487089287     
  0.111757065194554     
  0.368309652690458     
  0.623647901415194     
  -17.0097314095621     
 -0.344778985682084     
   1.54587396276435     
 -0.123645890591667     
   12.8357387757472     
 -0.535270606251700     
 -8.067796255452089E-002
  0.153369095399687     
  0.209016133896067     
  -1.12629143725163     
  0.121909606204971     
 -0.873054852512749     
 
 -1.366165487804878E-003
 
  tansig  tansig 
