 0.330516161930643992E+01
 0.182053604803433000E+01
 0.663341333629477004E+00
 0.183361422296697441E+00
 0.788089418278391379E-01
 0.782468404247352090E+00
 0.121840519339232500E+01
 0.234638087135384055E+01
 0.137460375113473332E+01
 0.458401283761837364E+00
 0.683547581976290120E-01
 0.106090601687808062E+01
 0.815377672168187462E+00
 0.352312236641400267E+00
 0.658826109846266106E+00
 0.761807848706598123E+00
 0.704428903449599630E+00
 0.325776274096594154E+00
 0.139621873654221990E+00
-0.177778320838549109E+00
-0.188230220243363527E+00
 0.344929232844725819E+00
 0.870199727418621061E+00
 0.750913104059933834E+00
 0.894966449471042425E+00
 0.411099618809123879E+00
 0.539917652935714254E+00
 0.569972801881015734E+00
 0.805701825390626070E+00
 0.581121962659976177E+00
 0.538216681564961164E+00
 0.810561590964655188E+00
 0.146380689715127499E+01
 0.104945798876972907E+01
 0.100659807912569654E+01
 0.210174528163418861E+01
 0.489442934130050933E+01
 0.244392030641455982E+01
 0.232468725617052252E+01
 0.351087371735045606E+01
 0.103154421129819198E+02
 0.718058252137467878E+01
 0.716161451811692640E+01
 0.125212210018467740E+02
 0.334391979438004849E+01
 0.191764780965552206E+01
 0.613593726426521990E+00
 0.144898934522311240E+01
 0.813626599709861731E+00
 0.107678449945457855E+01
 0.131591541489869512E+01
 0.149863618314153735E+01
 0.771265787279243775E+00
 0.554161880010798691E+00
 0.626683223749622931E+00
 0.940312050738773442E+00
 0.620393885253218924E+00
 0.365621860880136429E+00
 0.145434887802577212E+00
 0.520036010629436940E+00
 0.429077244786813194E+00
 0.301671456387016979E+00
 0.430783828117610679E+00
 0.433943104268736723E+00
 0.390460492223640265E+00
 0.271442924641453420E+00
-0.188374881623121437E+00
 0.363720978017413599E+00
 0.393332632684416317E+00
 0.293541936334694609E+00
 0.497300086184707058E+00
 0.439889047944679645E+00
 0.567973774694950695E+00
 0.379014031811604923E+00
 0.212253410535070297E+00
 0.585075390375285331E+00
 0.947995522521034473E+00
 0.614115054300229612E+00
 0.624976478192474483E+00
 0.948061215864162365E+00
 0.181773284958437853E+01
 0.117745256207776805E+01
 0.124545521648983981E+01
 0.141234475178792129E+01
 0.353932774758246049E+01
 0.295068928400682884E+01
 0.292162781610146904E+01
 0.269949398687563713E+01
 0.122926037064366644E+01
 0.134364640949268010E+01
 0.130903068881525897E+01
 0.252695719444804645E+01
 0.964012222130087415E+00
 0.512589435158626650E+00
 0.144080602115074872E-01
 0.848860944632053971E+00
 0.430670567415238015E+00
 0.260062833950395922E+00
 0.293565554027369391E+00
 0.307609886257824205E+00
 0.207991455201051612E+00
 0.175842356483028928E+00
 0.219102621043633206E+00
 0.246148075073688050E+00
 0.181164312208433848E+00
 0.129419494992278533E+00
-0.411184537789419449E-01
 0.174744840844573229E+00
 0.138128945017336191E+00
 0.102301036308477797E+00
 0.814639869405339306E-01
 0.133669738240784264E+00
 0.124866555878947461E+00
 0.955637247054118982E-01
 0.132910368636372317E+00
 0.996840690315602684E-01
 0.119976012918399724E+00
 0.115016920769525632E+00
 0.160022756254957793E+00
 0.172068718690811556E+00
 0.270766679864122228E+00
 0.180990188117337775E+00
 0.174592274751107612E+00
 0.202708141343629134E+00
 0.415852049633948562E+00
 0.371298065254517862E+00
 0.369667688839675934E+00
 0.360230913311102630E+00
 0.894680659298545899E+00
 0.922167380819141069E+00
 0.927092126816998041E+00
 0.182271391669155380E+01
