     33 -    30 -    30 -     1 
rmse=  19.0641meV
 -0.169216686393703     
  5.649381280049778E-002
 -0.143739435937631     
  0.149128851596355     
 -0.123976021724704     
  0.197248446860070     
  0.116323365182561     
  0.149946105105445     
 -1.524809243506458E-002
  0.147899491797471     
 -7.104769239148033E-002
 -0.572779203551129     
 -0.227707376142153     
  5.611772988829976E-002
 -9.093819486948609E-002
  0.157909943593753     
 -6.609600395217193E-002
 -0.415570942882878     
  0.145281798235201     
  1.873962344677733E-002
 -0.148765083968952     
  2.760462274976401E-002
  0.173681160917275     
  0.396415128364686     
  0.538413120576666     
  0.137198379710723     
 -0.379647298012724     
  0.643381642742393     
 -0.124174383547847     
  9.853910964893534E-002
  0.151968147759608     
 -0.202554240670183     
 -5.899200550574417E-002
  0.258979813954000     
  2.782065090840706E-002
  0.271652790322240     
  0.122924752648841     
  0.119322757292071     
 -6.389363119136686E-002
  0.197802213811754     
 -2.626439545935966E-002
 -5.029423633540642E-002
 -0.412309641969046     
  0.159548504823969     
  8.768342783036195E-002
  7.229574270411025E-002
  1.512755654275933E-002
 -0.183430486667316     
 -0.287077726344658     
 -1.455018430711734E-003
 -9.175748360019031E-002
  0.257809989436321     
 -4.626145937334602E-002
 -0.204324045083814     
 -5.152967759396099E-002
  6.380819974038308E-002
  0.173695355007646     
  0.112395413278823     
 -0.144052345965251     
  0.324675880821223     
 -0.185164052863607     
  0.201444549836590     
  4.256810007351933E-002
 -0.231127041568775     
  0.399563826128193     
 -0.212744152235395     
 -0.194688644610043     
  0.200562513269150     
 -0.662813344831194     
 -0.706966244646899     
  0.150139933180565     
 -0.199455976375819     
  3.083289105813817E-002
 -0.153348337444890     
  0.391321293522252     
 -0.178107342849196     
 -0.325004492053776     
  0.520326992023672     
  0.329234414095651     
 -3.744168917898562E-003
  0.232186569794152     
 -0.159866107829601     
 -0.152408238479531     
 -6.192928719795081E-002
 -0.392655040185630     
  6.031146567799126E-002
  0.140795840730942     
  0.195930478280138     
  4.668745362574929E-002
 -7.251240850992838E-002
  0.176204314669523     
  0.112607302230922     
 -0.372363949154432     
 -9.058438060882926E-002
 -2.962517013306358E-002
  0.274474007762705     
 -7.176378588365799E-002
 -0.200464827255230     
  7.293170301165752E-002
  0.507502861574241     
 -5.089657963010266E-002
 -3.130132662046406E-002
  0.398360588672476     
  0.255539390253997     
  0.182173905300954     
  0.147179284508493     
  2.389613384876250E-002
 -0.189702750594128     
  0.154272826460719     
 -3.929222979919991E-002
  6.615270479995876E-002
 -0.172946483542871     
  0.353238618323116     
  0.182009462606904     
  7.060154809084972E-002
  0.203040156772243     
  1.203839209851932E-002
 -8.778995392917111E-002
  0.317572872239203     
 -4.647613641176561E-002
 -4.319475324233954E-002
  8.575671913022784E-002
  1.168293550073765E-003
 -0.179740378368608     
 -0.226683175991503     
 -0.123830270847530     
 -0.109572200100677     
 -8.824200560867376E-002
  0.123437915181612     
 -0.101343806893997     
 -5.138977284127644E-002
  0.136173540138745     
  0.396313908564952     
 -0.208731911525624     
 -0.109072110936463     
 -0.507335149730281     
  0.138651406603993     
  0.310311749643129     
  0.164057000853735     
  0.121538247951008     
  0.217104756034521     
  0.156893159102304     
  0.347918340177819     
  0.332213579270675     
 -0.163108927569760     
 -0.266984617741082     
 -0.205577764969739     
 -9.230332997510739E-002
 -0.149711674241711     
 -3.096465962776468E-003
  0.284734231516726     
  2.785316862074200E-002
 -0.259310943708276     
  3.976288421838914E-002
  0.363736273852115     
  5.802751135055215E-002
  0.176971865790904     
  0.216451284553440     
 -0.133591136695375     
 -0.132510351618952     
 -0.296358855129569     
  0.207863529127949     
 -0.229378221160777     
 -4.830853583427815E-002
 -0.235099094740412     
  0.566460647707078     
  6.639630745615466E-002
  0.296061479965664     
  0.702580584526615     
 -7.316054506808042E-002
 -0.100385850227171     
  0.162420436898313     
  0.357099768974078     
 -5.870848422190598E-002
 -6.720752367519188E-002
  4.541249621980005E-002
  4.762934978691540E-002
  0.153467111848422     
 -4.220440818320610E-003
 -0.461569598743754     
 -0.211359221685329     
  2.961139992967519E-003
 -0.218087538919723     
 -3.268782627343440E-002
  6.486823379805079E-002
 -1.727401860895079E-002
 -8.420255686339571E-002
  0.224130829414782     
  0.145928299832201     
  0.354967008984082     
 -0.475174324035069     
 -0.259394750662693     
 -0.593555038207721     
  0.113047140859010     
  0.233407870721920     
  0.162307605024593     
  5.834554247967798E-002
 -7.758568006163034E-002
  8.499123437234386E-002
 -8.376901431058084E-002
 -0.347389753951934     
 -9.898102838571854E-002
 -0.586340840116553     
 -7.804699530540797E-002
  9.032097989085706E-002
 -0.233502769244197     
  2.614028780615969E-002
 -0.170207966646547     
 -0.139531592938298     
 -0.278710329936286     
  0.745604435907565     
 -0.255755459876649     
  0.259438977644851     
  0.275312520229140     
  9.433574901870730E-002
  0.538710480168538     
  9.154800067743810E-002
  2.785864343856460E-002
  0.157332579546706     
  0.158348095892529     
  0.213963426730428     
 -0.285545209467892     
  0.432757196456558     
 -0.122028088367697     
 -3.681871745885221E-003
 -1.063231271306408E-002
  0.233748482970386     
 -8.419019454466514E-002
 -7.776365028377889E-002
 -0.199079082621394     
 -7.666292747128206E-002
  0.165782075838205     
  0.249888245739813     
  0.108207805948031     
  1.513666781679892E-002
 -0.238388236594822     
  6.765176241412960E-002
  0.137524000327111     
 -0.131759954617962     
  0.112604800769757     
  7.658363239255681E-002
  0.112487552445388     
 -0.424729311816062     
  1.357821459411112E-002
  3.717805842675337E-003
 -0.125033856811036     
 -1.189593206398295E-003
  8.902852340171149E-003
  8.992746938271572E-002
 -6.731630122037065E-002
  0.101733404959091     
 -4.319919596165678E-002
  8.614955518880285E-002
 -0.175867997447714     
 -0.327819873716908     
 -0.138979099447285     
  0.297430239021712     
  0.202649451616417     
  0.135040393974804     
 -8.375496833379814E-002
 -0.221347355309005     
 -0.211001051830844     
  0.185410037394429     
 -0.441136462547245     
  1.376965387104413E-003
  0.677178107392539     
  0.164341507251333     
  5.793741586767744E-002
  3.558356363880140E-002
  0.251562258989785     
  0.273648338299187     
 -9.013686328122808E-003
 -1.912697494602256E-002
 -0.291890204933147     
  6.517628984978449E-002
 -0.139835107014165     
  0.123243184647565     
 -0.142053549434683     
 -0.111074019588870     
 -6.615756384530215E-002
  0.196201739860625     
  9.548370765159615E-002
 -3.950839189349743E-002
 -0.174151470783008     
  0.373464914784708     
 -0.210310059260355     
 -0.295712909935118     
 -0.156827674248802     
  9.339866271114519E-002
  0.378321918407366     
  1.367214170623673E-002
  0.501773573850039     
 -0.228070663809293     
 -6.569754322938441E-002
  1.913636326756748E-002
  4.749497802267817E-002
  0.228882775345986     
  0.429481921903964     
  0.353047408858922     
  0.318714127664643     
  0.385390398171641     
 -0.116265249758661     
 -0.295010953855728     
 -0.162406197173343     
  9.863400112422917E-002
  8.110103841002704E-002
 -0.109984658066003     
 -0.262477313580149     
  3.285546668672214E-002
  0.184128126159845     
 -0.646566531838432     
 -0.460397970105429     
  0.414396285423735     
  0.168675866097577     
 -0.209710589139678     
 -0.409014783874822     
 -0.252757595895135     
 -5.626350330255143E-002
 -5.756795068667063E-002
  0.330343021771971     
 -3.117103283037965E-002
 -6.074045538975359E-002
  0.136942801872480     
  0.142345818439750     
 -7.266021881084384E-002
 -0.160398378207956     
  0.173007319740493     
 -3.487255231546188E-002
 -9.117219235130658E-002
 -0.113357940044750     
  0.221280015383166     
  6.377778233041770E-002
 -0.257784625906828     
 -0.263238538458441     
 -0.132803222387325     
  4.276858258240963E-002
 -7.571375299686454E-002
  3.111539990024137E-002
 -0.247786069539737     
 -0.227376372455914     
  0.103036026530628     
 -0.378732062715099     
 -0.275622987155720     
 -0.261693284180522     
 -0.159558346051993     
  0.282444316676994     
  0.169602103610638     
  0.294694816802118     
  0.229270372139854     
  9.358130292327670E-002
  0.155608873564786     
 -8.849745621895778E-002
 -8.599862969630695E-002
 -0.806545315234786     
  0.171618172085123     
  6.460108960604471E-002
 -5.062323761980800E-002
  0.107519037716346     
 -0.175647271158087     
  0.444751418281794     
  9.752588256718868E-002
  0.126059369743549     
 -0.128245544945514     
 -0.303776557973185     
 -0.179561846865173     
  0.168097845043442     
  8.235498894258333E-002
 -6.919028013945037E-002
  8.699232050970160E-002
 -2.117960945284962E-002
 -9.482872340749610E-002
  7.534823347710516E-002
 -0.312065243349856     
  0.166998642593163     
  0.180621354834298     
  0.450611775071911     
  6.698268504795277E-002
 -4.264503214541113E-002
  6.891416907679460E-002
 -0.204146831344146     
 -4.602540997098945E-002
 -0.140854553400417     
  0.271433271266269     
  0.125239700967499     
  8.218117094388072E-002
  2.386604901144889E-002
  4.421285354422333E-002
 -8.479798716401543E-002
  0.173006775296439     
  0.232972410981880     
  4.350669453342072E-002
 -0.372310174742310     
  0.400995702505524     
  0.154457081720439     
  0.184120662096488     
 -0.137437742576921     
 -0.363693960851060     
  0.140630350450099     
 -2.529153337200525E-002
  2.572227922450444E-002
  0.253540301562707     
  0.304599355202759     
 -0.196415634329666     
  0.168167841506455     
  0.120648632217094     
 -0.103767871833903     
  5.615309258308761E-002
  0.453412308801658     
  1.999180154746884E-002
 -5.796615045430124E-002
  1.882698335632538E-002
 -8.599646880491911E-002
 -0.137647223596873     
  0.270075868388521     
  9.307389055190946E-002
 -0.118774161072060     
  0.161075624157227     
 -0.320247801584178     
  9.830207661591289E-002
 -0.279029789802687     
  0.139986834753293     
  0.353930479505002     
 -3.827989159008796E-002
  0.304719992300661     
 -0.233843386378265     
 -0.148489824911440     
 -0.147985686929406     
  0.162359628060084     
  0.166452869730910     
  6.861169609611112E-002
 -0.337623945969785     
 -3.366938958976770E-002
 -3.567737276061730E-002
  5.851189139261230E-002
  0.189762624413456     
 -8.072122834306199E-002
 -5.084864856980101E-002
  5.267367975653791E-002
  0.181422670220687     
  8.536437868385241E-003
  0.273967309009350     
 -0.264198706570925     
  0.242753879998238     
 -0.213255409320367     
  5.346367830544187E-002
 -3.579797845472259E-002
 -0.113242908412789     
 -0.257471310088811     
  7.243499965342988E-002
 -0.415742386747351     
  0.125233411557779     
  0.151140784511228     
  0.257774801054579     
 -0.161442319246284     
  5.962206126452222E-002
  0.326342868343204     
  0.235197112215961     
  6.043150704313928E-002
 -0.104593867929620     
  6.254915223042576E-003
 -0.150762174801042     
 -0.234230244641811     
  1.342308275159075E-002
  3.729389379312842E-002
 -0.432090484092926     
 -0.169921138288621     
  0.170087059952454     
  0.138000458758537     
 -0.141010324925370     
  0.204363868202428     
  7.008615232402497E-002
  9.404546555795300E-002
  0.181087329605634     
  0.605282737445215     
 -0.455392984776366     
  4.088772753660486E-002
 -0.159227826812034     
  0.463414679453091     
  0.233642652797409     
 -0.268765230602672     
 -0.255581975744639     
 -0.180466605809622     
 -4.527064324580080E-002
 -9.032076014914055E-002
 -4.787852361148853E-002
  0.389038494491088     
 -0.278064458899578     
 -0.159160177636057     
  0.206433217373178     
 -0.691920155438609     
 -0.122503293262208     
 -0.381440002399445     
  0.175798264420004     
  0.132569673896754     
 -6.799464500804288E-002
 -0.628850206916089     
 -8.123394117061465E-002
  0.829680797114227     
 -0.270314611481514     
 -0.539508173942070     
 -0.164992805449751     
 -0.189617776064446     
 -6.357909156570423E-003
 -0.227174629949864     
  0.318065177145014     
 -0.286985544251465     
 -0.181594715819315     
  0.522914845625560     
 -1.022064556607075E-002
 -2.506995180217401E-004
  0.668693244819705     
  1.931156024167734E-002
 -0.125304212591993     
 -0.221139370211587     
 -3.121370404725923E-002
  0.193158135769056     
 -0.155478795021228     
  0.237719804916996     
 -0.342382150927499     
  0.388911921170586     
 -3.376894846512036E-002
  0.272514219635720     
 -0.170427954295527     
 -7.405985755089450E-002
  0.535880836771783     
  4.448328994895602E-003
  6.361344657449004E-002
 -0.125686039335081     
 -4.135421777140723E-002
 -0.147584509091966     
  0.288366694206873     
  0.187299519004439     
 -0.109502305511050     
  0.265538418446876     
  6.428455004466641E-002
 -0.224943444271533     
 -0.143778692514341     
 -5.066611537372597E-002
 -8.724187529349910E-002
 -0.181338156188840     
 -0.132427687820674     
  4.995733265034398E-002
  0.165560208290826     
  0.336850232502979     
 -0.229068834574501     
 -0.258801895580275     
 -0.115706041227175     
  0.453128916467072     
  6.006127506274185E-002
 -3.838461517774953E-003
 -0.533513149199087     
  0.287811228562729     
 -0.368981282515204     
  0.405519286436175     
  0.191733802530511     
 -0.251434323676073     
  4.481964171030922E-002
  0.221373771497017     
 -0.270511676169980     
 -8.288527665768704E-002
  9.124029242596929E-002
 -0.943563498420129     
  0.463582116329591     
  0.244371295154634     
  0.107826825631092     
  0.280101908232832     
  5.159020715225212E-002
 -0.157245396895756     
  0.359488054054381     
  0.321711946696106     
 -0.440825645205178     
  0.168665901898766     
 -0.108017435590300     
  0.380053648063254     
 -9.831312952331926E-002
  0.141900366562978     
 -0.208910549080332     
  0.324943839055171     
 -9.670039742016764E-002
  5.502807397002667E-002
 -9.492276196791483E-002
  4.674802627659465E-002
  0.240506974457780     
   1.01035941138471     
 -0.182893076200979     
  4.327494109516383E-002
  0.334893996141384     
 -0.247058667751697     
  0.126916672426004     
  2.710735081644359E-002
 -0.111241154972129     
 -0.206876327374919     
 -0.123806036066307     
 -1.202350493722274E-002
 -0.313621780532238     
 -9.659328016293400E-002
 -0.219833876621667     
 -0.561698133701447     
 -1.930706310126771E-002
 -9.579237943958827E-003
 -0.292998654528991     
 -0.165268423603147     
 -0.155356812868869     
 -5.287911076173566E-002
 -0.194248908344985     
  0.442048384330768     
 -0.253038933194086     
 -0.274070328956499     
 -0.147410831603349     
  1.745701582777844E-002
  0.247286357352265     
  0.129251646582488     
 -3.826589213288775E-002
  0.271510312691126     
 -0.175444340822736     
  0.202741221619862     
  0.125752740266664     
  0.698105233177449     
 -0.513988445081168     
  0.178694359541224     
 -3.532860400192224E-003
  0.198507292601408     
 -0.142175924072407     
  0.226849022959347     
  0.335732590246982     
 -9.382532070205994E-002
  1.208528095347470E-002
  0.118068359299487     
 -0.222902462191266     
 -1.571394740735516E-002
 -0.134772877538807     
 -0.375513233551425     
  4.099545584073806E-002
 -6.627772531578585E-003
 -0.127611061436009     
  4.103969809580686E-002
 -7.118942450057748E-002
  2.488039027759418E-002
  0.101344766990058     
  2.836187561798933E-002
 -4.779802202706156E-002
  0.269491276552457     
  0.535524991850278     
  0.200427397267200     
  0.122891371644825     
 -0.124989927435261     
  8.810764842280536E-003
  3.158608642624700E-002
  0.167815882601151     
  4.909953377007709E-002
  0.390069480209763     
  5.157637831718963E-003
 -0.105837549934997     
 -0.531853501494544     
  0.240169846172426     
  7.169460166423446E-002
  8.767932327329654E-002
  0.250445091340235     
 -8.290936352404911E-002
 -8.664395978226491E-002
  0.287340324704489     
 -0.108091346734619     
  8.739571249634469E-002
 -0.102411353044854     
 -0.270780610382584     
 -2.500037254809371E-002
  5.195440956179990E-002
  3.697542955368591E-003
 -0.299388494671575     
 -0.121748129893251     
  0.348680458187540     
  0.441027241125974     
 -0.176862463096095     
  0.224880672397515     
  0.415485132310731     
  0.330685414832710     
  0.137627955172662     
  0.141673592004383     
  0.191148446235175     
 -0.105053860367525     
  7.962923043795836E-002
  0.687192269648391     
 -0.335003862371018     
 -7.923395011638146E-002
  0.154635852436434     
 -6.336733849678798E-003
 -9.477665031363480E-002
  4.113417681899333E-002
  7.748650912057919E-002
 -6.880970000171471E-002
  0.108679511987094     
  0.145603120079727     
  8.379531840798669E-002
  0.397028291016322     
 -6.628272462604660E-003
  0.122755351150499     
 -1.592585139201275E-002
 -0.224673402079232     
 -0.141908705657759     
  0.166053864689413     
 -4.279439772931818E-004
 -0.166719244774595     
 -5.609035115835991E-002
 -0.123899860191670     
  0.135665184914049     
 -0.205340738378150     
 -0.499659313565760     
 -0.102593080935017     
  1.672209393617795E-002
  0.516766276182586     
 -2.688474861468836E-002
  9.299266240245571E-002
  8.208048031098532E-002
 -6.113848253449076E-002
 -0.223872193636566     
  8.674165507344364E-002
  0.829605571397349     
  0.495304253378018     
  0.164821653996758     
 -0.181513740305916     
  7.414999647936155E-002
  0.365408608333688     
  0.150404195459177     
 -0.101892965818605     
 -0.340599661316197     
 -0.253393599367644     
  0.249257090749547     
 -4.777375875163356E-002
  0.300683459718063     
  0.394066296835730     
 -0.247161327127455     
  4.384879886804964E-004
  0.449844698340650     
  0.351966077947763     
  6.179579294729842E-002
 -5.827958786182649E-002
  0.193568321151926     
  4.729645629930019E-003
  0.353573078924898     
 -0.340549403662336     
 -0.221152668648841     
 -5.395572416437926E-002
 -0.116503462244300     
 -0.213221899994437     
 -2.024255979789496E-002
  0.147760581645702     
 -0.214022489459805     
 -0.110863419017909     
  0.215186013536535     
 -9.918021946827556E-002
  0.361749265361420     
  0.637771650117367     
 -0.223471974362413     
  0.147727117654293     
  6.987910436896821E-002
  0.238782584930851     
 -0.157845098290621     
 -0.138077831592725     
 -0.135392134097527     
 -0.138615303941682     
  0.324816089962424     
 -0.338892463265833     
  0.563245179394108     
 -0.156653014301601     
 -7.265201793022456E-002
  0.327639869149478     
  0.121533612655628     
 -5.608069419986443E-002
  0.100540752128913     
 -0.101488459385282     
  0.455826397760784     
 -0.415736882773211     
  4.524872368673084E-002
  0.134195202562663     
 -0.496447219149680     
  0.136673840694844     
 -4.765512304088285E-002
  1.790971839739868E-002
  0.173009550438636     
  8.793758079644594E-002
  0.166968181126529     
 -0.382926391961618     
 -0.199961879041338     
  8.541671841995195E-003
 -0.413441319525923     
  8.287871570564317E-002
  0.558259878429512     
 -0.209909585655300     
  0.123856594631641     
 -0.232996502384624     
 -0.331596148987503     
  4.186493275866880E-002
 -0.418622440904338     
  0.189121688468754     
 -0.166058171770867     
 -0.130437132916022     
  6.330925747624683E-002
 -0.176845256816650     
 -0.110610378271131     
 -0.136315288961055     
  0.182132499164735     
  4.044947928531462E-002
 -3.933637804635575E-003
 -0.245982050699751     
  0.265894770827222     
 -4.935198154334401E-002
  8.196582226779608E-002
 -5.429926371029930E-002
  0.239836351239731     
 -8.830281948699170E-002
 -0.227749156890343     
 -6.476294332351046E-002
  0.163743708511180     
  0.280133864649800     
  4.250142403919147E-002
  0.178445805350390     
  0.188467802557079     
 -0.195687799176245     
  5.866827841499514E-002
  9.126711337302204E-002
 -0.157784144277094     
 -0.498531137447697     
 -0.219755496609064     
 -0.215246379548525     
 -0.141892401399145     
  0.194160248393936     
  6.690913600902614E-002
 -4.699258846757595E-002
  0.250962860467961     
  0.152412104352625     
 -0.135855860257630     
 -0.258398436967773     
  2.526900980677075E-002
  0.142282252754771     
 -0.150249090448597     
  0.253410501768754     
  2.663487442976682E-002
  0.144152390426610     
 -0.222343114596625     
  0.228313040078474     
  0.208941001013376     
 -3.317501653349156E-002
  0.213979067905420     
 -8.652195385187296E-002
 -0.182226633599199     
  0.302462662490681     
 -9.618710038537820E-002
  7.826878003684724E-002
 -0.107819246305545     
  0.262542938374081     
  0.466154350428810     
 -0.307613158852124     
  9.127090502855678E-002
 -7.503575831380033E-002
 -5.119913004639339E-002
  0.416592068910500     
 -0.418387814430779     
 -0.282580418051724     
 -1.653772866633865E-002
 -2.556502882117106E-002
 -8.658429776078931E-002
  0.315184158493199     
  3.898872090496830E-002
  2.698281741325849E-002
  0.186518698663585     
  0.295523690850887     
 -0.347965164881366     
 -8.834435285428965E-002
  0.370823741103562     
 -0.123117278857359     
 -0.316768127842004     
  0.111160946833471     
 -5.799958935299381E-002
 -0.276920047123183     
  8.698054205511903E-002
  0.203233819782720     
  0.154794743737032     
  0.162786727111849     
 -9.219462371704615E-002
  0.255952139626496     
 -0.417167307749352     
  0.703235144259175     
 -6.282232374490804E-002
  0.451463793103347     
 -0.312361658023436     
  0.367084732462803     
  0.342879018688520     
  8.388214693697062E-002
 -0.165368868730678     
 -0.123569868844253     
 -1.856841625626139E-003
  9.447382410766808E-002
  0.294304317678539     
 -4.454637795621314E-002
 -0.257402654301875     
 -0.121241675050280     
  7.744805678170402E-002
  0.122756757177848     
 -4.966075490991680E-002
  0.133582052826425     
  0.236563834909715     
  0.257705704165406     
 -0.271311721511394     
  0.130216121867764     
  0.131512887836544     
  8.146220211536617E-003
  0.265614506954232     
  3.868939485864407E-002
 -9.845623740105078E-002
  0.301179462094975     
  0.343132920722990     
  0.184765220888290     
 -3.588767292807858E-002
  0.286106532799839     
  4.149775264775089E-003
  0.202988141570450     
  0.297604136838845     
  0.107761762235079     
  0.118216383441507     
  0.138858912794878     
  0.159235830838618     
  0.162201416560544     
  0.435532505236720     
  0.259742639279523     
 -0.736700559793460     
  0.546845630778676     
  0.493447924224290     
  0.233226543120225     
  1.835073393337763E-002
  0.241317634182714     
  0.445608972895573     
  9.803255858474090E-002
 -4.790859402981450E-002
 -1.638642650950124E-002
  0.185488319598791     
 -0.395881257835080     
  0.618220400553452     
 -0.182897299432727     
  0.304798079102951     
  0.207652841628629     
  0.320515781953480     
 -0.164645793625279     
  0.314362135242179     
 -0.267171450133607     
  2.686797424791038E-002
  0.170635354999381     
  2.552113828473203E-002
 -0.515622251321555     
  0.328594066651788     
 -0.381138122915252     
 -0.275321935613656     
  0.143726335399170     
 -0.135438009653398     
  0.415658820617460     
 -0.310322665153353     
  0.381730150456209     
 -0.170999524295096     
  0.313039639039723     
  1.297942992386718E-002
 -0.234756204131325     
  2.471516475980603E-002
  0.114337462327918     
  7.592841262455491E-002
 -0.252717233273858     
  0.110748598495382     
  8.739668280331192E-002
  0.114656737267003     
 -0.226944116500723     
 -0.216743966869159     
 -0.191884491725746     
  0.179057495062570     
  0.366006983552495     
  0.418423786247792     
  0.245887946054172     
  9.039155597518622E-002
  0.285097058371581     
  0.159761244534686     
  0.368991675200958     
  0.303510449546793     
 -0.147029751687447     
 -6.507369179086127E-002
  0.411124716929813     
  0.463985348737240     
  0.108562835462197     
  0.322044436156213     
 -0.151392764651933     
 -2.518879072487283E-002
  9.515064583472475E-003
 -3.901752527632747E-002
  3.601048472429715E-002
 
  7.239336720210017E-002
  0.326561650484930     
 -8.117349153305763E-002
  0.129270228020995     
 -0.209440283816386     
  0.199407826478039     
  0.197779104535535     
  0.388143430623658     
  1.019996794831376E-002
 -8.436071333187553E-002
  0.147667965341064     
 -4.563248032721748E-002
  0.230315800181991     
 -1.672288055975373E-002
 -7.416308853410342E-002
  0.493921273903284     
 -0.165246137761323     
  0.515852788602666     
 -0.146794619923115     
 -6.588791941631060E-002
  0.282628884172120     
  0.324132562365711     
 -0.233446943689945     
  0.198598278095289     
  0.311982609054219     
  0.126590777897563     
  0.334790691153876     
 -2.533622531995728E-002
  0.460217250645410     
  9.716122707928761E-003
 
 -3.785093673205284E-002
  0.199203645568426     
  2.553194298364420E-002
  0.145788034121164     
  5.860129064249810E-002
  0.153699941611555     
 -7.041907698983819E-002
  3.828676178034626E-002
 -8.300060932191401E-002
 -0.172326488446279     
  0.148317465026004     
  0.100975496130536     
  0.244939321160569     
  0.320588402324809     
  0.102019816320565     
  0.364818483850210     
  0.350552172221768     
 -3.811700052472920E-002
  0.162311591647534     
  7.308191095563957E-002
 -0.300641270945426     
  0.279343978018746     
  9.613994249237294E-002
  0.213019104194522     
  0.147330325938709     
 -0.124121402830644     
  0.311071754773402     
  0.249997225081086     
 -0.106810761064834     
  0.266306853414857     
  0.142866895649708     
 -0.280717802239998     
 -0.223323600950870     
  0.126158799263429     
  4.277591723638311E-003
  0.592973209946379     
 -0.464357605456018     
 -9.704790784865260E-002
  4.507795189024286E-002
  0.314987795321337     
 -0.317497140525525     
  4.792161965611055E-002
 -7.178144634907570E-002
 -7.839830332740956E-002
  0.327664255166964     
  0.272887527238982     
  0.501091722455559     
 -0.327101828266477     
 -0.122960167856301     
 -3.758182963636884E-002
  0.285625665987335     
  0.398142924889578     
  1.385912120952712E-002
  0.160027370896366     
 -0.425338539911745     
 -0.318058888722814     
  0.130832023194371     
 -0.187810717447244     
 -0.135725093024427     
 -9.379253447004046E-002
 -0.256226205970530     
  0.220201315378017     
  3.373355369085174E-002
 -1.107515101899187E-002
  0.103621164519644     
 -0.167639714128652     
  0.102660512348446     
 -0.215885506349327     
  0.133749358858326     
  0.169300589595748     
 -0.163794743997192     
 -2.056997464236488E-002
 -2.530073732552072E-003
  0.367395432696041     
  6.234254908068781E-002
  0.180528581086274     
  0.174717777396708     
 -4.453661903272074E-002
  0.321605620321199     
 -0.178486620032513     
  0.296918883252014     
 -0.192895271150869     
  0.153090030854817     
 -0.153664504214384     
  0.140656179702215     
 -6.346290838144794E-002
  6.953879659516105E-002
 -0.198130035250972     
 -0.137337303084395     
  9.568453690459276E-002
  0.216773274182326     
  1.576345166761508E-002
  0.304529305734159     
 -1.036147438747823E-002
 -0.160450775061468     
  3.191645390245438E-002
  0.464251341575295     
 -0.467654195694980     
  7.004800625980966E-002
  9.172738355032417E-002
 -0.159012690571743     
  0.113409828916710     
 -7.586901832269136E-002
  3.935313389716656E-002
  0.546280779301116     
 -0.454877320388080     
  7.177912506874195E-003
 -0.246479447273213     
  0.269794740985759     
 -0.141118156379110     
 -0.112518403491314     
  0.404799659824774     
  5.272468819117607E-002
 -0.219085741975032     
  0.449767446522859     
  0.185580526672017     
 -2.708670028077222E-002
 -0.195865307200443     
 -0.508971020423205     
 -0.176289457980298     
 -0.216738308448028     
  0.168714714682990     
 -0.148401875703548     
 -4.260123515793145E-003
  7.771369851996301E-002
  0.282015146543066     
 -0.187438406297826     
 -0.134539566707419     
 -6.654007254764858E-002
  1.891629727758292E-002
  0.221138680091637     
  0.341706558675426     
  5.952122651083262E-002
 -7.473765438774724E-002
  0.106978793573130     
  2.768052115048816E-002
  8.823423688715058E-002
 -5.265737214282461E-002
 -0.103593679360307     
  0.109995731438280     
  0.364272467101616     
 -2.588029720799812E-002
 -0.279041754826276     
 -0.271634514325588     
  3.525694939975242E-002
  0.156784088464770     
  0.348994132054814     
  0.114416865306067     
 -8.185929732723041E-002
 -9.309049028205654E-002
  0.155340347030919     
  0.294928270925506     
 -6.956737442296569E-002
 -0.246113770835907     
 -6.742337336890245E-002
 -0.132118257582757     
 -9.248767985590581E-002
 -8.669472805357820E-002
  7.703550353300269E-002
 -0.309996266111026     
  0.233290866799817     
  0.162790335924452     
  0.246168252562114     
  0.176889908800789     
  0.223375812756369     
 -6.950059988619185E-002
 -0.399436796684630     
 -0.291514734764698     
 -0.157538899974028     
 -9.253993434804678E-002
 -0.117757717897293     
  0.125437143748465     
  1.607509452151915E-002
 -0.118059039414579     
  4.984035949659752E-002
  6.147317342510975E-002
  2.794548436318393E-002
  0.144840726572112     
 -1.718940576601731E-002
 -9.943658973318119E-002
  5.181209192773930E-002
 -7.152076730890100E-002
 -3.157600388966913E-002
 -0.208852431438201     
  0.145703885191313     
  5.054372997828463E-002
 -0.293982679252523     
  2.919598965472565E-002
 -0.257787722000697     
 -0.394450442855072     
 -0.108755200229079     
  0.564037190001857     
  5.308416283184922E-002
 -0.128391262332765     
 -0.265391265639385     
 -6.592505772139226E-002
 -0.141931646477972     
 -0.266720129362837     
  0.207553757715911     
  7.487638898598638E-002
 -6.506544154082658E-003
  0.359573533972731     
 -9.422314301723062E-002
  0.120064973832219     
 -0.100927224019545     
 -7.601096127659750E-003
 -6.352161736822804E-003
  0.123589742525095     
  2.306083221118863E-002
  0.100952603805474     
 -0.134363592981627     
  0.137491346946108     
 -0.369055232410845     
  0.576697653800176     
  0.230202868469527     
  0.493367306056773     
 -0.154772094206833     
  0.305821057937233     
 -5.048126597162242E-002
  0.162418205055363     
 -2.036063841040839E-002
  3.341678282482572E-002
 -0.286357978941998     
  0.353005931083880     
 -0.252461728777600     
 -0.415557215911094     
  0.261966258448199     
 -6.809250046515318E-002
 -0.148737422289307     
  0.172637289741443     
 -4.598707087238055E-003
  0.425878767766291     
 -5.473467285342785E-002
 -0.213566752823587     
 -0.177905267023045     
  0.259936137375534     
 -5.193009762418516E-002
  3.579002508624506E-002
 -0.360344824302167     
 -7.496801264659529E-002
  0.141452314053671     
  0.163283172963310     
  5.359675920665469E-002
 -8.109656458732378E-002
  1.251989261514248E-002
  0.254716130265029     
  0.211892867635088     
  5.542986043561383E-003
 -7.126998643134277E-002
 -0.266385276277798     
  0.145448642210836     
  5.397315305233741E-003
 -1.852623771849315E-002
  0.130785063046508     
  2.803776429462998E-002
 -0.167087435825997     
  6.087928158987135E-002
  0.386569929914731     
 -0.152416000364165     
 -4.105756565029726E-002
  0.184067737153939     
  0.132339270112135     
 -0.298127442216606     
  0.246439504836670     
 -1.584359744689119E-002
 -1.075698686256714E-002
  0.242932598225797     
  9.514968035913035E-003
 -8.719158377628819E-002
 -0.296816439088301     
 -0.142586743184065     
  0.257700289185983     
 -5.577848834044133E-002
  4.645294169910134E-002
  0.201053994619044     
 -6.157620275324975E-002
  4.662569575134805E-002
 -6.360766649990172E-002
 -0.381651898707641     
 -0.176210728540471     
 -0.234686899415387     
 -0.352051846729218     
  1.755284416820428E-003
  0.349936321271280     
 -0.149413510292920     
 -8.520015085897578E-002
 -0.135603080938052     
 -0.257451928664569     
 -0.303616306172937     
 -5.034623044429955E-002
 -4.993454737437619E-002
  0.387677815373769     
  5.061226312535864E-002
 -0.334750277069402     
  0.352937888183321     
 -4.439551222914519E-002
  0.149949855611877     
 -5.794324481273787E-002
  1.918434444528108E-003
 -0.141655354801981     
 -0.475521432671186     
  0.366983213141235     
  0.234222746764532     
  0.111356961816864     
  0.167505102634026     
  0.102609430142264     
  0.228275167221329     
 -5.897947888463423E-002
  2.859339812541601E-002
 -7.710474060501374E-002
 -0.420928937413693     
  1.083814169205549E-002
  0.344319934369380     
  0.308321638152721     
  0.152232165501483     
 -0.262670932662060     
 -0.106633818905390     
 -0.125344131602864     
  0.155230091238773     
  3.575565784285033E-002
  0.274166144785473     
  0.537668311013845     
 -0.178207039578516     
 -0.467164700888001     
 -0.445994961054799     
 -0.511066477488636     
  0.243403746191002     
  0.214739485579016     
 -0.362565202393077     
 -0.294467613148867     
  0.317074927412807     
 -0.112572087761796     
  0.176673990496374     
  0.236213685343639     
 -0.479973125989989     
  0.168324980129733     
  5.930123976055817E-002
 -0.159708054906642     
 -0.101498401271102     
  0.109437002115029     
  0.128056344136558     
  0.251490921239290     
  0.337705987915584     
  3.055155054467278E-002
  0.345782677786938     
 -0.439056524789161     
  1.498987256159354E-002
 -0.348294468101237     
 -6.509048978326928E-002
  0.172308155875621     
  0.385210872947999     
 -0.110978846802386     
  0.223328598390845     
  0.561199931311877     
  7.372647451006345E-002
  0.358733851684248     
  0.571574977298088     
 -4.925470330372550E-002
 -2.003113328903936E-002
 -0.400557211920057     
 -9.796356083943807E-002
 -1.008826483639026E-004
  2.881919706380250E-002
  0.109541172718719     
  0.193100971075505     
  0.366355483503057     
 -3.900988640356066E-002
  0.201249418839735     
 -0.132460252433718     
  0.137057079222836     
 -0.245590998550856     
  0.158613962928519     
  3.321276044701386E-002
 -0.213016416514981     
  2.063996500903769E-002
 -0.190195717677405     
  0.268576638780672     
 -2.853627748100488E-002
  0.336135116001542     
 -4.180160045151064E-002
 -0.280290961236606     
 -2.766919228794312E-002
  0.272024371841164     
  0.354045365748170     
 -0.185251848749752     
 -0.306249231572776     
  3.162464163935128E-002
  0.183171107498212     
  0.289252680833410     
  0.227975771607311     
  6.565841291694907E-002
 -0.115475757674134     
  0.383855878836581     
  2.966529960771637E-002
  0.186199190639498     
 -8.408199347383205E-002
  0.315787137575871     
 -7.052989273818812E-002
 -4.882973415972228E-002
 -0.130039890763878     
  0.148962277692777     
  3.158823453154271E-002
  0.368652766638757     
  0.101452743748691     
 -3.496609750343810E-002
  7.342987604245904E-002
 -0.306608674536919     
 -0.171562176142817     
 -0.190635777786122     
  0.255967144020481     
 -9.998586915328418E-002
 -0.131373325116857     
  0.103997432943104     
  0.149821040648908     
  0.202276124400917     
 -2.726059888891135E-002
  0.115729721652900     
  0.350732332055081     
  0.341837484695930     
  0.241161689435177     
  0.155128363679490     
 -6.417754447889301E-002
  0.160519577036968     
 -0.240020765663045     
 -0.198695901727576     
  0.268909361679384     
 -0.693429033919112     
  0.378171087779158     
  0.154990364141336     
  2.852747411614454E-002
 -0.302146397554407     
 -0.204169273421863     
  0.404495199692415     
  0.221286147893431     
  0.148822875925338     
 -1.739950647387954E-002
  0.507629875006154     
  0.173059933201615     
  8.047374075024619E-002
  0.105868572200565     
 -5.309364722009093E-002
  7.481705761108506E-003
 -4.903239550904234E-002
 -3.042346676627461E-002
  0.102487367794939     
  0.269044593853163     
  0.337104863717579     
  0.101415990047083     
  0.280993668664867     
  0.328767460151164     
  1.112798691083387E-002
  0.268559180053985     
  0.204471357802669     
 -4.471697511423915E-002
  0.193075898680937     
  0.202321350621916     
 -0.165797351610883     
 -6.081402175234064E-002
  0.185596162000342     
  3.566398258262307E-002
 -0.269331441104082     
  0.284067633301677     
  0.142977330221403     
  0.261478791008070     
  0.456597035781482     
 -6.444623664128644E-002
 -2.857222368585173E-002
  6.391795443105669E-002
  0.177852299334119     
 -0.146362198259788     
 -7.911635457469036E-002
 -0.142473638589665     
 -0.255821097891970     
 -0.119769150874387     
  0.266969473935344     
  0.341138712022878     
  0.411557492254545     
  0.102269037960820     
 -5.886840017451068E-002
 -9.275841313095926E-002
 -0.109070406140532     
 -0.106602644415853     
 -0.361593551147284     
 -0.116059178932247     
 -5.681839625792255E-002
  0.300795035014805     
  7.397455282435893E-002
 -8.253008939027845E-002
 -0.247245172171627     
  0.308206272156054     
  9.179409102316306E-002
  0.153771726517054     
  1.751242899049338E-002
 -3.039278428551807E-002
 -0.114683791629206     
  5.528805072403962E-002
 -0.141938550710625     
 -0.165744955066124     
  0.127401409409668     
  0.169340034948459     
 -4.716644471330051E-002
 -0.147746310029955     
 -0.150876432145858     
 -0.192643000010418     
 -0.148544944387666     
 -0.257568012331905     
 -0.256069086718681     
  8.598121315227523E-002
  7.624486996606530E-002
  6.954701527005873E-002
 -0.202019036322914     
  7.530441147431370E-002
 -0.547613453904026     
  0.141997087109137     
 -8.113216643162209E-002
  0.177854531387386     
 -0.138786623736144     
  0.312089918098505     
 -0.147118514610082     
  0.475161085541849     
  4.910341363736274E-002
  0.103493098619501     
  0.116195279503317     
  5.847597245505374E-002
  4.526892666419063E-002
  0.263592146381174     
 -0.291628460149438     
 -0.187404897702464     
  0.229748762785856     
  7.836584169482338E-002
  0.176727902871348     
  0.339394467552993     
  0.106486381037990     
  7.478558935225819E-002
 -0.236563745019834     
  0.364137490271303     
  1.563980957149543E-002
  0.246577607136478     
  8.964599776803689E-002
 -0.155661475198924     
 -5.080414337965005E-002
 -5.677151261449324E-002
 -0.135561095128193     
 -0.249410597184800     
  0.193218520713028     
 -2.220726666228593E-002
  6.333739055971431E-002
 -0.161569501776535     
  2.384549323149627E-002
  0.191729757468503     
  0.134344552730478     
 -2.737469159049557E-002
 -0.178612076440557     
 -8.874160963066227E-002
 -0.111340061956586     
  0.280203872206626     
  0.297522906015593     
  5.988015263885904E-003
  4.439972304608115E-002
 -1.684237441372273E-002
  6.345739035053476E-002
 -1.158791020813787E-002
  0.304118004769493     
 -0.370162668350004     
  9.733653416947860E-002
 -1.134987451231439E-002
  1.933340647180055E-002
  0.352443036069663     
  1.918542739628814E-003
 -0.222718359335829     
  5.595447896798281E-002
 -9.359918106153395E-002
  7.849741394982954E-002
 -0.224373361880955     
  0.125194616012303     
  0.248301519468541     
 -0.119198174989377     
  0.195323249126927     
  0.419097676126300     
  7.909796045210825E-002
  0.285384995483207     
  0.208258708465204     
  6.527175002146743E-002
 -4.961238984587832E-002
 -0.398581100274443     
  0.365280657199443     
 -0.120733295688141     
  0.179885182753854     
 -0.312792375028387     
  0.153553842892315     
  0.269021189383328     
 -0.458857808145067     
 -0.153954286330708     
  4.935085518961688E-002
 -0.226258377177997     
 -0.459634253823334     
 -0.159799629500383     
  8.149243691328448E-003
  0.338187106887519     
  0.339188685713375     
 -2.736348932476299E-002
  0.358173707724337     
  0.247827422428742     
  0.342669296710055     
 -0.270398397124965     
  0.333642737183737     
  4.882412482194150E-002
 -0.117278174404074     
  0.155148102015380     
  0.450531538232489     
 -0.345681171658521     
  2.136146111811479E-003
 -0.206872685020487     
  4.774266551665383E-002
  0.151697705176102     
  3.490541727273377E-002
  7.875458546840075E-002
 -0.453816065002806     
 -0.273823072305917     
  6.927235264248707E-003
  0.195333628331920     
  0.269575853018419     
  0.177740137796285     
  0.398130173753153     
  3.550677520103591E-002
  6.842285374067796E-002
 -5.823527518272091E-003
 -0.187974117117891     
 -2.973108893880626E-002
 -3.117209489761089E-002
 -0.170180167735048     
  4.606582209996665E-002
 -3.669819040549241E-002
  0.105719487072700     
  0.306579992872665     
 -0.489622740241122     
 -2.365202863009322E-002
 -6.210960618537312E-002
  4.863084551019346E-002
 -0.349035333901030     
 -0.350645694082497     
 -0.163805885168988     
 -0.184883011917787     
  0.309026331742321     
  0.487202533934308     
 -0.159761194452443     
 -0.127664746415327     
 -0.452745134628575     
  9.695668672888554E-002
  0.273531351683588     
  0.488657154133089     
  7.566500463186274E-002
  0.137836607193804     
 -0.121295989218652     
 -8.625707916666421E-002
 -0.217143723427697     
  0.344845799442208     
  0.185835353624064     
 -0.325047666514826     
 -0.134396790520225     
 -1.205399226496333E-002
 -5.410478848727768E-002
  0.181525299046526     
 -0.190056246655966     
 -1.378550839576394E-002
  0.194959833752789     
 -0.101257717103376     
  6.517556936508680E-002
  0.115149812937333     
  5.157689752561639E-002
 -5.395058520810622E-002
 -0.186469913143367     
  0.146583804319659     
  0.331230545878863     
  0.260347685304710     
  0.171970679032500     
 -8.620662757223148E-002
  2.993567243261450E-002
 -7.597407516893456E-002
 -7.777949078986580E-002
 -0.214304590668732     
 -0.171073449719775     
 -0.107405095447422     
 -0.129324207115165     
  4.476365037057140E-002
  0.232622275245277     
  7.849753161909115E-002
  0.144461553305290     
  0.191470036596303     
 -0.343333239027693     
  0.350383320539691     
 -0.438023228515624     
  5.169356830040929E-002
  0.295045561987687     
  0.452404292327927     
  8.819504135688704E-002
 -6.236733536629092E-002
 -4.353641673797727E-002
 -0.325054218294023     
 -0.424153600562716     
  0.309972005198933     
  0.154561521865561     
 -0.109914714934849     
  0.413537225474864     
  0.348002983353273     
  3.518677300233424E-002
 -3.809891975371924E-002
 -0.206335634463566     
 -1.810153807741224E-002
 -0.220848820248031     
 -0.284537262956398     
 -0.129271068587867     
 -0.351823208276187     
  1.378697853789661E-002
  6.296073587722217E-002
 -0.135152719528797     
  0.546297530742100     
 -0.244505717829168     
 -0.146264145827227     
 -0.109416825233095     
  0.153911443001811     
  0.244114306318173     
 -0.387414811672346     
 -0.157434453601287     
 -0.246963645268105     
  0.310962305309911     
  0.173776079369135     
 -2.711371297722519E-002
  5.240466210824315E-003
  9.708599797208858E-002
  0.219885025448248     
 -9.436074873179619E-002
  4.789343012117728E-002
 -0.273714162669068     
 -0.535038504361087     
  0.433678976189002     
 -0.265041457424434     
  0.269204896490747     
 -0.336016766484274     
 -0.114432801362556     
  0.210965157892218     
 -0.304138651141841     
 -0.155744918037016     
  0.200331421603136     
  0.191805434007220     
  0.202705489268956     
 -4.869782584973933E-002
 -2.421559658623902E-002
 -2.733945317462052E-002
 -3.174251769432596E-002
 -0.112591892499578     
  3.232956896406856E-002
  4.288170846471916E-002
 -9.768352309786459E-002
  4.035645161601306E-002
 -8.038360468385410E-002
 -0.105990662559042     
  0.209601263795122     
 -4.238919179853112E-002
 -0.277059509629623     
 -9.291985915526121E-002
 -0.268249303572305     
 -0.158217669452390     
 -0.187537556817096     
  6.537503040681522E-002
  0.116967320414374     
 -0.256749269790723     
  9.416654350394357E-002
  5.057711619782271E-002
  9.864701367287071E-002
 -0.258044110442218     
  0.121925070663102     
  0.181877464961112     
  0.228145189709623     
  0.204133054122255     
 -0.182351252192634     
 -0.307478872389088     
 -2.456349546066020E-002
 -0.213464042379461     
  0.119450904990306     
 -9.666462013284842E-002
  6.299358976839191E-002
 -0.165770764908411     
  0.268130154439954     
  4.556229673980933E-002
  1.777791598452738E-002
 -0.235305643562354     
  0.212961566698270     
 -1.219616073657528E-002
  0.105348915792176     
  0.152828302633116     
 -0.119949069876170     
  0.451726711905574     
 -0.116545876649561     
 -0.310184456456083     
  0.128188489502605     
  0.354791490408015     
  0.377219333713371     
 -0.154740818930486     
  0.305848786184506     
 -3.204502945606966E-002
 -0.307472566831763     
 -0.311440024650477     
 -0.227339655657547     
 -0.180579282205441     
 -9.403474364427007E-002
  3.558762068459462E-002
  0.124274229200771     
  0.314293720271278     
  0.293825423468696     
  0.323390233001623     
 -0.251907156623013     
 -3.070501760762302E-002
 -0.336853498255812     
 -7.778973094775046E-002
  0.277015255634605     
 -0.110136416814969     
 -0.108700507762709     
 -0.319780506776851     
 -8.844542192910289E-002
 -0.255761698158929     
  0.273196113449353     
 -0.316262963671289     
  9.517420688545693E-002
  0.204489087584262     
 -1.690004346867650E-002
  0.159214069032637     
  4.355654390762997E-002
  0.177160475486295     
  0.452562872083462     
  0.101017837839739     
 -0.194254553764430     
 -0.225632884418252     
  1.147854792626579E-003
  0.222175925057106     
 -0.228090156602657     
 -0.254730293634841     
  0.131710284334319     
 -0.379595631714041     
  3.271657046769431E-002
 -0.104249702904939     
 -0.121789434784697     
 -0.122863643220268     
 -0.155523148133834     
  0.210095951583471     
  0.200202107505315     
  2.803279430029574E-002
  0.227028379960186     
  0.387094603431980     
 -2.527691996266111E-002
 -0.120038129821286     
 -0.193020740210424     
  0.398610999240755     
 -0.226012511870455     
 -6.492002437016746E-002
  2.628071303039105E-002
  4.920082988056747E-003
  0.276347856562515     
 -9.694914606053281E-002
 -9.960452447190014E-003
  0.120833852211432     
  4.184337895239219E-002
 -3.214747307830323E-002
 -0.309106482434922     
 -0.382898250058739     
  0.128184412018763     
  0.228764140649078     
 -0.160414146855091     
  0.510969513610887     
  7.714634670233120E-003
  0.242509275166873     
 -0.156649184138990     
  0.198326906259921     
 -1.379573790076850E-003
 -0.165272930402546     
  3.846972145360138E-003
 -0.438309824549216     
 -2.701852187790080E-002
  9.824321461867999E-003
 -2.861055025827227E-002
  0.312645206703994     
 -8.500727048551493E-002
 -4.084289285375641E-003
 -0.105630271056022     
  0.176561680538627     
  0.124215776220171     
  0.210941247416101     
  0.100996402265837     
  0.441670733004107     
 -0.354400648132725     
  0.264496864768425     
 -0.148283597328424     
  2.514693239265208E-002
  1.815819626622556E-002
 -0.187787316282133     
  0.300597723321573     
 -7.315064123539443E-002
 -0.130011439761010     
 -1.864021606939788E-002
 -0.153383157291371     
 
  0.156281494965904     
  0.283485295613289     
  0.207953414868562     
  7.835867617579230E-002
  8.832982020268501E-005
  8.105630489587583E-002
 -3.198728852108135E-002
 -0.234606048147551     
 -1.720526241317055E-002
 -6.052675996958008E-002
  0.210743639961924     
 -0.186683404366071     
  0.194580993846009     
  0.173855878279600     
 -4.431167698808110E-002
 -0.170660611976911     
 -4.593505336829529E-002
 -7.005303604649665E-002
  8.404836960201729E-003
  4.571302203159289E-002
 -0.145974547394821     
  0.310807754730749     
 -5.498385521401157E-003
 -0.120676357573064     
  0.122088348457167     
 -4.752095405223229E-002
  0.421118768120832     
  8.352972528861115E-002
 -0.112521027049924     
 -0.227987537658168     
 
 -0.102046232569120     
   4.59350410459527     
 -0.518755683351133     
  0.237653263314757     
  0.441090883419263     
   2.56448962366348     
  -2.26604734048785     
  -1.90815149686825     
  -1.68872388305046     
   4.82528992371395     
  -2.65739356624843     
   2.87935610165930     
   4.60706118228845     
   3.96077121704719     
  -6.11150477554106     
 -1.056954398559573E-003
  -1.70103163408419     
   1.55511070952989     
  -6.98562250124990     
  -3.05679592988695     
  -7.85430485897733     
  -1.43465382628606     
  0.413928105478305     
  -7.60113107754193     
 -0.255815792987709     
  -7.31485735717655     
  -4.84698218199569     
   1.47015579598560     
  -4.87901038451795     
  -2.27763551927801     
 
 -1.366165487804878E-003
 
  tansig  tansig 
