     33 -    30 -    30 -     1 
rmse=  23.4072meV
 -5.907934798873145E-002
  0.304579488890828     
  0.452721238652686     
  4.467627787510604E-003
 -0.308388283319980     
  5.817388257459753E-002
  0.300182605370741     
  3.620049303527272E-002
 -9.902784725903992E-002
  0.240531883996876     
  0.207541176482257     
  0.274828466934331     
 -0.440150580495707     
 -0.406843939998857     
 -0.503167038042955     
  8.715127654546946E-002
  0.225739981617568     
  4.765005572248240E-002
 -5.300281925422302E-002
 -0.372090267694323     
  0.171783622402447     
 -0.246633209643081     
  0.112246442188472     
 -7.784928395659824E-003
 -0.278521404187498     
 -0.157059115003041     
 -8.130645294516911E-002
 -0.163268749686376     
 -0.340236598524775     
  0.123187723615904     
  0.111353030607616     
 -6.583415353058326E-002
 -0.377180495528650     
  3.932055081631436E-002
 -0.165909402678946     
 -0.756988360441466     
 -0.195063185018777     
 -0.387317907075800     
 -0.163682822187366     
  0.109961444321691     
  8.243233974968049E-002
  0.165508307700458     
 -6.122455339781906E-002
 -0.163775745639461     
 -8.060169984133317E-002
  0.375098931666511     
 -0.102072282123238     
  0.221722330299871     
  0.319119630314455     
  3.127478148303772E-003
 -0.243203806848586     
 -0.301068009868870     
  0.161708238681278     
 -0.103593046051138     
  0.215561189507700     
  0.400309919216722     
  0.325802515619044     
  4.905918783706845E-003
  0.307721675049517     
 -0.166713660483738     
  0.238525023511883     
  0.119717073132413     
 -0.222696600690070     
 -5.146797674378922E-002
  0.176531803753602     
  0.327138161647729     
 -0.320568992459237     
 -0.252092334956820     
 -0.245095274528844     
 -0.349122461935421     
 -0.353868675316241     
  8.861446379667748E-002
  0.404156198345615     
 -0.155029531733879     
 -7.053053459476245E-002
  0.271357748569871     
  0.368265719907293     
 -0.860475547891695     
 -0.272120012619349     
  8.303971185384768E-002
  0.310233317858007     
  0.245389325661809     
  0.205154058747538     
 -0.134934667445277     
  0.224771637662425     
  1.803240333709095E-002
  1.957524463053019E-002
  0.225047677991688     
  0.508486431488076     
  2.566779129250522E-002
 -0.419889609008210     
 -0.183787707860434     
  0.272922105268034     
  0.579723625191716     
  7.312471787795584E-002
 -2.936519008568929E-002
 -0.284393510521235     
 -4.925999795321033E-002
  6.340580933228077E-002
  0.352564442859415     
 -0.450326973501284     
 -0.454474767655894     
 -0.149611715327375     
  0.743476298652737     
  0.283290215753640     
  0.113929796550694     
 -4.666067426777405E-002
  0.157047893039612     
  0.149465406381593     
 -0.149869393623647     
  3.399622812665306E-002
  0.298316358657645     
 -0.213565160032926     
 -0.560879445614912     
 -0.692060173035853     
  0.329091581703759     
  0.592748613800818     
 -8.869803679367264E-002
  0.108791092792501     
 -1.368250687935108E-002
 -0.176804415770131     
  0.336391723970002     
 -0.839649112921164     
  0.285173328627049     
 -0.177354518938692     
 -0.255944446843559     
 -0.102461937411194     
  0.286269140783224     
  0.145133451355870     
  0.180937896564612     
 -0.260944216857335     
  0.678863911041443     
 -0.108282359045323     
 -1.355158804476461E-002
  0.272908853065897     
 -0.417697360811112     
 -0.656654838503209     
 -0.110754592964230     
  0.720828282342878     
  0.883902963224596     
  2.022537387257603E-002
 -0.401976720689704     
 -0.491528707197016     
 -0.174044545005451     
  5.681431819883101E-002
 -0.494630047837923     
  7.057015578396718E-002
  0.258679950360151     
 -1.841361430633939E-002
 -0.279168136091978     
 -0.189293384270162     
 -0.299915810491120     
  0.296249724283775     
 -0.123432890853132     
 -0.489020518814235     
 -0.242993016205834     
 -0.309453972071416     
  0.133763008911431     
 -0.125061965109135     
  0.129767374550653     
  0.110490914035472     
  0.250050408038276     
 -0.249540930568098     
  0.148345095003731     
  4.800607563765515E-002
  0.431088756963349     
  8.939054071305598E-002
 -0.356770360523256     
  0.111997240569250     
  0.250574506290974     
  4.343083675550951E-002
 -0.133227394731404     
 -0.319374342625282     
  0.107775045149273     
 -0.241156142445814     
  0.194231133088612     
 -0.161524133666233     
  0.401518736372599     
 -0.133798053482384     
  0.447032262098160     
  0.196329177156577     
  0.313691568206601     
  0.301112749013162     
 -0.221720119563104     
 -0.234633086768173     
  5.580200352512085E-002
  5.099501442332532E-002
  0.203120993117717     
 -0.421174018790089     
  0.132398411429346     
  0.562817803036517     
  1.926449074402113E-002
  2.270806110526386E-002
 -2.208359578625844E-002
 -0.288691345070892     
  4.928897238188778E-002
 -0.268945153983398     
  0.370474116328866     
 -4.425413771879071E-002
  0.294820178212181     
  0.458259188632693     
 -0.196769425600422     
 -8.041032695740102E-002
  3.819135565194650E-002
 -0.291332585064142     
 -0.304811482121009     
  0.180231858232544     
  0.285452121499035     
 -0.109595090498684     
  0.152067936615069     
  0.305092291474266     
 -0.248323599701499     
 -0.150117111390457     
  0.364320191331697     
  0.431463815533918     
 -0.139541129798569     
  5.012549359172704E-002
  0.231802520640072     
  4.453306282984289E-002
  0.130041253306736     
  0.247683192449726     
 -0.248241901890766     
 -0.426687522845075     
 -0.247961852217660     
  0.425724403952335     
  1.074533776337868E-002
  4.029461045775871E-002
 -0.193154853516745     
 -0.117118873891892     
  5.699761655213930E-002
 -4.243729239473626E-003
 -2.942773740628978E-002
 -0.213895197287242     
 -0.186270419287414     
  0.204465344819699     
 -0.743881509359739     
 -0.158458419409049     
  0.180476380487218     
  0.164141881616260     
  0.246876229988408     
 -0.173211440600410     
 -1.854621456418745E-003
  0.615032238174815     
 -0.289346410064249     
 -0.117587240400642     
  0.110942636745649     
  0.668859590828120     
 -2.325807281288103E-002
  9.828619144137220E-002
 -4.923501853273911E-002
  2.975081083183417E-002
 -0.202509875389975     
 -6.050388598202061E-002
  0.355221784106229     
  0.447515254246581     
 -0.255369000101533     
 -1.672300814431657E-002
  0.135454755107694     
  0.168993627234901     
 -0.352056864638039     
 -7.800249493110768E-002
 -8.321476898683752E-002
  0.210368487379761     
  0.350685769469721     
 -0.327580931219044     
  0.242526993881394     
 -2.374839693004753E-002
 -0.249888474641967     
 -0.143955351547593     
 -3.204980886978562E-002
 -0.166396500741447     
 -0.293632663221681     
 -0.257601975734608     
 -0.390725035721467     
 -4.879841970169579E-002
 -7.357323898705569E-002
  0.124083207506751     
 -0.249236260711779     
  0.412082739458874     
  0.487316276473282     
 -1.374055697060683E-002
  7.961262209145106E-002
  3.097015040808324E-002
  0.116124290402559     
 -8.048184294641667E-002
  6.999523677344088E-002
  0.364332309539599     
 -7.558793755730499E-002
 -3.444842382732942E-002
 -0.118102325345749     
 -0.368861089893672     
 -0.247068185817755     
 -0.211241010308604     
 -0.171271459346727     
  0.121421463572421     
 -6.362846264225717E-002
  0.157374608406187     
  0.282961375735688     
 -0.519868073213201     
 -0.697970960052806     
 -0.168994662164062     
  0.255458396655253     
 -0.226669165236543     
 -0.617620127950133     
 -6.639801248622516E-002
  3.011120857670985E-002
  0.208999266869818     
  0.262413929378874     
  3.598582632296466E-002
 -4.073174225136412E-002
  0.316528784990480     
  0.176729145139763     
 -0.335419703870165     
 -0.119452817492502     
 -6.453040227850006E-002
 -0.534664729491440     
  0.103442528726674     
  0.405909684541269     
 -0.566342893040652     
  0.497327581699023     
  7.927889629539846E-002
  0.372102842441977     
 -0.353056862820496     
 -9.557632789677063E-002
  0.170426578375534     
  0.230257467398114     
 -0.333118901153979     
 -1.502169570360015E-002
 -0.205940207094172     
  0.357006330680183     
 -0.130142779181998     
 -0.116312396718648     
  0.261393306995069     
  0.333259815000466     
  0.674316963556980     
  0.380351288142782     
  0.127127620732623     
 -0.256915856092935     
  7.288055378449644E-002
  0.131824476523318     
  6.810050352959039E-003
 -9.798054029523157E-002
  0.508960542853391     
 -0.196001905664512     
 -0.187789773117579     
 -0.211597595032768     
  1.106893406748512E-002
  0.105311813368404     
  0.117843832319818     
  5.593208311213575E-002
 -1.001508513982215E-002
 -0.220238248994166     
  0.280965943352632     
 -8.220628621204293E-002
 -0.391016510163341     
  0.604238569832423     
 -9.151839756766170E-002
 -0.171531773672113     
  0.385507209478203     
  0.165054797205151     
  0.116577352243149     
  0.271643119356226     
  4.482835392219407E-002
  1.336654346183942E-002
 -0.121621709258238     
  1.168798463043590E-003
  3.713275411763810E-002
 -0.290431115229291     
 -0.172837287019255     
  0.294503654249100     
 -9.320467695481177E-002
  0.230540416242589     
  5.541679559002743E-002
  0.230803788804241     
  0.793978348545060     
  0.177914815752101     
  0.515205919417555     
  0.329400210018985     
  0.343779102329666     
 -0.455038051890758     
 -0.414665573294398     
  0.161323754299575     
 -0.277776796479313     
 -0.239661428645669     
  0.384462569524582     
 -0.568453595998037     
 -0.553115875220232     
  0.178093904031508     
  0.541792525514216     
  0.289960612272108     
  0.121438645970364     
  0.148406831690699     
  4.396715628426681E-002
  9.224306808358604E-002
  0.269716927807939     
 -0.309989108219280     
  0.237845455421878     
 -0.317563675501917     
  0.472896262145420     
  0.482099667937316     
  0.372249628488648     
 -0.243819556016765     
 -0.247671011449774     
 -0.111508560155506     
  1.070435510395507E-002
  0.387359236393195     
  0.274473169258552     
 -0.367726199518289     
 -0.791457403500463     
 -3.624690933965936E-002
  0.277209791062435     
 -0.150870683255026     
  8.909766586411025E-002
  3.758338743692258E-002
  0.367317231729060     
 -0.524080308490569     
 -0.642498247747221     
  0.740414812666656     
  0.380172453618788     
  0.110202483492096     
 -0.317485187472964     
  0.150042998727210     
  8.437038563121964E-002
  0.218351444638474     
  0.182687357291112     
  0.149415781178178     
 -0.226293879541377     
 -6.763521020925618E-002
 -0.250275951520879     
  0.166256766788758     
  0.459705767773338     
 -4.388506606413505E-002
 -0.664830535994517     
 -0.560404514791278     
 -0.365906023156145     
  6.823017121624642E-002
  0.235103633920896     
 -0.209619206848501     
  2.656203325055539E-002
  2.731342510879308E-002
 -0.162816522005139     
 -0.148362429429402     
 -0.678224241863136     
 -0.252269489767381     
  0.240246468344105     
  0.381880144031649     
 -0.200117093598229     
 -0.304928490974881     
 -0.149427405903910     
 -1.574566869859336E-002
 -0.593308432953805     
  0.429487080693001     
  7.144606677000293E-002
 -0.503687083591438     
 -0.596125798529595     
 -1.202333850452228E-002
 -0.198819582913032     
  0.230899901625011     
  9.593160670562699E-002
  0.160867421001350     
 -0.179654187429655     
 -0.746110038466769     
 -2.895890143394333E-002
 -0.111831816685571     
 -0.327626432389894     
  7.130481813238680E-002
  0.459223746279795     
 -6.576284584045319E-002
 -0.166024900267226     
 -8.684378642422505E-002
  0.219260604145760     
  1.946243590652030E-002
 -2.713983178647498E-002
  0.341134992620479     
 -0.280912682186343     
  0.118116748095863     
  0.364466337666329     
  0.145108742939825     
  0.212856405757154     
 -9.198827791845622E-002
  1.885752917196339E-002
  0.128301757962410     
  6.804254064794399E-002
 -7.896824441794210E-002
 -0.279414333118066     
 -0.545331076805540     
  0.582763331246952     
  0.402759849084054     
 -0.413920200641878     
 -0.299624565576954     
 -0.424617606887453     
  0.113241745571570     
  0.122844815426812     
 -0.185209296471402     
 -2.139295114862881E-002
 -0.399394594618428     
 -0.250218459352315     
 -0.374493021848806     
 -0.280558545905635     
 -0.407039486406843     
 -0.672323809434892     
 -0.292435728941922     
 -0.267196301631848     
 -0.391378045105754     
 -0.179740763379480     
  2.542927414914514E-002
  0.393018528515136     
  0.325881631210438     
  0.133730486703479     
 -2.418820895133020E-003
 -0.220158164494684     
 -0.210494329666029     
 -0.439869267646618     
 -0.121911056719003     
 -0.191738419399382     
  0.216125877941420     
 -0.495276096796309     
 -0.171036760043718     
  0.223268499288847     
 -0.100183561086396     
 -0.432786607343101     
 -0.284519680195500     
  9.650567082614560E-002
  4.390028236494881E-002
 -6.527962703431238E-003
 -0.222299027705557     
  8.442665944496586E-002
 -7.930261858635194E-002
  0.104555898844442     
  0.347430764362771     
  0.767623492188118     
  0.527638028408398     
 -1.096625099380439E-002
 -7.626600740944424E-002
 -0.150753352360599     
 -0.188728088448362     
 -0.685322100374274     
 -0.668498871087192     
 -0.182605022632514     
 -9.956744901250909E-002
  0.326339728985923     
  3.232742507436106E-002
  0.137616729906820     
 -2.088958196889332E-002
 -0.193033222417188     
 -0.153269021557051     
  0.249157918123197     
  0.426654354207699     
 -0.281324958640029     
 -0.280781953856453     
  0.168954657717407     
  0.364727320994436     
 -0.487026942448380     
  0.591018327543886     
  0.276565098283497     
 -0.208051258206544     
 -6.081844603862167E-002
  0.224141074589036     
  5.141507662382968E-002
  0.117969130646617     
  0.273806933898604     
  0.625048172276522     
  0.195593758388820     
  0.600563779481101     
 -0.494390525638682     
  0.223345573728603     
 -0.357145877010595     
 -0.268142793511130     
  0.156037384469795     
 -8.677540281638654E-002
  5.294825228302491E-004
  0.128185330841211     
 -0.236306188910661     
 -0.324456973057143     
 -8.162465872145411E-002
  0.322515971921928     
 -0.394548208300566     
 -0.256821552791249     
  0.178875970684093     
 -0.176663984254428     
 -5.655800195505762E-002
  0.229058796041299     
  0.300846807325385     
 -0.234602972827058     
 -7.048681609416474E-002
  0.172938893714485     
 -0.273522715687673     
  0.256184771783225     
 -0.204375216538530     
  0.279615619809014     
  0.275780448208654     
 -0.218764219158037     
 -0.164692894034603     
  0.209036056591895     
 -0.139451662523677     
 -0.305155076403536     
 -0.412603951428940     
 -0.479310918045923     
 -7.037635901681350E-003
 -0.273766290870092     
 -0.285227925640380     
 -0.492332656472058     
  1.126642520539728E-004
  8.503266739855291E-002
  0.517269840169599     
  0.209212092765661     
 -5.013564396724690E-002
 -0.127781827460241     
 -3.416098978146102E-002
  0.164264505519397     
  0.160667537723783     
  0.229256649767042     
  5.838023188648372E-002
  0.175519663520244     
  0.225957203929084     
  1.733142509783797E-002
  0.776704228122510     
 -1.160503194397178E-002
 -0.137766295875693     
  0.300012379241716     
  3.967719895338881E-002
  5.703072026836138E-002
 -0.341377430013306     
 -0.459805493950089     
 -0.280776878238477     
 -0.204277397339905     
 -0.164765379779084     
 -0.113971584830229     
 -0.347132146350583     
 -1.850664563860358E-003
 -0.317861805022140     
 -0.491483298185263     
 -0.475743304313261     
 -0.170123292912850     
  0.455163412945390     
  0.180737848276444     
  0.131790079958487     
  0.481175780200084     
  0.231589370391802     
 -0.420878043168792     
  9.024866359323085E-002
  0.608326384610412     
 -0.366688783648438     
 -0.823927018410480     
 -0.310833292467863     
  0.475914793228755     
  0.224030304369767     
 -8.864664746953477E-002
 -0.283438138716163     
 -0.649384023496253     
  0.688585054142768     
  0.642587254028395     
 -0.174202148870701     
 -0.402799660096906     
 -0.417956546708309     
 -0.289336204678024     
 -9.243008080804790E-002
 -6.712964838857050E-002
 -9.595382058315105E-002
  0.219861384649596     
  3.062712947648353E-003
  0.356301991887996     
  0.171143708818211     
 -0.168287213859386     
 -0.452838598596412     
 -0.154988300578546     
 -0.423815617099256     
 -0.131687406590524     
 -1.038341773248364E-002
  0.152537654667573     
 -0.171628705791768     
 -0.458646147618581     
  0.101180382889082     
  0.146194943233244     
 -0.532341497586214     
 -0.447497713547613     
 -0.562694054294319     
 -0.170939818348168     
  0.206673994617688     
  0.254610160427496     
 -0.152008020654779     
  0.233363624426319     
 -0.201302106687720     
  0.279073816496222     
  7.735114484057597E-002
 -0.467708865104415     
 -0.279309483468126     
  0.553701994999119     
  0.541274157820931     
  0.466702976803239     
  0.177006933349559     
 -1.622759432438439E-002
 -0.169225095663728     
 -0.321602175713142     
 -0.210050850242517     
 -0.998932487778677     
 -0.198410126545434     
 -0.190722469541452     
  5.643346146543268E-002
  0.179975096151318     
 -3.465224325656581E-002
  0.116813877003488     
 -0.183585267826497     
 -0.212146179289532     
  0.416484860187083     
 -2.300144415895259E-002
  0.811923362251130     
 -0.201086726654275     
 -5.360022753690850E-004
  3.460964324596564E-002
 -2.383669423894689E-002
 -9.493502214074448E-002
  4.691033809004874E-002
  0.215414512889200     
  0.130578680720910     
  0.189112001298823     
 -0.421959561891919     
  0.445483390567552     
 -3.132334347934966E-002
 -0.338970481199752     
  0.731692886377075     
  0.347430796224395     
 -7.426973711196704E-002
 -2.560020124684763E-002
 -0.320912958636912     
  0.486498877654056     
  0.184245916800494     
  0.515080190109258     
 -4.313348070024700E-002
 -7.866766941085446E-003
  5.413892698880513E-002
 -0.247184962876089     
  0.257224854245128     
  0.293676035770297     
 -1.070540636660132E-002
  0.199229492176113     
  0.232312685574134     
  0.206882683993568     
  0.264208105387178     
 -0.195122451707206     
  0.121409176224191     
 -0.431117129853817     
 -0.883688497492410     
 -0.348871663509565     
 -0.123377825921341     
 -0.223606786912759     
 -0.111895613224531     
  0.191026041776281     
 -0.159936938668319     
  0.245943444328825     
  0.334012518808665     
 -2.314089400009574E-002
  0.248484846644646     
 -0.145609607654371     
  0.360175987532366     
  3.194512244537741E-002
 -0.201955877458124     
  0.142313830511970     
  4.322171577824113E-002
  0.403070891436216     
 -4.787222386829011E-002
  5.263386998090248E-002
 -0.279436420646129     
  0.202811897526849     
  7.415187365373681E-002
  0.157472292192001     
  0.348461829891736     
 -0.305584333456890     
  2.397910516412673E-002
  0.378920567943861     
 -0.760140517840164     
 -4.767206034522502E-003
 -0.210700183972482     
 -8.555346293734994E-002
  0.125642697371784     
 -0.535897076022842     
  0.277183943841783     
  0.303708174391019     
 -0.335105218071883     
  3.450937507773408E-002
  0.211165568870002     
  0.233970581489834     
  0.416965543755228     
 -0.760402840880313     
  0.389262053436696     
  0.458583156332580     
 -6.859256869515223E-003
  0.230502458229605     
 -0.138875298238037     
 -6.735560559200479E-002
  1.573338666513578E-002
  0.307585821381812     
  0.115126972074974     
 -0.295288501176306     
 -2.095803764176568E-002
 -0.479800527094056     
 -0.108543119014419     
  1.660011916812787E-002
 -0.398371447739042     
 -7.215568543718283E-002
  0.199209140845447     
  0.218933873523345     
 -0.372081818923743     
  0.193814596867973     
 -8.507817903712840E-003
  0.373429050024560     
  0.571370449970452     
 -0.219972888260205     
  0.100366092935591     
 -0.503225316445455     
  5.486727276420708E-002
 -0.236602827520683     
 -0.153545217275480     
  7.501108866770745E-002
 -0.243834217221095     
 -0.283053188404724     
 -0.111662996340460     
 -0.324869912756897     
  0.350557291650916     
 -0.214747445522862     
 -0.470042417419675     
  7.264529066024113E-002
  0.417757056511476     
 -7.799588567139734E-002
 -9.603535810571344E-002
   1.16628791461065     
 -0.805883549365913     
  8.936604414071819E-003
  0.298125547525626     
  7.238639313650869E-002
 -0.478938928912902     
 -0.525797667529348     
 -5.792899516212283E-002
 -9.801372654629818E-002
  0.115747766435263     
 -0.215374130757390     
  0.948402706075001     
 -0.280476377484241     
  0.564471822715512     
  2.592769455119324E-002
 -0.455190125884930     
 -0.254856337743718     
 -1.777310519380661E-002
 -1.652338533631970E-002
  0.393806543801915     
  6.081200480473549E-002
  1.789197120859919E-002
  0.256497079567852     
 -0.289062850946321     
  0.625076258447613     
  0.225298766558341     
 -0.107301577276948     
  0.546883403233712     
  0.246080306904586     
 -0.181368001110384     
 -0.263003256035143     
  0.116137148923237     
 -3.025966784625102E-002
 -0.544539976955396     
 -0.113861792812556     
  0.376974185423346     
 -0.276466496653477     
 -0.957297796651007     
 -0.281238250722349     
  0.573286325376060     
  6.821761073342707E-002
  0.104882561644731     
  0.314231264224847     
 -0.112576375034339     
  0.464152139437059     
  0.125814890749714     
  9.179417480561379E-002
  0.295544610230072     
  0.507058897019427     
 -0.290408448138579     
 -5.810511053050867E-003
 -1.485959316758190E-002
 -4.369478437597318E-002
 -0.287629434603936     
  0.142203134357679     
  0.164008859003837     
 -0.100535591266863     
  0.122694593369785     
  0.175429687501642     
  2.868243276974683E-002
  0.172539884389050     
  0.467348774843918     
  0.266777614327231     
 -0.174085166713094     
  0.107620801848102     
 -2.982750483165911E-002
 -6.665014928665391E-003
  0.536328025768583     
 -0.267025617061668     
 -0.214866008710220     
  0.420711880354267     
 -2.066732280919659E-002
 -0.162431640275250     
 -0.180125190318668     
  0.326895257324105     
  0.463713711657020     
  0.474208448336183     
 -0.359415765403789     
  0.571195944957316     
 -0.313811249031983     
 -3.059225392779475E-002
 -0.501826247720426     
 -3.210143829983372E-002
  0.606844575196469     
  0.480956342988507     
  7.037277884191874E-003
 -0.521040412738998     
 -8.634304360978483E-002
  0.315336802439207     
 -0.310265770577904     
 -0.374976798010537     
  0.184943787232416     
 -0.342946332902822     
 -0.470518410603279     
 -0.132573820860570     
  0.114599228801692     
 -0.137727376029708     
 -0.355928366852916     
 -6.088286213698265E-002
  0.135363518457944     
 -0.467906305206368     
 -0.185200858102109     
  0.651857235996613     
  0.287779180451719     
 -1.444581232968119E-002
  0.199676270416637     
  3.374704156415409E-002
 -0.107374664557106     
  0.130284388992015     
 -0.363104518499728     
  6.214757478314416E-002
 -0.169328600685336     
  0.131429380485984     
 -0.202907935770168     
  0.150056341361446     
 -2.425082849288169E-002
 -7.156480636990249E-002
  7.947488654397197E-002
 -0.252020731455839     
 -3.887369292572029E-002
  0.202266050861293     
 -0.617150014056942     
  2.089832735428255E-002
 -0.101662823620625     
  5.752847098855752E-003
 -5.913320780384206E-002
  0.248572274786249     
 -0.248011919441875     
 -0.103249842825689     
 -0.334982437433364     
 -0.425557852049353     
 -0.130102204807705     
  0.184510445050393     
 -7.868370754223676E-002
 -0.591792434762066     
  0.564878042930050     
  0.343288079362549     
 -0.162313759546306     
 -0.186681984700990     
  1.581708263374667E-002
 -8.174650905927835E-003
  1.222407529952682E-002
 -0.270899555857017     
  8.233683670940156E-002
 -0.161792825312670     
  0.243186049046511     
  0.136818210936862     
 -0.106528517817951     
  0.180380833269459     
 -4.551395916938969E-002
 -0.108439898335577     
  0.261643861729863     
 -6.767525926161684E-002
 -2.585468912704898E-004
  0.435189977621042     
 -0.328269176567197     
 -0.189740958658480     
 -2.353283977025899E-002
 -0.272462214418540     
 -0.129075605264512     
  0.226626277734001     
  0.631084762443237     
  0.235453280937704     
 -0.495547411323312     
 -6.235973667882393E-002
 
 -0.360505829029864     
 -0.211541812734136     
  2.199063487994547E-002
  0.165468527368244     
 -4.504291007882055E-002
  0.138770303045033     
 -0.135143184936466     
 -0.390511592580031     
  0.147027473290252     
 -0.261692329157988     
 -0.303314991173934     
 -2.575242520386153E-003
 -6.184072471734962E-002
 -0.427470059795075     
  0.366252686202000     
 -7.272443867928591E-002
 -0.388725384695457     
  0.143526902902930     
 -0.340393256291479     
  0.381546511822544     
 -0.367591511352278     
  7.527411868907559E-002
  0.359300532437052     
  0.101126278002383     
  0.166620812385667     
 -0.505114439677480     
 -3.644561456169888E-002
  0.477081498349559     
 -0.219523970045494     
 -0.549827551873406     
 
 -6.761492195782094E-002
  0.248746151334382     
  0.116683272287411     
 -3.990188295897432E-002
 -0.193426771247808     
 -4.801043223383847E-002
  0.140943005730315     
 -0.167541173177988     
 -0.250376562459713     
  0.469048425885028     
 -0.213301372658977     
  2.185863541995903E-003
 -0.145553190808705     
  0.365965941829226     
  0.211098315765882     
  0.114201445109229     
 -0.375969159056429     
 -0.150080181628137     
  5.916903719598672E-002
  0.406043887843160     
 -0.210833514553035     
  0.120405458613283     
 -0.402291255425421     
  0.299428030012872     
  0.185654998171623     
  5.748543400880927E-002
 -1.242874396424738E-002
  0.167408656013919     
  0.406759588843213     
  0.116661287337332     
  0.116365911868948     
 -0.263790380130420     
 -0.237934665233373     
  0.118426177979385     
  7.852135588153714E-002
 -0.298875664135518     
  0.204314681234602     
  5.131365521102115E-002
  0.523534627296185     
  0.151062298527978     
  0.314779003784271     
 -3.407148491992089E-002
 -0.294800562263434     
 -0.124779716511864     
 -2.273390442330428E-002
 -7.680446805606797E-002
 -0.105600837632104     
  0.257801502153393     
  6.179692766179222E-002
 -8.215865452917676E-002
  0.122972680939122     
  0.116810957471296     
  0.179357972080808     
 -0.121037436282352     
 -0.131885174736393     
 -0.697026401968946     
  0.248293358572540     
 -0.109474451908738     
  0.147116704165837     
  0.262831504993172     
  0.372965703304179     
 -0.400719268000907     
 -0.234042550689347     
  0.463772876089662     
  0.315262732661106     
  8.439889862850190E-002
 -0.369227526950906     
  0.277585217523762     
 -5.577463610067129E-002
  0.593116618100567     
 -7.413713606852403E-002
  0.306148036536418     
  0.630130012063887     
 -5.094821540002775E-002
  9.365722701699736E-002
 -1.738579023014030E-002
  7.454448817212460E-002
  0.642023634951553     
  7.204911785182969E-002
 -4.184734334211432E-002
  0.223966887992174     
 -0.177572197565993     
 -0.242540113138739     
 -4.605970959674476E-002
 -0.568214212777607     
  2.345938268869811E-002
  0.812216377293755     
  9.377939143834391E-002
 -0.285154050684487     
 -0.129683306445437     
  0.454190719478669     
  9.303616851392305E-002
 -3.251541292447743E-002
  0.147877629799669     
  0.202620893439295     
  0.198807859867879     
  0.257108100191827     
 -0.246755793574344     
 -2.315423545340882E-002
  1.275957489366482E-002
  0.157610310848321     
 -0.150909054084791     
  0.271317116006125     
  9.786112489913332E-002
 -9.710141610471283E-002
  0.105142737781997     
  1.923741124640728E-002
 -1.562232297028980E-002
  0.664918163687654     
  9.146694025607553E-003
  9.991606277402497E-002
 -0.268747317922487     
 -0.275398659577214     
  0.369907967117371     
 -5.001696683031073E-004
  0.516296145191033     
  2.316800927170751E-002
 -4.873523460295848E-002
  0.307110649584941     
  0.272828394483654     
  0.264019304287645     
  2.952805009639193E-002
 -6.760800461667207E-002
 -7.593868301784973E-002
 -0.228616256574629     
  0.248046529877000     
 -4.956033841464813E-002
  0.526223785963888     
 -4.698091416782951E-002
  0.578535228986740     
 -0.351588489833515     
  7.158264317801201E-002
  2.387680978775820E-002
  0.196800401836578     
 -0.119161695901364     
 -5.674598377401948E-002
  0.146158690133146     
 -0.149854715678756     
 -4.683724693269861E-002
 -0.126014745801239     
  0.294476357340247     
  0.319347645203510     
  0.212581275730153     
 -0.188916420824585     
 -0.406793103894968     
  2.275309909571933E-002
  0.190402828596532     
 -0.328222088125281     
  0.156401517035818     
 -4.803677503116239E-002
 -0.295240988506580     
 -8.165554945838117E-002
 -3.107511645015692E-002
 -5.425191686347110E-002
  0.203888946070121     
 -0.129843755110777     
 -0.522920891146783     
 -0.223414233642034     
  3.666826469325810E-002
 -0.271587757404794     
 -9.894211021816640E-002
 -0.335687677720577     
 -0.383451106986976     
  6.397698118805618E-002
 -0.114264179734206     
 -7.370918127050942E-002
  0.226693732537815     
 -2.262289325997686E-002
 -0.671725925192153     
  0.177903036554307     
 -0.102258336956222     
 -4.823315922484105E-002
 -3.328676537560349E-002
  0.135595820371146     
  0.172726179186069     
  0.550968766168899     
 -0.138430837483342     
 -5.882421657915097E-002
 -0.119725201004861     
  0.439047285104189     
 -0.248687975439985     
 -0.118446404925477     
  0.117239841092387     
  0.335537309158396     
  0.125470351179531     
 -2.695359404821109E-002
  0.114266550409540     
  0.483404216808579     
  0.409926013293111     
 -0.239566726947924     
  0.142512064823713     
  0.169493524544088     
 -0.175759282475715     
  4.111616889715663E-002
  0.150218480273431     
 -1.870171353921795E-002
 -8.725229773993734E-002
  0.188457655452807     
 -0.195155504334281     
 -0.499544838423331     
 -0.294794167740231     
 -2.278420776296166E-002
 -0.184361974415064     
  0.124546519586954     
 -0.169878658153554     
  0.119850347431782     
 -0.613050736290262     
  0.163361474672861     
 -0.164298683338062     
  1.897656241272389E-002
  9.178041131663946E-002
  9.384286078443457E-002
  5.062342753269636E-002
  0.158056243479674     
 -0.119734498220907     
 -0.351401036128054     
  0.199905795160528     
 -0.116206802539327     
 -6.351508492015237E-002
 -0.306448393504959     
 -0.153353580631180     
  0.280726326754646     
  0.377951074537781     
  1.137716875607567E-002
 -0.415965160365177     
 -0.638291746183215     
 -0.163969246209838     
 -0.362465375589170     
  0.314291989661615     
 -0.339790594626613     
 -0.129000019899201     
 -0.260790380764777     
  5.951694041603560E-002
  0.122279904241003     
  4.652940881082624E-002
  0.324623698208457     
  3.144298203233192E-002
 -1.180070014508573E-002
 -0.482964554795076     
 -0.301559573680717     
  6.263909149104896E-002
  4.805078627808312E-002
  7.306305780523874E-002
 -0.734415243251794     
 -2.659786836027153E-002
  0.453220477266026     
  0.307333636772928     
 -0.526470074375944     
 -4.189606729220714E-002
  5.652964727555774E-002
  0.226891502365818     
  0.102167526526382     
 -0.105494663786819     
  2.795699227728164E-002
 -0.103374975519037     
  3.431866649670365E-002
 -9.514586335655416E-002
  0.303516710725404     
 -0.321142391662965     
 -0.136134101561342     
  0.251331587200724     
 -0.276692619154511     
 -4.909069095553571E-002
 -0.144580339333688     
  0.169420086084692     
  1.309962825587961E-002
  5.764846530649229E-002
 -0.650456197216687     
 -0.406135691584048     
 -0.188380976224298     
  0.111619927196364     
 -0.125436965883573     
  0.144366519266031     
  0.133847972713183     
  0.172665214352335     
 -4.015935099177752E-003
  0.132460807077621     
  3.669050510835235E-003
 -0.303490681408454     
  8.076663038769363E-002
 -0.410993850518285     
  0.658471864351268     
  0.763485292583825     
 -9.615193200077306E-002
  6.865953192756581E-002
 -9.837181759984512E-002
 -0.229107440576402     
  0.143473120321885     
  0.134053588379623     
  0.192474108728459     
  0.125921271953075     
 -0.442628911314228     
  8.937237150053276E-002
 -0.168397985650830     
  6.086219013286570E-002
 -4.311095191643558E-002
  0.193268711045199     
  0.459847372853564     
 -0.165879901208856     
 -0.201719437470124     
  9.477572298480695E-002
 -0.328076778105727     
 -2.600459357673743E-002
 -0.254148588882386     
 -8.338830765189906E-003
  8.238584212549140E-002
 -0.117391204422253     
  0.152207093962116     
 -8.916992118867324E-002
 -0.337777620330048     
  3.073563095448940E-002
 -0.206202708951958     
 -0.207305287169676     
 -0.252919076044123     
  5.132732402050312E-002
  0.126026613354855     
  0.152135801010631     
 -8.908717815351930E-002
 -0.484812196277046     
 -0.181956756481661     
 -0.178559175718457     
 -0.240057881939782     
 -0.112819123538838     
 -0.354748638822463     
  0.480962886451418     
  8.738456482858258E-002
  0.248858249429041     
 -0.140702941484902     
  0.120277193448705     
  0.429089801367992     
 -0.146424623952207     
 -0.139747937156960     
 -0.260328533759717     
 -0.366861597399334     
 -6.312613496774283E-002
  0.348878536874659     
 -1.116555419473073E-002
  1.223609799175268E-002
  4.984267353813453E-002
 -0.108231672636400     
 -8.885473764805216E-002
  0.217297106907513     
  0.297778865517161     
 -0.487579912682348     
 -0.231842983107077     
 -0.294268599493376     
  0.364549906735236     
 -0.261120705255362     
  0.115450499069343     
  8.631317509049258E-002
 -0.253068584804991     
 -0.123560601175318     
  2.311007330960334E-002
  0.189161268602716     
 -0.222339766447898     
 -2.507635044903708E-002
  0.449460852944198     
  0.133117120845440     
 -0.381129026620223     
 -0.286952074116989     
  0.195738290885169     
  2.918589933989564E-002
  0.185615245451423     
  3.846961692243876E-002
 -3.464949214217765E-002
  0.270040598169943     
 -0.104013287129009     
 -4.956139339347807E-002
 -0.198125586341983     
  0.296632744058870     
  9.501341330788492E-002
 -0.414439768846850     
  5.157945231361361E-002
  6.645425460380144E-002
 -0.170826614494581     
 -0.197439905136789     
  0.167506214439815     
 -2.612642112416803E-002
 -0.271279934790084     
  3.014630872660076E-003
 -0.154503644925451     
 -0.285051041555912     
  0.230597787842927     
  0.140255652343514     
 -0.115073979516346     
 -9.511677108269143E-002
 -0.243046519379427     
 -2.374423039212093E-002
 -0.236688745912187     
 -0.326800406475215     
  0.387645192361785     
 -6.944561004591682E-002
 -0.333985090971969     
  0.398599179834523     
  9.350963541414448E-002
 -0.102139891082953     
 -0.112544809259844     
  0.651429649600381     
  0.110646628651421     
  0.354110547311052     
 -2.343402078002298E-002
  0.493161879520419     
  0.559596598865435     
  0.207516825496832     
  0.101397589158608     
 -0.117488499775320     
 -0.142417878812857     
 -0.321797558335160     
 -0.128063226497205     
 -0.234359149113595     
 -5.828522461285587E-002
 -0.410840522377179     
  5.799528514757746E-002
  0.260243324207102     
 -0.456303399973190     
 -0.327863683470221     
  0.790813040370177     
  0.211431379646569     
 -2.670605025874386E-002
 -0.218397462773542     
 -8.133380125044287E-002
  3.158882620795386E-002
 -8.123407645212849E-002
 -7.764423892534240E-002
 -8.639851644647838E-002
 -0.481429812217478     
  0.266546019253472     
  0.379908864685845     
 -0.175224223321766     
 -0.258980971356871     
 -0.122464379712372     
 -0.474124339313998     
  0.145313796218965     
 -5.326125031969567E-002
 -2.054457334550907E-002
 -0.162292827333267     
 -0.442395438832253     
 -0.413206949151629     
  8.149474089285255E-002
  0.581609548555320     
 -8.709767827986452E-002
  0.146188175098503     
 -0.850894828301360     
 -0.106712048806825     
  0.365157165904554     
  0.561487294670618     
 -0.137335552045866     
  6.740538778418022E-002
  6.257810013841528E-003
 -3.869808216689413E-002
 -0.237042889103891     
 -0.193063986555665     
 -0.123142157500570     
  0.182566226853188     
 -0.258430573071984     
  0.198041296061829     
  0.186964882966421     
 -2.151279350219300E-003
  0.313004528929274     
  7.780239729229113E-002
 -0.155517425250535     
 -0.183756811758491     
 -9.319515433791846E-002
 -0.204843203739912     
 -7.474535147680926E-002
 -0.201494286532515     
  7.913166946328129E-002
  5.900886221284661E-002
 -0.542559599331442     
 -0.151428940987893     
  0.106943088549455     
  1.604366455718781E-002
 -2.540627986674289E-003
  0.120463945215629     
 -0.277250679786382     
  0.229482391498795     
 -0.287935424194222     
 -0.166165009018802     
  0.166148338528450     
  0.160532445650055     
  0.224718326967160     
 -0.563189498534221     
  6.833978316290469E-002
  0.192836136106455     
 -2.765182247545456E-002
  0.186212320084364     
 -0.184426569390803     
  8.359329216158812E-002
  0.373820842211598     
  1.200681185505663E-002
 -0.197446489873915     
  0.285596717331244     
  0.368033461926591     
 -0.340814327622443     
 -0.199727696410014     
  0.139654722099426     
 -0.209526746247600     
  0.155036066777633     
  0.176596673758953     
  0.340883134900152     
  0.398336422041810     
 -0.297526125816095     
  0.274392329844317     
  0.220616601136344     
 -0.772475149933901     
 -0.148504714383942     
 -6.008649931464843E-002
 -8.643273750296263E-003
 -0.194027542140560     
  0.231905617052081     
 -0.132281476943656     
  0.400382896542054     
  0.323803715017311     
 -5.489821299130296E-003
  0.112413306766865     
  0.340022456373258     
 -8.268881856498846E-002
  0.264795854787504     
 -0.232319804128127     
 -0.117983985374010     
  9.145455229304392E-002
  0.276642231735983     
 -5.414616243060956E-002
  4.605879125857700E-002
  0.408032943392117     
 -0.241560940377401     
 -2.847456885902834E-003
 -9.175419361061166E-002
 -0.134170327845235     
 -4.947976660008844E-002
 -0.386720880773897     
  0.139357001900318     
  0.104862404730247     
  5.728573250274012E-003
 -9.201098377462032E-002
  0.351688565375816     
 -0.125332530545502     
 -0.193994049467055     
  0.281859003166685     
  0.273550713007620     
  0.146671049611709     
 -0.279337858801166     
  0.233233896253505     
 -0.338356608624855     
  5.521187054670827E-002
  0.126433945114815     
  0.121338416125972     
 -0.108687900624100     
  8.579275841622645E-002
  0.165203256465261     
  0.343182085236686     
 -0.408237672506493     
 -0.214213960748824     
 -9.715677044345346E-002
 -7.870573186624510E-002
  0.204070762983532     
 -0.254962837431720     
 -0.219993862692129     
  2.303023456858943E-003
  0.120695652597211     
 -0.264804523195096     
  0.152003374452781     
 -0.155669371751170     
  0.214793747302947     
  0.148712525794827     
  0.216599919008977     
 -0.222306010399247     
  0.222379710332165     
 -0.147966472257500     
 -0.290178821099632     
  6.749611456552150E-002
 -0.104866462790102     
  0.204181821758993     
 -0.169998282464889     
 -0.114448036740069     
 -0.425698325878192     
 -0.163584439128060     
 -0.265990758060671     
 -1.691757640661578E-003
  0.193344943193436     
 -1.851874881036311E-003
 -0.211761073658145     
  0.385934321704369     
  0.309278279695412     
 -0.116959987337405     
  4.461671041334214E-002
  0.227953653351669     
  1.601007049451706E-002
  0.273324189426671     
  0.537473322088658     
 -0.192426747010576     
 -0.126215571501733     
  0.391468540055653     
  0.458836907639562     
 -0.374904533147840     
 -0.455347102209253     
  1.984236683016731E-002
  0.231278415348489     
  0.105539896098270     
 -8.520808403718150E-002
 -0.171728414265023     
  0.279269397986542     
  4.546394529407773E-002
 -9.141612556796062E-002
 -0.319341125568902     
  0.250525086925670     
  0.345065699394388     
 -0.225124892011915     
 -4.199378878725504E-002
 -0.151444282375169     
  0.204733295707737     
  0.121153992836482     
 -0.181338610854547     
  7.144882159146981E-002
 -0.142036140602172     
 -3.770519764408056E-002
  9.260672871078283E-003
 -0.319894715420639     
  0.350610210908551     
 -0.780508456729686     
  0.255109633696408     
 -5.496474361793351E-002
 -0.380069369973829     
 -0.346298099726104     
  0.358915894691014     
 -7.666851732852671E-002
 -3.562807328066200E-002
 -0.526372445789024     
 -0.122408487100055     
  0.102171757650166     
 -8.063799802870216E-003
 -0.327086393734121     
 -2.038647086403236E-002
  2.096862602058196E-002
  0.251442042455643     
 -0.215087742638212     
 -5.195731058952692E-002
  0.266773130984698     
 -7.510951000965335E-002
 -0.121784882598596     
  0.398375552895695     
 -9.687398250608334E-003
 -9.002592671928364E-002
 -0.172577712470085     
 -0.321423676844208     
 -0.187753202268865     
  0.182600931943922     
  8.652254330549285E-002
 -3.902316788678821E-002
  8.344121557556200E-002
  9.144769041883881E-002
  0.188269073846949     
  0.254827058210373     
 -5.890308625261855E-003
 -7.722259285945926E-002
 -0.256933374142153     
 -0.413557467907581     
 -0.176142034207698     
 -0.136665334794338     
 -2.395640563279055E-002
  0.439647187589483     
  5.556734694216097E-002
 -6.305439299948963E-002
  0.319608001083768     
  0.142696963757282     
  0.113225612502411     
 -8.147394010777159E-003
 -0.162452991350760     
 -0.312944755218103     
  0.172349657003888     
 -8.129623204689528E-002
 -0.218386097877296     
  0.249754996807155     
  5.161172085379495E-003
 -2.693184624239462E-002
 -8.689772636084456E-003
  0.329856613345417     
 -0.281576768766927     
  0.414179422707962     
 -9.383875540557083E-003
 -5.670517348472426E-002
  0.283880998931954     
 -0.273089626053935     
 -0.178971072195205     
  0.605219939499139     
  0.568581522525469     
  9.278190137758241E-002
  0.249664534601751     
 -0.205533557190867     
 -9.033956380352848E-002
 -0.280294902036018     
  0.136292149811016     
 -0.136572927211436     
  8.481789973914811E-002
 -2.171600187391810E-002
  0.440899027607724     
  0.253927311346365     
 -0.177651224822242     
 -0.806312342669357     
 -0.179522811703219     
  9.119112820404775E-002
  7.167401366885819E-002
  7.657581938487568E-002
 -9.033610825363867E-003
 -0.182556668194053     
  6.998285916604864E-002
  0.184897868376885     
 -0.102244963716797     
  0.120876778941383     
 -0.616316362182246     
  0.192443212255350     
  7.672248778718527E-002
  3.961492285041182E-002
 -0.139890456031817     
  3.931588722090914E-002
  0.425960974145998     
  0.153115017152496     
 -0.297829761794756     
  0.323300023839815     
 -9.904261412331929E-002
 -0.106373496662352     
  4.127162766627540E-003
 -0.220787348679419     
 -0.176707595132498     
 -0.114985410992827     
  0.234556499790948     
 -4.921662116204509E-002
 -1.079664457450887E-002
 -0.180936954462875     
 -0.318227708359401     
  0.291030475650621     
 -0.298323938338098     
 -0.255036520061559     
 -4.065817433545252E-002
 -0.240872120237365     
  6.129037846967357E-002
  0.146206025994677     
 -1.754491162441847E-002
 -5.585186964056626E-002
 -0.492650652543371     
 -6.530092599314238E-002
 -0.260524308069401     
 -0.115607476018921     
  0.230149144527876     
  6.959158517330409E-002
  0.272939684150901     
 -4.996415031363287E-002
 -0.246991844542499     
  0.234635587771865     
 -9.377297321383947E-003
  2.848955368794618E-002
  5.704970242602721E-002
  0.259359619523322     
 -0.265047962766797     
  6.952851466379721E-002
 -6.931814663831748E-002
  0.123504469399252     
  2.602443271351762E-002
 -0.141091581864604     
  0.128043687917952     
 -0.271183249348765     
  0.298357218740718     
 -6.677750527993224E-002
 -0.311966859254000     
 -0.254546290588897     
 -0.146855771975453     
 -0.188871479693148     
 -0.203852644471759     
  0.105990531833483     
  7.780441009156301E-002
 -0.185869215684236     
 -9.577980910585303E-003
  1.667245571968781E-002
  0.281594963259560     
 -0.130471689632715     
 -0.179626342649467     
  3.967339704323675E-002
 -9.061341997546206E-002
 -0.549351688004663     
 -5.718507980470387E-002
  2.544350160816667E-003
  4.441872185677617E-002
  5.550534822959640E-002
 -0.148988013840067     
  5.763300132253348E-002
  0.172617115162857     
  0.111881576404897     
  2.492548379058962E-002
  7.414228223346504E-002
 -0.156376698661185     
  0.229152921297083     
 -1.135764836073220E-002
  0.305497811452754     
 -0.404848219486149     
  0.131294925418618     
  0.153803831672792     
  0.155157177235677     
 -0.107766908609277     
  4.194696972086296E-002
 -3.831462738398704E-003
  8.844325284555973E-002
 -0.146348303413461     
  0.183204374958052     
  0.271555291944674     
 -0.245943595963623     
  0.358651929113628     
  9.199410459311002E-003
  0.124222426814302     
 -9.879363221790041E-002
 -0.206379293217294     
  8.818145679588318E-002
  0.122446237577833     
  6.211659117266546E-002
  0.209834922206698     
 -3.049330086813872E-002
 -0.224074860424929     
 -3.786027356643762E-002
  0.197602247056408     
  0.218246126236291     
 -5.838781524529883E-002
  8.741429100583593E-002
  0.246127538568955     
  1.935455211707078E-002
  6.186744719728403E-002
 -0.240234418491476     
  0.341880045113217     
  0.103939097155889     
 -0.266702454771228     
  6.585811924664420E-002
 -0.121664625767987     
  7.978571598661188E-002
 -0.262285899916696     
  0.135008097625161     
  3.761709509501703E-002
  8.627855028212614E-002
  0.147154556552192     
  0.219373369141707     
  0.148474178298222     
 -0.106306017526830     
 -3.405343340556449E-002
  5.423976983365190E-002
  6.863538202885977E-002
 -8.311656113184603E-002
  0.390729188596983     
  0.154455519154594     
  0.208792036891920     
 -4.806491006524920E-002
 -0.325991043873438     
  0.189376419222759     
 -0.229313518931986     
 -0.260112439188592     
  0.111698369393644     
 -0.445908730079001     
  1.789736083008099E-002
  0.198897417487558     
  9.945331512012066E-003
  5.191050835772752E-002
  0.268632176202138     
 -5.602498734816720E-002
 -0.125241644173090     
 -9.064425580977327E-002
  0.103259259571023     
 -6.834691361197738E-002
  6.643713528232929E-002
 -0.268971077392521     
 -0.218901948096514     
  7.788546700717741E-002
  0.335585468898991     
  0.148946607136143     
 -0.427715897278693     
  0.189744593882310     
  0.448231681887322     
  0.280683594721351     
  7.268463501183364E-002
  8.019706249990910E-003
 -0.259426495193979     
 -0.345251828067918     
 -0.273750272036994     
 -0.373908663363882     
 -8.996661720275370E-003
 -0.485450120456395     
 -2.369060094754930E-002
 -6.648074079116441E-002
  0.131214467570220     
  0.230990911320787     
  7.547620290716686E-002
 -0.194332366969965     
  0.370490362880064     
 -7.505923846278728E-002
 -0.130595110042965     
 -5.736654096963395E-002
  0.314048602673180     
 -9.125868267115995E-002
  0.221451569302608     
  0.258836232057920     
  2.689591528151228E-002
 -0.265244550807457     
  0.303500179849334     
  0.491979289283258     
  0.345446589584493     
 
 -0.101093764311885     
  0.488243844154392     
 -4.512198542867082E-002
 -0.662553186591556     
 -7.971174808272639E-002
  6.713984058969202E-002
 -5.327515069450610E-002
  5.369117340484116E-002
 -0.228393875341343     
 -0.510063148346190     
 -0.158050785560286     
  0.510456933739865     
  9.873724482758375E-002
  0.120588897976062     
 -0.268748328804432     
  0.417060692718522     
 -0.220828703851448     
 -0.190127415220421     
  0.134546262659249     
  1.147058171714602E-003
  0.193708253295862     
  0.175686060283326     
 -0.167213037391892     
 -0.381351805562525     
 -0.356943677187747     
  6.478125011326386E-002
  0.216850351369362     
 -9.644028451485999E-003
  0.148303756173516     
  0.173358143697232     
 
  -9.67456883046924     
  0.782683529602237     
   3.39388171168025     
   4.38380757254653     
  -1.73596940907267     
   1.02539341999191     
  0.205973122014871     
  -3.18090316312702     
 -0.901440706515372     
   2.14778952196065     
  -1.47500525108866     
   8.66498815872236     
  0.494297600625413     
  -2.18475539263618     
  0.265069575830295     
  -2.19704166190748     
 -0.623247530811879     
  7.565666644500901E-002
   2.54889696999662     
  -2.63163900161718     
 -0.368515062450938     
  -3.43109672871811     
  -3.91674499923177     
 -0.689889190793672     
   3.53123899243558     
  -1.78667160356519     
  0.605086001990145     
 -0.243913539103347     
  -1.85733578329838     
  -3.72314961621160     
 
 -1.366165487804878E-003
 
  tansig  tansig 
