     33 -    30 -    30 -     1 
rmse=  23.4072meV
 -4.739625701943213E-002
  0.473363146021950     
 -0.167593333649192     
 -0.467337331837213     
 -9.146552998044395E-002
 -2.745809011625248E-002
  7.553425664329737E-002
 -0.639560354302760     
 -5.321945659200094E-002
 -0.260450374999170     
  0.123459472107502     
 -0.543752723776152     
   1.00426767335717     
 -0.916039744630381     
  5.596078225733667E-002
 -2.272031179445912E-002
  8.454851447792362E-002
  8.288903328856692E-002
 -0.163870784458123     
  1.278284887046136E-002
  0.386763165796818     
 -0.206923846099092     
 -8.118692546976006E-002
  0.155037040701353     
  0.373378252972332     
 -0.230111294565981     
  0.250366604740847     
 -0.511228683951182     
  0.402363740949659     
  0.206920640888541     
  0.193286585871857     
  0.225866629328845     
 -0.346614159906520     
  0.401867209718497     
 -0.213313252994462     
  0.910005043761744     
 -0.542574730643052     
 -0.346113786833201     
  3.085463316785347E-002
  0.389766211849860     
  6.929342192291785E-002
 -0.259942572378789     
 -0.209693271981137     
 -0.291497620751001     
  0.433039667298010     
 -0.319568100049802     
  0.127061388840829     
 -0.305358925501981     
  0.284046386461896     
  0.342752652708488     
 -0.460825970383767     
 -0.129680799645852     
  0.387295680315082     
  2.739758579115937E-002
 -3.709173455631645E-002
 -0.402845473785996     
  0.112236965486323     
 -6.926773926752865E-002
  0.111852157894595     
  0.374949761323298     
 -0.249708923728583     
  5.963051903880294E-002
  0.153407868077240     
  0.160111911043036     
 -0.159608849710090     
 -1.207812975258564E-002
  -1.10107748204963     
 -0.175927880618147     
   1.44989480531978     
  5.083645887509425E-002
  -1.07897552163989     
 -0.182090990710160     
  0.132029071960211     
  0.271601276366328     
 -0.146748367392777     
 -7.550517410698537E-002
 -6.131978987319865E-002
 -0.454687538504656     
  0.510415490369492     
 -0.268384329232639     
 -0.641306812251455     
   1.46411633571068     
  0.209583603868623     
 -0.164331928474897     
  2.129907904107401E-002
 -0.121113500387339     
  0.233389939486894     
  0.145859589842852     
 -0.482181994880590     
  0.242427720203563     
 -0.503479970135273     
  0.166032838722174     
  0.509357662371779     
  5.682225423500675E-002
  0.337998669873162     
 -4.246223729628672E-002
 -1.383714784574453E-002
  0.265791426539969     
 -4.164607162923464E-002
 -0.247116903650337     
 -2.840168993060242E-002
  0.303973599090400     
 -7.537400902828538E-002
 -0.161825333467796     
 -0.113574676543207     
 -0.215751634977747     
  0.545947340532011     
  0.478175759179068     
 -5.639141996160390E-002
 -9.147468563805857E-003
  0.182950020334947     
  0.159384793981933     
  0.305818231487769     
 -0.211938608497252     
 -0.513973585562625     
 -0.119595262912160     
  0.222663077717287     
 -0.646636300911602     
 -0.313211339591623     
 -9.374497296801647E-002
  0.529355351654634     
  0.653924588178054     
 -0.244723104652806     
 -0.253369327070039     
  4.549726429206453E-002
  3.884916716725523E-002
 -0.269823295511240     
  0.130654541470475     
  0.249994854357889     
 -8.007919641288969E-002
 -0.482423413839255     
  0.167451924690660     
 -0.109770805441147     
 -0.225663783225970     
  0.285585013373223     
  4.024930341578774E-003
 -0.112490926852671     
  0.165340642116066     
  0.543094056236429     
  0.283417152496233     
  0.287183825122968     
 -0.125966011760562     
 -4.130261802157217E-002
 -0.282070348311873     
 -0.238343002883618     
 -0.370208538951197     
 -0.873747237584447     
 -4.699704974476965E-002
  0.127758208548974     
  0.428855685148111     
  0.344207838898114     
  0.598188310482400     
 -0.411583805422171     
 -0.996194306172814     
  3.564229443654881E-002
 -0.425148357672014     
 -0.462531514653415     
 -2.045754285086729E-002
 -9.775713861505431E-002
 -0.146741097412794     
  0.166645003249849     
  0.189030346938863     
  0.361016532912637     
 -7.300781833304129E-002
  0.151896792489701     
  0.424524093434669     
 -0.193724217335652     
 -0.434953399672979     
 -0.560800471885215     
 -0.187310531167609     
 -0.117829751760103     
 -0.127109969578200     
  0.177305652813766     
 -5.406686166468427E-002
  0.221560695082144     
  0.190410427483365     
  0.293625486672800     
  -1.28514216291097     
 -0.584141132987515     
  0.229828459351443     
 -0.160258091564601     
 -3.284949533512777E-002
  0.138857695676749     
 -0.555794913193635     
  0.196256922253855     
  0.188499235569278     
  4.229895897227980E-002
 -0.193564931090369     
 -6.191194457697289E-002
  0.193659380140527     
 -5.844883506064322E-002
 -0.347590054609753     
 -0.199656314843405     
 -0.238491161470853     
 -0.335663638582688     
 -0.179271629705008     
  0.266360641596585     
  2.144848767060495E-002
  0.111127898262696     
  3.070818983385103E-002
  0.617118776176598     
  1.202244977999477E-002
 -0.241093979406538     
  0.304979634131230     
  0.112593460674663     
 -8.559023329071974E-002
 -6.016964246456125E-002
  0.144429202108979     
 -0.480600400926572     
  0.387156750459420     
 -2.391006705192133E-002
  0.437431714428285     
  7.714287361633058E-002
  0.201762044587191     
  9.452413318216492E-002
  0.481249385427708     
 -0.776319997781630     
  8.710080317042321E-002
 -0.263808480446477     
 -0.768377949074664     
 -6.724265313854143E-002
  0.480235513959359     
  0.480411856191891     
 -0.126925044059872     
 -0.215195114182702     
  0.221461047481091     
  0.120564532558181     
  0.116878142220840     
 -2.201591418256554E-002
  0.245698546830063     
  0.448415720067844     
  0.144175461307091     
 -0.532127058953089     
  0.615533569597699     
  0.526950117125940     
  6.792023837485039E-003
 -0.231696100881515     
  9.805225581130088E-002
  0.429084240673208     
  0.317776874134565     
 -3.462570026989549E-002
 -6.625868384746186E-002
 -0.205713269906541     
 -0.741598469048940     
  0.675700802239117     
  0.190131892936680     
  9.510669211057968E-002
 -0.202057256351344     
 -3.665985686885928E-004
 -1.393029280510071E-002
 -0.376634128551545     
 -0.604927135398980     
 -0.168508804783592     
 -0.558541108283349     
  0.333402210719484     
 -0.664556930071753     
 -0.183676235772833     
  4.614642154340842E-002
 -0.225983569180776     
 -7.810323545538320E-002
  0.303232418969303     
  0.400034525039233     
 -0.151518617921066     
  0.292930448787823     
  0.208464534790852     
  0.151065243892039     
  0.120451567149528     
 -0.221315993475438     
 -0.511483950842724     
 -0.566703686399396     
 -0.270476411547355     
  1.645321076348901E-002
  8.011640350134158E-002
 -4.967654355129646E-002
 -0.187917033323072     
  0.211039293402129     
 -1.282144273805123E-002
 -0.183926678767609     
  0.316979420576590     
  5.106892879106510E-004
  3.387721310513067E-002
  0.133638853922022     
 -3.006163255189326E-002
 -0.172716479797374     
  0.110810610466310     
 -0.547895167844314     
 -0.467945838991863     
 -0.786109477473497     
 -0.136808779936945     
  1.002209029878836E-002
  0.344921311778237     
  2.432718976712200E-002
 -8.874049619470835E-002
  0.204509908147413     
 -0.100853476739745     
 -0.313949102408323     
 -0.362839373774383     
   1.04900720939458     
 -0.455808926890418     
  0.894407572247364     
  0.580494970559207     
 -0.548959670478242     
 -0.252692233377243     
  0.275926996517042     
 -0.123514437940906     
  0.193520434631014     
 -0.229137465165150     
  0.448868384853008     
  0.794837569601237     
 -0.644584274439213     
  0.438345103641638     
 -0.212971871657799     
 -0.746222010508447     
  0.285119401409696     
  0.194390970039364     
  0.555155834404062     
  1.081564780696936E-003
 -0.255196058043109     
 -3.277717522924833E-002
 -0.609561832178241     
  0.145387034977922     
  0.293256802110957     
 -0.403409587741363     
 -0.267702390587892     
 -0.285248350829656     
  0.233503327989662     
 -0.209834180868466     
 -0.528089648112708     
 -0.355332806332490     
  0.235364944147631     
 -0.137758492473247     
  0.939592452363833     
 -0.232683106662892     
  0.725023565213555     
  0.380739434084876     
  0.294065690896436     
  0.141228324247883     
 -0.238684602969331     
  0.201316174400025     
  9.636090234176017E-002
 -0.515675820138267     
 -5.811743619143550E-002
   1.28240164695490     
 -0.801031417629825     
 -3.100695062952373E-002
 -0.247737067004711     
 -6.316203383510058E-002
 -0.131567786357799     
  8.657744674819180E-002
 -0.204701734479550     
  0.104942897538270     
  0.363882835414735     
 -0.111613677918972     
 -8.677426198717908E-002
 -0.262086798773051     
 -0.338851007511737     
 -0.244580924094577     
  7.812793862417738E-002
  0.158803287169801     
  7.340678772430972E-002
 -3.814727482773103E-002
  0.132544708035991     
 -0.253470724904491     
 -0.770545555652460     
   1.44690225676283     
 -0.639520306074852     
  5.763101682571512E-002
  0.340507958419374     
 -0.364368204876842     
 -0.504830804942391     
  4.106597675963368E-002
  5.935153778894534E-002
 -7.260172380529469E-002
 -0.106921806150502     
 -0.466712120920550     
  0.540310630665090     
 -0.629823699594143     
  0.180205977058644     
  0.381961565018548     
  0.155360329651435     
 -6.958948777317181E-002
  0.260176413674175     
 -4.679173066749308E-002
  0.218494432077785     
 -0.185439061842597     
 -0.373246083909450     
 -0.119335525514718     
  0.878734369885766     
 -0.334742956694883     
 -0.284345831791764     
  0.762361313464833     
  0.104200214552185     
  0.145235906513753     
 -0.153913539516852     
  1.553230290620304E-002
 -0.124192047323646     
 -8.434974929733956E-002
 -1.807547585908578E-002
 -0.204905394871740     
 -0.535914214670124     
  3.158482434668398E-002
  0.253026369660705     
  0.111426053971478     
 -0.220948407278870     
 -4.224910708308448E-002
  0.547071983411596     
  0.750854905226359     
 -0.185271809097794     
  0.320765061271142     
  0.124215149671128     
 -0.368482615153044     
  0.177540020723315     
 -0.426137315755449     
  0.130719244251393     
  6.770392564931924E-003
  0.524302473650145     
  4.900830139371601E-002
  0.157614662788037     
 -5.928105463313128E-002
 -0.571849017028088     
 -0.274570415751306     
  0.192690419258766     
 -4.019758962067338E-002
 -0.536499786519971     
 -0.143136481599711     
 -0.409147034203152     
  6.141927895082534E-003
  0.310981205312569     
  0.273165087057501     
  0.258080459969078     
 -8.298735721346634E-002
  0.501480465405955     
 -0.320119786405984     
 -2.314694970594058E-002
  0.243976822859162     
 -0.405925148859720     
 -0.301585439866046     
  3.184658821775620E-002
 -0.224033343269853     
  9.179782727015296E-003
  0.513389458177759     
 -0.379169277273844     
 -0.128441788201602     
  0.339547951168442     
  0.546421543416634     
 -0.361305325648650     
   1.02277257377274     
 -0.154040023969637     
  1.906940610211230E-002
  0.107993624888061     
  0.184878172034325     
 -0.492780341829550     
 -0.473359561551320     
 -0.391845470146124     
  0.466636917729019     
 -0.210441540178492     
 -0.210154517839408     
  0.326400729624642     
  8.605411962134524E-002
  4.974543248068658E-002
 -0.336128743290169     
  9.969496030527578E-002
  0.258730471414498     
  0.298015696520903     
  0.363475960208438     
  4.510074991018054E-002
  6.098352868883876E-002
  0.314771617771946     
 -3.956456514229999E-002
 -4.557818913158734E-002
 -6.884948335542913E-002
 -0.281355877000167     
 -6.675001516948663E-002
 -0.419876158152862     
 -0.205512681788586     
  2.447244561790993E-002
 -7.236008752302632E-002
  3.537160951671459E-002
 -1.932216712435694E-002
  3.483685172501363E-003
 -3.586902995027925E-002
 -0.266532498375558     
 -0.562524995417248     
  9.389724316910671E-002
  0.119164156574374     
  0.510466911354153     
 -0.399888630057738     
  0.267740349293494     
 -0.461642130422323     
 -0.122599141987321     
  0.152777517133675     
 -0.205649439186937     
 -8.017872454875036E-002
 -0.398456504770189     
 -0.448502780058120     
 -0.106672506322978     
 -0.368299945663001     
 -0.889894111361282     
  0.174759681391707     
 -8.525016617457679E-002
  0.370541317898199     
  0.484390854648993     
  0.259835524376413     
 -1.426556288546978E-002
 -0.112967540759109     
  2.973698538918832E-003
 -0.724387445460701     
  0.218838736379923     
  0.136441159294375     
 -0.326163069988759     
  0.592017013479676     
  2.293172812699786E-002
 -0.232110206679299     
  0.386745370386051     
  6.730251712995911E-002
 -0.569685562954843     
 -0.217924211171555     
  0.927072485667195     
  0.374952041579937     
 -0.118190901284043     
  1.539500872386041E-002
 -5.087869465463180E-002
  0.248508101919238     
 -0.157170544610772     
 -0.581128604555758     
 -0.442349738430612     
 -0.217382708985068     
  0.486348532032534     
 -0.267258957004791     
 -0.378696170166406     
 -1.537528804731333E-002
 -9.636163570556781E-002
 -1.831164042737743E-002
  3.280036175980361E-002
 -0.210076355269871     
 -0.193489977287480     
  7.263198082253695E-002
 -2.995240452435251E-002
  1.541323587446623E-003
 -0.502580122082855     
 -0.125305647389262     
  0.380658012031361     
 -0.231079322721573     
  8.348986865878115E-002
 -9.548171099275318E-002
  0.420370773917352     
 -7.611272027679421E-002
 -0.130294177103340     
  0.508268413439647     
  0.441906299848129     
 -0.969741556569205     
  5.531723995031912E-004
  0.190695171015097     
  0.174581449385168     
  2.353671819738025E-002
  0.469544479003372     
  0.542548766021153     
 -0.397284227137336     
 -0.184458655561425     
  0.566114583889736     
 -7.634081903266123E-002
 -8.053513668076961E-002
 -0.720903533321894     
  0.318620069006611     
 -0.435898770128252     
  0.208363338542030     
  1.540774231423411E-002
  3.408901326434317E-002
  0.343773370993478     
  9.930464171092082E-002
  0.138376582576983     
  0.280038898584451     
  0.595075032168450     
 -0.158989744823966     
  1.302963916201588E-002
 -0.347557100801771     
 -6.830154800280697E-002
 -0.389304057361128     
  0.356110848716172     
  0.176499828403156     
 -8.910857039118578E-002
 -0.351262416867660     
  3.828242631263550E-003
  0.693661407039093     
  0.294610449165952     
  0.263792035803358     
 -0.362654056198384     
  0.324414057393158     
 -6.787487386045571E-002
 -0.587949427803862     
 -0.209314455592457     
 -8.430370008250941E-002
 -0.504514643761949     
 -7.880185785712950E-002
 -0.261468388270328     
  0.496535419786417     
 -0.294446118493905     
 -0.408491164754212     
 -0.395284555652558     
 -1.616850607662643E-002
  0.262068587043302     
 -0.129619680034324     
 -0.127303665077777     
  0.272180379477499     
  0.223716381358144     
  -1.38402848127466     
  0.260964315934475     
  2.781452699560115E-002
  8.973974874340439E-003
  6.995405503216680E-002
 -0.285885870056633     
 -0.478642487563240     
  0.141666863030847     
 -0.355120470267629     
  0.319257130584443     
  0.166220751885909     
 -0.275982790057691     
 -0.425106087661111     
  0.640756136063790     
  0.203533562950722     
 -0.145554191393084     
 -0.259526105074519     
  2.882935838424503E-002
  0.332802378657019     
 -0.480895053214200     
  0.151313115157432     
  2.901851933214634E-002
  0.339028186972086     
  7.288263116937370E-002
 -0.211332380186823     
  0.261461986929311     
 -0.180075253531026     
 -0.189525406688166     
  0.221621482265936     
  0.102820825983879     
 -0.107076702431695     
 -0.231098365853357     
  3.207323436322376E-002
 -0.202006690523377     
 -7.212171994535475E-002
  4.853731577095220E-002
  0.211560524507867     
  0.108426696603997     
  0.214583437611562     
  0.596532454646048     
  0.621442162541754     
  0.692774797910814     
  0.393478760131224     
 -9.907136245010026E-002
  6.125931223822838E-002
  0.998966752351268     
 -0.205308843026828     
 -0.252031525408785     
 -0.470109964117056     
  4.389368923293521E-002
  0.128991133907399     
 -0.315434588313016     
 -9.364161496840978E-002
 -2.963272602784507E-002
  7.791240339866257E-002
  8.823981767910914E-002
 -0.152130262120639     
  0.358777192824670     
  0.314512186726582     
  0.208583740907918     
 -4.074680437516837E-002
  0.303686275997898     
  0.553664367568938     
 -0.123098478566780     
 -3.862985901404353E-002
  0.114685376599630     
   1.06211087170499     
  0.115598880161937     
 -0.263772533147376     
 -5.373725030497480E-002
 -0.202683830466474     
 -0.161646142452298     
  0.133191871262910     
 -8.023529039554270E-002
 -9.344216292572646E-002
  4.391614544469848E-002
  0.328811810847934     
  0.309070699530384     
  0.505761774744267     
  0.339016797220727     
 -0.428772053248440     
 -0.404827558317675     
 -3.289610698469472E-002
 -0.271643390468739     
 -0.213818727577488     
  0.176329829424773     
 -8.541135124743882E-002
  0.391285775711142     
 -0.510749641429824     
 -0.446439949653347     
 -0.162025943718699     
  0.619225103599987     
 -6.599686098270198E-002
 -0.581793199995578     
  9.515757223453523E-002
 -0.237528150070312     
  4.422365542012129E-002
 -0.359514791420112     
 -0.355636826925604     
 -0.438506161029977     
 -0.248872520584586     
  0.380238121295682     
  0.390237108606900     
 -0.567202740994651     
 -0.537711604144631     
 -0.176786582372091     
 -0.487590696384616     
 -0.918234685714466     
 -0.685672154886193     
 -0.385995105804440     
  0.532402201140772     
  0.153938487713910     
  7.427847384178655E-002
 -9.573661016955876E-002
  0.200472574595101     
  0.213379857656179     
  0.182166772025793     
  0.526571388467400     
  0.701302444208298     
  0.367082842977933     
 -0.327129993125820     
  0.794653950390477     
 -0.565722839273760     
 -0.775334832732533     
 -0.428142921144927     
 -0.270117403449919     
 -9.926388362756716E-002
  7.162102409814268E-002
 -5.632282018096235E-002
 -0.453584210684584     
 -5.322768837498524E-003
  0.120044679273304     
  0.784481416958063     
  -1.00243280594475     
  0.779212796756747     
 -3.243728056251248E-002
 -0.234726494929642     
  0.166901802241534     
  9.027307952345195E-002
  0.350021378382228     
  0.136369321022234     
  4.481328002146526E-002
 -0.356199467841231     
  6.155397721754601E-002
  0.547075591485451     
 -0.614561093192654     
  0.555164292059677     
 -0.485970631121237     
  0.105051115505071     
  0.295761834853796     
  0.149524523324635     
  0.125329308656485     
  0.158546711683516     
  5.282367991875823E-002
 -8.595628737566174E-002
  0.290140412279245     
 -0.669139087735054     
  0.265110178723954     
 -0.445610403679470     
 -0.560425161382796     
 -9.894800129977886E-002
 -8.217838749450476E-002
 -9.472774798596188E-002
 -0.456121188482236     
 -0.296993753662416     
  0.421750049805017     
  0.346312477524764     
 -0.217305372373404     
 -0.290069604811001     
 -0.389106594043455     
  0.589756364359976     
 -0.200417925409288     
 -0.204375630601474     
  0.162493541247436     
 -0.128734191170971     
  0.544917036750427     
  0.630095035186515     
 -0.665483048652365     
  0.243650905441696     
 -0.280319729577167     
  0.512130754080022     
 -9.958670540785647E-002
  0.129282691301901     
  0.207129058065272     
 -0.234396280996039     
 -0.416870685206271     
  0.127755163365163     
  0.297097195165242     
  0.462740442137892     
 -0.283433017668182     
 -0.323482650467287     
  0.116549513697606     
  0.278810357943897     
 -0.380921287210560     
  9.821955325713450E-002
 -0.140108393955720     
  0.177809002645759     
  0.114931810241470     
  0.320399243262883     
 -0.168274539559348     
 -0.474474757682657     
 -3.262927434671277E-002
 -0.110991058324323     
 -2.878166238631007E-002
  0.193752140617354     
  0.309573933032077     
 -0.328076709973977     
  0.178512656130102     
 -5.323209955546198E-002
  0.456824809598099     
 -0.125879562573780     
 -0.274857681580701     
 -3.486707414624539E-002
  0.579292423993691     
  0.378172247947966     
 -0.497498226786167     
 -8.151579344333225E-002
  0.273312122308440     
  0.153494927154465     
  0.252958249206567     
  0.577346396865986     
  0.290967827361691     
  0.321474837275149     
  6.111792794579030E-002
  9.745972259588040E-002
  0.152343505459647     
 -0.328955159674919     
 -0.368752411374778     
  0.158520204442252     
 -0.104601746748043     
  0.152785866433048     
  0.604072051651776     
  0.141802004243061     
 -0.595146260345147     
  0.419828576144830     
  9.101802757303629E-002
 -0.145659864141746     
  0.228948928077662     
 -0.336112726360320     
  0.168479742484295     
  0.920370566840985     
  0.776176695657028     
  0.190917599714361     
 -8.125309937483903E-002
 -0.175185053314658     
  1.361907151197386E-003
  0.573332770630234     
  0.801485243111612     
  0.175454445428880     
 -0.148904698722202     
 -0.373578311930669     
 -0.267025215711099     
 -0.262888548540692     
 -0.241577740375211     
  0.467582399118497     
 -7.808533592399981E-002
 -2.926053097975075E-002
 -0.520265655356416     
 -6.574468883770826E-002
 -3.562702493372134E-002
 -0.269911312440749     
  8.624146127348616E-002
  0.120112570154283     
  0.564467908640893     
 -0.345710252450006     
  0.484544273538872     
 -0.538271241493795     
  6.814019036061487E-002
 -4.795590984364044E-002
  0.153403489782656     
  0.232392508460599     
  0.181915619139855     
 -0.273127182897022     
  6.664428870045105E-002
 -0.413731269930086     
 -0.297469209418473     
 -4.404824212757426E-002
  1.937256066320414E-003
  5.800391365754071E-002
  0.351146056133104     
  7.968433021082538E-002
  0.308691467079127     
  0.206418169830240     
 -0.195696238830648     
 -5.257606727813723E-002
 -8.438486540538170E-002
  0.126382936354083     
 -0.215657938014735     
 -0.357566386338163     
  0.221156604289212     
 -0.465525096561467     
  3.046798934679771E-002
 -0.358071361920721     
 -5.706477547247066E-002
 -6.376474405608853E-002
  0.151824688626954     
 -0.134617558890988     
  0.608586582048632     
 -0.235670499913953     
 -0.166447580342511     
 -0.193825869586851     
  0.349851908520492     
  1.572397027936843E-003
 -0.247193399306397     
 -0.318530247723090     
 -3.027116124666152E-002
  0.329332719486237     
  0.418191485249255     
 -2.453994828707258E-002
 -0.351538671585651     
 -7.748356934351344E-003
  0.202514808492257     
 -0.807624689303436     
  7.102772644225004E-002
  0.535732296858229     
  0.368992293379817     
 -0.240625164309114     
 -0.130192323709475     
  0.349412120449340     
  0.214169238184596     
  0.486499683275068     
 -0.261157965952448     
 -0.603368640030737     
 -5.080833022264376E-002
 -2.837427121552263E-003
 -0.202666229054862     
 -0.192540182231367     
 -0.117680113870304     
  3.843875416700399E-002
  0.251501467792958     
  -1.02548367576648     
  4.064929905805515E-002
  0.576613447100780     
 -0.143700320249989     
  0.676427663700092     
  0.440963951128352     
 -0.308748743487139     
 -0.859503766256735     
  0.268232209194506     
  5.494963647617681E-002
  4.342903386440014E-002
  0.253459503094405     
 -0.237029684186319     
 -0.405401359991601     
  0.437868667275141     
 -0.336529387408861     
 -0.420599728255386     
 -0.482497812708351     
  0.368908809947313     
  0.477581446040922     
  0.312527226702780     
  0.115445166082137     
  0.199304097367737     
 -0.210028593422636     
 -0.260825396189659     
 -0.160286601432475     
  0.107130545535299     
 -0.201517621070398     
 -0.386834600214798     
 -3.957881359495013E-002
  0.141600264726201     
  0.201882167171359     
 -0.115992443623586     
  0.452210234024041     
 -0.662639699824754     
 -0.149114612590726     
  0.645540662756789     
 -0.161369201201235     
 -0.205618020458463     
 -5.514707861069014E-002
 -2.518866127259766E-002
  7.500002290920581E-002
  0.329128125434177     
 -0.242725132829182     
 -6.592056238764261E-003
  3.997884673755599E-002
  0.111648108115076     
  0.270554477334853     
  9.564426428156604E-002
 -0.156636479868766     
 -0.437767668094906     
 -9.937699880515433E-002
  0.378643633728976     
  0.492186522046892     
 -6.269994493041381E-002
 
 -1.498710525117990E-002
 -0.595753144278692     
  0.607265680239800     
 -0.213604021453673     
 -0.288246991277128     
 -0.173454181693148     
  2.264013590367646E-002
 -0.239080358916311     
 -0.201855477513108     
  0.720587399926480     
  0.717195538038810     
  4.814303244992408E-002
  0.427567935846608     
  7.764054276844348E-002
 -1.568770372287200E-003
  8.517094637967342E-002
  0.158407500756580     
 -8.819999451178999E-002
  1.258616519561008E-002
  0.357726086242771     
  0.233726059692246     
 -0.500133608028674     
 -0.704552479569662     
 -6.797605140081367E-002
  0.495182954671270     
 -2.869642643150543E-002
  8.176874987185820E-002
  2.750573157659996E-002
 -8.084921452339044E-002
 -0.287724271774652     
 
  0.127279155569343     
 -0.411399111462297     
 -0.476832735821329     
 -0.160677688128222     
 -0.115175319220265     
  0.243781693710067     
 -0.288233648273892     
  7.578159856349169E-002
  0.292044920324495     
 -0.153212813392703     
 -0.464835309844368     
 -8.872739440212027E-002
 -0.279271901461955     
  0.273472538440014     
  0.303235787312414     
 -0.225553291280317     
  0.262460584377476     
  0.285863072859129     
  5.921059742035432E-002
  0.186421015993474     
 -0.538670918800296     
  0.301963855044087     
  0.523813362122149     
 -0.292226691858547     
 -0.317279655971017     
 -3.309881586993459E-002
 -0.201289918316246     
 -0.210454090681407     
  3.491949216212626E-002
 -0.411195265654966     
  0.595238717983423     
 -0.188629745168794     
  0.437869238253616     
 -0.204955564474435     
  0.105246364704979     
  0.136171054774198     
  5.232344468411470E-002
  0.212897876271401     
 -0.143780960766715     
  0.407793997277486     
  4.138037534205024E-002
 -7.472197999142682E-002
  5.956201428348792E-002
  0.454793126201169     
 -0.173884381474797     
  2.202827717724304E-002
 -0.109271817904267     
 -0.430529195995739     
  0.187488089258845     
 -0.385489885954363     
  0.665515037001032     
  0.200818047314617     
 -0.424311257401716     
 -0.366440058921319     
 -0.374765534277543     
  0.118509702255230     
  6.448476252528465E-002
  3.339070097821849E-002
 -0.157447668106623     
 -0.346244623252698     
 -0.563096252995991     
  6.209839027336413E-002
  0.441414235733436     
 -0.323571123696518     
  0.655018168490329     
  0.282045792795886     
 -0.113898284562612     
 -4.976469816801989E-003
 -0.194280558328614     
  0.253265898058822     
  0.257360796005557     
 -0.666716364503172     
  0.296525094206225     
  -1.08288998223896     
  0.185456351137354     
 -0.347172440415657     
 -0.400355330924566     
 -0.236113798499453     
 -0.391116532728070     
 -0.308548038991179     
 -7.943615519903906E-002
 -0.555188516983768     
  5.052562303526277E-002
 -0.227763267672143     
 -0.176611335082364     
 -7.228564765308422E-002
  0.424601790782872     
 -0.411785663075465     
 -0.158549945982788     
 -0.155497750507858     
  0.481285774418673     
 -9.892140813189854E-002
  0.399334918170780     
  9.283109662788090E-002
  0.259752873947538     
 -0.535361928070281     
  2.529123728809565E-002
 -0.265593690010900     
 -0.210444321605810     
  0.139542126312973     
  6.323474291419329E-002
 -0.134504002831608     
 -0.392800502722789     
  0.235143488092655     
  0.196900083955419     
 -0.256814892991889     
 -0.331405570751916     
 -0.449451796072346     
  0.400917997643198     
  4.595383377664087E-002
  0.236810447007368     
  4.471692383927820E-003
 -0.559055449524156     
  0.128824392375184     
 -0.203428261218833     
 -0.119245617988572     
 -0.558188718772782     
  0.144119183746796     
  0.237070748774596     
 -8.885919869687223E-002
  0.348160805142021     
  0.326985380966936     
 -2.839724705260578E-002
  0.263874733468805     
 -0.387236707021025     
 -0.217103533204046     
 -0.177077691025101     
  0.182709883734719     
  0.145738759061426     
  0.557352780022414     
  0.494653414349052     
 -0.205354268996562     
  8.363322940847284E-002
  0.119158060343100     
  0.262618935070222     
 -0.487241470100332     
 -9.975596072629717E-002
  0.241923965890847     
  0.254137225707429     
 -0.406534201021155     
  0.238501934991181     
  0.465940702434170     
 -0.397005623516513     
  7.020659840484759E-002
  0.372283138865656     
  0.547316794727053     
 -0.242712338689554     
 -0.475643094929266     
  9.551921112748391E-002
 -0.120144776483844     
 -0.335513816470126     
  9.613222760321680E-002
 -0.486216035237124     
  0.377564571676877     
 -0.266618801340486     
  1.284155806629073E-002
  0.363159683837611     
 -6.264584046379847E-002
  0.144508245626789     
 -0.340398600260178     
 -0.114817490115458     
  7.841845458114668E-002
 -0.132236227832513     
 -0.454092887122922     
  0.284371656419164     
 -0.684211075848783     
 -0.732895969466641     
 -0.301489467049324     
  0.167971718159478     
 -0.100156127449814     
  0.294864149697989     
 -0.171860697659575     
  0.357636882540202     
  6.869483300786353E-002
 -9.119093660409101E-004
 -0.440655012428738     
 -0.809080091780705     
  6.474487337093297E-002
  8.131182927049557E-002
  0.268437161340383     
  8.401053944108043E-002
 -0.952055219408867     
 -0.141651813892005     
  0.299250918683877     
 -0.658255714109114     
  0.168550149899017     
 -0.304571112451104     
 -0.172594047428673     
 -0.210907430508596     
 -5.316539483009679E-002
 -0.328271520343690     
 -0.507703188459503     
 -0.388055087615240     
  0.126405231738125     
  0.331052187864965     
 -0.137848366022794     
  0.154105230827093     
  7.768729269014117E-002
 -0.263364180236398     
  1.891875246005190E-002
 -0.285423472624089     
 -0.319916877376733     
  0.169610705297921     
 -0.424911904950786     
 -2.024177834462839E-002
 -0.457510314556994     
 -0.220117923546935     
  0.212059191657517     
  0.287248793698056     
 -0.239269418613086     
 -0.226335380478805     
 -0.213047948705334     
  8.246059973777255E-002
 -0.382919818285853     
 -0.188737360837936     
  5.594812274398989E-002
 -0.294999414283485     
  0.325233468839192     
  0.491662561380916     
 -0.451746958106977     
 -7.427655723181359E-002
  4.862103539701218E-003
  0.212186167473986     
 -0.159034203876128     
 -5.891225815558212E-002
 -0.776198281451769     
  0.436527172836480     
  0.441354429486010     
 -0.493875891275977     
  5.121041952028114E-002
 -0.416921902967956     
  0.152167674460691     
  0.131910959178284     
  0.294926562693409     
 -0.295227429657444     
 -0.108520380167871     
 -0.155579590269944     
  1.594685173011776E-002
 -0.218321376014414     
 -0.201160544453485     
  0.391253758818276     
 -0.271238219184344     
 -0.570846028597717     
 -0.143242196784438     
  0.178056098197186     
 -0.275787443592555     
  0.299056811244675     
 -0.772685018647141     
  6.298199943237298E-002
 -0.659096010956345     
  6.061770357659326E-002
 -4.225818013141470E-002
  0.191698267372113     
 -4.407019446656121E-002
 -5.426614517073029E-002
 -7.795258192899297E-002
 -0.508398939032551     
 -0.694102551464703     
 -0.336080038475560     
 -0.203218987500569     
  0.222125812057893     
  2.904927408918372E-002
 -0.707621596362108     
  0.519572449663460     
 -0.568854906735855     
 -0.297079183496631     
  0.189401601658686     
  5.992275054913639E-002
 -0.141444867633627     
  0.198704902575050     
  0.133426453186907     
  0.256273522455701     
 -0.442540421172761     
 -0.308477691579462     
  0.116676605519145     
  0.447510819953163     
 -4.684250471085090E-002
  0.114744738209229     
  0.154790810272280     
 -6.175915839650483E-002
  0.110142747424307     
 -2.618702387488718E-002
 -0.213453668643048     
 -0.440491590889695     
 -0.175011254421719     
  0.673034413264050     
 -0.110303374482244     
  0.388022571830372     
  0.209836289748505     
  0.156296946072552     
 -0.130782592065858     
 -1.399829621258350E-002
 -0.255571455891824     
 -0.296512090262156     
 -0.211349423545482     
  0.141401695394668     
 -0.312663998780669     
  0.622328159044817     
  6.750224661400682E-002
 -0.134186631364135     
 -0.523363534234558     
 -8.758832157187944E-002
 -3.234690672608746E-002
  0.216567438348053     
 -7.482668486466151E-002
 -1.896776858942325E-002
  0.480122288636688     
 -2.204052720014121E-002
 -0.503164552993615     
 -0.582570612985462     
 -0.176115364788923     
 -0.138467388514782     
 -0.457932955641274     
 -0.243784050271038     
  1.931064152591020E-002
 -0.383691849850365     
 -0.517521276352965     
 -0.247985428372928     
 -0.169771009163678     
  0.166696740856503     
  0.214291988758914     
  0.156059413747594     
 -0.487887175655984     
 -3.254351637258776E-003
  0.204159954605127     
  0.305359276620242     
  0.136107009208310     
 -0.403507643827203     
 -0.435465946790812     
 -9.611383939344771E-002
  4.437188978593041E-002
  0.195650459430481     
  7.594578393201366E-002
  0.196071571521235     
 -0.104914443826037     
  0.281986249596694     
  7.267596140674795E-002
  0.260154513764748     
 -8.668603172690855E-003
 -0.275234889700578     
 -0.217670658517541     
 -0.115708762675065     
  0.323708323040198     
  0.289682953185902     
 -5.410599146913965E-002
  2.824153862816968E-002
  3.370652344432365E-002
  0.391483744478508     
 -0.278754353669144     
  6.785045906271635E-002
  6.278983974606904E-002
 -0.193096090090742     
  0.592349793613085     
 -2.876727480778665E-002
 -0.290949803635318     
  0.391578872520111     
 -0.440215354685317     
 -0.158093100230464     
 -0.134942155521901     
 -0.284075202105293     
 -0.632545074329528     
 -0.231163666034509     
   1.06932277018703     
 -0.181024844228418     
  0.171844964278426     
 -0.119424431043990     
 -0.126758418546812     
 -0.297693917813809     
  1.915967868610012E-002
  7.290980756246809E-002
 -0.265595539880107     
  7.404276571547019E-002
 -0.116702982723230     
  0.451139750431639     
  0.554387679731223     
 -0.806949817274176     
  0.518219989246258     
  0.488163407742321     
  0.239721010285089     
 -5.722211466928047E-002
  0.227105625583605     
 -0.195837380839477     
 -0.815669959869905     
 -0.697037315077991     
 -0.128760293143796     
 -2.969948528305073E-002
  0.193509970198157     
 -2.536089928204858E-002
  0.330350059639016     
 -0.150746178853076     
  0.621138313248355     
  0.947022091872350     
  1.115274639175050E-002
  6.601158277004736E-002
 -0.172902605526395     
  5.570876966919290E-002
  5.932894504613796E-002
  0.396356232582176     
  0.108538340011920     
  0.466777501979005     
 -0.402323924367192     
 -0.235740799761715     
  0.268162074025830     
  4.518209919443616E-002
  0.210617089491974     
  0.178761785319701     
  0.716823943301507     
  4.998915644966614E-002
 -0.463895873969305     
 -9.333094639153326E-002
 -0.154943665090706     
 -9.204442401161150E-002
 -0.347437095674963     
  0.599982776820820     
 -0.395857739222663     
  6.254808993934147E-003
  0.260045666964344     
 -9.846546985739438E-002
 -5.006474090160985E-002
  0.163473965311249     
 -0.190265488348867     
 -0.361911626099773     
  0.332190568791500     
  8.094300943468172E-002
  2.948702283405944E-002
  4.164171908629284E-003
  1.460849250727416E-002
  0.205119999107746     
 -0.129376475486289     
 -0.166842497162089     
  0.259387879467205     
  0.313673539863286     
 -0.499926561423076     
 -0.483661082806966     
 -0.105915791325982     
  0.280736628871187     
 -3.952927361769343E-002
  7.411250780211265E-004
  0.142510809306162     
  0.332108587957189     
  0.174223511248278     
  0.166353474896466     
  0.269856474333307     
  0.296896791294692     
  0.267397054288296     
 -9.119044168021029E-002
  8.025820225858643E-002
  0.140807477294383     
  0.233195690261691     
 -0.209911419831293     
 -0.560564521561804     
  0.366145905140879     
 -7.332730991597093E-002
 -0.380602610576869     
 -1.635478985518794E-002
 -0.272728535950489     
 -0.264268836808979     
  0.282630179191431     
 -0.313010150227835     
  0.197512681920358     
 -0.330582805335044     
 -0.462373469130588     
  6.605953475863488E-002
  3.087943360639219E-002
 -0.145545363565821     
  0.361075140886657     
 -0.332621299909043     
  6.320644330989068E-002
 -0.135677600281526     
 -0.255135766623999     
 -0.172185485707803     
 -7.438321731528408E-002
 -0.208749518188782     
 -0.433523886465709     
 -0.104962239765271     
  0.445303339193745     
 -0.452286525030642     
 -0.238983769082899     
  0.132511349839758     
  0.197050751695524     
 -4.252251441330084E-002
 -0.203658704366190     
 -0.613102110970446     
 -0.292129730761305     
 -0.147891846426322     
 -0.372062086306967     
  0.309399553769912     
 -1.902235829037100E-002
  0.251956472544252     
  0.609512214264348     
 -0.144725252877882     
  0.404775001798151     
 -0.209851843867984     
  0.119541739967375     
 -0.138152485745399     
 -0.247123555643897     
  0.219029092502958     
  0.287604926752309     
 -0.123959985677306     
 -0.257029858246483     
 -0.175344403313575     
 -0.309498370071495     
  7.182218917597065E-002
  0.464855768683368     
 -0.437483049039438     
  6.800196318629884E-002
  0.354171920277056     
  0.676590419258655     
  0.323411711785327     
 -8.274901300293153E-002
 -0.235780329754208     
  0.251628938707618     
  3.262366565279780E-002
  0.444481050215845     
 -0.120693942020959     
 -0.507357795244493     
  0.388752955841935     
 -0.147356314581355     
 -0.280094026600694     
 -7.476587313166962E-002
  0.350242577686577     
 -0.496043395810974     
 -0.315578171709267     
 -0.396895745298691     
  0.432440232577047     
 -0.154513896714532     
 -0.560150918107483     
  4.469213602109506E-002
  0.239455644667740     
  0.109858165158118     
  0.334972200103198     
  2.014219959187313E-002
  4.754758243929748E-002
  0.288186841466475     
  0.242950588562650     
  0.135194069378578     
 -0.300712522804631     
 -9.430104693331277E-002
  0.117805056657881     
  0.459609454008014     
  0.201728933126092     
 -0.183709200917500     
 -0.381959774769524     
  0.204409002682370     
 -1.290135737930246E-002
  0.243471695683238     
  2.701518908995332E-003
 -0.171472783652307     
  4.141669636560275E-002
 -0.348381653708153     
  0.488124390738345     
 -0.177231102009964     
  0.158399387181139     
  0.119776068812656     
  0.193491740700973     
  9.336675639982783E-002
  9.427553641408451E-002
  0.229453725359687     
  0.192960146199123     
 -0.274501588099138     
 -0.273997944642091     
 -0.115736264382262     
 -0.332559362064819     
 -8.766488374823193E-002
  6.593359012956074E-002
 -0.248415708892842     
 -0.135259400416644     
 -2.638777682755115E-002
  0.352065076019435     
 -0.132863577459841     
 -0.300602839749978     
 -0.593090590328871     
  0.173151591830623     
  0.204832081552014     
  6.135321477663454E-002
  0.151261276883965     
 -0.119714122097930     
 -2.112655846828897E-002
 -0.582313546763575     
 -0.176038955541605     
  3.007956952112495E-002
  0.436320985859656     
  8.737192406006575E-002
 -0.254729471556676     
  0.280532354561308     
  0.106451458740669     
  9.479697825177584E-002
  0.239443975192077     
 -0.194072910368083     
 -5.942477420155759E-002
  3.631639922374412E-002
 -0.255402211065034     
  0.237241689001598     
  0.299167621615782     
 -0.450205465583283     
 -3.896737314724683E-002
 -2.015154249763084E-002
  0.536251123446057     
 -0.342974532203217     
  0.110543296156529     
 -0.196042168325483     
 -0.107855153254309     
  0.133827726951375     
  0.379098942612515     
 -7.415244086097991E-002
  0.223913794537199     
 -5.590365241881796E-002
  0.138392196057088     
  0.195747110398237     
  0.128756907077552     
 -0.127235228865461     
 -0.638232973032123     
  0.169232370965038     
 -0.383241735917546     
 -0.397342353585541     
  0.255357824525599     
 -0.134533361675107     
  0.211613990886265     
  4.582112202157148E-002
 -0.180003350871357     
  3.514464082978840E-002
  0.323018645244345     
  0.288750132236313     
  0.109171815163572     
  6.574577098809743E-003
  0.261991705786668     
 -9.967650026103961E-002
 -0.513235223005260     
  3.234719836438663E-002
 -0.273097975241557     
  0.101753572431567     
 -0.685238083694990     
  0.417883824602389     
  4.402973021475276E-002
  0.128326562593591     
 -0.314462936769735     
 -0.238424345627629     
 -0.389915997715899     
 -0.346596815884824     
 -9.344025679295756E-002
  8.728273813325579E-002
 -0.298871893734136     
 -0.124668091746453     
  0.425859258160066     
 -0.543514950234046     
 -0.420665852119422     
 -0.185482221884388     
  0.271591838218990     
 -0.184701833965024     
  0.161013888175413     
 -5.760088436520482E-002
  0.845095267294764     
  0.574583393280143     
 -0.152735530947000     
  7.990567622059466E-002
  0.379914914264676     
  7.058085256268154E-002
 -0.126243456820325     
  0.129690665944395     
  0.365105030083805     
  0.225434786050214     
 -4.676683060412764E-003
 -0.198313377996118     
 -0.197816452142264     
  0.609005734234450     
 -0.311819571970898     
 -1.966105698714487E-002
  0.205449190688722     
 -0.293161409275781     
  0.275193323619194     
  0.252861488456055     
  0.173255789199455     
  0.328259475069855     
  0.327599100801409     
 -0.144153019246243     
  4.259798384979531E-002
 -9.205692212888367E-002
 -2.567851997683148E-002
  0.336589181796576     
 -0.105616574446908     
  0.541105109887327     
  0.181564198182037     
  0.183581670925648     
 -8.763186979769812E-002
 -3.745081300010675E-002
 -0.147830423986866     
  8.403989553286133E-002
 -0.223957915316904     
 -2.476494124414234E-002
 -0.318252663850928     
  0.273070056356243     
 -0.174992498916188     
 -0.375751637367089     
  0.496965765776581     
 -6.036864951203760E-002
  0.278156035465706     
 -0.291438634936355     
  6.315018086471326E-002
  9.591173619578829E-002
  0.428717557032492     
 -0.369445541241752     
 -0.139023324498458     
  7.993540382747663E-002
 -2.882180505840470E-002
 -5.277115163314387E-002
  4.979211895188233E-003
  0.304502357818306     
 -0.158965261531353     
  0.244306809419483     
  2.248435538156860E-002
  0.192532252097547     
 -3.412623985878838E-002
 -0.274104181158695     
  0.431111754256679     
 -0.450915411946256     
 -0.422259322019099     
 -0.400368386561685     
 -6.287072072943782E-002
  0.327042840835514     
 -5.741635070428427E-002
 -0.186986951259160     
 -0.164232943265768     
 -0.297039162830237     
  0.335323377775042     
 -0.296165785884519     
  1.511966080954043E-002
 -0.127603784667768     
 -0.113614455313314     
  8.008754948142122E-002
 -0.267507883270163     
  8.515689094429174E-003
  0.415879110560521     
  2.219452111390808E-002
 -0.378336311683746     
  0.181198849620637     
  0.241153295619456     
  0.431246024529027     
  0.212417200347895     
 -2.401018205374943E-002
 -0.374369157377459     
 -0.138883250695376     
 -0.279061868220475     
 -0.143717904595189     
  0.171551305936553     
 -0.454058573913089     
  0.294484865479953     
 -0.109417577904204     
 -0.157199546570620     
 -0.181266111843108     
  7.825529757861879E-002
 -1.608997241818547E-002
 -0.176995853901142     
 -0.440863775651561     
  0.245919129363205     
  2.635378387530380E-002
  0.311999395227255     
 -0.241602116716129     
 -0.251583145012402     
  0.150432851677924     
 -0.187936777746075     
  0.382110602036256     
  0.309813422477815     
 -0.123930040157787     
  0.217500855154482     
  0.169841656675715     
 -0.320660301759180     
 -0.214886489118788     
  0.523995006064140     
  0.604729734919111     
  0.354621643822812     
  0.694708652313210     
  0.443420496150818     
  0.916525209510668     
  0.224359540207191     
  0.623320245885727     
  0.121581805120355     
 -0.446232850200237     
  0.105754028829322     
  0.184948798398409     
  2.658519490499931E-002
 -0.109725171754523     
 -0.240123341741026     
 -5.524212525718446E-002
 -5.169752171662206E-002
 -6.665857229408872E-002
  6.582282838953163E-002
  0.480580234141594     
  0.132149052388872     
  7.224474247186040E-002
 -0.197904456131682     
 -0.154651812742933     
 -0.134441621847531     
  8.857359879655875E-002
 -0.319888800012550     
 -0.485484452915126     
  0.320142293401072     
 -0.367462166778668     
 -0.127615702010031     
 -0.266492881054002     
  0.225101980554841     
 -0.578826835148826     
 -0.300840490735688     
  0.379012695127781     
  0.445952867833234     
  0.509981190782792     
  0.101866637009328     
  0.804579144700148     
 -0.103007640326274     
 -0.539782737006072     
  6.840981887528244E-002
 -0.365056630568278     
  0.434159538022590     
  0.852583117521916     
 -0.185215333352831     
 -6.230686182958936E-002
  1.846896085628666E-002
 -0.151226681376119     
  0.126114447772815     
 -0.300911535679310     
  0.519908006994866     
  0.345890322471608     
  1.160305558262420E-002
 -9.652326774204949E-002
 -0.270804662243159     
 -0.114266909451314     
 -0.110889662094089     
  0.232730158880787     
 -6.137440625444704E-002
  0.178852101162460     
  3.214941227187118E-002
  0.156659192370573     
 -0.184238352293519     
  0.253870124709853     
  0.127783559846559     
 -0.266520874448682     
 -0.212150462393583     
 -0.138425235730797     
 -0.161166466123220     
  6.651704469433907E-002
 -6.816140350909258E-002
 -7.424095569624747E-002
  0.235831365782538     
  1.918523557770066E-002
  3.415823160747525E-002
 -6.279569908574623E-002
 -7.510061859480366E-002
  0.536482069097580     
 -0.268578898348714     
  5.014484959041347E-002
  8.367408412422452E-002
 -0.114420400814430     
  0.505345084285253     
  0.220574422999722     
 -3.953239242820423E-002
 -3.850477110125292E-002
 -0.424214047327688     
  1.087202400926732E-002
 -2.132794024669757E-002
  0.233081629261104     
 -0.192894888179381     
 -0.714837591450445     
 -0.150753362829536     
 -0.161956142980093     
  0.367551010287957     
 -0.327739244202871     
 -0.267635839370574     
  0.124504170612637     
  0.446578141428104     
  0.116457488950467     
  0.289515981117334     
 -0.259135464188365     
 -0.105630403893119     
 -2.631848166132443E-002
 -0.372785775811609     
  0.245015851875661     
 -6.509690432809803E-002
 -0.199574595482944     
 -0.125946041088931     
  0.221046038481564     
  0.311088573199826     
  0.670550378014671     
 -9.905452988646847E-002
  0.155487729764421     
  8.943503467364380E-002
  0.224306833874647     
  0.114517204711519     
  0.329518066195644     
  0.144167405149896     
  0.108150206588949     
 -0.212740313654192     
 -0.223037939905859     
  0.763480381700915     
 -0.314232383980746     
  0.441044478957173     
 -0.687795596420695     
 -3.782777136718633E-002
  0.100800472637364     
  0.418396814961826     
  0.191640806300088     
 -0.620753658913438     
 
 -0.212432343232810     
  7.625447985925748E-002
  0.183994627631247     
  5.762284883065631E-002
  2.667384363268732E-002
 -0.286177395037414     
 -8.973211718888929E-003
  7.327159235442400E-002
  1.053637087057138E-002
 -7.069011725834247E-002
 -0.122572309967225     
  3.252997535745496E-002
 -0.228972776331128     
 -0.677670549943919     
  0.355641828354417     
 -4.215454701076528E-002
  0.160749069152408     
  0.144046797918180     
 -1.129240313719462E-002
  0.272083862397014     
 -7.694704557408111E-002
  0.242166580123417     
  3.977112470096687E-002
 -0.445843491040191     
 -7.259369500280399E-002
 -0.434942854819067     
 -0.670427122624746     
  0.374734224716369     
  0.127294931802161     
  0.191720823200636     
 
 -0.493105177140024     
  -2.98645739286038     
  0.315268213803686     
 -0.397307260692920     
 -0.600221082117353     
   2.12432837960009     
  0.206375670117182     
  9.881503168415406E-003
 -0.837100180595980     
 -0.860134495400150     
 -0.626850952358866     
  0.733636592199244     
 -4.601591838735083E-002
  -3.25792398324491     
   2.49990402862298     
  0.134359636505223     
  0.745127635521762     
 -5.599060990001448E-002
   1.02130010552606     
  0.691945888349000     
  0.334949642479995     
  0.908468928893504     
  0.213715518341056     
  -3.30772424796951     
  0.326346648091197     
   3.92199097297102     
  1.195935527384950E-002
  0.219756670261657     
  0.253673191522643     
  0.670342665323336     
 
 -1.366165487804878E-003
 
  tansig  tansig 
