     33 -    30 -    30 -     1 
rmse=  13.5361meV
  6.204494532552197E-002
 -2.603453690769651E-002
  4.730676349768154E-002
 -2.903477561603524E-002
  0.296774605570103     
   1.34205090684200     
 -0.432640677003871     
 -1.699096919558595E-002
  5.096182073075999E-002
  9.822091375014529E-002
  0.543178149130659     
 -0.175280664325796     
 -0.111562583925679     
  0.153543320550380     
 -0.232524418014145     
 -0.559134219743014     
 -1.278365482070047E-003
  0.709872755778314     
 -0.391693592222404     
  0.241942188001094     
 -0.395921505065559     
  0.349992639543867     
 -0.117205215951661     
  0.282878320239399     
 -0.715735190277484     
  7.195870932892966E-002
 -0.426884870769769     
 -0.418218610806139     
 -0.138573735785045     
  0.127301567894806     
  0.209162962360103     
 -7.200251060164879E-002
 -0.514385521338925     
  0.276501102659521     
 -0.136864143225206     
 -0.237343767417180     
  0.257699142920860     
  3.532390121740308E-002
  1.896505555471178E-002
  3.420038848834936E-002
 -0.106448662120785     
  0.311379262067633     
 -8.871964072021303E-002
  0.349856395861053     
 -0.415179476029615     
  0.225089684527884     
  0.123349712854328     
  0.375330156535379     
 -0.696890126156197     
 -0.526965057055800     
  6.696684326964672E-002
  0.208088355201347     
 -0.374382012993261     
  1.812531621716465E-002
  0.438842223089119     
 -0.107079227471803     
  0.162131497683114     
 -0.432369786453000     
  0.163814209522827     
 -0.113809393302964     
 -5.738168619212265E-003
  0.100261207449184     
  0.538897971553803     
  0.195914898790905     
 -7.975327678143590E-002
 -0.344666597401894     
 -0.187968278879989     
 -0.155949171158410     
  1.417373511410558E-003
 -0.530912332004788     
 -0.140754126518494     
 -0.422188857740103     
  0.185684662926878     
  0.656249265876499     
  5.932225259412498E-002
 -0.346288239269180     
  0.238956767379453     
 -0.276089228593460     
 -0.143487555950433     
  7.697273288369005E-002
  0.357420663917721     
 -9.688817843631405E-002
  0.361403292071156     
  0.524341064381088     
  6.204894281768814E-002
  2.886649385207624E-002
 -0.221810520896023     
  0.805065658040332     
  0.500894669561832     
  0.189802293634644     
  0.981978840464704     
  1.323945003693173E-002
 -0.220829876263578     
  5.250087938987924E-002
  -1.18006405868901     
 -0.365286459201033     
  8.773122127943837E-002
  0.171288734088482     
 -0.429951762363707     
 -0.245462398966434     
 -0.252384392362206     
  0.260633553956476     
  0.226030187209489     
 -0.117466870027661     
 -7.310145061540224E-002
  9.329960389628743E-002
 -3.928330109474767E-002
  0.362308567968450     
  0.137923152039794     
  2.309965473677439E-002
 -0.768777817401170     
 -2.901444889431763E-002
  6.624720900483587E-002
  0.381842935796084     
 -0.528192525879449     
  0.352970426005614     
 -0.412527697978996     
  0.709232915149620     
 -6.398731337549714E-002
 -8.246972422928728E-002
 -0.298540887834396     
  3.779694575969125E-002
  0.192158669834939     
 -0.237341503092284     
 -0.200852507537572     
  2.611353983677639E-002
  0.277634778969035     
 -0.334279462664353     
  3.383762081123217E-002
 -2.045633293458976E-003
 -0.475353538424843     
  0.602756546938109     
 -0.810420985807326     
 -0.367741837114080     
 -0.167364985464278     
  0.493477355571471     
  0.103354062803134     
  0.258819499415628     
 -0.583849686613332     
 -0.360922919606633     
  0.217015200201413     
 -0.671536136532349     
  0.249589944477573     
 -0.340045224446479     
  0.301439968742684     
 -0.457951237843173     
  0.126461674175605     
  0.752340071904954     
  6.988952093520706E-002
 -0.138341287751257     
  0.129719758404808     
 -0.389297980268099     
  0.257761720376163     
 -0.148745309398790     
  -1.37438100576907     
 -0.180003935144426     
 -0.524483090262483     
 -0.656661777911163     
 -0.450761122036625     
 -0.370702362712023     
  0.550160527359636     
  0.258868771168206     
  0.571730433741265     
  0.209650332502742     
  8.716866001380522E-002
  0.504928665528880     
 -0.327723379311106     
  0.380600870160186     
  0.104946006462295     
 -0.204508345338649     
  0.770572429375058     
 -0.596253045727822     
 -0.267889173456214     
  1.194827178243349E-002
  0.201642061871116     
 -7.134930451162212E-002
  0.285179276764671     
 -0.296930487067226     
 -0.759441488804070     
  0.187919423013687     
 -3.087855875825321E-002
  0.177911683809220     
  0.470438510355528     
 -0.300626287400496     
 -0.550225593085758     
  0.436973380272274     
  0.169265315205101     
  0.425325557610608     
 -5.005494025702351E-002
 -1.812327009644502E-002
  0.446563137162930     
 -0.835868221354927     
 -0.309704766693641     
  0.537820308981480     
  0.307770586460930     
  0.262959923891129     
 -0.144413324753962     
 -0.279940405416147     
  7.297456283558305E-002
 -0.220959856685512     
  0.344314273305936     
  0.166050114829047     
 -0.644296257206117     
  0.106002679807494     
 -2.162110615209360E-002
  0.218542488045053     
 -0.501992974120909     
 -0.293972855369519     
  0.141471623751990     
 -5.671364508079833E-002
 -0.161236053231023     
  0.700007888947636     
 -0.439031609868129     
  0.426495753888405     
 -1.263757141486544E-002
  0.356821667884468     
 -0.402038978967314     
  0.217663958231798     
 -0.191196034520519     
 -0.256804267427413     
  4.787353277043167E-002
  6.521778491779193E-002
 -0.515566108412476     
  0.715245082548079     
 -0.847472832045908     
 -0.181373845140960     
  0.264157026300730     
  0.200268599194840     
 -9.804946545966819E-002
  6.037664277188001E-002
  0.330625323247329     
  0.742689297739127     
  -1.15935130346320     
 -2.639666529084444E-004
  0.492288700910612     
  0.596587045511427     
  0.952722519801286     
  0.290316425279656     
 -7.419692998003904E-002
  0.433238803155777     
  0.850814390390560     
 -0.966559700513512     
  0.398303677469140     
  0.356282048955406     
 -0.414637472801866     
  0.887733423218257     
  0.144050589745501     
  6.227621696437584E-002
  0.337256678382261     
  0.642654048709267     
 -0.754441740572535     
  7.126628095895909E-002
  0.294887277709484     
 -0.192644358928859     
  0.645453128347959     
 -0.776670038907697     
 -0.639953895841544     
  0.741637602310951     
 -0.658167950925439     
  0.145093232093445     
  0.274710953345449     
 -0.392797085687780     
 -0.239957457064395     
  0.332634747000023     
 -0.261314483834477     
 -5.705940832617179E-002
  0.590992739372589     
 -0.445694675105889     
 -0.397780770569118     
  0.296946893566039     
 -7.779090123087523E-002
 -4.706953802231424E-002
 -0.430175378223371     
  0.446436747640990     
 -0.394580242364398     
 -0.163257712615521     
 -0.379867585002122     
 -5.913312668731409E-002
 -0.682454324172606     
  0.175868692246171     
  -1.07413241088937     
  0.337089516422585     
 -0.124151684578279     
 -0.191007222824697     
  0.331228707298157     
 -0.146290829112534     
  0.131186709322712     
 -0.162305787822184     
  0.268074247988968     
  0.304521377845480     
 -0.311043962681252     
 -0.108132387437896     
  9.521905345049603E-002
 -6.162939596433607E-002
 -0.477824130496243     
 -0.134934597333118     
  0.172873272619453     
 -9.801609099344658E-002
  0.183279336664016     
  4.275737666064621E-002
  0.233483036534562     
 -0.142206375536055     
  0.350080634609597     
 -0.218329431915516     
 -0.105039318091728     
  0.360666515139111     
 -0.222259863757163     
 -0.283509014688188     
  0.115731246809285     
 -0.205760560573716     
 -0.230229564086669     
  0.253633932589549     
 -0.301233065838554     
  0.903558591970604     
  0.357440095373854     
 -0.197515698261104     
 -0.194136249339113     
  0.154525464957969     
  0.133130283928232     
  0.315403043591158     
 -0.290353797166522     
 -0.453301686646799     
  0.130069029831123     
 -0.395405877563490     
 -0.118297801813346     
  0.314753213089641     
  0.201036634726619     
 -0.261538852865590     
  0.682519807884214     
 -0.177847382280278     
  2.222452698857469E-002
  0.225960078817266     
 -0.185413682473244     
 -0.438939335162761     
   1.35476887369387     
 -0.166902820833529     
 -4.455790913926383E-002
  2.084889976329349E-003
  0.168348626864529     
  4.140074247179455E-002
  0.417888499790151     
 -0.303874041847522     
 -0.342123941275787     
  0.406613707992963     
 -0.573347843900953     
 -8.545233093779706E-002
  0.161371685957799     
  0.372433402288459     
 -0.372751526236612     
 -0.458797084322800     
  0.451322088189526     
  7.289824475145450E-002
  0.212144093277143     
 -2.787786220936888E-002
 -0.130907862272176     
 -0.157010839239893     
 -0.248026632535370     
 -0.370337147766541     
  0.590533375738637     
 -3.299125295786607E-002
 -0.361009953093935     
  6.509742022872120E-002
 -0.376579583575362     
 -0.587483017815149     
  0.212698231313099     
 -3.256323149203755E-002
 -0.247942222378800     
  -1.02424796777304     
 -0.390150560911732     
 -0.229477551035597     
 -2.648690400700479E-002
  0.205518610047615     
  3.346808533031281E-003
  0.274644115746764     
 -0.344901181311932     
  5.519590409100833E-002
 -0.468578013903330     
  4.937801076534942E-002
  0.353710623041757     
 -0.502453836323643     
 -0.444957718530028     
 -2.631643559382733E-002
 -0.196156707437188     
  8.782931329934010E-002
  0.171648450209086     
 -2.063242250749822E-002
 -0.167950346321016     
 -5.420367999233217E-002
  0.124070674027424     
 -0.254105813136079     
  0.147790283766101     
  0.447126270346204     
  0.295226573789348     
  5.653587101108182E-002
 -0.276019869612611     
 -0.126304778702639     
  0.440194285993905     
 -0.699704004121819     
 -0.439529920533202     
  0.367456417879777     
 -0.523812342816215     
  0.453566426866103     
 -2.919457350526681E-002
 -0.189303664177521     
  6.981292185125977E-002
 -0.275799233590729     
 -8.662167148272706E-002
 -0.144115794647338     
  0.459069749127079     
 -0.203942691113920     
  0.740318224410787     
  0.588414512877870     
  0.234525754567748     
  0.182971283673427     
  0.285450608562752     
 -0.461418336803129     
  0.370384038562204     
 -0.139197247942697     
  0.316511072858729     
  6.959423134387789E-002
 -9.377675001061291E-002
  0.325147837517634     
  0.343930313553479     
 -0.171001061117445     
  0.159782879830193     
  0.190955866997681     
  0.709350792216287     
  1.199813839701475E-002
 -5.702778433433581E-002
  0.453310840869579     
 -6.763772246952836E-002
 -0.508696813621096     
 -0.378577899760882     
  0.104282094825751     
  0.156072982024755     
  0.318120713536396     
 -1.733400663752050E-002
  0.299789634676225     
 -0.181612833815340     
 -0.270367324005098     
 -0.346498705155131     
  6.446461495607086E-002
  0.565887838519311     
  0.333700196655479     
  0.161127983517721     
 -0.111952903900565     
 -0.307393650499771     
  3.211091018012033E-002
  0.399579335624196     
 -0.370034592126236     
 -2.038478598896958E-002
  0.533293729154973     
 -0.137989735589617     
 -1.690694513386758E-002
 -0.182972353892416     
  0.424189343304258     
  4.269387935643482E-003
  0.108077738366537     
  0.320524065174465     
 -0.230269373764789     
  0.340769150397725     
  0.373851139613576     
  0.654092774075122     
  9.582847677955622E-002
 -0.174157831181106     
 -5.251336649229348E-002
  0.861924811731880     
  0.263310671204444     
  0.716936396183431     
 -1.102767140135730E-003
   1.08295824655536     
 -0.578623102759032     
  0.643584747849819     
 -0.371899981826883     
  3.403642611044815E-002
  0.152349980717865     
  5.948373239869637E-002
 -0.793663679465448     
 -4.907796407429031E-003
  0.660542863013464     
 -0.663285551014350     
  0.136545125046301     
  0.152110786808518     
 -0.176698761868280     
  9.303868690437656E-002
  2.919772069900755E-002
 -0.745015797105818     
  5.182798890782089E-002
 -0.360737196586862     
 -0.269507138671484     
  0.176123647210153     
  0.293826056546855     
  7.311295445467830E-003
  0.295468753102631     
 -0.395739210813526     
 -0.375702381617691     
 -0.100772763591649     
  0.273813291255494     
 -0.156585490268983     
  0.140656088959664     
  0.383731164355714     
 -0.242529622911575     
 -7.547012946047793E-002
 -0.298103909626227     
  0.502114327243477     
 -6.636430951573570E-002
  0.405886902508123     
  0.454259413241076     
 -0.315220349003953     
  0.247049814040950     
  0.140527649437059     
 -0.360844407241040     
  0.257112604512094     
 -0.317163324173472     
  0.293633696912261     
 -0.495327824821266     
  0.459477348445699     
 -0.735272667840732     
  0.486027431246001     
 -0.178118060799732     
  0.328671904500573     
 -7.924443776506239E-002
 -0.242349102760411     
  3.112633151596386E-002
  0.267538082855880     
 -8.413380229421062E-002
 -0.249433977259094     
 -0.227215879327897     
  0.795500355142151     
 -0.298777298315222     
 -0.191138963578987     
 -1.877038433614114E-002
 -0.760653908194928     
 -0.544385949164742     
 -0.508936591838178     
  0.112464533828898     
 -0.237144412412609     
  3.765505874517259E-002
  0.390630756821228     
  0.545169423015172     
 -0.315412643616448     
  5.194928819558262E-002
  0.175471042948301     
 -0.153413546543252     
  0.398341471055055     
  0.316643982376306     
 -0.682888688856302     
  0.457024143503300     
 -0.785524345445039     
  0.927724926236710     
  0.623846527607893     
 -0.341623712786800     
  0.937773971334043     
  0.137181088315985     
 -7.301216502597598E-003
  0.105415905071060     
  8.285560138046880E-002
 -0.168636783249234     
 -0.579107524955736     
  0.191313398278837     
 -0.248988956805950     
 -0.400319867656007     
  0.270285690592838     
 -6.987347214315526E-002
 -0.353717093751407     
  0.261696825905671     
  0.555049245291410     
  0.626907027137122     
 -0.226252921636140     
 -1.801478276789121E-002
  0.468886450887617     
 -0.670806037287465     
  0.689937207159607     
  0.180465799946007     
  7.593219780139857E-002
 -0.951409674687527     
  0.952944777803443     
  1.636080659974560E-002
 -5.775787254972541E-002
  0.220993173685827     
  3.460388182855220E-002
  0.398954618670361     
 -0.863422559370358     
 -0.733348387720133     
  0.742892753759980     
 -7.886315719772030E-002
 -0.287688033205622     
 -0.519233722514967     
 -6.243126689003714E-002
 -0.257070819975812     
  9.605499523896317E-003
  0.263632846785172     
 -0.780175610963337     
   1.07077400191124     
  0.371253859759530     
  6.763302560437320E-003
 -0.487610083920829     
  0.245882588660565     
 -0.781880695633284     
 -0.285356446902121     
 -0.264731447439585     
 -2.706524153012308E-002
 -0.419996735969425     
  0.335934035575618     
 -4.095291138349125E-002
  0.246076887898416     
  0.399140272477623     
  0.420259381130768     
  0.249002412143382     
  0.106111500827335     
  0.257483582582592     
 -0.208908453961997     
  0.125169925865669     
  0.143682940501325     
 -0.405460945790333     
  0.329975805187838     
 -3.303108999058669E-002
 -3.792986041146419E-002
 -0.103318555235302     
  0.370404428205828     
 -0.298019319628248     
  0.108223181658668     
  1.383895847927965E-002
 -0.350746193298391     
 -0.101204258940879     
 -0.206359341955318     
 -8.903156194950907E-003
 -0.186505368322505     
  0.562274533264479     
 -0.539057825613748     
 -0.161684056744100     
  0.376170300798603     
  0.805997752924680     
 -0.218819304169099     
 -0.116363244030159     
 -0.517805626315663     
  0.605384619920817     
 -0.928393852663313     
 -0.504156257737195     
  2.199602717939393E-003
 -0.344351303817988     
  0.635108016134847     
 -1.902600888882071E-002
  0.720116459835327     
 -0.586860298653772     
  0.880157643440529     
 -0.337141199476877     
 -7.571744790382437E-002
  0.227738302415904     
 -0.130534119556651     
  2.396337337125045E-002
 -0.173682524760207     
 -0.215643143240644     
 -5.415196321935320E-002
  0.105835335481973     
 -0.472817372986635     
 -0.209273255347529     
  0.638007602253273     
 -0.419120765454331     
  0.529207861551359     
  0.708918009888567     
 -0.783046932943933     
  -1.63964166588165     
   1.73991503558866     
  0.154217143202491     
 -8.882493763120801E-002
  2.834621542560126E-002
  0.254229005292596     
 -0.449445532412173     
 -0.719667327046643     
  0.233859930225878     
   1.13515125164289     
  0.333714717724485     
  0.241828139589251     
  5.382184908644808E-002
  7.618136802260134E-002
 -0.318039588610250     
  0.717882355996325     
  0.438751876614534     
  0.768158597734637     
 -0.847941653497915     
 -0.165833097599814     
  0.426904888874411     
  -1.63017585249046     
  0.920159364008683     
  0.554946931538471     
  0.160227036692774     
  9.674868095081153E-002
 -0.729162074112421     
  8.759000835827566E-002
  0.250345995501675     
  0.575144072757262     
  0.208367903618888     
 -0.149588209121090     
  6.205595107227013E-002
  0.221725713261023     
  1.721727121040406E-002
  0.422941904861838     
 -0.107800407540419     
  0.264023604706672     
  0.208897335584083     
 -0.289782107993456     
 -0.473714148396818     
  0.382788411996170     
 -0.476588484032184     
 -0.394631862587718     
  0.482708794645102     
 -0.715512940970351     
  0.222804494766244     
  0.776928469803265     
  7.685992240241092E-002
  0.439032020368760     
 -0.604960762713818     
  0.569908446822459     
 -0.331858701983445     
  0.370415166823101     
 -0.414495591771321     
 -0.396367311641777     
  3.536205030051708E-002
  5.481340288874690E-002
 -0.156450234101835     
  0.180731030260535     
 -0.152169218935253     
  0.361164455109871     
  0.198894120840865     
 -0.193490240674442     
 -0.583153334531617     
 -0.925417055612742     
  -1.08945409658196     
   1.96076708240081     
  0.282670040194679     
 -5.203231703939602E-002
  0.192612364757462     
  -3.05518891832207     
 -9.785569065106930E-002
  -1.34650260622666     
 -0.678927485545590     
  2.627308095346476E-002
   1.39818473529708     
  -1.29881173779400     
 -0.265493472361986     
 -0.254207305947213     
  3.068093281973974E-002
  0.924311904969615     
 -0.277171550259292     
   1.06049885361990     
   1.36444033287154     
  -1.26361971771468     
  -1.50666791484015     
  -1.40396708481584     
  0.677722627600161     
   1.82379327468783     
   1.00431118197445     
   2.24137295995556     
 -0.638572843137496     
  0.288569040153225     
   1.13195272519094     
   1.29237071308521     
  -1.09584208018082     
  0.237444762852665     
 -0.401745659662790     
 -0.751139895095215     
  0.384386780108222     
 -0.390350475202100     
  0.131302802341706     
 -0.101391900068100     
  0.251543941734985     
 -0.129905003908381     
 -0.352428450182630     
  0.226999385797535     
 -0.131117854013862     
  0.507058555912165     
  0.298435834134036     
  0.323616841247462     
  0.574606215357034     
  0.119536294221625     
 -0.513412930320792     
  0.387051305569686     
  0.297059046456690     
 -6.694255122350257E-003
 -0.466040448380935     
  0.272067314472119     
 -0.153800480878820     
 -0.195215822553418     
 -0.221201823025387     
  0.577250851155080     
  8.871680412864502E-002
 -0.296954832380582     
  0.165754969295115     
 -6.885120229741725E-003
  0.240851997771095     
  0.191345596425481     
 -2.898195685973518E-002
 -6.432376481168033E-002
 -0.549131416317446     
  0.287462832290502     
 -0.435441408589994     
  0.418529500050844     
  0.441687767507002     
 -1.449444068221048E-002
  8.330588944366905E-002
  7.153799858494835E-002
  0.803262771251398     
 -0.303959845070808     
  0.316506025568189     
 -0.230314072383176     
  0.167118247099444     
  7.816168814076811E-002
  7.334680733717808E-002
  0.330064534665963     
  0.371525359030078     
 -0.712854291750022     
  0.162031682414242     
  0.592419371267389     
 -0.169913715584090     
  0.459814928232463     
 -0.285660523139986     
 -0.214403483894972     
  6.089587679876704E-002
 -0.235747155123435     
  8.312560324354971E-002
 -0.332410751972993     
  0.227150116586566     
 -0.428293331835583     
 -0.555296574656170     
  0.912909329794777     
 -0.482390072356966     
  3.931150737487911E-002
  0.183867052739327     
 -0.293154347542370     
  4.795493261596935E-002
  7.757908755374507E-002
  4.559089403385384E-002
 -0.319833242241846     
  0.150049937027574     
  0.130711307646426     
   1.00061656958597     
  0.310157340780646     
 -0.287921446106699     
  0.230527660954288     
 -0.230148440182257     
 -0.641794896168748     
  4.999131422870301E-002
  6.826194360619395E-002
  4.706627659132789E-002
 -0.415663674561257     
  0.466385826205815     
 -0.233221918275998     
  0.613823349411238     
 -0.465565639987065     
  9.665865770068545E-002
  0.109523088262970     
  0.122339519287239     
 -0.379827294740984     
  0.311443322499074     
  0.435162031471618     
 -0.320216693409861     
 -3.661938295000882E-002
  0.395272160021390     
  0.318543494984333     
  0.340771242701140     
  0.366660677510081     
 -4.058944968858387E-002
  3.137653526936487E-002
 -0.402430502622242     
 -6.629800828553209E-002
 -0.431652238332066     
  0.253536711082588     
 -2.224320219645088E-002
 -0.461671811273641     
  0.634086233393493     
 -0.311512859158143     
  0.896491540063481     
  -1.07990121641598     
 -0.490840179204642     
  0.615052958703594     
 -0.297575731001820     
 -7.688564840854860E-002
  0.185889201403623     
  0.194041960705577     
 -0.576580052411603     
  0.436704899226412     
 -0.300913979665391     
  0.317916025224012     
  5.442121336188296E-002
 -6.395474515257694E-002
  4.716342783507223E-002
 -4.237657645001568E-002
 -0.447485876922262     
 -0.158073490986582     
 -7.264788503421464E-002
  0.207083650059940     
  4.772634468392473E-002
 -0.205826989129844     
  0.193245255418963     
 -0.465210930341637     
  0.148541687351009     
  7.914430931962599E-002
 -1.823543664613678E-002
  7.453429536876258E-003
  0.205982380790814     
 -1.517442576978270E-002
  0.450889535861143     
  0.192706539703021     
 -0.211253684170567     
 -7.184638553774499E-002
  0.268175281865112     
 -0.174121616536426     
  0.117292120575297     
 -9.739751338448445E-002
  3.874740802380137E-002
  0.156236063152724     
 -0.246606804624729     
 -4.310194481145117E-002
 -0.133966470006532     
  0.353066785368035     
  0.100273340487971     
  3.552850274175247E-002
 -6.515347763813198E-002
 -9.137335059619138E-002
  0.173366576012149     
 -0.204700393962870     
 -4.094457201020979E-002
 -0.117344243046630     
 -0.120361164751576     
   1.53850734931817     
 -0.682853484840369     
 -0.877446588790821     
 -0.552343077298788     
  0.467500619019022     
  0.210903086265318     
 -6.040044213675264E-002
  0.264447520376752     
 -0.681903022365180     
  0.264853504259809     
 -0.651896674866084     
  0.602134188631557     
 -0.506568149577018     
  0.215359755771028     
 -0.167396155756296     
  0.220088431008554     
  5.880721511608464E-002
 -0.196046900538974     
 -1.174156320861194E-003
  0.757617696050151     
 -0.547123050012029     
 -0.347662613319614     
  0.711156108453396     
  8.179864202185162E-002
  5.790569224869039E-002
  5.062366661857368E-003
  0.224579109624748     
 -0.299702209655107     
 -0.181471957571144     
  0.401024775148967     
  8.449308458753232E-002
  1.438715504396396E-002
 -0.265029066434979     
  0.584765037116480     
 -0.928222677750621     
  0.348185897742827     
 -0.473962056322532     
  0.200643117634475     
  0.117420812152569     
  0.410568430279073     
 -0.337350387665921     
 -0.995566460577303     
  0.897998723189240     
 -0.573397299677096     
  0.426944071862047     
 -0.341475168060841     
  0.473129549418258     
  0.390956484511583     
 -0.895014988022677     
 -0.193910596220128     
 -0.360045618384280     
   1.30421896743729     
 -0.862822495213882     
 -0.343948942644646     
 -8.756495280415980E-002
 -0.236076017977103     
  0.163159378965024     
  0.197711653241599     
 -0.762922730724468     
  0.142324662527507     
 -0.628146152695539     
 -0.103772556441005     
  0.348809006015156     
  0.454352457628465     
 -5.574666850212247E-002
 
  -1.20747920995645     
  0.272959624581647     
   1.12461872445196     
  0.328065579001508     
  0.158424607884767     
  0.321231473155485     
 -0.546138635755124     
  0.399643215988233     
  0.250795088412641     
 -0.763237841073503     
 -0.232202044539912     
 -0.509435791978190     
  -1.58437469504626     
 -0.334142087337475     
 -0.157689914116990     
 -0.868954330258623     
  0.565122713493278     
  0.675286392168341     
 -0.635952286277700     
   1.26489645612869     
  4.604024282630384E-003
 -0.549365486633399     
   2.47222188678728     
  -1.01581475035288     
   1.26543822457186     
  -2.04445159467841     
  -1.09453389857130     
 -0.557782354790313     
  -1.46068824291107     
   1.26770456597548     
 
 -0.824459293083717     
   1.42504407377640     
 -0.321044925918270     
 -0.285178575602510     
  0.343291622697854     
  7.910184812763270E-002
 -6.906757532640258E-002
  0.398062487730378     
  0.678046978964148     
 -0.521360132593399     
  0.737614757302390     
   1.26641078778986     
  0.268946077767841     
 -0.544059263279230     
 -0.876790049480942     
 -0.890039376805823     
 -0.311201079399623     
  0.183376509248191     
 -0.988150713336937     
 -0.125118653223992     
 -0.151652426367310     
 -0.278415203428206     
  0.524762737334645     
  0.123006856615308     
 -0.314317589443231     
  0.411534714909984     
 -0.706063208007567     
  0.516605245460876     
  0.375162311301269     
   1.05567106866101     
   1.14460511124298     
   1.33522205727986     
 -7.725219724402379E-003
  -1.04968478127548     
 -0.231186890248569     
  2.679469074983090E-003
  0.886698781795016     
 -0.311549747033410     
  0.139520634011417     
 -0.654584948361205     
 -0.219421711226029     
 -4.792145239001821E-002
 -0.421958338272766     
 -0.637839754464183     
 -0.596092325148885     
 -0.397904002548087     
  0.126614359848757     
 -0.361826128075756     
 -0.398522429547155     
  0.521853711510846     
  0.405340604395822     
  0.321067135920044     
 -0.118335207924581     
  0.833413233272995     
  0.401881647092394     
  0.319928785849830     
 -0.223922946392357     
  4.623125862744934E-002
 -0.200625589423380     
  1.416333844112098E-002
 -9.914932494256087E-002
 -2.281858136797899E-002
  0.470813121918951     
 -6.889207622184897E-002
  6.392856293282498E-002
 -0.618441522152662     
  0.373158156868320     
 -0.440451808991000     
  0.585377851206375     
 -0.310177278051375     
  0.450881996650108     
  7.727513200864902E-002
  6.613605926313784E-002
  0.473339002999283     
   1.08927089020670     
 -0.361610137777416     
 -0.432611880852278     
 -0.251276525910805     
  0.910804604027242     
  0.489526502835051     
 -0.723570133229710     
 -0.668603601859856     
  0.665907154110195     
 -0.197268906420356     
 -3.313535124094570E-002
 -0.880291059261667     
  0.442434499602159     
  0.414381386583707     
  0.301535886777782     
 -0.658945298969048     
 -0.186292668757018     
  0.695220828632146     
  0.143392347393315     
  8.244335012850924E-002
  0.515154002366874     
  0.342710726195677     
  2.261567455859170E-002
  -1.69696874991860     
  0.123892161889151     
  0.111998685836821     
  -1.15099795701362     
  0.137093846354735     
  0.794876295909281     
  -1.26243835731490     
  0.482026891998555     
  0.632994844693336     
  0.272836699365211     
  0.258736510944082     
   1.45767982918799     
  0.566884308943280     
   2.41349244351297     
 -0.387503587865714     
   2.20548753985620     
 -0.153309442266208     
  -2.42470133061088     
  0.168073438266334     
   1.18737539316236     
 -0.704903581184820     
   1.60452259657085     
   1.52529634337467     
  0.130080446635620     
 -0.540253769648861     
 -0.448408793425522     
   1.31179077752985     
 -0.809003672930708     
  0.622723253083500     
  0.298542577261623     
 -0.703092865999043     
 -0.780157233462448     
  0.481314747962377     
  0.447559533267568     
 -0.672310067646590     
 -0.128972116441667     
  0.252738336160916     
  0.165525321790670     
  0.188293054388460     
 -0.144256557374776     
 -7.494649725907865E-002
  0.500456602453732     
  9.709760363190111E-003
 -0.414730476083206     
 -0.238052418631813     
  6.710084566565090E-002
 -0.446650824113558     
 -0.585762951223709     
  1.072828210723492E-005
  0.844410913360634     
  0.252338046035676     
 -1.022038973657350E-002
 -0.404636875860561     
  0.100084372768164     
  0.552888851158535     
  0.653991826392449     
  0.402172873921293     
  -1.21680839435841     
  0.108719754879529     
  0.229227090395804     
 -0.258102957560240     
  0.582116412877865     
  0.678999207386531     
 -0.393872192149862     
  0.255602794803169     
 -9.483028330553294E-003
 -0.557617331065337     
  0.630226600232035     
  0.793974287342080     
 -0.498322581615802     
  0.150448715057930     
 -0.752467292920262     
 -0.225413689406219     
 -0.199827150908600     
 -0.849161482359311     
  -2.08246155604073     
  5.790440071310071E-002
 -0.659086114607013     
  5.526229131233960E-002
  0.866208019369167     
 -0.828972099622074     
 -0.629156365228479     
  0.608076956383589     
  0.425204666290008     
  0.690548712006016     
  0.455805206798788     
 -5.030129121051821E-002
  0.133172184641317     
  -1.17714048703676     
 -0.333181883167968     
 -0.465112162968908     
 -0.758092890601185     
  0.157159875591149     
 -0.430562018569714     
 -0.524913738787046     
 -0.133778912175770     
  0.779436851967149     
 -0.327135620842318     
  7.911700523269834E-002
 -2.585039161319668E-002
  8.057641485842208E-002
 -0.829841622674535     
 -0.858863105738189     
  0.357597243159089     
 -9.929576531326113E-002
  0.318198359706663     
  0.274415376687737     
 -1.360331305806621E-002
 -5.256460410371611E-002
  7.185171164443566E-002
  0.483243090278499     
 -0.497639158098043     
  0.197649368036731     
 -9.274994529689867E-002
 -0.334675585623987     
  0.233264249190599     
 -0.412251492818562     
 -0.298407660013526     
  0.201004547487652     
 -4.623366597768402E-002
 -0.278682438751089     
  7.365168083143675E-002
  0.225745061309237     
 -0.100134416936823     
 -0.123212306055731     
  -1.16312029521478     
  0.118571587819447     
 -7.566252621982793E-002
 -0.337425545428644     
  0.549943778339660     
 -0.325227177919233     
 -0.560951965893778     
 -0.846842879380790     
 -3.421018201298228E-002
 -0.461041570516158     
  3.999084391953831E-002
 -0.599189090951459     
 -0.504002044978168     
 -0.292880350617210     
  5.714147469444031E-002
  0.665339841649094     
 -0.486938880074205     
  0.268143956044550     
  0.634492657201428     
  0.482106303978721     
 -0.174926871167927     
  0.361220641603550     
  0.205208751791400     
  0.438270738218852     
  8.431419704449311E-002
 -0.343141934306437     
  0.602762348137228     
  0.833484686156623     
 -0.497286888803070     
 -0.396400394456606     
 -0.667029852581533     
 -2.443623482507233E-002
  0.246836242723804     
 -0.472926029978826     
  7.586571991753355E-002
 -0.222678290494185     
 -0.208394488465139     
  0.328681867729335     
 -0.249151971715315     
 -0.724080232426069     
  -1.05426346450697     
 -0.327264291942372     
  0.202676214598611     
 -0.297316300084464     
 -0.505034953699233     
  0.279214303447755     
  0.152207495468042     
   1.02262744055259     
  8.658250697641183E-002
 -0.533519267159658     
 -3.763141934588129E-002
  4.574558553019798E-002
 -0.740414763663298     
  0.502360785397673     
 -0.658990888281853     
 -0.357224286119882     
 -0.148436248660381     
  0.204557297898036     
 -0.533778573661422     
  1.196304549754889E-002
  0.462214105753850     
  0.466219642417113     
  0.165308501921164     
 -7.012068698863064E-002
 -0.317429788182037     
  0.572409629108740     
  0.323140904982482     
 -0.379218813428186     
 -0.265425215821435     
 -0.126948859915525     
 -0.778047445751980     
 -0.836069692439928     
  0.735671061722240     
  0.187649262319442     
  0.322464289524031     
 -0.569791540283823     
 -0.168394602896818     
 -4.787572606262574E-002
  0.322018135598013     
 -0.248653789551803     
  0.145430910526229     
  0.256674187683907     
  0.105239010738403     
  0.508954830120801     
  -1.45483508633762     
  0.508843899436641     
  5.769340240976004E-002
 -0.469073577812370     
  0.506236891866131     
 -0.877567475940243     
  6.906683648901825E-002
 -0.750303619842807     
  -1.51137808340691     
  0.677620443134478     
  0.158745793941124     
 -0.267237176117085     
 -0.694980964030664     
 -0.727277746838608     
 -6.112727984791255E-002
  0.238458678449974     
  0.472389325854736     
 -0.893838007970986     
 -3.344595021654318E-003
 -0.116980570000671     
 -0.143939526071300     
  0.238645392748465     
  0.464517004725895     
 -0.437998534694081     
 -0.159912645288360     
   1.01496391020815     
 -0.243461960448866     
 -0.590507221747715     
  0.242005074037790     
  -1.05302478795097     
 -1.803055803009314E-002
 -0.300613032497206     
  0.474408624807608     
  0.741881376598154     
 -0.300731460486653     
 -0.218170595408953     
  6.656956383799506E-002
  0.401968234849672     
 -0.420730932367884     
  0.239661633530136     
 -0.560219167459846     
 -1.919326162209262E-003
  2.506143600364375E-002
 -0.612152571023557     
  3.997777648144152E-003
 -0.609477901804048     
  0.747993068254795     
 -0.323523353864465     
  0.679774936964192     
  0.778792144665654     
 -8.565625462690089E-002
   1.03480423801729     
 -8.028360364584698E-002
 -5.688754964307391E-002
  0.494668648909336     
 -3.904430970884674E-002
 -9.154687276286426E-002
 -0.236491516091088     
  0.382115981937891     
 -2.447682745816603E-002
  0.365594325866754     
 -0.114414996269479     
 -0.917761471160301     
 -0.330550056370337     
  0.127686077738833     
   1.01164468818814     
  0.215688979454585     
  0.562970024309000     
  0.124541400612282     
  0.251710841129590     
   1.01661192995139     
 -0.550298391355397     
 -0.799613843249855     
  0.182079612236648     
  0.313985613534602     
 -0.545984475809521     
  0.820294588657804     
 -0.268356040446934     
 -0.405928738314442     
 -0.689801608946672     
 -0.390999660506719     
 -0.551202549011288     
 -2.518333304666332E-002
  0.510402912783985     
 -0.132802869874961     
   1.31082132386085     
  0.105393158040845     
 -6.555173688948360E-002
  0.167260973167373     
 -0.780033577542671     
 -0.657694023294825     
 -0.275327586821509     
  0.193630523297382     
  -1.16953662449772     
   1.20450045913728     
  0.138992309865803     
  0.840979492300575     
 -0.218558122953364     
  0.540717278865206     
  0.894657751497378     
 -0.646753670242463     
  7.691454948939830E-002
  -1.19228578981332     
  0.218467419833573     
  0.670126201424617     
 -0.356704606358759     
   1.04402497011233     
 -0.449883207722935     
 -0.665132515803520     
 -0.256961153519753     
  0.448470090888012     
 -0.538945132964892     
  0.174540801060659     
 -0.955234834805943     
  0.127572616161643     
 -0.800646064329263     
 -4.575656196317630E-002
 -0.548058003001680     
 -0.469972035367777     
  0.997605243044847     
 -0.140944892688105     
 -0.542016295235245     
  1.817381096633290E-002
  0.154698504840864     
 -0.142048236621425     
 -0.578781535941365     
  0.155460216551579     
 -0.403333012417270     
 -6.537434951099115E-002
  0.304200494223127     
 -0.871064698755038     
  -1.26045408210386     
   1.37737611300255     
 -0.967451328544391     
  0.442414494338602     
  0.176019478912598     
  -1.23169528188396     
 -0.282024406722215     
  0.931853189347809     
 -0.469450003039482     
  -1.14005854404217     
 -0.296068532131974     
  1.131020644557268E-002
  6.832565693856225E-002
  0.565362818627365     
 -0.539675707883750     
  -1.17145591946552     
  0.565307762285727     
  0.217105068654639     
   1.15382675164700     
 -0.336724761172033     
  3.301005609722212E-002
 -0.675390505893740     
  0.558014976257771     
  -2.05045877455918     
 -0.357776754884230     
 -0.569548245802414     
  0.387141220573304     
  0.455170463457564     
   1.26553423750941     
  0.632856958223576     
 -0.917485301748046     
  -1.09994138386693     
  0.298223644027014     
   1.00384232882903     
  0.947538860516251     
  0.478198445948825     
  0.456035393386324     
 -0.693964390838083     
  8.199183108692404E-002
 -0.697736800100535     
  7.077897111788346E-002
 -0.356610341482712     
 -0.251027978182483     
  0.458821233984542     
  0.650358212503618     
 -7.568524902536665E-002
  0.109249808861549     
 -0.631048952327381     
 -0.639085759406266     
 -0.285256128987637     
 -0.149572526897331     
  0.131267088165076     
  0.295190477935670     
  0.197213443952466     
  1.824389802443464E-002
  8.266160723584091E-002
  0.153992340984905     
 -0.437926561924062     
  0.758841696526735     
  4.066905304404325E-002
  0.123818368200577     
  0.282417032807773     
 -0.657302069076748     
  2.066572771095573E-002
  0.212253615239124     
  0.163931728527768     
  0.205084099470514     
 -0.141501111017644     
  0.561167908160529     
  0.854431536963800     
 -0.554827713911917     
 -0.364209830696741     
 -0.174363589067901     
  0.949170463079726     
 -0.598011635823762     
  9.936559803209501E-002
 -7.014716609695937E-002
 -0.318054299431638     
  0.236506891221714     
  0.359041438573094     
   1.13489592342625     
 -0.191502330644104     
   1.26892496631429     
 -0.190790479825595     
 -0.262531661257406     
  0.323595796606418     
 -0.995573086537317     
  0.334522476423523     
  5.878912292366224E-002
  0.330170114486748     
 -0.478873200449652     
 -0.268370521690994     
 -0.476132810202792     
  0.196622424921726     
 -0.804184787213038     
  7.315338937958166E-002
  0.222901595743711     
  0.126447864245642     
 -0.360857538369576     
   1.00692842243495     
  0.262098611539814     
  0.666707759631985     
 -0.193340633747368     
 -0.848089416997953     
 -4.540537502408113E-003
  0.343842561099593     
  0.255100120377969     
  0.408734337148362     
  4.414260023857024E-002
 -0.245642172279403     
  0.592705349562532     
  -1.23953281817095     
 -5.342243138051699E-002
 -6.212924819184312E-002
  0.797552491938890     
  0.625615662298612     
  0.219737238377479     
 -0.497625883106176     
  0.253990765785623     
  0.693564932037254     
 -3.611892840083938E-002
 -9.386462584098640E-002
 -0.404732121294540     
  0.198703024888744     
  0.457396799683465     
  0.854536164577483     
 -2.591748033629644E-002
  0.797291721230443     
  0.276304536367383     
  3.763520568532439E-002
  0.516130365327282     
  0.782422393352952     
  0.196789758187978     
  5.325224616282202E-002
  0.117873020852237     
 -0.627321362160456     
 -0.497311973145938     
 -0.487993338036034     
 -0.496350780337732     
 -0.542150749773123     
  0.457468040148181     
  0.554570898852425     
  0.557122409612769     
 -0.512195556569362     
 -0.312520361095939     
 -5.227052661481950E-002
  0.876713372881547     
 -0.433836427580696     
  0.147215020184683     
  0.206619197629622     
  7.416064063143274E-002
  0.581487504366753     
 -0.665745133302753     
  1.008873198976615E-002
  4.018786302796807E-003
 -4.678217553377691E-003
  3.135477495766559E-002
 -3.589114669301188E-002
  0.705994584683680     
 -4.482795127515388E-002
 -0.234065498541215     
 -0.206496764829183     
 -8.324759084976326E-002
 -3.982264024843814E-002
  0.440840498634748     
 -0.569427494944036     
  6.129520772921945E-002
  0.290502777074897     
   1.01288740818228     
 -4.176459000800489E-002
  0.207777533556525     
 -0.467088134339880     
  0.555752235151067     
 -0.244826860129012     
  0.867311390390817     
  0.174064609407831     
 -0.273245934279410     
 -0.108820807850080     
 -0.255755155340769     
 -0.100390820364518     
  2.151323626271171E-002
  0.241096486846544     
 -0.103524766275137     
  1.251646323157617E-002
  9.807457219096222E-002
 -4.535534467761000E-002
  0.202731423992396     
 -0.253636688753259     
  0.133908452567839     
  0.567372504868437     
  0.395180704629548     
 -0.400002427827671     
  0.641718717543731     
 -0.546037596536675     
  9.444970305307528E-002
  0.742577894557556     
  0.365184094328585     
  0.158972083414171     
 -0.147803561116994     
  0.168051111395844     
 -0.244781663620376     
  0.282767119823124     
 -9.491156293073602E-002
  0.452930013950045     
  0.431062442175646     
  0.783146010996112     
  -1.04966780176568     
 -3.455946920707117E-002
 -0.856565311751933     
  0.686768718521168     
  0.784945936141848     
  0.837204425494241     
  0.314580853575366     
 -0.149632497764091     
 -0.907657270243974     
 -0.677768845004349     
  3.271139489331228E-002
  0.525613759153611     
  0.587271832941846     
 -0.369986495202349     
  0.339444636714408     
 -0.214531232483663     
 -8.078102449437366E-003
  2.546835163818893E-002
 -0.142258675225657     
  0.164996943211558     
  0.127229586544774     
 -0.274817632441113     
  0.157393594419969     
  0.488728710125376     
 -0.233357742929575     
 -0.889506021782192     
  2.933970999168731E-002
  0.536041064756797     
  0.440106432327952     
  0.178398268492587     
  0.100780692540348     
 -0.599715997556252     
 -0.467916618732218     
  0.377274753087888     
 -0.555834958505910     
 -0.223278520542461     
  1.051732024963503E-002
  0.181528173394201     
 -0.450991856234627     
  8.717352966175326E-002
  0.364610011564898     
  1.765973103675013E-002
 -0.244807395564248     
  3.409415792463407E-002
  0.702696726117799     
 -9.128714252118199E-002
  0.177770954562529     
  0.338519581900620     
  0.523986231586220     
  0.406960984566052     
  0.491752994069199     
  1.667616157181809E-002
 -0.306824181842013     
 -0.149357708129066     
 -0.886628733465770     
 -0.456676380447524     
 -0.176178005339468     
  0.410735616535084     
  0.208707136670859     
  0.871800551372792     
 -0.397487547600228     
  0.113352940183518     
 -6.927638513227537E-002
  0.783651568483170     
   1.19430992156648     
 -2.920256063723719E-002
 -0.317711247120714     
  0.577048062011712     
 -0.130806640140681     
 -0.368259616909630     
 -0.282189489296727     
  0.513159967222877     
  0.342223497167524     
 -4.929706989280253E-002
 -0.456805878503934     
 -0.505638233882529     
 -0.503411859536978     
 -7.502663643372277E-002
 -0.525616425241449     
  0.125510873684648     
 -0.155837469019075     
  0.322854854697137     
  0.110183895423070     
 -7.888746926525603E-002
 -0.380382341185276     
  0.138461072844802     
 -0.257926086051471     
 -0.413575492965953     
 -0.620746953338360     
 -0.198603289317695     
 -0.484233069028008     
 -1.049850922923396E-002
 -0.308339695874589     
 -0.304113063099956     
  0.352239331439552     
   1.29617372455901     
  0.612902161604606     
  0.284997746401364     
   1.01299119271021     
 -0.152938493687817     
  0.127875161403642     
 -2.912588033577759E-002
  0.623146066374145     
 -0.129904745041486     
 -0.451235151234903     
 -0.317683031632336     
  0.143680948010992     
  0.265359921595817     
  0.648692431365506     
  0.524557601588010     
  0.705934768666997     
 -0.349689950841712     
 -2.288299311172932E-002
 -4.897191028731340E-003
  0.148470487917798     
 -0.477856222353328     
 -0.251345432972920     
  0.650065937588491     
 -0.420136708765579     
  0.536372963074393     
 -0.664737173404904     
  0.862767396991179     
 -0.554479190505606     
 -0.117191795147264     
  0.770998278038324     
 -0.327938164385244     
 -0.100684717807683     
  0.255092403681596     
  0.310756341614085     
  0.173994433285179     
  0.288103601517400     
  0.113047206706816     
 -0.199239935577604     
 -0.307775693118294     
  0.378566237188886     
  -1.09198110469968     
 -3.454416750843467E-002
  0.842105827235580     
 -8.630544790824880E-002
  -1.14516557531861     
  0.169969118817508     
  0.190133359708919     
 -0.690626490390207     
 -7.171120882458436E-002
  0.127097132257168     
 -0.283663927980742     
 -0.633696560620163     
 -0.212071153166872     
  9.524621134411444E-002
  0.128218572977170     
  0.571182752900209     
  0.726973521679203     
 -0.989276838407075     
  0.759927888169125     
  0.610178777662222     
 -0.918978536588188     
  0.472352115021844     
  -2.29264270277073     
 -0.115396827971024     
  -1.55889801918299     
  0.329578323664503     
   1.63522263338305     
 -0.582037230941845     
 -0.388356380630648     
  0.624485270267989     
  -1.86403289859889     
  -1.93114892922396     
 -0.115181412242733     
 -0.319182371958913     
 -0.541427835329544     
 -0.428181568714070     
 -0.531512438334670     
 -0.486393549292199     
  0.139103976929382     
  0.127596674253181     
  0.214740274874615     
 -0.445722814767766     
 -0.178977013711115     
 -0.221274886025986     
 -0.287121260838595     
 -0.568175629111251     
  0.854693337279153     
  0.157868663691220     
  0.146969556359128     
  8.964328639607552E-002
 -0.665229741193517     
 -0.297062548483868     
 -0.624344073247783     
  3.188645595964015E-002
  0.672217884933556     
 -9.139857905221234E-002
  0.399670845944130     
 -0.201792575236735     
  0.181530748244848     
  0.148705887271223     
  0.558624785385142     
  0.677939080024576     
  -1.14891394691112     
 -0.308490508956013     
  0.352134753666118     
  0.445083562001505     
 -0.148261474723360     
 -0.120485861221283     
 -0.323715707322098     
 -0.119637829441657     
 -0.356045864958263     
  0.416050709178807     
 -0.763495689698115     
  0.372454234107395     
 -0.482142522174192     
   1.07820228312889     
  0.601643700270369     
   1.19463318074259     
 -7.646062278040436E-002
  2.933214746541676E-002
  0.278459204755547     
  0.106054002517978     
  0.413395830650193     
   1.36887704035182     
 -0.323124662162357     
 -0.358258072617804     
 -0.134960399772710     
 -0.389542700022494     
  0.175537949997476     
  0.634114957504221     
 -7.306990723460499E-002
 -0.898862854904155     
 -0.228394676722860     
  0.683810011576082     
  0.247648084328590     
  0.328188819357906     
 -0.551194316920549     
 -0.308421793051006     
  0.212373604828559     
 -3.255695574867656E-002
  0.590398782380249     
  0.528445788533281     
  0.373060403396777     
 -0.248661321734118     
  2.582091532412677E-002
 -0.770766327120043     
  0.538048557080325     
 -5.198224144408275E-003
 -0.270378628234419     
  0.322193941222748     
 -0.669556932777564     
 -0.633459156485293     
  0.406584519916572     
 -0.208128579802225     
  -2.33399793176759     
  2.512977697132913E-002
 -0.261877248426561     
 -0.672828287730225     
 -0.741468756314542     
 -8.771758827356518E-002
 -0.191224646810882     
  0.590763506113372     
 
 -0.208203795101456     
 -0.146828940977318     
  0.149808007855427     
 -0.242595263647794     
  9.703261790466747E-002
  0.227580744682468     
 -0.176236372311241     
  3.955099436079657E-002
  0.161718487744536     
 -0.433411487569618     
 -0.426897168515471     
 -0.169874437476595     
 -0.995802040730328     
  6.997426729087763E-002
  0.507922193770542     
 -0.824920256611723     
 -0.186326990981323     
 -0.268197848748103     
 -0.513612423393463     
 -0.201945371988975     
  1.824160001652653E-002
  0.835673682313971     
 -0.154463513237938     
  0.744563980812882     
   1.33486010872294     
 -0.110963294019361     
  0.297024307542011     
 -0.221817095010933     
  0.295852523625447     
  0.125293203443477     
 
   4.05217645235277     
   2.67685117566411     
   1.39591999129408     
  0.941079581153814     
  0.692409421599472     
   1.76583735757852     
   1.30661634498546     
 -0.666699923408339     
  0.219555116552514     
  -2.23912814954746     
  0.128139059108347     
   8.17319602513787     
   2.81152315609869     
  0.485238788608332     
  -1.40083506136663     
 -0.818280513092470     
  -3.75198014175923     
 -0.838826876089257     
   1.10270988955244     
   2.81943297905181     
   1.93562495697180     
   1.50069463714970     
  -3.99059374635701     
  0.775882280920523     
  -3.13627917374400     
  2.727247552016449E-002
   2.68639468183772     
  5.719174472465011E-002
   4.16910368418523     
   1.88733286126396     
 
 -1.366165487804878E-003
 
  tansig  tansig 
