     33 -    30 -    30 -     1 
rmse=  19.0641meV
  0.106466092751255     
 -6.969611968155526E-002
 -0.304489028393471     
 -0.135950241079342     
 -0.358347274854788     
 -0.238599319866309     
  6.940812637958758E-002
  2.154091690758650E-002
 -0.165884844144070     
 -0.185662840491232     
  4.833093962503660E-002
  0.157673811589107     
 -5.853974845285640E-002
 -0.122064697003956     
 -7.818417591069041E-002
 -0.124482291359790     
 -8.390196675538619E-002
  5.762165046446732E-002
 -0.193886025457878     
  0.262498344780959     
  0.173195478121240     
 -0.207869491328476     
 -0.189869461310669     
 -8.886576179050555E-002
  7.949171453494058E-002
 -0.238168656515349     
 -0.280981146485746     
 -6.488996152034391E-003
  3.655844623237687E-003
 -0.172570602363181     
 -1.543803635103686E-002
 -0.149193357438051     
 -0.317371100248311     
  0.175019799205221     
  5.816768829044168E-003
 -0.270162238236304     
  8.999062406874528E-002
 -6.376927431902368E-002
 -5.992565441388619E-002
  5.785633590465603E-002
 -4.864222214886573E-003
  0.225697036576784     
 -4.511036563010815E-002
  0.104844340264936     
  0.214337191174747     
  0.186445604793477     
  0.271757460207250     
 -6.460234059774396E-002
 -0.340011649421683     
  8.006506668536513E-003
 -0.126679137300678     
  0.169680956521779     
  0.173640759668773     
 -0.139937574635504     
  0.118862406155241     
  0.290630156311170     
 -0.179001943368752     
 -0.100983823819238     
 -1.650974921512707E-002
  0.126148205926492     
  0.118717585908727     
  9.572893043976054E-002
 -6.419257607414124E-002
  9.531974984128616E-004
 -0.242300980419844     
  8.558181463662462E-002
 -9.489012220588922E-002
  6.835140721961006E-002
  0.198554639951497     
 -1.874700230692607E-002
 -0.153744629131735     
  0.144660280090438     
  0.125212895861574     
  0.115763396702598     
 -8.282635146164841E-003
  0.116070594921463     
 -0.168087953043497     
  0.328291650593954     
 -0.137969867456912     
 -6.401929617812194E-002
 -0.279317055041062     
 -1.150264733133033E-002
  4.961134775465422E-002
 -8.231306314432156E-003
 -6.993478607219208E-002
 -2.785620206768468E-002
  6.990442007093026E-002
 -8.161493208021439E-002
 -0.316518748332072     
  0.392266547777069     
  0.242793098004686     
 -0.141054226347303     
  0.275861033027071     
 -8.945900075964924E-002
  8.026540548015132E-002
 -3.038047140378113E-003
 -6.900010314487182E-002
 -6.015120333445914E-002
 -0.282641523366542     
  0.290278932294532     
  0.154643094789065     
 -0.401086326560932     
 -7.587529899368027E-002
  8.873503040208566E-002
  0.263305675432352     
  0.295800362735954     
 -9.941813617081220E-002
 -0.108819265903373     
  7.372221340009881E-002
  9.737053934412278E-002
  1.864179674178900E-002
 -0.121285936096944     
  5.076154545558725E-002
  0.353953471294307     
 -4.287539969282456E-002
 -6.322517476189320E-002
  7.866421749901564E-002
 -6.522388204554357E-003
 -0.227971954782794     
  6.382785138934351E-002
 -6.910217291151123E-002
  2.548365354672426E-002
 -6.494257605393713E-002
 -0.206371610695351     
 -4.226506981917739E-002
 -0.168771590557890     
 -5.016781887278100E-002
  0.136948311549010     
  9.349513466380727E-002
  0.131515844377066     
 -9.706998350056388E-003
 -4.772512493166245E-002
  0.263222627427427     
  0.278648236711122     
 -0.327267724419587     
 -4.780775937450396E-002
  0.259171855163253     
  0.179306657932054     
  0.246393026179572     
  0.225187135836227     
  6.084302077948646E-002
  0.174239579867190     
 -3.898888877307486E-003
  9.954613862473925E-002
 -1.382025693395780E-003
 -0.213060946857634     
 -0.267846763747444     
 -0.256262350142183     
 -3.023410913656611E-002
  3.939342862730392E-002
  4.036746535640783E-002
  8.475799292856681E-002
  0.140793246538080     
 -0.126304755635694     
 -0.106493226606844     
 -6.997508777738956E-002
  9.862949064271603E-002
 -4.009944636490051E-002
  0.133084603167309     
 -0.356290394276220     
 -0.236980314840930     
 -3.709807132817537E-003
  6.175205614366913E-002
  0.118093077948262     
 -0.112460850281230     
 -6.289657667504145E-002
  8.963656267269871E-002
 -0.357051245085264     
  0.258228284557012     
  0.326820844123997     
 -0.423455619111291     
 -0.323312823124295     
 -0.334459024384222     
 -4.077315620118595E-002
  1.868076359005799E-002
  0.368233048636012     
  0.128535207753884     
 -0.280387582215380     
 -0.209292147819725     
  0.248561062658100     
  0.211132979972552     
 -2.318662277917844E-002
  0.107280216531571     
  0.380361938382925     
  7.373715526829873E-002
 -0.252854418634027     
  4.349972038311205E-002
  0.306438786615564     
  6.829054035326836E-002
 -0.177933368023451     
 -0.203527568770969     
 -2.815741692744877E-002
  0.119762330289665     
  0.144147430297120     
 -9.562660668150272E-002
 -0.124839615630561     
 -7.572073376373742E-002
 -2.831066191677540E-003
  4.280849217563504E-002
  0.377925043063281     
  0.200479791966695     
  0.232733693297148     
  0.104417746649042     
 -2.040870601388682E-002
  0.244364693095724     
  0.128989337821792     
  0.278618366890448     
  0.109930543894931     
  7.223403347837976E-002
  0.160832326604002     
  4.376567899523027E-002
  0.161037369817995     
  0.347103834441715     
  3.808490456894310E-002
 -4.403746324566886E-003
  0.103992287713468     
  0.217531474097135     
 -0.126799309179816     
  0.252258693598691     
  2.545536056274656E-002
  3.114771792076338E-002
  8.364570588846500E-002
  0.381509307056412     
  0.189836408965870     
 -2.270677108450509E-002
  0.168118047872442     
 -0.293051696158094     
 -0.216366669137385     
 -4.319428056268346E-002
 -0.204152279865983     
  8.522759497603187E-002
  0.242452392478718     
  0.130856925291241     
 -0.369359600182697     
  0.239492841552064     
  0.418403254500822     
  0.376187284661748     
  0.269928156905877     
  0.106447470522218     
  0.103960678624278     
  0.176705275744284     
 -2.775443856966730E-002
 -0.116466486489005     
 -0.196929826127476     
 -0.284880677107095     
 -0.257811035263838     
 -9.778800987433868E-002
 -0.282892081724544     
 -0.244931078782763     
  0.121025788239486     
 -8.884698250705297E-002
 -0.303505582631469     
 -1.846707231205821E-002
  0.195767650475783     
  0.231764770906606     
 -0.237613178566941     
  0.251406847927692     
 -4.912808065742497E-002
 -6.750834648899748E-002
 -7.236802815606537E-002
  0.115693899657530     
  0.183273907164191     
 -0.110794354599121     
  4.448591733979633E-002
 -0.160968645403560     
 -0.441851792043140     
  0.122518919112342     
 -8.838860240736970E-002
 -0.272121680549444     
 -4.664973174919705E-002
 -0.157852465095322     
 -0.139781344883486     
 -8.303902459627954E-002
 -4.479738112011621E-002
  2.281333502460159E-002
  0.235600391952941     
 -0.228860641630114     
  4.126371610819013E-002
  0.139881194342778     
  8.904914210968409E-002
  2.118223750441642E-002
 -0.148292896098780     
 -0.114885318960778     
 -0.113245683613387     
  2.275281595869573E-002
 -0.183891458797837     
  4.007165651692624E-002
  1.625939240852336E-002
  0.214817745289033     
  1.201910249580031E-002
  5.310995461466275E-002
 -9.115545734274452E-002
 -0.221142697020758     
 -0.291866472889834     
  0.213972089664205     
  0.184180770016679     
 -0.492632868396728     
 -0.314092322551295     
  0.362899214506626     
 -0.250116510072507     
  5.725672373334748E-002
 -0.234503670417801     
 -0.137210023014047     
  4.451458599470317E-002
  0.108036898812699     
 -2.281740327590377E-002
  0.180133694986407     
 -8.494375157501206E-002
 -0.244366322453847     
  0.443628948058243     
  3.578116069929579E-002
 -0.291418150681551     
 -8.457099517447349E-002
 -9.924560011772364E-002
 -6.806700954984349E-002
 -0.113280011499461     
 -1.525288011000061E-002
  7.958823312881678E-002
  0.551899870438980     
 -0.534263047671754     
  0.404019065180190     
 -0.129309489180015     
 -0.213449306554859     
  0.396875870058045     
  0.237823926123506     
  7.709496565224014E-002
 -8.196173156640345E-002
 -5.964316755923131E-002
 -0.114848611287420     
 -3.133448259930485E-002
 -6.074959914000237E-002
 -0.151384346129730     
  0.173668177856396     
  8.895594839523852E-002
 -0.264445179903876     
  0.158280472730546     
  0.209799761674140     
  0.299265352064862     
 -6.773676152117498E-002
  0.102772220078543     
  8.167619709944400E-002
 -6.916405858028457E-002
  3.607206711467598E-002
  0.689829321221693     
 -4.737478953283591E-002
 -0.154933541009714     
 -0.228464290420758     
 -0.427344484038523     
  0.138503059734824     
  0.197829330047093     
  0.357046817793666     
  0.159348119584295     
  0.173667983923461     
  6.462550913139857E-002
 -0.108585955683233     
 -0.209946872117102     
 -4.989220785589829E-002
  6.746794700934926E-002
 -7.120695412469939E-002
 -0.194881944453673     
  3.515558056350192E-002
  2.164999165366666E-002
  0.153515092290228     
 -0.128324666986934     
 -0.125373544892082     
  0.532796293528250     
 -0.336257727978642     
 -0.132229921719892     
  0.186536265672785     
 -0.128564480472546     
  1.787051009155387E-003
  7.875145454615207E-003
  0.140682664186267     
  9.317214914871778E-002
  0.352608478495531     
  3.444642899153728E-002
 -0.192848930755150     
  0.237297533921573     
  2.475926272862612E-002
  3.674523236127970E-002
 -9.368261041687036E-002
 -8.119017679915627E-002
  0.203524117693936     
  8.125813677302873E-002
 -0.163867951312461     
 -4.975005775555864E-004
 -0.120200367024569     
 -0.161135738737059     
 -0.280610943282397     
  0.129829734909060     
  0.174650512885984     
 -0.426304329850419     
 -0.135551822188386     
  0.197999080141263     
 -3.754310264478288E-002
 -0.156375913205279     
 -0.318699480347253     
  0.124198294357989     
 -0.276173753768513     
  7.540739733004349E-002
  0.240822382039869     
  0.298499553887579     
  4.291762590757820E-003
 -7.592292583582860E-002
  0.179248390925153     
  1.323481856649051E-002
  0.271130174817449     
 -0.147377248466110     
  0.393265008080783     
  0.109759876499146     
 -0.204149794718132     
 -0.136473072106071     
  7.466657741331180E-002
  0.192695862714567     
  0.134861893198296     
  1.435790654739537E-002
  0.112965613088223     
 -2.128206602312432E-002
 -0.336256260365909     
  0.249457040173972     
  0.144908030061547     
  0.215559300335038     
 -0.117994547376776     
 -0.299452950746655     
  6.777984713861300E-002
 -0.253915175858501     
 -7.807862674253797E-002
  0.191623874758291     
  3.707453127514418E-002
 -9.921989188908162E-002
  0.292694129061709     
 -0.381911957064057     
 -0.253632916983877     
  0.151380969386331     
 -4.513280957491849E-003
 -0.275363699763924     
 -8.173784008394012E-002
 -7.750074406084556E-002
  0.156834856718123     
  6.330617173223661E-002
 -0.237174769649238     
  0.183109738966385     
 -0.374055306704324     
  9.640160638963029E-002
 -1.862322497456219E-002
  0.133607048889065     
 -3.683897516411680E-002
  0.104737304673299     
 -0.219856627728209     
  0.259850109240591     
 -8.733065277008357E-002
  0.402412180085792     
  0.235060183397538     
 -0.115633862308809     
  0.106107991696687     
 -9.772599614093752E-002
 -4.361136871851700E-003
  6.720571901429799E-003
 -0.177410889790939     
 -0.228352048981070     
  0.212053670266890     
 -0.112373635536283     
  4.221571037475509E-002
 -0.146409139354651     
 -0.166686811248849     
 -0.270938934866602     
  0.108292712419273     
  0.160712532692666     
 -0.146259394543671     
  5.314583826024797E-002
  7.013631689893933E-002
 -0.186113981245579     
  0.101027334949761     
 -0.312127759694248     
  0.232445233720071     
  0.360181673977693     
 -6.067743594259713E-002
 -0.123218233740857     
  0.372828135935592     
  0.114971244502679     
  0.113330006243491     
  0.280355431221742     
 -0.238447506436831     
 -6.187306378950308E-002
 -0.295047527523744     
  9.167428860087039E-002
 -0.127124205113313     
  1.159296097374253E-002
  9.831101300334499E-003
  0.159563995019509     
 -0.106338067802036     
 -8.625620548600681E-002
  7.181258029561517E-002
  9.272489126865248E-002
 -0.191408519698068     
 -0.189842009329397     
 -7.714463194658124E-002
 -7.514742723423973E-002
  0.396308847914341     
  9.600124303478069E-002
 -0.117414932770000     
 -3.007815764090156E-002
  1.964335169909822E-003
  4.129459397369934E-002
 -3.894705285921527E-002
  5.786467839026392E-002
  0.184713466428032     
  0.278135513280528     
  0.452045756940050     
 -0.174110450184643     
 -0.333826442024448     
 -0.145350377648472     
  5.339420638638147E-002
 -0.187990057588348     
  0.109587415231969     
 -0.222301820169295     
 -2.084508176426346E-002
 -0.165583939701110     
 -6.213035633341740E-002
 -3.105486052451034E-002
  9.801095807963583E-002
  0.331014957127721     
  0.122309597075998     
  3.879225661913751E-003
  8.408283665404588E-003
  3.441411264985496E-002
 -0.284870090318818     
 -0.142080851326995     
  0.161711775190755     
  0.182413590264111     
  5.281205917916588E-002
  8.360954335128817E-003
 -0.173789467733989     
 -7.445242980355279E-002
  0.278440317792366     
  0.165673440048222     
 -9.393021651320113E-002
 -0.391460970452459     
 -7.017805356646639E-002
 -4.315683511690618E-002
  0.408866861073995     
 -5.134380576393568E-002
  0.125903383031090     
 -0.130167612257582     
  0.476889442540829     
 -0.265329752102276     
  6.144509664059170E-002
 -1.600278481119088E-003
  0.151286312771243     
  1.889625734611861E-002
 -0.436941194655320     
  6.102455089492631E-002
  0.351066511197191     
 -0.111696721015114     
 -7.774359694375729E-002
  0.407111374310826     
 -5.201366784067174E-002
  2.953899948543760E-002
  0.146218304929816     
 -1.839198709619523E-002
  0.109999457304026     
  1.898914424712487E-003
  1.700881546680816E-002
 -0.292142705202562     
 -0.362543088703570     
  5.180036797244968E-002
 -0.253559607317290     
 -0.283448682455717     
 -3.515459957387700E-002
  0.120152915023911     
 -1.792218894104583E-003
 -9.254889139151681E-002
  5.332346124194058E-002
 -1.731518543007293E-002
 -0.216450483627693     
  0.276222500164777     
  0.454311152975376     
 -3.399670081050438E-002
 -0.104771524049828     
  7.928216329329844E-002
  6.661435190079015E-002
  0.160993119609700     
  0.104753207147127     
  3.032515552895414E-002
 -6.330797729964541E-002
  0.222547944387746     
 -7.560629160383341E-003
  0.389249450239146     
  0.243845830060726     
 -3.128439908738866E-002
 -0.159055294474910     
 -0.210182027167053     
  0.155133719982463     
 -0.341508634955118     
  0.331021615107676     
 -0.202039576593484     
  8.438915443191895E-002
  0.506731738273291     
  0.112774096597812     
  0.188413035722807     
 -0.154134843922049     
  0.236277890379627     
 -0.203318214694769     
 -0.269078653071040     
  5.579243404010713E-002
 -4.007825005225851E-002
 -7.276427485540149E-002
 -0.382836110066016     
 -0.388681193095605     
  0.254087657636989     
 -9.283207036217206E-002
  8.956983634843861E-002
  0.176504184293454     
  0.229209491647616     
 -0.141917849486083     
 -3.246291256376289E-004
  0.205980728439234     
  0.132754009494764     
 -0.126571706846968     
 -0.264630126518444     
  5.073072060671971E-002
 -4.619333687922991E-002
 -0.115515241624806     
  3.164560379101328E-002
  0.138053530279380     
  0.102134843316049     
 -6.699731638893548E-002
  0.261519327261509     
 -0.296888349981008     
 -0.718175539385724     
 -0.240852094305136     
  0.193288195759140     
 -0.253852073135698     
 -0.243764852289571     
  6.493008138198540E-002
  0.290601738313456     
 -6.107494143945293E-002
 -0.379303556858424     
  0.110936255286418     
  0.312413659120060     
 -0.260253993416593     
  3.860717376696820E-002
  8.920917379999889E-002
  9.596448277979883E-002
 -0.431572183305738     
  0.222164753102788     
  3.514004327621119E-003
 -0.206593594259115     
  1.889560202161954E-002
 -0.231025041762191     
 -2.404544597725821E-002
 -0.132005903987135     
 -9.254304911903040E-002
  0.386176893350559     
 -1.809866375149645E-002
  0.253804477598866     
 -2.766644862036248E-002
  7.248729007836995E-002
 -0.165092314638303     
  6.642356329775077E-002
 -3.061617401081834E-003
 -0.112699640983469     
  2.175538346533591E-002
 -9.103167727198072E-002
 -0.161226523773596     
 -5.114063248715489E-002
 -0.147387162736640     
  6.676621534295120E-002
 -0.183126399992440     
  5.355633720199991E-002
 -0.259243257969128     
 -5.735076022665139E-002
 -0.202573291540545     
 -0.203112247202462     
 -3.326887870630784E-003
 -6.794263329338873E-002
  0.175025007679400     
  0.159905856993742     
  8.174799479055250E-002
 -0.101633685202247     
  0.210531267416984     
 -3.254100258698017E-003
 -0.130033826023133     
 -0.263569157805915     
 -0.272196149626725     
  4.489389614430030E-002
  0.312904842612956     
  0.297542455237175     
  0.138734631964073     
  8.360828945508621E-002
 -0.323743682520591     
 -0.287810117484945     
  8.187394539886170E-002
 -0.152592639295606     
 -0.336241049768804     
  0.143620891615376     
 -5.338967617499360E-002
 -0.376232245313672     
 -0.180176105140966     
  9.832862732872695E-002
  0.119035188140274     
  0.115083449892173     
 -0.104879569154278     
 -5.838306084019398E-002
  0.225148174422851     
 -6.009191328250232E-002
 -8.215522874368175E-002
 -0.278238386050709     
  0.112295686478523     
  0.247167411396865     
  8.330707968721533E-002
  0.167127433783303     
 -9.971550610366639E-002
  0.104261569562855     
 -0.167061553703697     
  7.572184583567181E-002
 -0.210788197205516     
  0.367644521871036     
  0.172914960248526     
 -9.977449130567097E-002
  0.353038714100459     
  0.154236149847766     
 -0.187382149908695     
 -1.283776163004172E-002
  0.224674169203407     
 -5.696841510635037E-002
  9.052782565247752E-002
 -8.659344104315461E-002
  7.427840425389275E-002
 -1.757239596307602E-002
 -0.152357716699149     
 -0.183086041735914     
 -0.157023468633665     
 -0.145879861451594     
  0.234880521067448     
  0.171473386733457     
  0.216725980976684     
 -0.625490409132280     
  9.248976644204069E-003
  0.254118376937502     
  0.414660232628207     
  0.519887867085841     
  0.264430650910273     
 -1.208225567571358E-002
 -3.322230972141647E-002
  0.103299112000081     
 -5.319148550890207E-002
 -0.251133152785557     
  0.259525946459996     
 -7.013020684520756E-003
 -1.112794108403873E-002
 -6.819623512463389E-002
 -3.293988264930224E-002
  9.319357685847328E-002
 -6.944359907456164E-002
 -7.496376607246162E-002
 -8.902298463092312E-002
  9.185353594882570E-002
  0.131161508594712     
 -0.137190692825068     
  0.346814825176049     
  1.854716633182987E-002
  0.183408520448826     
  0.222571800654854     
 -0.115980331687744     
 -0.223873464340349     
 -0.259882631213209     
 -9.582270273578165E-002
  0.164540510385280     
  0.167146709141415     
 -0.379264066663547     
  0.175392484425964     
 -9.054694481468704E-002
  7.378917665802154E-002
  1.440184601115035E-003
 -2.880008286327592E-003
  9.071200367370504E-002
 -8.420397147038307E-002
  8.533354594909678E-002
 -0.109846345994337     
  7.485408175239110E-002
 -0.105891116182880     
  0.268833712085627     
 -0.248173613083722     
  0.193230251841982     
  4.459366435260680E-002
 -0.470454583688359     
 -0.154749480136150     
 -5.985303007724444E-002
  0.305533795599914     
 -0.184791566814904     
  4.810852404851359E-002
  9.885227812713218E-002
  5.271197408699092E-002
 -5.002668138948586E-002
  8.968544483440302E-002
 -7.037635916151813E-002
 -0.342913649429868     
 -0.323221736959360     
  2.814273724082173E-002
  4.011308035670447E-002
  0.217899659250531     
  0.161619577001365     
  0.267356153723714     
 -8.215376491221926E-002
 -0.158905401898089     
  1.489960580294730E-002
  0.145117015053937     
  1.308666648177722E-002
  0.249324438578608     
  0.293929858480056     
  0.290690469735751     
 -0.162931970733597     
  9.877027911562895E-002
  2.541168716529374E-002
  2.422937421507007E-002
  9.381569761623761E-002
  1.853592198276656E-002
  0.128727368456937     
  3.563054225159967E-002
  3.716617933891678E-002
  8.512080173818926E-002
  0.233687531744115     
  0.281640304920309     
  0.308619046538798     
  6.023998026424287E-002
 -0.446702458035190     
  0.127693963377314     
 -0.195684874696142     
 -0.254699672273284     
 -7.459763835366183E-002
 -0.169287650030386     
  6.291913255517374E-002
 -8.949949814631719E-002
  0.408336659524824     
  2.412384429227119E-002
  0.138390800141335     
 -0.193963225634791     
  0.230047305285347     
 -0.150255637187782     
  0.348709338995462     
 -3.948501232953604E-002
 -0.353075850322461     
 -0.249114268321685     
 -0.219765720080695     
  0.121433326692699     
 -3.051134682636103E-002
  0.319969438022792     
 -2.056895404640529E-002
 -2.490634990173996E-002
  0.181437608273327     
  8.395103278071185E-002
  0.231359791874892     
 -7.118100370179495E-002
  0.163585095235948     
  0.333712127609819     
  0.316810828511605     
 -0.294630344463509     
  0.152397761914874     
 -0.305120150127615     
 -0.140223908976043     
  0.144078022741105     
  0.158469503095409     
  3.661873522137914E-003
  8.709499502221260E-004
  8.221746549869227E-002
  0.280584309215780     
  2.569942835369709E-002
  0.135146976051245     
  0.611884406835782     
 -0.211699901511646     
  0.409718683092838     
 -8.496526270710034E-002
  0.340087382836074     
 -0.202793972463241     
 -0.283974200834156     
  4.887398854455555E-002
  1.396541693923777E-002
 -0.300241645374165     
  0.237496936761364     
  0.193165884217696     
  8.518800584751343E-002
 -1.456600727904016E-002
  1.429440359661463E-002
  7.175102996412316E-002
  0.193695546815376     
 -1.730102966344537E-002
  0.194997653621963     
 -0.101386402716249     
 -0.255143813435236     
 -2.788700862520783E-002
 -8.348982991100198E-002
 -0.635276405648026     
 -9.515475841469248E-002
  0.187752965846135     
  0.301974688031126     
  5.451335001422191E-003
  7.648619450300982E-002
 -1.141791103951798E-002
  6.990933594647301E-002
  9.497330780840861E-002
 -0.138547767768392     
  0.385710907299836     
  0.171817772887016     
  0.105959292959831     
 -0.229758605987097     
  9.344976960460721E-002
 -0.112124855514133     
  6.967805400227735E-002
 -3.315170638607763E-002
  0.104186432348794     
  0.169353767711935     
 -0.270879527185498     
 -0.196590875621864     
 -0.293715510026958     
  0.162682970824459     
  0.366427522004397     
 -0.317012001085033     
  3.035766598637096E-002
 -1.182624060282386E-002
  2.182135247323247E-002
  0.245211050833525     
 -0.100087505230973     
  1.520447175923455E-002
  0.211363424339041     
 -0.115155368870071     
 -0.355818662597338     
  0.188789490033739     
 -6.528058703435040E-002
  0.102674762130942     
 -8.110049668492474E-003
  0.105957891947096     
  0.128015532777639     
 -0.177690754104512     
  3.812504258669969E-002
  5.231214202891399E-003
  0.322447194129522     
  6.339336127607600E-002
  0.197214947406601     
  7.450269872377782E-003
 -0.167911579749514     
  0.248212321696018     
  0.105561069431154     
  9.136263581013776E-002
 -0.251223688510780     
  5.846898079730785E-002
 -2.967462536232752E-002
  0.144957793713820     
 -0.260893811183039     
 -0.155695569437253     
 -0.112830546173814     
 -0.167005363188367     
  0.260026928469860     
  0.300995882398454     
 -8.736217898869213E-003
  9.520499606995965E-002
 -0.195602054645301     
  0.310460999903300     
 -9.371965794111006E-002
 -0.189150657282313     
 -0.280668665185263     
 -0.187472830147795     
  0.322363066227900     
 -8.959352605668588E-002
  0.104666953170206     
 -0.285550841793017     
 -3.646158002634985E-002
  1.710551533365432E-002
 -6.778085331624671E-002
  0.170396515449397     
  0.119496491025796     
 -0.183904188644756     
 -0.314995232178270     
 -1.527358952261293E-002
 -6.121052645504595E-002
  0.306113022891393     
  0.211112615263243     
 -0.273447947744251     
 -2.188022846302538E-002
 -0.144330643409707     
  0.295759721735188     
  0.304846929821288     
 -0.206719810688616     
  0.314573235286827     
  0.119585471629073     
  0.133784905214079     
  0.216212017979872     
 -7.523716824809742E-002
 -0.107735046598317     
  0.258256868324652     
 
 -8.967613782437545E-002
 -0.173990403945162     
 -0.279990581145083     
 -0.112208655813329     
  0.478279256993122     
 -0.351971494620226     
 -0.198927955699047     
  0.162005365024626     
  2.947041623880189E-002
 -6.417789432191065E-002
 -8.380142339793069E-002
 -0.183478879025453     
 -9.185793293110837E-002
  1.805376967003859E-003
  0.411862548618408     
 -0.126581971053377     
 -0.156900323942179     
 -1.028112753082174E-002
 -0.161086920959573     
 -0.249426035505840     
 -0.415349710718433     
  0.161821670611713     
 -3.217907994227920E-002
  0.113635531831950     
  0.238479027537505     
  0.120043713842313     
 -0.351269035049158     
 -0.229609959090458     
 -3.117801686576353E-002
  5.051039350174219E-002
 
  0.133108228762522     
  0.160187436914338     
 -0.377572392844669     
  0.465954387584369     
 -4.493786635797280E-002
  0.463161126840686     
 -7.494849164259235E-002
 -3.482431324212277E-002
 -3.829173266601837E-002
  9.684257452784702E-002
  0.408400827448141     
  0.224499840576859     
 -0.420599379588168     
 -3.457668661887434E-002
  0.119123017039519     
  0.152156662900800     
 -7.339932868787880E-002
  4.947068060705803E-002
 -0.242550223209873     
  0.255083291633723     
 -0.230974061589131     
 -4.930801646279163E-002
  5.090961815250113E-002
 -0.234216730384748     
  0.468331956388479     
  0.212738482386893     
  0.432679282303878     
 -6.607127221268509E-002
 -6.209560498846418E-002
  0.111205095355157     
 -0.160461647799007     
 -3.132864439823592E-002
 -0.251134886656843     
  9.188514673460592E-002
  0.165640683321044     
  0.164846638352893     
  0.230225934873881     
 -0.111990326392581     
  1.289746737199928E-002
  0.182420108008956     
  0.119690310669138     
  2.842644551516833E-002
 -4.235454622781618E-002
  0.114430088829672     
  1.975885219088210E-002
  0.199621079558491     
 -0.299289613089093     
  0.174676219518396     
 -0.141964313053345     
 -0.155109639050859     
  0.126426958327603     
 -0.313237962958784     
 -7.228255519903810E-002
 -0.294366439433133     
  7.152035987939068E-002
 -7.939011107790644E-002
 -0.115718388335354     
 -6.140826380834266E-002
  8.231632967129243E-002
  0.207150137917224     
  0.107603345717902     
 -7.962837021984276E-002
  6.356769716432977E-003
 -4.753065147691590E-002
  4.542423207223633E-002
  8.733739404826643E-002
 -0.233949956762784     
  0.240040296445084     
 -3.704558994514859E-002
  0.159079647870305     
  0.211903396480759     
 -1.248822369820418E-002
 -0.109628159276038     
  0.336338781792578     
 -2.381949536636328E-002
  0.234860947567546     
  0.137058863428271     
 -0.207278935515317     
  0.153913511791924     
  0.247639536482375     
 -6.114218365136369E-002
 -0.231240286901758     
  0.112325930863639     
 -0.137948036830664     
 -0.145387595695401     
  0.106508445954648     
  0.203701739955461     
 -9.280116496274403E-002
 -0.198177220412580     
 -3.194445506202827E-002
  0.204244753951301     
  6.529017973860349E-002
 -2.896623306849832E-003
 -0.207168561561711     
 -3.223013338290484E-002
 -0.202061893289961     
 -6.656857451369945E-002
 -2.567288753971975E-002
 -6.331122342215591E-002
  9.777950895557373E-002
 -0.119027967381135     
  0.203017053339875     
 -9.300470351745652E-002
 -0.184023589019232     
 -0.119230702373415     
 -0.162028006403243     
 -0.148370432120898     
 -0.196718944592685     
 -0.110012294670879     
  0.115578403050590     
 -8.358668489840562E-003
 -0.251574475310259     
 -0.168931448166281     
 -0.142278261338713     
  6.877106144096211E-002
  0.137786216904475     
  4.164266792864053E-002
  4.934665726559842E-002
  3.065900588081032E-002
  0.217108330933222     
 -0.179952855034637     
  7.066467015312758E-002
  0.132552318324945     
  5.713739647310904E-002
  5.417879913422888E-002
  0.104481797588848     
  0.152884256380272     
 -0.454276329710853     
 -4.222645051507304E-002
  7.248689093979505E-002
 -2.374215282056142E-002
 -0.105386570759051     
  0.132029378507761     
  0.137697853689973     
  0.269865867110719     
  8.995539811420671E-002
 -9.363914821827460E-002
  5.077466602732310E-002
  0.159763723255462     
  0.173171883507492     
 -0.153245562788058     
 -0.123738035283677     
 -0.390482075399611     
  0.133879352122523     
 -0.202480603061678     
 -0.174730658743318     
 -0.117849902278204     
  0.149917375904508     
  8.314490869694430E-002
  0.201838134256041     
 -0.115890477548776     
  3.070140894270543E-002
  0.137366828146955     
  0.225235905163731     
  0.127470196355123     
  0.119119156002865     
 -8.648430522719829E-002
  6.734951060160754E-002
 -9.785361506181819E-002
  0.268812804272057     
 -4.136981780798428E-002
 -0.105850253930081     
 -0.152768105149452     
 -0.150297870484659     
 -6.665433790715866E-002
 -5.032120536376462E-002
  0.205003019050498     
 -6.871027859515387E-002
  0.120878068179506     
 -0.148556144844666     
 -0.131817738200624     
 -0.195674786962432     
 -8.597673698567933E-002
 -0.130615901348172     
 -0.133634605825050     
  1.700504468074749E-002
 -5.193113377399194E-002
  0.246172510491159     
  7.693734087620617E-003
 -6.954688193153621E-002
 -7.987838267487564E-002
  0.156863343750624     
  1.920208798573378E-003
  6.434502138149305E-002
  0.263120287839585     
 -0.414648127946006     
  0.295301213706010     
  3.835514530755581E-002
 -0.198222336044932     
 -1.948092820115434E-002
  0.174791966330832     
 -3.740174005769423E-002
 -0.230777596422936     
 -0.352379165788481     
  3.598276930332434E-002
 -3.505072474880986E-002
  0.270045357263657     
 -0.512288360104599     
  0.416822736818221     
 -5.936981091820803E-002
 -5.352391384213597E-002
  8.476223051298399E-003
 -7.493071729615658E-002
 -0.219263949249990     
 -0.110458704655507     
 -0.365780697515541     
  2.994421736745315E-002
  5.179888038659732E-002
 -0.121625423633380     
  0.169684909758834     
  1.046987775998802E-002
  0.280006501570532     
 -1.927479746076060E-002
 -0.287772196074809     
 -0.122420577928137     
  0.108693448960343     
 -0.122432760949456     
 -2.865389636164451E-002
  0.202526053459259     
 -0.459160260755639     
  0.373130055716878     
  5.116161322186376E-003
  2.512544649199292E-002
  0.183483972189538     
 -9.510251249154270E-002
  0.192785737217516     
 -9.580481463711867E-002
  0.212829236067237     
  0.159762543752805     
 -0.112085488263702     
  0.224433746261358     
  0.273500156079189     
  0.295427769679950     
 -5.208237011181371E-002
  0.374911942036591     
 -0.151244105937016     
 -6.470449788687710E-004
 -0.268947465249652     
 -0.143122060933989     
  0.140733596903004     
 -9.152818487435021E-003
 -6.557878399092333E-002
  3.307679958894791E-002
 -0.101174071152382     
  0.178370410325097     
 -0.112270703132144     
  2.462829081336541E-002
  5.171757305350484E-002
  0.122711582839001     
 -7.824167041334942E-002
  0.236561418500287     
  0.305828532447067     
 -0.123195798471156     
 -0.284551012076357     
 -0.199581020972425     
 -1.996624035086494E-002
 -0.298706597448545     
  9.521122730466366E-002
  1.283848216139856E-002
  9.515954014148056E-002
 -0.145892676427088     
  0.161692498661862     
  3.483101085115559E-002
 -0.256037005527120     
  0.201670963107477     
  7.938968748305734E-002
  4.555031882671663E-002
  0.117340772147735     
 -0.359653061158374     
  0.110757149094724     
  0.191297835969364     
 -2.752074887802307E-002
  2.256012752560783E-002
 -6.494540093222621E-002
 -0.132388145059085     
 -5.842425437302862E-002
  0.137200363928381     
 -0.154482179449172     
 -6.166776036634242E-002
  0.103815689175788     
  0.250842690386986     
  0.211038147027370     
 -0.198312417457764     
  0.178778012987795     
  0.287031360514592     
  0.145709853663071     
 -1.776569925332078E-003
 -0.269634714682524     
 -8.433479469861969E-002
  0.213994745428366     
  0.232122687362582     
  8.275647707798700E-002
 -2.521843614615631E-002
 -5.057092952258225E-003
 -0.228835751761446     
 -3.786134922669154E-002
 -0.300584126535770     
  0.111186826892555     
  4.349986494505403E-002
 -0.196536634174161     
  7.898118745715441E-002
  0.190350712621256     
  0.422418472250524     
  7.758954770526193E-002
 -0.303245097198085     
 -2.921458369793400E-002
 -9.727299323059468E-002
  3.553937446936817E-002
 -9.903323103870929E-002
  2.349941912185381E-002
 -0.128735611097313     
 -0.294674957699269     
  0.130669665354471     
 -0.117626419876570     
  0.155018466834992     
 -0.185663548634854     
 -0.106364863214033     
 -0.193694670985451     
  0.222944122341716     
 -5.410204519506629E-002
 -0.168306453486156     
  6.034232440667253E-002
  0.218767588962564     
 -0.215396004159652     
  5.720477175010222E-002
  0.214566358971442     
  5.738952039812158E-002
  0.266382662647711     
 -9.584065745908341E-002
 -0.279589759730579     
  1.037111284231634E-002
  0.168898293853147     
  0.106321119014570     
  9.272523847359576E-002
  7.049297630899254E-002
  5.781987639375143E-002
  0.229243242841577     
 -0.128205973351794     
  8.554107021045236E-002
  2.851115911534880E-002
 -0.215530091914693     
 -0.126826706352544     
 -4.343031364682080E-002
 -0.232587890846404     
 -4.986104972250155E-002
  0.150256777411288     
  0.158745158633852     
  0.180507444225527     
 -0.199384462074109     
  0.210959853505404     
 -0.411387052603633     
  4.673363950535833E-002
 -9.641360211974492E-003
  0.355569683831753     
 -2.139161262362425E-002
 -0.122145919742900     
  0.323884700209610     
  1.193505513246556E-002
 -0.282548673207015     
  0.270580886296175     
 -0.167623371425052     
 -0.204870829458612     
  0.209253197821853     
 -0.282932545641333     
  8.135300884272037E-002
 -0.202289490793603     
 -3.043467897849578E-003
  5.231571016180814E-002
  8.017946731389027E-002
 -9.339783915849330E-002
 -0.140629175795226     
  6.601699911534255E-002
  0.156573115139202     
  1.926756884969900E-002
 -0.209103476250759     
 -0.193518545046070     
  5.434505162032872E-002
  0.295683392470798     
 -1.138155060830803E-002
 -0.164785444961277     
 -2.436937697297397E-002
  4.892776918122380E-002
  1.116158812585846E-002
 -7.703546842261218E-002
 -0.243172290465424     
  1.109775457030006E-002
 -0.154607123643314     
 -0.304860689498499     
 -3.813575009211074E-002
 -0.222742322896057     
  0.206105650291542     
  2.584556359392717E-002
  6.456288334340966E-002
  0.140999608975408     
 -5.509312457570866E-003
 -0.234796305475334     
  8.989061594845124E-002
 -1.945633256345208E-002
  0.259070575061100     
 -0.144292670528017     
  5.684696286958921E-002
  0.120280705047451     
 -0.125992480726087     
  3.848359072431427E-002
  0.263826430197536     
  0.237108823871089     
 -0.153101838743119     
 -9.432824326337177E-002
  0.181569604406134     
  0.314250732103210     
 -0.227440920679198     
  0.281934387149243     
  9.032354903924787E-002
  5.337741701365983E-002
 -0.122829422983630     
  0.149487482706733     
 -0.263780778064274     
 -3.525969794596703E-002
  0.194282516701648     
  9.253851635715056E-002
  0.131633061349132     
 -0.118750684543659     
 -0.242051944353910     
 -0.329237975208351     
  0.135839258310612     
 -0.276307270154021     
 -8.365033872055883E-003
 -0.206206904878139     
 -2.303506102956901E-002
  8.798629636578095E-003
  0.257314676914596     
  0.195038871594495     
 -0.131915988629624     
 -5.402165057074470E-002
 -3.168977693587293E-002
 -0.262719859675974     
  0.196367658532748     
 -0.180334858474555     
 -0.128962926810017     
 -0.168638216392551     
  0.131648222745524     
  0.364522194296377     
  0.233455701689495     
 -0.209207899884474     
  0.208318863318788     
  5.804666959807513E-004
  0.144840279870645     
  0.149663723214914     
  2.477847970691815E-002
  0.161754112422501     
  6.884715189993439E-002
  4.487319772589903E-002
  1.399874463530380E-002
 -0.318030592237143     
 -0.283835621440553     
 -0.221449906515872     
  0.194580398540561     
  1.852971018531505E-002
  1.724556747432478E-002
 -0.178521298400169     
 -0.288595747338678     
 -3.097159733448388E-002
  8.192808336941397E-004
 -0.323522887609106     
  0.201130772635680     
  3.260801204754697E-002
 -5.423180308113661E-002
 -0.338244920690097     
  0.138236996424484     
 -0.362660237254870     
 -0.118427009335982     
  0.216260154382354     
  6.260089531279098E-002
 -8.677393120158948E-002
  0.106285204793817     
 -3.500859518003370E-002
 -9.601002706278557E-002
  0.102852511580970     
 -0.253946575104058     
 -0.174074627859576     
 -9.742034571064283E-002
 -0.249731975153118     
  7.269825743744110E-002
 -1.880379082311833E-002
 -6.012488675893766E-003
 -0.272612411482050     
  0.313093892848875     
 -1.550849374328742E-002
 -1.196186728574094E-002
 -4.552060256497727E-002
 -0.104230938723448     
  0.232937908490438     
  3.201750471177416E-002
  0.189469438115053     
  6.278854289258820E-002
  6.918263464399091E-002
 -6.547899067813434E-002
  0.112514003179686     
  0.231581495465020     
 -0.151951809209640     
 -0.231850362847635     
 -2.173995193054681E-002
 -0.222800144261527     
 -0.233529980589627     
 -0.365275434320546     
 -7.610777018918956E-002
  0.121730815870919     
  0.235981336739756     
  1.237893817365560E-002
  0.129957330505914     
 -3.232608001612369E-002
  9.046427729854181E-002
 -8.190322993281980E-002
 -0.162326096133116     
 -0.321376486188358     
 -8.507093940792107E-002
  0.102160653924027     
 -6.379549918663267E-002
  0.152125704028776     
 -0.108523108350625     
 -0.205567180212971     
  7.027586627060618E-002
 -0.161974841417537     
  4.420050873629703E-002
  0.210658720733014     
  0.116624455343264     
 -0.623337103173949     
 -0.302109027460238     
  0.215262770016148     
  4.477779623134027E-002
  0.158913843533029     
 -9.292783664926162E-002
 -0.360399635253852     
  9.350458416806562E-002
 -0.191187563978159     
  0.151417226186327     
  3.500567321187566E-002
 -3.441316490515064E-002
  0.221823652856374     
  0.401194157247483     
  6.422195058248381E-002
 -0.130395830096839     
 -0.155805189693682     
 -0.130008470471218     
  0.104691189091219     
 -6.875333460421200E-002
 -0.486310558400883     
  7.686420145924490E-002
 -0.100086158707790     
  0.283552271621050     
  2.637099374686911E-002
  4.060348408443945E-003
 -7.228199497030588E-002
 -5.210950834624891E-002
  0.134027405234939     
 -2.959905251541854E-002
 -5.291539007655939E-004
  0.218741830083303     
  0.175620531259951     
  0.212944790053888     
  9.932229264181625E-002
  0.291197409172749     
 -0.291370763171149     
 -0.215788940641852     
  4.837176080531317E-002
 -5.763077731732224E-002
  1.126459406614668E-002
 -2.384028982066849E-002
  8.092372649067248E-002
  0.184996161081733     
 -0.203695284369685     
 -6.364550040307881E-002
 -0.130150619067953     
 -9.738497237142286E-002
  4.353830329666389E-002
  4.461178787066784E-002
  0.170461234553035     
 -6.814407691121246E-002
 -0.115852192489947     
  0.312292255298621     
  0.456256558222121     
 -0.148348341863213     
  0.234918616517817     
  8.414961527083584E-002
  2.945248984981007E-002
 -3.893921881691158E-002
 -0.201277337549976     
  3.232209350556132E-002
 -0.212217814352946     
  0.189615546566081     
  0.111226008962382     
  8.450402537446527E-003
  0.238472803305415     
 -0.112464183692737     
 -0.215000970005345     
 -8.361159509718977E-002
  1.231262185202361E-003
 -0.175301580631363     
 -9.846004730513476E-002
  0.135295608790495     
  2.965788405549900E-002
  6.012636424232345E-002
  0.110510655503211     
 -0.382674236202995     
  0.211192617088678     
  0.153533840812735     
  8.961801314255982E-002
 -7.475022855219383E-005
  2.781526133807936E-002
  0.266705103726438     
  9.916489748005748E-002
 -0.125365702331546     
 -5.622888687664323E-003
 -0.107561127906830     
  0.282885289030394     
  0.171522541459206     
  0.328510397609239     
 -9.058182556059816E-002
  0.158480853710501     
 -0.151355164267581     
  0.170495547314135     
  0.229526753712725     
 -0.337701822648484     
 -1.047894265982442E-002
 -1.318150720682052E-002
  0.138422910703045     
 -5.583370240034405E-002
  0.226847428101905     
 -0.254666115233840     
 -0.388366804181366     
  0.168018407101364     
  0.291156712302627     
 -0.164532499642796     
 -0.148362759994275     
 -0.289442666318026     
 -6.584806273785936E-002
 -0.121114168275969     
 -2.393941337145754E-002
  1.212561939574670E-002
  0.286541120318380     
 -0.154642546961912     
  0.100752794813037     
 -0.188639287306622     
  0.263575578844340     
 -0.132843098994476     
 -0.115783992933974     
 -0.156203762409395     
  0.341219287879166     
  0.125157620880508     
  8.192334893502592E-003
 -2.288189619702790E-003
  1.013097830220335E-002
  8.999398454465661E-002
  2.298431513358930E-002
 -7.225876691467362E-002
 -3.174442713786332E-003
  0.147559137070669     
  0.327093896354570     
 -0.111016045798195     
 -0.161023425235465     
 -0.229666129470877     
  0.263760352695406     
 -0.291608284792532     
 -5.853053795600933E-002
  0.480210807745579     
  1.088563376900581E-002
  6.104664388774268E-002
 -2.974126281920397E-002
 -0.142753147273125     
 -0.269425833030524     
 -3.909304596377035E-002
 -0.412490611315611     
 -0.244903517595070     
 -5.849187561237613E-002
  0.137668053649891     
 -5.721352977263033E-002
  0.312925377192975     
  0.122220790157240     
 -5.279129497499446E-002
  0.184127357295556     
 -0.149663162712176     
 -0.126808298081980     
  0.190152921551815     
 -0.278460446508955     
 -0.163004528028586     
  1.201761112714870E-002
 -7.260449404886432E-002
 -1.617316548721325E-002
 -2.312172246133052E-002
  0.165539586480892     
  2.331900398698053E-002
 -0.160537466760504     
  5.903829322534392E-002
 -0.147624785841000     
  6.106404557808456E-002
  0.136278276157506     
 -2.567480434820298E-002
 -0.250575748539901     
 -0.185471504980985     
  2.667632519389147E-002
 -5.073985967438075E-002
 -7.091651043187781E-002
  0.103369873129211     
  6.020199548287881E-002
 -3.324513124416634E-002
 -3.719595399535095E-002
  6.793537150631661E-002
 -0.223359278884219     
 -8.345735194493170E-002
  3.319072612914511E-002
  4.825561173137548E-002
 -0.237827354548811     
 -0.112353274599345     
 -0.209042110155965     
 -0.148870550513402     
 -0.189181936517382     
 -4.784798550311392E-002
  0.275428377842552     
  0.102220338021562     
 -0.225644030757734     
  0.254903019764414     
  0.112272213143349     
  0.119189825980948     
 -7.036393634581141E-002
  8.534582025573572E-003
  3.322947560531332E-003
 -6.166632034904867E-002
  0.293169600982085     
 -0.293315129458956     
 -0.423319939360617     
  9.428739149956439E-002
  0.169915290477394     
 -7.172839752641323E-002
 -0.237085807203179     
  4.987249471041593E-002
  6.013037737133732E-003
  5.559116148269107E-002
 -0.101364201979698     
 -0.399582953973384     
  0.305678082500484     
 -8.147937074124831E-002
  0.359114586173718     
 -6.525197631651425E-002
  0.198805547403322     
  9.735137971970387E-003
  0.386888531098979     
 -0.109014773619133     
  0.139525029325379     
  9.244846661813123E-002
 -0.136731766364687     
  9.583288474494749E-002
  3.348065732804201E-002
 -0.249988324879531     
  1.169157204323481E-002
  0.225911100197303     
 -0.341516567786223     
  0.223701462938680     
  0.283018598243501     
  1.901569738873091E-002
  0.266358076589455     
 -0.156994209906706     
 -0.158604071337107     
 -8.999315166348087E-002
  0.131658095145805     
 -0.260776638392672     
 -0.159454689365859     
 -0.274423937729283     
 -7.108842659876098E-002
 -9.680191128609686E-002
 -0.191641833519289     
 -8.548035676107134E-002
 -0.319689809792236     
 -0.352540582145644     
 -1.531835474334106E-002
 -8.520497110171274E-002
  0.434677971971809     
 -7.345009798382342E-003
  0.429321646509122     
 -0.261264804622691     
  0.155323067901523     
 -3.914819931414067E-002
 -0.365026021495335     
  6.124742432836045E-002
  0.108104140791948     
  0.289687476075733     
  7.193090789584547E-003
 -3.833045734860981E-002
  0.262457149687333     
  0.194744769910763     
  3.708781885688279E-002
 -0.379667453767537     
  3.606051432683187E-002
 -0.132485505594024     
  8.072799579176601E-002
  8.730334698302183E-002
 -7.698650644604393E-002
  0.181433350880837     
 -0.107667596524675     
  0.409594227669913     
 -0.252259448860171     
 -6.436211554839141E-002
  9.460669443004639E-002
 -2.108724480988556E-002
  9.157210556597946E-002
  8.420684131860208E-002
 -0.158100860866679     
 -0.151805638423768     
  0.100872140530852     
 -7.677804572505008E-002
  0.273379518624583     
  6.167060413996813E-003
  1.339495887129673E-002
  0.205760336184170     
 -9.474869500429166E-002
  0.170221908608803     
  0.257032650681652     
 -0.173936947029182     
  0.245132921553632     
 -0.243374512374243     
 -0.100970378293022     
  0.115349801905989     
 -6.393718126129659E-002
  4.981657688329435E-002
 -0.181302790808801     
  0.241644323068418     
 -0.250757550431112     
  7.258963901911587E-002
  0.114182676125146     
 -0.188229606222147     
  0.155392079641559     
  7.287279176731069E-002
  6.664139728915811E-002
 -0.209470876711183     
  4.730918434053197E-002
 -5.516835574193855E-002
  0.222364621484460     
 -0.130562836256146     
  6.938433071631565E-002
 -0.196238346286322     
 -0.208727475574700     
  5.521933802515799E-002
 -3.086885362149499E-002
 -0.139733218595581     
  4.939814689175668E-002
  0.109168195324782     
  0.237964276060685     
 -0.215757616910623     
 -0.320607105798300     
  7.735151888476709E-002
 -0.109595012923231     
 -0.243014548855943     
 -2.669049725135247E-002
 -6.266417369875774E-002
  0.155716905522905     
 -7.589781775780502E-003
 -0.350399378665002     
 -0.385591772504042     
 -0.243052759540262     
 -0.109365179966483     
  0.203871569332512     
  0.157058077383510     
 -0.102327369281229     
 -0.431083667645391     
  3.429638527384288E-002
  6.954055943726771E-002
 -0.262936009252179     
  0.290940258692577     
  8.226461510184006E-002
  0.256674422443094     
 -0.106047092554095     
 -6.958534272045175E-002
  7.821374918050202E-002
 -4.791300462284515E-002
  4.567231551692913E-002
 -0.165668788465598     
  3.379935329869549E-002
 -1.789978479517406E-002
  1.200703882766873E-003
  0.218283959195723     
  4.794987413830236E-002
 -5.362787027975183E-002
  0.150361495662836     
  0.231371007727351     
  1.033886866046139E-002
 -0.285838594127017     
 -9.702822342452010E-002
 -0.187746368250364     
 -0.129885039990843     
  0.291857827045919     
 -0.129084750536433     
 -0.185172273408229     
 -0.304773363261072     
 -6.997953835747155E-002
  8.485598810243750E-002
 -9.265768475450960E-002
 -0.176264949941153     
 -0.176784352493114     
  4.642683848057373E-002
 -0.109619765707429     
  0.158944893679216     
 
  8.609735725028995E-002
  0.121981593563458     
 -3.207423114510384E-002
  0.119877839489285     
 -0.151027666447560     
 -0.122552885190937     
  0.281440174444084     
  0.396175660951080     
 -2.791479950256888E-002
 -9.618927578719692E-002
 -6.133099499774610E-002
 -0.123665331011858     
 -0.195833167390216     
 -0.304562783040789     
 -0.145681372992175     
  0.102406949761511     
  0.109108302813578     
  0.258199441587300     
 -0.274618207038645     
  0.110821490640561     
  0.296919355697188     
 -0.208891692265366     
  0.312546782762103     
  7.539493899990236E-002
  6.398698322798442E-002
  0.272084312424111     
 -6.636496367279815E-002
 -6.144172201440972E-002
  0.216276557375534     
 -4.488942549797115E-002
 
  -1.07423115342769     
  -4.58951317698398     
   7.70551188662737     
  0.847939345485549     
   5.15268817510182     
  -1.93963336197484     
  -11.8919745236182     
  -5.98071854469652     
  -3.43883720051806     
   2.46308239808534     
 -0.598885233167102     
  0.326281005509915     
   1.99440420636225     
  0.849853235879666     
  -5.90542132170663     
  -4.71628182808934     
  -9.78778874289331     
  -8.64081876238789     
   2.09603220753546     
  -3.45577578512716     
   6.02499031109290     
  -20.4422379169699     
   20.0258257060206     
   4.23937770466410     
   3.55452898407462     
  -6.26772011817128     
  -1.11658199724388     
  -1.26359029547626     
  -7.18150778037628     
   5.80321531804237     
 
 -1.366165487804878E-003
 
  tansig  tansig 
