     33 -    30 -    30 -     1 
rmse=  23.6642meV
 -0.582900117313620     
  0.288623569406898     
  0.126047256334983     
  0.101265082371809     
  0.519028768851383     
  6.855695715028871E-003
  7.207677873392210E-002
  0.195966516761463     
 -0.134864815743216     
  2.702444078822123E-002
  0.151226442740971     
  0.158759473213575     
  0.101908875035005     
 -3.903111024628991E-002
 -0.385282331621127     
  0.163723751562369     
  1.236906055159514E-002
 -5.532362936660554E-003
 -8.369724396715510E-003
 -6.225635370308720E-002
  0.133795101952565     
 -0.345492697903982     
 -0.241169373219547     
 -4.737676253883050E-002
 -0.135032598278466     
  0.216168496602336     
 -0.210089373040089     
 -5.664484958215314E-002
 -0.179431504746835     
  0.168759437690977     
  4.009830318461844E-002
 -0.191800403016659     
  0.552397869643734     
 -6.328253332193630E-002
  0.167897008849565     
  0.234121527519369     
 -0.564086030990820     
 -0.323659155942444     
 -0.215283790893251     
 -1.403443057958023E-002
  0.194944029417161     
 -0.224268440003233     
  0.102491134407535     
 -0.249505284430561     
 -0.118174122137536     
 -5.053563440844941E-002
 -0.257880754679523     
  0.211308767270321     
 -4.080474339540232E-002
  2.340906091411164E-002
 -0.139589388105393     
  3.908667098103105E-002
 -7.908259049790950E-002
  0.239775818563971     
 -5.263191771060609E-002
 -1.185779652967490E-003
  8.321329201876883E-002
 -0.266300520932789     
 -2.836424634725894E-002
  6.207634380511416E-002
 -0.128958430284152     
  0.128808567426583     
  0.108402244390708     
  9.591154138281655E-002
  0.156933383367961     
  6.609921568741467E-002
 -1.858904810839965E-002
  0.126548519679140     
 -1.129482652916896E-002
  2.786853379568661E-002
 -0.545150297121040     
  0.364644231529691     
  0.160690986255722     
 -0.247275877744839     
  3.993112980161608E-002
 -0.192705799369489     
 -4.158705259915907E-002
  0.456385641149437     
  1.245511816967656E-002
 -0.101799756255184     
 -0.193566203448749     
 -4.003680981337918E-002
 -4.747483041361990E-002
  0.225037620687254     
 -0.148136100720103     
  0.438316360230220     
  6.754824362465931E-003
 -0.179773614754190     
  0.194617673647735     
  2.496361590542730E-002
  0.187862186807323     
  4.289631744693714E-002
  2.551864701599388E-002
 -2.582547730746949E-002
  9.956979823904617E-002
  0.269434544486263     
 -0.176454877279524     
 -0.196897364671315     
  0.189767878090006     
 -0.167183707222747     
 -0.476599123054826     
 -0.257708997526382     
 -0.255285867627585     
 -0.216499884893945     
  0.148790631382710     
  3.264488435165683E-002
 -0.156511538455137     
  0.163629826524737     
  0.117367179848965     
  0.139643861576169     
  0.185698086887127     
  9.320005612971566E-002
 -7.445567729303074E-002
  0.353629390210586     
  4.332313888090100E-002
  0.139565202874832     
 -0.253504231465282     
 -0.282753495260125     
 -4.884648784521204E-002
 -0.168674125194056     
  1.063313808746995E-002
  0.179515238459460     
 -7.330418449229947E-002
  3.994917549887095E-002
  0.158252946794995     
 -3.401345782257569E-002
  0.210716085666643     
 -0.274096042318983     
  0.305794103405348     
  4.951090657914796E-002
  0.121253890338901     
 -0.108833954443422     
 -1.952546197338690E-003
  0.222700061461117     
  9.265743113871237E-002
 -0.156562951399794     
 -0.472191787693531     
  0.131434357786667     
  0.328236253798513     
 -3.734446089091729E-002
  3.992203386512412E-002
  0.421730346030944     
  0.209579338777441     
  0.186508164640733     
 -8.650278433491078E-002
 -0.247240057118750     
  0.306622541785945     
 -1.162234911060767E-002
  0.131023110974693     
  0.525621860672374     
  9.655682904982099E-002
 -0.209519004222503     
 -4.281450336228337E-002
  0.301259875249320     
  0.178714924127424     
 -9.644263611478972E-002
  0.105667329272028     
  4.829206175928913E-004
  0.304185062328023     
 -0.256342037150324     
  6.293947511946318E-002
  4.947835918010312E-002
 -0.342970905314482     
 -0.323386191953369     
 -0.105106150189741     
  1.537837799747130E-002
  0.280386996915998     
  0.292898460005340     
  0.614727197620455     
 -5.277751489748479E-002
  0.386470658008741     
  0.223079873710341     
 -3.622116052441726E-003
  0.137905686500305     
  0.243995547500459     
  2.079264707170064E-002
 -4.216740292572888E-002
  0.162305494660843     
 -1.741752086554236E-002
 -0.550907944703652     
  0.428291824658533     
 -0.364384495194192     
  6.399779357965935E-002
  4.938537072606701E-002
 -6.216192282666928E-002
  0.275638954344048     
  0.419255466814682     
 -7.105576121548135E-004
  0.182082119925418     
  3.694480951379037E-002
 -9.605357823679789E-003
 -0.149366017494848     
  0.141426364659491     
 -0.155766782345945     
 -0.112434925441698     
 -0.258945753470847     
  1.648765309062667E-002
 -0.344163367726436     
  0.282509944043115     
 -0.190539621687950     
  0.302746715224913     
  5.786491272579434E-002
  0.353199806204851     
  0.190954038118534     
  0.228134826113452     
  0.260760242344566     
  0.159242303930330     
  0.195077360011201     
  0.128168847496310     
  0.311132460489250     
 -0.189003703999129     
  9.494979768890195E-002
  0.189711221983377     
  0.155551863970971     
  2.320819261098126E-002
 -0.400162291987968     
 -0.121107230973678     
  0.149698880554394     
  4.753003446037743E-002
  2.598509531255229E-002
  0.400239165107608     
  2.817540066503931E-003
 -9.057592039159196E-002
  2.971710935793113E-002
 -0.353444429277732     
  9.958651824687637E-002
 -4.823880586730078E-002
 -0.105955305430888     
  7.655431574681545E-002
 -2.367951589531336E-002
 -0.218113739627572     
  0.393226875114435     
 -0.286676859478308     
 -0.133928181664439     
 -0.235368478851545     
 -4.322526262292492E-002
  4.915728473327512E-003
  5.132412271911229E-002
  0.150192320754951     
  9.858890143399331E-002
 -0.307546561844334     
 -0.234915897028724     
  1.420220981838926E-002
 -0.238594526646277     
  0.190538921430146     
  0.466586468021377     
  0.287414065631907     
 -0.142740771980695     
 -0.291602691453285     
 -0.192192205178758     
  5.819396294443716E-002
 -0.305486081718535     
  1.555909249142644E-002
 -0.303169631153475     
  0.375292659743704     
 -1.477267363532712E-002
  2.054157259099736E-002
 -0.168376307744815     
  4.419207480380962E-002
 -0.177551886765381     
  0.108960161373799     
  0.140617616539910     
  7.642810921837942E-002
  0.127948798275577     
 -3.689038364370042E-002
 -0.142020370746997     
  0.364225820176312     
  0.126640982887623     
 -8.513051446850001E-002
 -8.294748159548235E-002
 -1.718017542263129E-002
  4.020617352350515E-002
  3.127247260752657E-002
  0.279653080031978     
  0.148958839874080     
 -9.521628298894631E-002
 -0.220757890279839     
 -0.145435974037609     
 -0.359408027381404     
  7.509419211222315E-002
 -0.294596496615087     
 -4.077605268250536E-003
 -0.241939250491329     
  3.572983578835489E-002
 -0.118290989142206     
  0.132985380838170     
  0.240058248699464     
 -5.335270599820448E-002
 -0.159242453320298     
 -0.127272830838053     
 -0.299949534569051     
 -3.272060572931400E-002
 -9.054945152943862E-002
 -4.523374706397913E-002
 -0.176115195328064     
  0.379611084557324     
  0.146392003186372     
  0.193334310811008     
 -0.172217471861805     
 -2.686541524150925E-002
  2.078779401282009E-002
 -0.184579848723389     
  0.187305698444523     
  2.643172891351038E-002
 -0.134335677414221     
 -0.136285672137227     
 -0.249910121397304     
 -9.655618702660260E-002
 -0.211496782507297     
 -0.227630742473032     
  0.209519744687197     
  0.286839851161045     
  0.271706418857997     
 -0.106640034645808     
  0.308427718049864     
  0.137652052662754     
 -0.283301656769740     
 -0.197909560682026     
 -0.119746819351267     
 -0.195655309904735     
 -6.898715278160575E-002
 -0.432139442834599     
  3.946360130665011E-002
  5.024922950653169E-002
 -0.119799993692395     
  5.809383564613672E-002
 -2.200142914068407E-002
  4.692064309694608E-002
 -0.134006386368049     
  7.066713889842852E-002
  0.193523299331855     
  0.226543191153036     
 -7.157712844365746E-002
 -0.659615192645035     
 -0.178191427715798     
 -0.301197539126899     
 -3.753791580960233E-002
 -0.154510067446085     
  9.226787734999665E-003
  0.147571224090118     
  0.108504696553253     
 -0.378493699191177     
 -7.702876853329075E-003
  0.175433906112302     
  0.262882901937496     
  9.252166027314300E-002
  8.939437452520435E-002
  9.403349179680043E-002
  4.521020736806954E-002
 -0.116645848453771     
 -9.140398365957422E-002
  0.156672331616163     
  0.307616639144072     
  4.517183317104453E-002
 -7.017034936045041E-002
  0.303351869465886     
  2.402980373639065E-002
  0.429775540611751     
  6.338203498828973E-002
 -0.101297021448913     
  3.180705426716743E-002
 -0.160659703658400     
  0.347923622960559     
 -8.371027447109647E-002
 -0.189506919658211     
 -8.129312123147471E-002
 -1.192404188425316E-002
 -0.518871464177562     
  0.145077882068164     
  5.593327878842427E-002
  9.839862925111227E-002
  8.250126818448662E-002
  0.221986718368518     
  0.344131733802642     
 -0.235366756911627     
  0.214683287856203     
 -0.262483823879327     
 -4.545873132561383E-002
  0.131859331017251     
  7.917076846886767E-002
  0.232095779770912     
 -3.772382097938605E-003
 -3.678689945441529E-002
 -4.950112325649737E-002
 -0.165206313166117     
  5.710159336787098E-003
 -0.356274327929902     
  7.097431806670729E-002
 -0.237017674253157     
 -9.358537144631722E-002
 -7.885646752437304E-002
 -0.303224444485596     
  0.215191668225413     
 -0.219234673271141     
 -0.243446437594830     
  0.393055640971528     
  0.113103163675633     
 -4.764469184939259E-002
 -0.233425313682125     
  0.246570265508240     
  0.379368907133799     
  0.126504114983104     
 -0.165338606562984     
  1.884175214050098E-002
  8.346489417603645E-002
  0.323163600959665     
  0.250528837544144     
 -0.485670908483925     
  6.572967162467551E-002
  0.202361292728500     
 -0.195595227048422     
  0.121061283278378     
 -0.254508688777893     
 -0.239003196870750     
  0.255065535085257     
  0.395343285018413     
 -0.120050071892685     
 -0.268160899872589     
  0.100189181206551     
 -0.412185796697250     
 -0.369089678157881     
 -0.147470881822374     
 -9.635931995565557E-003
  0.125928674079957     
  0.262124002289831     
  6.802426771736672E-002
 -0.130938182044626     
  0.145102437784662     
  0.132836512815495     
 -0.178528889397241     
 -0.127371483422925     
  0.144556808543560     
 -4.116623846289252E-004
 -0.101619425281151     
 -0.173783032626127     
 -0.149043568415362     
  7.022282453517092E-002
  0.177724580149203     
 -0.139479416926703     
 -7.500464768436818E-002
  0.208439437456399     
  0.156763917490503     
  2.164789676874870E-002
 -6.539517990778443E-002
 -7.849051510219238E-003
 -0.277758441193170     
  1.198068526171253E-002
  4.207986611203931E-002
  4.650126970588002E-002
 -4.977056811602846E-002
 -8.626903676626548E-002
  2.807739823798419E-002
  0.356469253947937     
 -0.313669083866576     
  3.128077562903349E-002
 -0.139133142453449     
 -7.104570520877332E-002
 -0.151641868629799     
  0.390225975512725     
 -0.183510691560510     
 -0.300256437254888     
 -0.269620129493182     
 -0.220185078735021     
 -5.233831105309839E-003
  9.506666192038130E-002
 -0.217926992268383     
 -4.993507335154394E-002
 -0.257295121799908     
 -0.221703081028364     
 -0.171030143887669     
 -0.369243916805706     
  3.272573538468533E-002
 -6.709175724057412E-002
  0.132193607232347     
 -3.276169018354898E-002
  0.390614892693860     
  0.122843194337990     
  0.473487346919575     
 -2.736802591445621E-002
  0.355229220181692     
  0.136309968441673     
  2.849383851160759E-003
 -0.161273881501169     
  0.347508091032421     
 -6.357558796452917E-002
  4.812519640779414E-002
  7.860046720003969E-002
  0.113458801118070     
  6.273650402632015E-002
  0.300734682012765     
  4.196794998887623E-002
 -2.443928998002393E-002
 -0.129497927454671     
  6.306523457541614E-002
  5.444365975757197E-002
 -0.154477491337996     
  0.203013111462488     
  0.186192978604297     
  4.276861899970236E-002
  8.685582444864162E-002
 -0.101512736051021     
  0.140752413626540     
  0.157673474588218     
 -7.871832719056006E-002
 -2.276181241687041E-002
 -0.158478810579578     
 -0.296990926340126     
  1.726400475138509E-002
 -0.149300355627166     
  8.354303774190305E-002
  0.102403637258730     
  0.185850569535273     
 -0.164941435379250     
 -9.068987147930373E-002
 -0.145302550752383     
 -0.254583528644032     
  4.516775366160616E-002
  7.009818581320784E-002
  2.561359733200539E-002
  0.160850277353364     
  1.481751744131627E-002
  0.300079922819489     
  4.934064173438107E-002
  0.293838229099924     
  0.156507040386647     
 -0.346313033336021     
 -0.303044704831496     
  0.241013979037747     
  0.150879521335964     
 -0.231306818399642     
 -0.399502471314023     
  1.727528518474024E-002
  0.105816814686433     
 -0.109779984298170     
 -0.229002739165908     
 -3.110622385588946E-002
 -5.129296533602542E-002
  9.890390959921355E-002
  0.152606286224715     
 -0.458428507209909     
 -0.106606419076971     
 -0.306542273170500     
 -0.318530993479516     
  9.327594386387331E-002
 -9.246641789273785E-002
  5.454970486229261E-002
  7.000674245184275E-002
 -0.101692233519138     
  6.031322749355856E-002
 -0.273823300746356     
 -9.926686672763667E-002
  0.137581868690543     
 -0.126802768364967     
  0.220922650404015     
  1.179359909027412E-002
  0.157849684191542     
  0.263848273297320     
  0.152637515465506     
 -5.081044927373086E-002
  0.236063111342284     
 -0.222614971348054     
  0.145472660447001     
 -0.286998170183098     
  3.289175641655975E-002
  4.524555471090109E-002
 -0.411181614905014     
 -7.659365230284479E-002
  0.199356621083544     
  0.137085197968298     
  4.593361890851507E-002
  6.109108624527537E-002
  2.945035615775887E-003
 -6.095486536846487E-002
 -2.643533843801164E-002
 -0.534596291709322     
 -0.243599257671615     
 -0.141221060950542     
  0.270291132991056     
  0.219714476563640     
  0.112150594164551     
  9.004412334688260E-002
 -0.137776887247296     
 -8.867675575358525E-002
 -0.142248380274842     
 -9.229706081921918E-003
 -0.473171380862492     
 -0.193435210614907     
  0.110553095352569     
  4.852001344845278E-002
 -1.798444743096895E-002
  1.395906497144978E-002
 -0.165351259620105     
  8.151186187533492E-002
 -6.733844958901150E-002
 -0.631710236065197     
  0.176744928417016     
  0.122692746958279     
 -0.315099188183036     
 -0.318425870364432     
 -0.132026027129355     
  0.237109505574356     
  9.694017739589608E-002
 -3.722388698364367E-002
  0.335803780504827     
  7.204987634451185E-002
 -0.198743296194580     
 -0.298530202611059     
 -0.176866136087023     
  0.193342866464794     
  0.161366105176110     
 -6.427129048115432E-002
  0.230425161950382     
  3.976671594429719E-002
 -0.281974439308202     
  0.297643936223849     
 -7.111101116340053E-002
  0.104978500490422     
  0.119363487608424     
  0.106223973538844     
  2.284423585390075E-003
 -5.211886828599774E-002
 -3.848729347472080E-002
 -0.127169917629931     
  0.129531744891016     
  0.268892050668926     
  0.270431085956762     
  0.107399603611606     
 -0.370898558933288     
  0.176341526233186     
  1.779097035099974E-002
  0.193846284693488     
  0.348389039910678     
  0.197448134794797     
  0.275436459851007     
 -4.384912324634425E-002
 -6.253659072384467E-002
  7.220076998779446E-002
  0.180339025876956     
 -4.377274738323904E-002
  0.844665473452809     
  0.125617196909822     
 -0.223386046739018     
 -5.665065877871768E-002
  0.264309543382573     
 -0.239758045883438     
  8.899734182943089E-003
  0.114678264949658     
 -0.232565098668420     
 -5.696057692809853E-002
 -0.698992702880650     
 -7.128024595804798E-004
  0.598023472626850     
  0.224427543898429     
 -0.435101666552433     
 -0.345497666086398     
  0.133924740384417     
 -4.994506261813146E-002
 -0.409994388283199     
  9.140404581500634E-002
  9.725156793108275E-002
  6.257941764278060E-002
 -0.260547743582021     
  0.481179394746819     
  0.430302685514011     
  4.941057142852973E-002
  5.827796533902416E-002
  0.188275864624859     
  0.153888041309646     
 -5.082241534169746E-002
  0.129375498102576     
  0.225021476827076     
  0.130427542490121     
 -0.106241766007146     
 -0.329194281280878     
  6.563901593702090E-002
 -0.286877492674058     
  5.623943364994239E-002
  0.121514870842769     
  0.192952249599272     
  0.100108877338757     
 -0.177579139487287     
 -0.471521738998368     
  4.425233744938204E-002
 -2.743548796840486E-003
  2.575936920287023E-002
  4.552414871618254E-002
 -0.238013089264737     
 -5.717877149478547E-002
  0.229496948449583     
  3.125850267742596E-002
 -0.203183599117607     
  9.451817690056183E-002
 -0.150372323890878     
 -0.113394859635168     
  0.116948319601515     
  0.266488745359893     
 -0.275682393344052     
  7.456541440947548E-003
 -0.250026968937542     
 -3.563088556878648E-002
  7.351287609535193E-002
 -0.229790475282747     
  8.132171665042374E-002
 -0.118034550172080     
  0.166258166629354     
 -4.234899666191934E-002
  5.281921290822891E-002
  0.419300333906943     
  0.267427904607859     
 -0.150486770205200     
  1.555747344468631E-002
  0.257415582694111     
 -0.168338437787254     
  2.943337582231007E-002
 -0.210801027646264     
 -4.529191535313375E-002
 -0.160569758337433     
  0.324576771439748     
 -4.303883177693995E-003
 -9.252327041644461E-002
  0.239461477942646     
  0.124607665108013     
  9.861764896129913E-002
 -6.135298204991832E-002
 -0.317413379435130     
  6.858766668319040E-002
  5.659559431227654E-002
 -0.184032466459827     
 -0.180606714063011     
  0.277661228479934     
  5.473211817045261E-002
  0.332570177166572     
 -4.168076644571526E-002
  0.128542461462061     
 -3.958445111871355E-002
 -0.199973771797918     
 -0.141189001189312     
 -9.258368247829703E-002
 -4.756208083331179E-003
 -4.487475702239689E-002
 -6.893508102192106E-002
  0.178473891518866     
  0.438529734098480     
  3.108899217436146E-002
 -0.452396824571161     
  0.348313010830906     
  4.159789531868828E-002
  0.165388919869024     
 -0.193765753133465     
 -0.197387026044203     
  0.106387443793054     
  0.377096111169185     
 -0.202665723485784     
 -0.259458969870013     
  8.782900138494754E-002
  0.322505691738925     
 -0.156391341429628     
 -0.112993897249498     
 -0.142697625495783     
 -0.478109378690594     
 -0.249552180884968     
 -0.163507644130772     
  0.239920223237725     
 -0.113711780167823     
 -0.113889001215893     
 -0.123475668400970     
 -0.204362065424912     
  0.290431093314255     
  1.689886859603329E-002
 -9.094572239822590E-002
 -0.104439964727830     
 -0.183284928384681     
  9.691770941498433E-002
  0.165874188417296     
 -0.306930250018407     
 -6.780341742382635E-002
  0.158425377619904     
 -0.317204331808656     
 -0.143857559701841     
 -0.168139857267034     
 -1.071213991708111E-002
 -1.787059973628536E-003
  5.244274445354100E-002
  3.119877651351898E-002
  0.133407862335901     
  0.334585727450961     
  0.130374307795497     
  5.333465255951443E-002
  0.142354479833691     
  8.961899735092413E-002
  0.230703980033183     
 -0.698399210081826     
  0.322065309664560     
 -0.177184992828152     
  0.341797434004519     
  0.511921907321969     
  0.940981524901822     
  0.660467211634946     
  8.589492746231114E-002
  0.277647716550837     
 -0.337964600590485     
 -0.289506435888927     
  5.651625887377953E-003
  0.271592714336236     
 -5.421418272439588E-002
  3.659494455153631E-002
 -2.727443360213566E-002
  9.307885491853368E-002
 -0.246207891161675     
 -6.330572409389605E-002
 -0.153613596474795     
  0.414141227479971     
  8.396324149347101E-002
 -0.119308804818877     
  0.358300612506969     
  0.347993182127339     
  0.169633067845777     
 -0.388831625446101     
 -9.326720147837284E-002
 -0.466665696660233     
  5.118898195180051E-002
 -0.200632414672380     
  6.527416585648103E-002
  6.572400800170179E-002
  8.836559925443797E-002
 -0.101605670527621     
 -0.261043953203879     
  0.325773545476754     
  0.509227799868756     
  5.222050719720037E-002
  6.034545066741201E-003
 -0.179261695445413     
 -8.533161102161511E-003
  8.711660281904726E-002
  0.175462933212602     
  0.290212342231987     
  0.337055707534824     
 -0.445019750084507     
 -0.131881834899729     
 -8.950102491687881E-002
  0.185362294519889     
 -1.590317379188240E-002
 -0.140617844595145     
  3.777213311366166E-002
 -0.187279917721914     
 -0.186312833505960     
  0.184010482310555     
  0.147509032797271     
  8.030464425205154E-002
  0.500169807410546     
  0.386993722581212     
 -2.177739712103489E-002
 -4.864574460057392E-002
 -5.707279798411177E-003
 -7.361897865720531E-002
 -7.774987140740730E-002
  4.351755148452423E-002
  6.490931275795414E-003
 -0.161547944548083     
  0.375950117833643     
 -0.205706419430000     
 -8.540652975871613E-002
 -9.898107401597704E-002
  5.613760876829245E-003
 -6.927721478062943E-002
  0.196628763487179     
  5.122023507446181E-002
  0.205810555632572     
 -0.142698170129106     
 -5.769099983394776E-002
 -4.482743334603016E-002
 -0.154235605603816     
 -0.183665576134058     
 -6.311254864595908E-002
 -0.183218890880949     
 -0.240565244116398     
  6.088942842825064E-003
 -0.244849299011682     
 -0.381052558728300     
  1.822560300010143E-002
 -9.671930143508506E-003
  0.242709283224953     
 -9.935221998686324E-002
 -0.300311790374162     
  0.358159767596276     
  0.210082833627402     
  0.115032192156341     
 -4.066065153103275E-002
  0.381348991862623     
  0.283728975743513     
 -0.159892381956380     
  0.459274516271516     
 -0.190565832942026     
  7.320961349550029E-002
 -1.099368194855857E-002
 -2.710212016257738E-002
 -8.162501299649766E-002
  4.555862187260073E-003
 -0.101801762858163     
 -0.165452949189911     
  8.370342193154498E-002
 -0.160564289339547     
  2.362651661659643E-002
 -0.181278115742747     
  0.176971416023153     
 -0.383346802667861     
  8.578491601555469E-002
 -0.176663213122692     
 -4.260929282921556E-002
 -0.182595248113130     
 -3.252058564416721E-002
  0.164523758672323     
  0.186693276818067     
 -0.134354704533379     
  5.523432098245810E-002
 -7.017538734582926E-002
 -0.100261570350044     
  8.050342111513401E-002
 -0.196534508438083     
  5.902401270487732E-002
 -8.697665614537387E-002
 -0.121211085308378     
 -5.271939537431806E-002
 -0.173438107590659     
 -0.299156298394101     
  9.988549773490574E-002
  3.970065053456459E-002
 -2.549505782375269E-002
  0.164990753470008     
 -7.460436008505544E-002
  7.564328473945643E-002
 -0.285159408856124     
 -0.220615976431990     
  0.103060807017792     
 -0.144865089116836     
 -0.123614922530255     
  2.697718735185729E-002
  7.064089758336434E-004
 -0.244258076500256     
  7.704015240732673E-002
  0.155907363897303     
 -0.212517723858738     
 -0.218083174982284     
  0.140936442128805     
  0.373236945609594     
 -0.133013435346978     
  0.432516839537916     
  2.882046112311094E-002
 -0.149817750070311     
  0.120891337711508     
 -4.563819679101253E-002
  0.142899769023718     
 -0.251532525601558     
 -0.284065260526851     
 -0.376337172513482     
  5.086512422183562E-002
 -0.145736135960514     
 -0.212802039165753     
 -0.154306569870481     
 -4.545589079362176E-002
  0.154822698600173     
 -0.176669021387277     
  0.209903257246569     
  5.851914013218323E-002
 -0.122356050650854     
 -6.113635851787796E-002
 -5.765686062357491E-003
  5.260099508518262E-002
 -0.138457109138474     
 -0.171835655107632     
  0.342844929155201     
  0.235177348244652     
 -9.980242533657330E-004
  0.229864048358743     
 -5.158806271882715E-002
 -0.177393487541043     
  6.270961105554243E-002
 -3.832638499183703E-002
  0.110919928721105     
  8.288983425411818E-002
 -6.847725945269004E-002
 -0.261212543220751     
  0.308283658241931     
  6.596180562744350E-002
  0.272094014583032     
 -0.183271055168147     
  0.108289568904770     
 -0.119234067182312     
 -8.225357152110697E-002
  5.867293833880270E-002
 
 -0.393717012364790     
  0.157973606822236     
 -0.419429166175339     
 -0.416219083584400     
 -0.102262817388747     
 -2.576456362448083E-002
 -0.174229567318556     
 -6.822559590622589E-002
 -0.369762452841576     
  1.090508484325604E-003
  0.140412793399224     
  0.231402028755572     
 -1.247940154410938E-002
 -7.796879996983697E-003
 -0.196529034337175     
 -0.377726352395547     
 -0.269730429345095     
  0.185287658037966     
  0.175433532164229     
  0.289325881622013     
 -0.458616847064309     
 -0.159272887981789     
 -0.107714149351808     
 -0.184379907296938     
  0.224265976245852     
  0.571338673715852     
 -0.350854337381652     
 -0.119103385140218     
 -4.048261867973328E-002
  0.374803107554033     
 
  0.155929302355752     
 -1.846183433110142E-002
  8.610924281816901E-002
 -2.011953547469409E-002
 -7.424670599850303E-002
  0.249362980045374     
  5.551569139045259E-002
  0.125169310868321     
  4.103333501678175E-002
  2.992930914727152E-002
 -8.047781036778336E-002
 -4.927263895102324E-002
 -0.150797663018655     
  8.042214536008926E-002
  0.101937338024692     
  3.079080362082243E-002
  0.202434381285712     
  0.163668154720461     
 -0.261046458925249     
  5.218228620015944E-002
  0.280407470188131     
 -0.201031855489408     
 -0.143003164072914     
  2.353817624912588E-002
  1.113216052038009E-002
  7.508682713762248E-002
 -4.879968331512652E-002
 -4.617912330083897E-002
  9.382267790305954E-002
 -0.151240632689852     
 -0.111702647582734     
 -2.545112173376770E-003
  0.125108574692184     
 -0.207300349158806     
  0.122677779087029     
  0.208650615177403     
  5.054717087252216E-002
  2.684698203634532E-002
  0.222205048236802     
 -4.558674960673843E-002
 -0.274815766853845     
 -0.293105911061223     
 -7.965435287267038E-002
  8.232879079637103E-004
 -6.366958291421769E-002
 -0.148136519023315     
 -0.138968462081333     
  3.331940566360743E-002
  0.145929640802418     
 -0.110363270451965     
  0.234148925365732     
 -0.184413861388613     
 -9.447622613844742E-002
  0.132503161598051     
 -5.552999600770916E-002
 -4.618316146101271E-002
 -0.218688457626697     
  3.675421347045530E-002
 -4.793836862252804E-003
  0.166898484301988     
  4.261342236338909E-002
 -0.205309550944874     
  0.397602676615948     
 -0.135062950208527     
 -0.177221555165151     
  0.207824722201823     
 -0.469157131958102     
 -0.480649278269943     
 -0.313799389187047     
 -0.166985664733880     
  0.348831048998796     
  0.184773161675020     
  0.258861446495951     
  9.613159408731421E-002
  0.267971074425464     
 -0.120364680878079     
 -0.149116721705803     
 -6.085616698684581E-003
 -0.149421510823802     
  2.507612657917456E-002
  0.174134499405130     
 -0.199438343092182     
 -0.283193868599348     
  0.213716185548834     
 -1.192516105541986E-003
 -0.284518416161363     
  0.348989552638819     
 -0.283219177769598     
 -0.179526527991234     
  5.038855407129054E-002
  0.192267291072299     
 -3.442068233174930E-002
 -0.130226737170995     
  0.337122861662558     
  0.285425205358192     
 -7.218672047135663E-002
 -1.170736188908264E-002
 -0.292787368925505     
 -0.109950026523334     
  0.187084718672691     
 -0.213364287453277     
  0.237093844090092     
  6.369521274439276E-002
 -0.154161011097860     
  5.313507592360584E-003
 -9.935707690683632E-003
 -0.102429929982740     
  0.277369354959910     
  0.377553084579804     
 -0.286396848571159     
 -5.712928793999899E-002
 -3.415924564997468E-002
  8.400634424179612E-002
  0.122284010225049     
 -0.201925401574511     
  6.929539719909740E-002
 -0.193976847728454     
 -0.207128944966393     
  0.158098492985993     
  5.477886602432681E-002
 -2.288990157785085E-002
 -3.953913676211226E-002
 -0.138392470398033     
 -1.614463810975864E-002
 -2.870656003148115E-002
 -0.234665561913535     
  0.101398186703377     
  0.241001478896620     
 -9.010794165324236E-002
  0.138216596010211     
  0.253048660489681     
 -0.155578176386749     
  0.181921983645371     
  5.844950908224358E-002
  0.279418167218544     
 -0.158918020271968     
 -6.809016755565345E-002
 -0.243257681379268     
 -9.647576371616147E-003
 -1.471267456929407E-002
 -0.222634512880317     
  1.249032642786679E-002
  0.115299359195182     
 -0.338752643138766     
 -0.113644043631049     
 -0.120712198649354     
 -2.618004611587123E-002
  7.561286582678423E-002
 -0.165317023973510     
  0.328476475555802     
  0.151154427900355     
 -0.121029688092498     
  0.237648511501763     
 -0.494747773295355     
  0.252754488964523     
  4.398534097037881E-002
  0.272534107461866     
 -0.272367173453134     
 -0.227222223078696     
 -0.104460266447270     
 -1.090452616953233E-002
 -8.186587735333319E-002
  0.220892679403046     
 -0.102367922152872     
 -0.160600861515586     
  0.466534509959821     
  0.230993040091883     
  0.200876894514687     
 -5.340615473918343E-002
  0.202789237971931     
  8.818637615382340E-003
 -0.176770522685431     
 -1.589914838155236E-002
 -0.155333930917042     
  5.459389110105532E-002
 -0.131864395075267     
  0.144637189932826     
  0.285396922989847     
 -0.285199064035566     
 -1.042778267200107E-002
  1.557186531400377E-002
 -9.050703245894810E-002
  2.962809018362111E-002
  0.100589951724786     
  4.591715798750800E-002
 -0.183204166369260     
  0.217927197600389     
  8.884904079056183E-002
  7.217176198269547E-002
 -4.356138489334665E-002
 -8.528053658294135E-002
  0.170069743069654     
 -6.796468261400499E-003
 -8.666312909517532E-004
 -0.276665894449667     
 -4.061199164461934E-002
 -0.174477089046326     
  3.991276511695936E-002
 -0.160262271361325     
 -0.299126060180633     
  0.295752218318960     
 -0.262690844706322     
  0.202659404856262     
 -4.285539432581142E-002
 -3.972629413311916E-002
  0.249517573629570     
  0.223322372941325     
 -0.198468643457060     
 -0.120038142441450     
  0.209459234664773     
  3.978576592142891E-002
  1.174016545328792E-002
 -0.152553768503820     
 -1.460160873312879E-002
 -4.519050430598315E-002
 -7.046787629523275E-002
  0.332161257662986     
 -3.321555206211661E-003
 -0.243723864468601     
  0.358754292194985     
 -0.217460558439059     
  0.139062863305587     
  0.284123743806166     
 -5.451133312588947E-002
 -0.284282482050875     
 -0.151460179234845     
  0.253728407555996     
 -1.232283789143417E-002
  0.177971370378766     
  0.373538013248197     
 -0.123656990897969     
  8.536487501300659E-002
  0.136261433073909     
  0.133091131021519     
  0.283966339458434     
  0.302228898454615     
 -0.286164507362329     
 -5.050476257929417E-002
  0.167051927609226     
  7.053134811010112E-002
 -0.305631991791633     
 -0.125197921172175     
 -0.237051743102332     
  1.247015265808368E-002
 -5.790728676470361E-002
  7.483350165385774E-002
  5.806230241099258E-002
  9.527039704753316E-002
  2.967150359918466E-002
  0.285793198552130     
 -6.080878756612020E-002
  0.187849007334864     
  0.299997434609424     
 -1.150015078837883E-002
  1.777440317578625E-002
 -0.125999827968348     
 -2.685781809307888E-002
 -0.175152052932136     
  0.201504203155551     
  5.251317653537686E-002
  0.189302565182317     
  9.526517032111137E-002
  2.358556763323753E-002
  1.883278511707366E-003
 -0.417331886417344     
  5.065071524256272E-003
 -3.428302896125816E-002
 -0.129577406075281     
 -0.206356107870880     
  0.217949934661799     
  0.394471298771892     
  6.431898950969663E-002
 -8.467406517951447E-002
 -0.231901925506424     
  0.309396003543897     
  0.125543431498357     
  0.208858612993339     
  0.163731904605264     
  5.429541730188724E-002
  0.102335563900659     
  7.816172936264271E-003
 -2.913828886339983E-003
  0.305977120518446     
  6.012078752522653E-002
 -8.662397137145614E-002
 -0.193575836324025     
  0.183231038775356     
  2.744980164922669E-002
 -0.165258256454562     
  9.726944078049868E-002
  1.275102662513984E-003
  0.165419931296759     
 -0.251361009272730     
  0.326747600179340     
 -0.139066997764474     
  0.366054239265779     
 -3.493851267850283E-003
 -0.130548303677293     
  0.179696700427021     
  1.220505573918231E-002
 -0.136661628455786     
 -2.238185884813734E-002
  0.283311760238704     
  5.159787821360384E-002
  0.149229180369433     
 -0.113547691050577     
  7.583605703120649E-002
  0.380522448921701     
 -0.152279568687136     
 -8.399327559165465E-002
  1.818138277010179E-003
  0.182542060328652     
 -3.598814162821683E-002
 -0.134319830127821     
 -0.295161961662940     
  0.318368609060972     
 -0.105264225244176     
  0.324202573072048     
  0.183846194245617     
  9.558952669905939E-002
  2.268151648421259E-002
 -0.318389718777318     
 -7.860396320702898E-002
 -0.307942029335549     
 -9.951505430890076E-002
  0.133270185038901     
 -0.169634311807451     
 -1.071585293853622E-003
  8.018549840218686E-002
  1.370031947585932E-002
  0.221052935963808     
  3.827507510634263E-002
  4.238687117382041E-002
  0.269955545375789     
 -9.383247570447098E-002
  0.208407858868217     
 -0.151014997894136     
  6.430170478279864E-003
  6.177154462311292E-002
  2.518603308352436E-003
  4.144543934151902E-002
 -0.172584256851939     
 -5.118101874332461E-002
  0.240037132091044     
  6.471855454371427E-002
 -0.195610522776496     
  0.229349824784619     
  6.116194450396925E-002
  0.206783241289082     
 -0.110488315265041     
 -4.195858823599591E-003
  7.791789165372496E-003
 -0.297667445567510     
  3.551779378259724E-002
  4.296437162848598E-002
  7.130937183290212E-002
  0.199739336551814     
 -3.037378897109826E-002
 -0.277881239179274     
 -6.645862191198389E-002
  7.167986595379382E-002
 -0.112831254213150     
  3.156224869486012E-003
  5.715941328016771E-002
 -0.114795045221323     
 -3.661202128748750E-002
 -0.143090277851431     
  3.458785197845828E-002
  1.452739914598745E-002
 -0.148231754997251     
  0.127353849334890     
 -0.249663146768924     
  0.146378850707907     
  1.883219754211050E-003
 -0.207522529042039     
 -0.101903957722906     
  0.186453173050784     
  0.263900339397038     
  7.742758198217577E-002
  6.606846875114697E-002
  0.188215040783104     
 -7.920865077195956E-002
  0.152686445985380     
  1.466451399941128E-002
 -0.348213596493139     
  0.176698138568361     
 -6.674898706046310E-002
  5.417774184774426E-003
  0.140358948698859     
  0.115791538669478     
  0.310831601346910     
  0.219025398878853     
  4.474552457471439E-002
  0.254932913124975     
  0.325876968539318     
 -0.204490551182679     
  0.142175804390982     
  0.265993854051525     
 -0.214257295818619     
  7.287268071653250E-003
  0.194853140610875     
  0.267093463691560     
 -0.448486269572960     
 -0.223855689087263     
  0.107852795175227     
 -0.151370691769201     
 -7.442295278030422E-002
  0.124631323126497     
  0.204369387770470     
  0.359476380144927     
  0.233975583202647     
  0.395630205978288     
  7.856172596523905E-003
  0.171684473085243     
 -0.491983881216098     
 -0.208126657410297     
 -0.335360040707729     
  1.187572886443614E-002
  8.819958671350128E-002
  0.171122094620289     
  0.146676592940891     
 -8.704437159073171E-002
  9.284411345176181E-002
  0.292155336058997     
  0.138169922903204     
  0.470920489393791     
 -9.335973980436993E-002
  0.110506052060379     
 -9.332477254234640E-002
 -1.015166086394269E-002
 -0.341005079253878     
 -0.110500691310151     
  0.200951048932737     
  3.337866704299293E-002
 -6.450249639076291E-002
 -0.300745282087050     
  0.426274946230454     
 -0.193278508245440     
 -0.491736340685823     
 -0.183114930542801     
 -0.155191665506230     
 -0.290069224905815     
  0.350745151500202     
 -0.429729142738488     
  0.199658885160475     
  3.814499917122574E-003
 -1.405064041148458E-002
  0.185610182726038     
  0.536683255240705     
 -2.836955655853027E-002
 -2.379686398257623E-002
  0.165052138797844     
 -0.196193756604285     
 -3.945222494406901E-002
  8.018361097824914E-002
 -0.188784449428032     
 -0.129275035701823     
  9.622181620003194E-002
  1.996168388774823E-002
 -4.292437703120294E-002
 -2.091621916540503E-002
 -0.234620469670433     
  0.151781961170463     
  7.731130271706700E-002
  3.082012134522985E-002
 -8.821761080530807E-002
  0.204165484057117     
 -0.123324210561308     
  2.452991333652457E-002
 -2.878682736090429E-002
 -0.133437425974642     
 -0.219622697382642     
 -8.516305954290852E-002
  0.265137455926525     
  0.408767783536532     
  7.883957558919558E-002
 -9.313590089109770E-002
  0.233568725097088     
  3.218701141630161E-002
 -2.258714928359864E-002
  2.396972884501668E-002
  0.136198682699554     
 -0.154586438013587     
  0.392596418632128     
 -8.258785019766146E-002
  0.139547221028003     
  1.207942971788640E-002
 -0.204972509753663     
 -0.242022542874520     
 -8.855856825517698E-003
  0.456761202398022     
  0.251748058544987     
 -4.114720289551649E-002
  0.108467877926908     
  0.142985591830253     
 -7.382363341377150E-002
  9.275239193061545E-002
  0.210747975866392     
 -0.163310552486379     
  0.362047400844010     
  2.072063107437440E-002
 -0.128141995056608     
  0.218098645867252     
 -0.252526286199789     
 -6.572923794007086E-002
 -0.189788594530000     
 -0.186647837589557     
  8.917024790933405E-002
  0.306748919628144     
 -5.774926282187044E-003
 -0.258468073376608     
  0.294303904108617     
 -9.638676308642707E-002
 -0.408365481548188     
 -3.114219263869917E-002
 -3.935386180913262E-002
  0.343793829462213     
  0.490288421269631     
 -0.207634795205912     
 -6.936812728086966E-002
  0.373525694435087     
  0.161081677303076     
 -0.118692805299785     
 -0.226816666779059     
 -0.153953327414894     
 -0.108673529281457     
 -3.294400101768243E-002
 -7.440765771969564E-002
  0.178335451423751     
 -0.152869848699185     
  2.674402779960843E-002
 -0.268596995042487     
 -8.979571251460781E-003
 -0.244184653712904     
  0.144877337656695     
  5.974860688452396E-002
 -8.083161621950599E-002
 -0.346778763265251     
 -0.159448240545395     
  0.206146017691022     
 -6.645251858695270E-002
  0.223042982490716     
  0.106088891615801     
  0.148884071380010     
 -2.592661255654915E-002
  8.499585732530482E-002
 -9.986980200226225E-002
  5.999724496794505E-003
 -0.126536120249639     
  9.387504619065226E-002
  0.219720679398412     
 -1.395631517911446E-002
  7.396717037130818E-002
 -0.279913522881631     
 -0.321797220547091     
  6.350389289610975E-002
  3.528949223834501E-002
 -0.112529871542186     
  8.322973630793190E-002
  2.816847472676047E-002
 -1.395025250441809E-002
  0.559117169763849     
  6.796181521353997E-002
 -0.247851876098835     
  0.192672736624395     
  6.604362235636441E-002
  5.997921566053364E-002
 -2.504406931070901E-002
 -3.324922805733312E-003
 -0.236173785586196     
 -0.226672380324667     
  0.262038359639174     
  0.256921155620961     
  0.192933281225535     
  6.806439781953941E-002
 -4.865022132047767E-002
 -4.390794364922143E-002
 -4.245322658603346E-002
 -7.148464017006592E-002
 -1.130082311657465E-002
  0.248214368556239     
  0.296403940796463     
 -8.702430640857239E-002
  0.111457675748744     
  0.125730360016832     
 -0.225766533318516     
  1.365763314591883E-002
  0.105160813517759     
  6.910842015756979E-002
  2.850207893706054E-002
 -0.220572738743027     
 -3.518341037248036E-002
  6.817628259351455E-002
  0.164754988467158     
 -2.704965143655120E-003
 -0.241083695632251     
  5.205755402311050E-002
  0.279506674849743     
  0.184404551612572     
 -0.151381483767258     
  9.705802105463211E-002
 -0.148286521729620     
 -2.017598544850450E-002
  0.225926637726017     
  0.223673315502999     
 -0.305213754172351     
  0.130306953447893     
 -9.871466220225422E-002
  0.137997062927551     
 -4.602870620614835E-002
  9.452553319250370E-002
  0.260016037509757     
  9.361604099957130E-003
 -1.626808328922618E-002
 -7.341048128136238E-002
 -6.673051235198310E-002
  0.440831623527668     
 -0.155394901127677     
  2.024622814875269E-002
 -9.991066733665807E-002
 -1.427916496489950E-002
 -0.168438855581965     
  6.842609421627101E-002
  0.289749091952331     
 -0.292347618257617     
 -0.281310839318514     
  3.847885096324225E-002
  0.118288132950429     
 -0.161879036809873     
 -0.282390596530828     
  6.383303820458211E-002
  0.235755328702147     
 -1.953678432405379E-003
 -0.346981819625968     
 -7.971021455574526E-002
 -6.510336932059779E-002
  3.620251214966434E-002
 -0.231635583969062     
 -2.197175560472223E-002
  5.933934510733314E-002
  5.127150686704347E-002
 -4.810978469083095E-002
 -6.465882003824937E-002
 -0.139541564301803     
 -0.143407142646062     
  0.100379453632647     
  0.175483061096259     
 -3.652807347969168E-002
  5.668340086162511E-002
 -0.178778423065035     
 -0.162004633215499     
 -0.155184208792561     
 -0.131859636975540     
 -2.933035008034873E-002
 -6.945995457421948E-002
 -4.784408311869325E-002
 -0.179672764253954     
  8.009605028111653E-002
 -4.750993201738959E-002
 -2.265804253009689E-002
  0.256532443302760     
  0.118102422210884     
 -0.175069067071027     
 -0.104279689911379     
 -0.176716412847823     
 -0.188085135234115     
 -0.323551880898915     
 -2.554538918553403E-002
 -0.134205998542939     
  0.362318518562218     
  0.240987414570565     
 -0.321040903194143     
 -2.356779472296147E-002
 -0.112139913471420     
  3.339025127705440E-002
  6.755224743094940E-002
  3.778142715917213E-002
  0.446679985686906     
 -9.378404847489445E-002
 -0.378191236339716     
  0.128709704953987     
 -0.294474468088833     
  0.454954151171795     
 -2.722803214358177E-002
  0.126407633432263     
 -0.145786549344860     
  5.300799478608972E-002
 -7.941731182802739E-002
  0.104305245137207     
  0.404876726351892     
 -8.769127243712713E-002
  0.188547110548269     
  1.894111135890089E-002
  0.128999365226612     
  0.207272052233755     
 -6.601935007757422E-002
  1.319740541734983E-002
 -0.353349233727839     
  0.256682567329297     
 -7.509992372426541E-002
 -0.130160171090740     
 -0.241663865584961     
 -0.390016239472238     
  2.306341986994415E-002
  0.195216265912941     
 -0.189732613469786     
  0.129319048426879     
 -0.338613781598074     
 -0.100019441128383     
 -0.155487533613150     
 -0.153221423441369     
  7.834570522821603E-002
  1.170894414506398E-002
 -7.623013945290444E-002
 -1.686499986983551E-003
  0.257943202777202     
 -0.430092111255634     
 -9.979569740006831E-002
 -4.984896202703676E-002
 -0.115446455526992     
 -0.291520888977400     
  0.179713716158085     
 -2.600009387892441E-002
 -0.185512793936485     
  0.197593807933558     
 -0.132933761937732     
  0.175491318126722     
  0.156718804682536     
  0.161838391754877     
  6.905227936829775E-003
 -0.219122100215591     
  0.194680179685839     
 -1.513129453121281E-002
  1.146370650671525E-002
 -1.601797179041962E-003
 -0.224130898353282     
  0.114574495833433     
  0.260561324833284     
  0.204752112888858     
 -6.124448922383358E-002
  0.193179647789204     
 -3.475813552189972E-002
 -0.115570729066406     
 -8.153584348767512E-002
 -0.234178694440973     
 -9.474592087670448E-002
 -0.159469381723928     
  0.311321892748251     
 -6.308379413892401E-002
  0.121964270107531     
 -0.500198183875070     
  3.560542841096990E-002
  0.187065671035581     
  0.194395313287781     
 -0.308274317027502     
  0.253966713277068     
 -0.377197552602364     
 -5.130075729962229E-002
  3.126849353160951E-002
  0.116279837211199     
  0.314533516829935     
 -0.411804043785449     
 -0.295005740709101     
 -6.355962965517058E-002
  9.967788970838214E-002
 -8.774037086446534E-002
 -2.766550308712679E-002
 -0.154537686822970     
 -0.107382182468161     
 -6.969910947323549E-002
 -0.276692093752452     
  3.225648663912360E-002
  0.256645500249189     
  0.494637789313785     
 -0.167003455895614     
 -0.456918215867767     
  0.108086130959823     
  0.275967126077609     
 -0.310644038923026     
 -3.574427161939911E-002
  0.343919201993888     
  0.126313741363865     
  0.231438941392898     
  4.482489283074962E-002
 -0.253462924518912     
  2.457777149113445E-002
 -0.220459427272725     
 -1.423253041614693E-002
  4.816905156263838E-002
  0.283134269461535     
  0.137813671845936     
 -1.010508060248859E-002
 -0.261292728212289     
  0.156030398494478     
 -3.251171765603967E-002
 -0.121242845496037     
 -4.571568996246057E-002
 -0.209754503999978     
  0.397550656667503     
 -7.640269624152500E-002
  1.317700743643084E-002
 -0.154282793800374     
 -0.109650543972834     
 -1.924579445591770E-002
  0.316067256096377     
 -3.382478870323413E-002
 -0.217663155270734     
  7.261343271483549E-002
 -6.561338739339373E-002
  1.484605822269477E-002
 -0.197271882126276     
  0.242120297058727     
 -2.960600549677922E-002
  3.827295971640996E-002
 -2.755902070767182E-002
  0.295105880882476     
  0.157415503922875     
  0.155397737769136     
 -3.168802150774167E-003
 -0.136548839584281     
  0.282161290947135     
  0.115068260725274     
 -0.106684905495570     
 -0.186671570209098     
  7.323253983053851E-002
  9.604714297171977E-004
  0.100062718609436     
  0.133631129311271     
  0.141364672078217     
 -1.425611587829121E-002
  6.780350851313749E-002
 -2.757859244294669E-002
  0.144243052213232     
  0.156427532386570     
 -2.277185796200386E-002
 -0.122038549271149     
  0.176082202731847     
 -0.178026112849068     
 -0.197077061376904     
 -0.106891765016528     
 -0.386382473259345     
  0.240163006860733     
  0.154735259417764     
  0.168364177317643     
 -1.551685783164081E-002
 -0.174113236864876     
 -0.171921733221240     
 -8.458785760797992E-002
 -0.173971298347622     
 -0.135563954470389     
 -7.508045251163518E-002
  6.249224711468475E-002
 -0.246459576632479     
 -8.221442043058035E-002
  7.727717282882086E-002
  0.229893934788597     
 -0.291022086652495     
  3.069071420567551E-002
  0.168956435573050     
  4.857709408004982E-002
  0.254692644553192     
  0.185882309643835     
 -0.248495335157287     
 -4.657239891340460E-002
 -1.686999715857215E-002
 -7.048354852946316E-003
 -8.780314624506635E-002
 -1.131959891099990E-002
 -0.181131489345510     
  0.153905547109710     
  0.183256154150898     
  0.149487356174824     
 -0.157672331413821     
  3.191284158878078E-003
  0.239754219127337     
 -4.630232774932356E-002
  4.675896600979391E-002
  0.127376947832504     
 -0.140807479219155     
  0.178293614096595     
  4.874890820300425E-002
  0.216783642221445     
  8.992633196214363E-002
 -1.548523576950040E-002
 -0.158861123007012     
  5.546291127932421E-002
  1.250425437134298E-002
 -0.255455570161439     
 -0.321018819495031     
  0.256976654649323     
 -8.751484333928455E-002
  0.215432883371170     
 -0.152884887951711     
 -0.174157521866566     
  0.319117911955239     
 -0.200237158534837     
  4.702193582569211E-002
 -0.262920209872563     
  7.427325240803934E-003
 -7.717412505717139E-002
 
  0.122229964738604     
  0.262325574114333     
  4.022005420924126E-002
 -0.237758898677519     
  3.897611387931538E-002
  0.261928636122973     
  0.315073615280735     
  0.147286576773927     
  0.228142433712322     
 -0.137547136804705     
  0.113302618396992     
  1.163922289694922E-002
  0.135965570430999     
 -0.150049974190926     
 -0.211253196503915     
  0.238645890323227     
  2.544212324741102E-002
  0.305919512728829     
 -0.254693194564275     
  0.103689159909667     
 -3.124349401720119E-002
 -5.863061953799388E-002
 -0.185494720127923     
 -2.406868610298822E-002
 -0.326309049945204     
  0.191537305191793     
  0.133100672496587     
 -0.382954195872395     
  0.349715827288229     
  7.283250643177205E-002
 
   16.1679405951353     
  0.194074643691435     
   5.63106875928939     
  -2.20420888871502     
   5.26004372991962     
  -3.91896266090960     
  0.252263332613702     
  -7.17191962271274     
   16.7864436900989     
   3.43178588274222     
   18.5716476582656     
  -5.47703692130631     
   2.19296996060837     
   1.42642317033349     
   2.07200186399111     
 -0.913924007438971     
   5.50921050950865     
  -1.63967710059835     
   1.75898234721523     
   5.50309807056807     
   6.51393741601095     
  -4.91748229492566     
  -6.28745118004433     
  -8.87335415461394     
  -3.88560623840289     
   8.99450976278557     
   6.80447263518608     
  -5.23368667176715     
  -3.49588165719357     
  -10.9035698209403     
 
 -1.366165487804878E-003
 
  tansig  tansig 
