 0.221527500900754371E+01
 0.182053604803433000E+01
 0.101463135988360964E+01
 0.112362113569071576E+01
 0.482933605171839253E+00
 0.782468404247352090E+00
 0.296322035446742849E+00
 0.538479459282393269E+00
 0.315462802171368906E+00
 0.458401283761837364E+00
 0.874972852511896937E+00
 0.122502386550622552E+00
 0.941513283849845228E-01
 0.352312236641400267E+00
 0.297107630464640782E+00
 0.501419413864400365E+00
 0.463652781310313289E+00
 0.325776274096594154E+00
 0.396324184542378999E+00
-0.119659162389659457E+00
-0.126694134495717731E+00
 0.344929232844725819E+00
 0.101394402868886968E+01
 0.154271484433090106E+00
 0.183866551177791160E+00
 0.411099618809123879E+00
 0.770055857397236809E+00
 0.768620793574271571E-01
 0.108650653921072426E+00
 0.581121962659976177E+00
 0.129829269615097709E+01
 0.977130198648829551E+00
 0.176461596520346609E+01
 0.104945798876972907E+01
 0.517663176056620156E+00
 0.110831072598242919E+01
 0.258097333864771317E+01
 0.244392030641455982E+01
 0.253558233288285839E+01
 0.211621776838625664E+01
 0.621774624942260878E+01
 0.718058252137467878E+01
 0.718668812596214401E+01
-0.250529814521558425E+00
-0.669065425598222574E-01
 0.191764780965552206E+01
 0.221909479472506277E+01
 0.130531929099089861E+01
 0.732953972205421134E+00
 0.107678449945457855E+01
 0.111898367350455197E+01
 0.577900547617227311E+00
 0.297413692423180831E+00
 0.554161880010798691E+00
 0.680462107883392231E+00
 0.110151421653398107E+01
 0.726750958812308889E+00
 0.365621860880136429E+00
-0.644241289172547693E-01
 0.472019157735811101E+00
 0.389458951972833922E+00
 0.301671456387016979E+00
 0.323081218970774214E-01
 0.221716944119272424E+00
 0.199500133274429087E+00
 0.271442924641453420E+00
 0.335511377628616936E+00
 0.127026645925931714E+00
 0.137368279760662654E+00
 0.293541936334694609E+00
 0.390055822379887229E+00
 0.262189602753063411E+00
 0.338532680132001884E+00
 0.379014031811604923E+00
 0.367009619826618005E+00
 0.286049210644385377E+00
 0.463484493404541675E+00
 0.614115054300229612E+00
 0.659836208207009056E+00
 0.400415919054909752E+00
 0.767723810850326815E+00
 0.117745256207776805E+01
 0.114345569397460656E+01
 0.120538198269806096E+01
 0.302068024991665096E+01
 0.295068928400682884E+01
 0.295919185263683548E+01
 0.288616400873936829E+01
 0.131426373104375882E+01
 0.134364640949268010E+01
 0.136848572517464384E+01
 0.151938183759137213E+01
 0.579630974651505149E+00
 0.512589435158626650E+00
 0.430928715661392125E+00
 0.309823172596870422E+00
 0.157189139616407403E+00
 0.260062833950395922E+00
 0.321044217597086512E+00
 0.128537700255228704E+00
 0.869111966767992378E-01
 0.175842356483028928E+00
 0.229235769054814520E+00
 0.136947484687039545E+00
 0.100792975385142897E+00
 0.129419494992278533E+00
 0.178557156308966763E+00
 0.593475100095334149E-01
 0.469118796721101072E-01
 0.102301036308477797E+00
 0.155195223810085436E+00
 0.621620789694734693E-01
 0.580682270299010261E-01
 0.955637247054118982E-01
 0.124399481947388049E+00
 0.648986792636373905E-01
 0.781096202970615050E-01
 0.115016920769525632E+00
 0.155020238293156476E+00
 0.441179296352672695E-01
 0.694238059114354322E-01
 0.180990188117337775E+00
 0.196868809887236457E+00
 0.163169753648281041E+00
 0.334739769419905964E+00
 0.371298065254517862E+00
 0.367746257199464632E+00
 0.355823501435815204E+00
 0.883734274586201796E+00
 0.922167380819141069E+00
 0.920839805631855635E+00
 0.876771513565512861E+00
