     33 -    30 -    30 -     1 
rmse=  19.0641meV
 -4.275850988839846E-003
 -0.195113009512178     
  8.793122386113207E-002
 -0.303129554758911     
 -0.197114004473691     
 -0.188612485632153     
  4.121467832181145E-002
  0.185730668194734     
 -0.133187297883204     
 -0.218726345962386     
  0.103615198990408     
 -0.218880717364306     
  0.139911239702039     
  0.211453066982309     
  0.368706096992774     
 -0.208781944132905     
  7.514710669597979E-003
  0.105102150009925     
  1.295449022469255E-002
  9.709310306732873E-002
  0.275444227776078     
 -0.114035614114327     
 -0.207676630244623     
 -0.137248326207962     
 -0.197706149331450     
 -0.434085515864507     
 -0.355643771176980     
  0.151630615370132     
  0.137429976736183     
  0.117502272739810     
  7.003568511766587E-004
  0.101692619943220     
  0.360680135187803     
  0.369529780542234     
  4.761002136530972E-002
 -0.298979444200145     
 -0.106499087248376     
 -0.195259833751254     
 -0.139529181312497     
 -0.180380668093728     
  3.367367452432703E-002
  0.145845392647349     
  0.260417281125964     
  0.175715201187668     
 -0.220496562446330     
  4.838179984469670E-002
  0.658349770531286     
 -3.623346508579802E-002
  0.318598258272986     
 -0.259295157611359     
 -0.294918659533075     
 -0.168646788436869     
  6.395192917728706E-002
  0.133839675904032     
 -0.145079118931829     
  0.695210366990785     
 -0.381004389890989     
 -5.732123402984227E-002
 -0.896561596521389     
 -0.446359986115293     
  9.163797534170448E-002
 -0.286298537407824     
 -0.216297048172259     
  1.953082735973447E-002
  0.201861027929623     
  6.179047091817252E-002
 -4.922423125417932E-004
  0.398892636967152     
 -0.156385283112797     
 -0.187642441111102     
 -4.889098742567762E-002
 -0.207733492093774     
 -0.350372863297130     
 -0.588645225195883     
  4.365700383695591E-003
 -3.661351373273211E-002
  0.177924993226765     
  3.288297387044408E-002
 -0.220996913481257     
  0.282893099416156     
 -4.461279780491566E-002
  9.239476642107500E-002
 -0.166546085611241     
 -0.372862796153389     
 -0.425599758543913     
  0.258736888420111     
  0.326258092362402     
 -2.790575874842980E-002
  0.342962031372455     
  1.322206805036853E-002
  0.229068624267349     
  0.200335192520567     
 -0.477257308526276     
 -0.269050358340049     
 -0.191189610970730     
  0.212632439256390     
  4.378218088712139E-002
 -0.215405902344421     
 -1.903429813519861E-002
 -0.454001963764278     
  0.178512430738337     
  0.384192495142619     
  0.108549669011351     
 -0.409251306564059     
 -0.158893656094144     
 -9.775620776999934E-002
  5.094783320504928E-003
 -9.313974598916396E-002
  9.830314651696728E-002
  4.032259990199247E-002
  2.342452500827012E-002
  6.499270078143111E-003
 -0.498669138081858     
  6.096321740001017E-003
  0.163306502464194     
  0.117828445166719     
  0.141721965711948     
 -0.121407802792767     
 -0.188539347402357     
  9.213522445674861E-002
 -6.539546490227077E-002
 -4.671905966714593E-002
 -0.201075155821092     
  0.173385827692747     
 -5.207850301778745E-002
  0.135816624665743     
  2.372989949371464E-002
 -1.451779120962120E-002
  0.237321111393189     
  1.459963982379784E-003
 -0.158793813614956     
  1.312514414450552E-002
  2.460279804765993E-002
  0.270860646060019     
  0.219951935459905     
  0.376986108657133     
  0.334681556773361     
  0.113245798008717     
 -6.682904600633585E-002
  0.183850318458020     
 -0.206705627371665     
 -9.426600564337777E-002
  0.174473813460869     
 -0.151976732115843     
 -0.273370198034592     
 -0.215680369771275     
 -0.470783850785752     
 -0.110791632440223     
 -0.171377025825536     
  0.167576851123100     
  0.429618411448421     
  0.250099188727899     
 -0.258725670509635     
 -0.272685405776977     
  0.128861366132219     
 -0.315355172887878     
 -9.581708508734186E-003
  0.188039000712539     
 -0.158223143505839     
 -0.265985684831636     
  0.299650314916250     
 -0.103647731956580     
 -0.108433731230909     
  0.139228235155878     
  0.265525609127628     
 -0.181748322634599     
  5.115583829434453E-002
 -0.147526808440828     
 -0.112412979689460     
  0.231600425534267     
  0.200975830962568     
  1.262530935465393E-002
  6.411912936444664E-002
  9.864069476670971E-002
  6.766272388282472E-002
  6.113992105009661E-002
 -0.511393644031389     
 -6.964595739929307E-002
  7.584541097331805E-002
  0.310297474596008     
  6.091386060044848E-002
 -0.316395256454144     
 -0.398071431998824     
 -0.183535562120981     
 -6.031429612938033E-002
 -0.197743739327615     
 -2.216127392080060E-002
 -7.273015021170023E-002
 -0.105986201522425     
  1.536710605438993E-002
 -0.167740472730280     
  0.466234219730645     
  0.281828638499382     
  0.239242202979879     
  3.537242452532249E-002
 -0.180213004240977     
 -0.234804572422516     
  6.816274145269147E-002
 -0.330555693426621     
 -0.400575110758744     
 -0.218956581252921     
  0.156436763087256     
  0.396825810362479     
  0.143120975289151     
 -0.286772659281860     
 -0.225020809913546     
  0.117035933872526     
  0.114918549737407     
 -0.198051170409441     
  1.439777773542072E-002
  0.237893901719536     
  0.257972701043572     
 -0.340456603058192     
 -2.785174923575401E-002
 -4.014794303644062E-004
 -7.643109609440829E-002
 -0.183400691442356     
  8.369292273318212E-002
 -3.740004705008758E-002
  0.127106715256130     
 -0.100123502563092     
 -0.323342750507429     
  2.327951644394235E-002
 -0.131782764554043     
 -6.248818036955334E-003
 -7.454645841865075E-002
  0.290947579806008     
  0.102719623210048     
 -8.502232208033590E-002
  7.347202714165639E-002
 -8.613743542292827E-002
 -0.360782387860363     
 -0.238768578064591     
  5.070594912616334E-002
 -0.694676975008951     
  5.212241859003362E-002
 -0.396336603563865     
 -2.966687902894021E-002
 -0.227397609729915     
  0.278619323843054     
  9.371485837151312E-002
  9.204657154175039E-003
  0.204818925769315     
 -3.876306557350222E-002
  0.113504349710301     
  9.522988258523161E-002
  7.155588281411969E-003
 -0.438662660619250     
  0.471537072845255     
 -0.205347136290065     
 -0.334023065246156     
  0.139839783970017     
  0.127343797992301     
 -3.344907582848072E-002
 -4.459465370813078E-002
  0.164318458548088     
  0.241283433917529     
 -4.293327797970444E-002
 -0.161238985966967     
 -0.139904733923692     
 -3.639963627330718E-002
 -0.127761405290478     
  1.550920042398493E-002
 -0.304703260933506     
 -0.592640336404219     
  0.396779787458549     
  0.154340506896444     
 -2.745621993464136E-002
 -5.360560869379253E-002
  0.210319329006622     
  9.885360705221879E-002
  0.244410479136088     
 -0.146637252592546     
  0.324560216334317     
  0.105524493415534     
 -0.246710326031221     
 -2.593373595635202E-002
  0.252404396104948     
  0.182950129585950     
  8.231008833215842E-002
  3.935437475458757E-002
 -0.252250880545450     
 -2.264173156366574E-002
 -0.202389430648967     
  9.863518662653858E-002
  9.493049868963566E-002
 -0.426826976512431     
 -0.270277402588696     
  2.321656228504126E-002
  0.205556888596482     
  0.125945853221984     
 -0.232452049285764     
  6.538463384134494E-002
  0.290956700474748     
  5.626988730329100E-002
  0.276520455106539     
 -0.143618821113762     
 -2.151595230541313E-002
 -2.162150351010190E-002
 -1.119555654856713E-002
  5.029557510625132E-002
  0.211024129414071     
 -2.251778961206067E-002
 -0.289927487915879     
  1.834480348684489E-002
 -7.141956142663790E-002
 -3.421451122952020E-002
 -3.444751623383768E-002
 -9.398256615513718E-002
  0.453876303135289     
  0.361374677165589     
 -0.265109666848831     
 -0.601321095949243     
  0.370559325220648     
  3.245223815407420E-002
  6.140551773807436E-003
 -4.852007572909749E-002
 -0.149478591630110     
  0.292472976802089     
  0.213119764127584     
 -7.080973376392559E-002
 -0.296848206246112     
 -0.375649446665349     
  3.124100905721790E-004
 -0.110196925946554     
  0.105590968346017     
  2.354790357584779E-002
  9.127866450378971E-002
  0.119286754671925     
  4.444410741028939E-002
 -0.224366193258881     
  9.816669343637726E-003
 -2.876429610668809E-002
 -0.109926920376911     
 -0.376465550275244     
 -0.151643445726128     
 -0.155070580430217     
 -3.852581307044845E-002
  8.802751260630114E-002
  0.460293309146735     
 -0.244200292637617     
 -0.518746164819531     
  0.332949504777446     
 -0.140230634878857     
  0.415602194848189     
  0.107225068289706     
 -6.047105930281337E-002
 -0.294452565024344     
 -0.346217070830785     
 -0.321550518316473     
  0.165734855950599     
  0.573061865707169     
  0.238981956639624     
  0.313180753900100     
 -0.314657309060534     
  6.058097159187453E-002
  5.140243725992528E-002
  5.212323210716777E-002
  1.703731947374490E-002
 -0.151501398183342     
 -9.356227510005479E-003
  8.253366632434220E-002
 -0.195201548983323     
 -0.161049750464814     
 -0.289417504328134     
 -0.367632169914636     
  5.224543195874540E-002
 -0.437343904300768     
  5.637902188735352E-002
 -0.204226936318602     
  0.289300116196436     
  9.196743309322905E-002
 -7.874595077127829E-002
 -9.822157516081130E-002
  4.978187988605073E-002
  0.123331960115662     
  0.389117782962032     
  0.101132400140577     
 -0.314527121751038     
  0.159735465000018     
 -0.148789502380503     
  9.859648284626475E-002
 -0.336997983598312     
  6.249598022233596E-002
  0.343639504856991     
 -4.568152647403722E-003
  0.227525245229760     
 -0.212143381885624     
  8.630982241767695E-003
 -5.108638156756243E-002
 -5.287851721002974E-002
  0.233912884422805     
 -1.253028972793306E-002
 -0.190494482629055     
 -0.320523108429117     
  0.108210963497438     
  0.264614098501577     
 -3.587893486354049E-002
 -0.256107153705184     
 -0.654839033187030     
 -0.273129713915363     
  6.438164230233578E-002
  0.117201067364875     
  0.141203382019603     
  4.812300776571046E-002
  5.580742353930908E-002
 -0.128967602247023     
 -0.128405109984922     
  0.345225560993872     
 -0.112044240680953     
 -3.852940128733686E-002
  0.440194424156085     
  0.215752040490024     
  5.488166759800255E-002
  3.677867293877832E-002
 -0.395609546901131     
  0.298397044061012     
  0.241259215206822     
 -0.152826409906234     
 -4.012588304949598E-002
  1.894477772575411E-002
  4.632183626829660E-002
  3.324278081691956E-003
  0.420033388051539     
  3.301804647677062E-002
 -5.072662566401784E-002
  0.182425702072060     
 -6.300284710225439E-002
 -0.191056783861214     
 -0.123985055028171     
 -0.151316766638625     
  0.205357158746542     
 -2.357721993750911E-002
 -0.288276637506854     
 -0.282028131449032     
  5.943962800037072E-003
 -0.126636324753532     
 -0.122627904487234     
  0.266115077805230     
  0.278554486764361     
 -0.170519244244676     
 -0.605846783118524     
 -1.709712352426286E-002
  0.244534715277679     
 -0.347345370361330     
  0.164174464015864     
  0.185299773098625     
 -0.287209843824113     
 -0.271481454330268     
 -0.114687288852547     
  0.432764126908720     
 -4.613454722378065E-002
  0.215622484257012     
  0.118139256960485     
  0.128962790088451     
 -0.196325525273543     
 -0.298145518960075     
 -0.312285733931307     
 -0.198120816266524     
 -2.249201037380186E-002
  8.005065904649583E-003
 -0.501430063468048     
 -0.151313959996836     
 -0.239293620469824     
 -8.580332176077417E-002
  0.246373028742690     
  0.129118331868672     
 -0.181458721445494     
 -0.217489323872923     
  9.481960875792980E-002
 -0.164685826243914     
 -8.531057438686679E-002
  6.916798930907526E-002
 -0.165243564190083     
 -0.223157693438677     
  8.920200112410683E-002
 -8.449179417626922E-002
 -0.374572966870879     
 -0.113422672194578     
 -5.491018692701574E-002
  5.012764570451490E-002
  0.198409563781202     
  1.752627272328424E-002
  4.172119793695837E-002
  4.827406074638527E-002
 -0.238459580832765     
 -3.947596315041537E-002
 -8.570902977123764E-002
  0.259026851844792     
 -4.218734135377376E-002
  0.158082669586181     
  7.821368765135793E-002
 -7.657725307900308E-002
  0.237395081733631     
 -3.247598324260643E-002
  0.268718349420693     
 -0.436810588633989     
 -0.308425193249086     
 -0.477155783579743     
 -0.111986081847983     
 -0.209704130043598     
  4.545855967115078E-002
  4.420234890793329E-002
 -0.139805523701497     
 -0.189250318777533     
  0.291000127093570     
  0.466172576704140     
 -8.443553530629695E-002
 -8.189952455897570E-002
  7.422256525115237E-002
 -9.837984995921242E-002
 -0.192180333994465     
 -7.975942427010729E-002
  5.718436454596619E-003
  0.138721051607756     
  0.100784473162731     
 -4.237112550082173E-002
 -0.117685249897348     
  0.216058029177517     
 -0.268353513115514     
 -0.385616482635957     
  6.160973435024547E-002
 -0.209644166310108     
  0.261727600464955     
  2.016459814194507E-002
 -6.020600208338665E-003
 -0.130597463531237     
 -6.734247602419247E-002
  0.282184110593495     
  0.120138566436706     
 -0.278813292173017     
  5.152568235708724E-002
 -0.245921933979121     
  0.101889097977779     
 -3.810392901545984E-002
 -0.207948661504312     
 -8.993144737437953E-002
  0.223646000270974     
  0.260202170318736     
  2.505295224837166E-003
  4.034257619404767E-002
 -9.923306950514812E-002
  0.393096103085720     
 -0.217427146403802     
  0.185657497357702     
  0.154124593097151     
  1.085041422359560E-003
 -9.327060095248364E-002
  3.126211251499059E-002
  0.296136581010686     
  2.876909984980535E-003
 -0.121497226024324     
  0.269896918170103     
 -0.267227788637224     
 -1.015134958673754E-002
 -6.893398885190219E-002
  7.169801512535640E-002
 -0.376406198891536     
 -0.250270516988639     
 -4.606931443298386E-002
 -1.649541393428648E-002
 -0.197793149097566     
 -0.313185468688362     
 -0.342929833914773     
 -0.735766428992750     
 -0.671545181730307     
 -4.940584490125450E-002
 -0.148621191561335     
  0.115947964795380     
  8.081752467600137E-002
  0.142300773353230     
 -0.393310057161805     
  0.143073459869197     
 -7.968347127874227E-002
  0.192378182778768     
 -0.155675408018760     
  0.684810232175366     
 -8.688570162533196E-002
  1.182805464884456E-002
 -5.940329464600694E-002
 -6.395987248956510E-002
 -0.132431815846168     
 -5.975188622901922E-002
 -0.132732118974197     
 -0.496791031542084     
 -2.747245201976324E-002
 -0.315856506098593     
  0.245238929218631     
  0.394794036836670     
 -5.974661677134434E-002
  0.469206449165053     
  0.256173644202078     
  8.195991619952092E-002
  9.575735655268448E-002
  0.307417358830456     
  0.146842134129271     
  8.206286753983812E-002
 -0.232817546776054     
 -0.311764491791200     
  6.835957856433522E-002
  6.912544224172307E-002
  0.299591621276848     
 -0.286079778781571     
 -0.110081633998498     
 -0.240269183306751     
  0.358735293777226     
 -0.297812462663237     
 -0.116767678983340     
 -3.234369071847530E-002
 -2.774212931894274E-002
  0.187311966232285     
 -0.144108815977576     
  2.442563349911803E-002
 -0.292276214283633     
  0.108670557434067     
 -0.111777049502915     
  0.104740549092526     
  5.464121980427981E-002
 -0.222484265401843     
 -0.428580775148001     
  0.266527529855361     
 -0.267728360387657     
 -0.204937503197649     
  0.144324749514545     
  0.281556927811214     
  2.707036733385183E-002
 -7.367242511850847E-002
  4.092594101764065E-002
  0.105302037893752     
  0.243207463270503     
  0.153863230130334     
 -0.104976099875001     
  0.155399507420947     
  0.105589013440830     
 -2.385357131142238E-002
 -0.266031036998336     
  0.342332553322534     
 -0.141980073771882     
  8.564779050077891E-002
  0.320313022603228     
 -0.279995626913894     
 -0.769234553338358     
 -0.160671931659944     
 -0.565768798657126     
  0.101107938078725     
 -3.664599523275314E-002
 -0.401192310866372     
  0.518058464916220     
  0.263491580522371     
  3.186461706248014E-002
  5.579668945285776E-002
 -3.930170655722809E-002
  0.231828323343654     
  0.121261933848756     
 -4.984635094200957E-002
 -0.135002567634464     
  0.104523662072895     
  0.253855631993943     
 -0.351415021623056     
 -0.435130746924311     
  0.126036537484879     
  0.315051975692598     
  0.522992327745073     
 -0.344085413366819     
  2.141548078416168E-002
 -5.444738570982406E-002
  8.967431236193676E-002
  3.725892112084146E-002
  0.129841422415891     
 -1.718045017843828E-002
  3.081704195094622E-002
 -0.299308758799523     
  0.436559791070466     
 -0.540464000541750     
 -2.117235266552420E-002
 -0.482309813904038     
  9.054789498973385E-002
  1.094504947127446E-002
  0.160635645292968     
  0.115512147413007     
  8.712261544093834E-002
  0.133700848428609     
 -0.459289901365097     
  8.827329086146151E-003
 -0.380034734322666     
 -0.101177671703193     
  7.460122918119205E-003
 -0.130040055512111     
 -0.338298193300735     
 -7.926158617431892E-002
 -0.377349849991656     
 -0.281878149762816     
 -0.150565025156212     
  0.239662156138158     
 -7.929945187338419E-002
 -0.176790156296863     
 -8.672358747547564E-002
 -0.247497555074726     
 -6.046174501564443E-002
  0.311769173781337     
  0.274943113472283     
  8.696962410088062E-002
 -0.141109392327157     
 -0.148220755219750     
 -4.457424357861104E-002
 -0.333580559626746     
 -4.015642770190485E-002
 -8.613462143877436E-002
  0.470467873484132     
 -0.254408860495534     
  0.108025161332294     
  0.101013336567749     
  0.138265992543070     
 -0.159690874981124     
 -5.757812399329457E-002
  0.323416273835051     
 -0.129262202338987     
 -0.643570321367598     
  0.100304966229063     
  0.203081872570586     
 -0.295357848512155     
 -9.834379173828281E-002
 -0.172921010587651     
 -0.116616416979014     
 -2.440458257973104E-002
  0.224144274217106     
  3.655991091486377E-002
 -0.292736981491553     
 -0.106207178186624     
 -2.151974348845699E-002
  0.389252588575981     
 -0.104400398044189     
  0.183474933656657     
  6.061888704105766E-002
 -3.453736004302998E-003
 -0.151068937561774     
  0.262668163900781     
 -1.322604459337185E-002
 -0.215872462395861     
 -4.527059263481363E-002
 -6.360888246086187E-002
  6.501099693321820E-002
  0.232423668092328     
  0.304199111050726     
 -0.175940903336286     
  0.130474127460004     
 -0.305838956740459     
 -0.310475576580402     
  7.171843421014272E-002
 -1.059159440771354E-002
 -5.475753923606504E-003
  0.286512163732531     
 -0.223200640787441     
 -0.373460485229743     
 -2.812497660791183E-002
  0.255268530103523     
 -0.210754869991763     
  0.130833062229953     
  0.318114034715255     
 -0.496126423064880     
  0.265470934116833     
  0.182433498064322     
  0.205966091475235     
  6.469963569570736E-002
 -0.166885091199647     
  0.162620447056785     
 -0.118038652909901     
 -0.190242441805147     
 -0.375318380583026     
 -6.509254409613523E-002
 -0.268776112509065     
  0.278921199097799     
  0.214209722241776     
 -3.229194805962896E-002
  0.293065394793359     
  8.530457521013511E-002
 -5.187770924445525E-002
  0.103251738594784     
 -2.414694241840515E-003
  4.855056189130919E-002
 -0.185034585195168     
  0.102474809583563     
 -6.105279585012489E-002
  3.073636223924937E-002
 -8.328252094136161E-002
  0.130362625106587     
 -1.604097709256226E-002
  3.577879292871391E-002
  3.619763237882834E-002
  0.150979303788702     
  7.916611643251115E-002
  0.265000065817151     
  8.208694651497235E-002
  0.104788672256932     
 -0.274423041247398     
 -0.546945706711143     
 -0.624482975302425     
 -0.372884931851634     
  0.152667186588525     
 -2.002842480390432E-002
  0.152055007839205     
 -0.281575423736399     
 -0.194643624052160     
  0.126938115807128     
  0.103802219555229     
  0.103605066921523     
  0.300897422679115     
 -3.903445525724931E-002
 -0.225470319104669     
 -0.219821035100409     
  0.287473468622725     
  0.392770992629421     
 -0.394575547846713     
 -0.403911535536235     
  0.512862545955438     
  0.378865998585759     
  0.297733562497006     
  6.922450097053398E-003
  0.146116912604917     
  4.298424641932469E-002
  6.307664935737230E-002
 -0.153850864386937     
 -0.219132710790980     
  1.807466461187106E-002
  0.577874876911318     
 -0.149047575130478     
 -2.021288008107973E-002
 -0.137658610843133     
  0.113636266529118     
  2.481066183490267E-002
 -6.891480356333199E-002
 -0.310267847714979     
 -0.300452010669703     
 -6.478568851551765E-002
 -0.183994209792633     
  0.150828412712117     
  0.101586290201451     
  0.523448223833517     
 -0.400355719812057     
  9.128541022303924E-002
 -0.155930458909644     
  0.250803228128187     
 -0.172068902554793     
 -0.209962813356638     
  0.120978031630321     
 -0.181309329996719     
 -0.164814123020878     
 -0.392013772013245     
  0.218720076629221     
  4.783804341546831E-002
  0.139019339282300     
 -7.091860969204285E-002
  0.173182874628192     
 -3.176794672445041E-002
  0.157814389575677     
 -0.171469304492774     
 -0.400397598045363     
 -2.573495458584123E-002
  5.540600093181863E-002
 -0.319447562955656     
  0.350436316901831     
  4.605607615243774E-002
  4.130477150950825E-002
 -0.194153042314663     
  0.204404204613493     
  0.156673617927910     
  0.314988403662315     
  7.249871111369102E-002
 -6.894147849317751E-002
  0.193115219546272     
  1.537925115746542E-002
 -0.130747788315778     
 -0.145994036156642     
 -0.328504057143579     
 -0.247173682749174     
 -0.259702405431456     
  3.729290553702546E-002
  1.787753897354365E-002
 -0.403214092776943     
  6.342973924065208E-002
 -0.176094827223824     
 -0.524002916511478     
 -7.824552362334111E-002
  2.879378178035277E-002
  0.198116617788329     
 -5.793423958975336E-002
 -0.124594244489341     
 -9.207018939178333E-003
 -7.558074048645191E-002
  3.358758235264056E-002
 -6.983719888705536E-002
  0.243424232490121     
  9.652730044551942E-002
 -0.365711346686373     
  0.121866634062322     
  0.354408091226827     
 -4.649060140741441E-002
 -7.110878980826016E-002
 -0.265718080285626     
  9.290362754006609E-002
 -0.121639731254626     
 -8.117975871262504E-003
  0.156691968041315     
  0.133879453568836     
  0.235935515121122     
 -0.175614395413532     
  0.114495415752291     
  0.114501637399901     
 -0.170642185800620     
 -0.305583796302534     
 -1.154941304228497E-002
 -1.051979304642470E-002
  0.446304273722246     
  3.966080995473334E-002
  0.142163242134248     
  0.180137846840691     
 -0.111491142591985     
 -0.109168470089816     
 -0.138803073075980     
  0.294664002937340     
 -0.123299255673094     
 -1.568790236647854E-002
 -8.467190009010847E-002
 -0.375625006312914     
  1.010693880953596E-002
 -0.259695874730030     
 -0.128592721707706     
  2.418847816961259E-002
  0.224950071157039     
  0.254221344797138     
  5.080169140654332E-002
  0.181987663950257     
 -3.261882130608981E-002
 -9.099259375782998E-002
 -0.291731165364787     
  0.146031026795810     
  0.293384870157816     
  0.455871924384883     
  5.370978572351043E-002
 -0.149090658430141     
 -0.223623458028480     
 -0.181393892754379     
  0.183180784301260     
  0.154750955886628     
 -1.099352570778621E-002
  0.192279831741594     
  0.107321696218901     
  6.207979165189355E-002
  4.448624509961404E-002
 -7.623377334611172E-003
 -0.311299760639617     
  0.231125248162778     
  5.387346926995300E-002
  0.164184671333228     
  0.153277588936793     
 -0.241083629399674     
  7.749837894444195E-002
  0.266642418487564     
  2.830794507704695E-002
 -0.126296016568522     
 -0.134845599781003     
 -4.491490766879733E-002
  0.230960543741295     
 -5.013517804074892E-002
 -0.112803385048903     
 -2.325567417667718E-002
 -9.362742165424449E-003
 -4.256857717956537E-002
  5.670578215769013E-003
  3.319996984885164E-002
 -0.298163424662573     
 -0.445814554089067     
 -0.210919528051070     
  0.203263021352993     
 -2.120199056580506E-002
 -8.163427672018322E-002
  0.100409023369030     
 -8.669361636116028E-002
 -0.111510353641197     
  0.155667568063778     
 -7.768370248854795E-002
 -4.559272562797659E-002
  0.181519455526679     
 -9.753385422798641E-002
  0.458524530123703     
  0.251583512599398     
  0.268192178769473     
  0.181532498306201     
 -0.215903479815192     
 -0.156592146116942     
 
 -0.291730094649828     
  0.270246430194273     
 -0.319842709984949     
 -0.137035043238866     
  0.193529479630705     
 -0.143422545527103     
  0.341559837695733     
 -9.741873647322957E-003
 -0.161686557634494     
 -0.251050605278912     
 -4.791742897829931E-002
 -0.101859363150136     
  3.590557182320214E-002
 -0.247160030341073     
  0.217249142293314     
 -0.524097045034445     
  8.917966786533703E-002
 -0.604827945783679     
 -8.252343681162852E-002
 -0.202605077909221     
  0.207240580867014     
 -0.235935419642273     
 -0.174792349751475     
 -0.435399188996969     
  0.187336338167394     
 -0.301798401503538     
 -0.248190330110519     
  0.341989990793531     
  0.216863167813195     
 -0.178653429399126     
 
 -5.363021667958151E-002
 -9.010678605791003E-002
 -8.410723739264291E-002
 -0.103499744126164     
  5.548006628364503E-002
  0.103835118026047     
  5.939550787551187E-002
 -0.158435028750920     
 -0.102332770303540     
 -1.465393346611549E-002
  9.578463502242716E-002
 -9.184495755480156E-002
  1.514901778216107E-002
  0.229394321026849     
  7.018801153238352E-002
  9.276487680194469E-002
  0.201922467988293     
 -0.333686511584691     
 -0.314534811333509     
  0.395112643170408     
 -4.002076629691474E-002
 -0.238258527373753     
  5.212215563879999E-002
 -0.184666464432203     
  0.120156144988216     
  0.251358949216085     
  0.182554677449086     
 -0.269743887580206     
 -7.346959833653137E-002
 -8.200524198448490E-002
 -7.059309048646083E-003
 -0.238101097363428     
 -0.102706382532158     
  0.214271452089753     
  0.180389143622643     
 -0.125901794415114     
 -0.120660474995899     
  0.258667919322303     
 -5.468631797178835E-002
  0.149144075569640     
 -0.312168721824584     
  0.114601638542375     
 -0.239065495406428     
  3.772093053745200E-002
 -6.100268587923368E-002
  0.306509820142835     
 -7.038614341321309E-002
 -7.524126517853791E-002
  3.743092091821926E-002
 -0.207873567455642     
 -0.210766726874498     
  6.926813636971453E-002
  7.571652808053099E-002
  0.181627578426398     
  0.271612472534773     
 -9.804076832574486E-002
 -0.243198105144413     
  0.291031176664421     
  0.172964966255995     
 -8.155343781038567E-002
 -0.101349739291927     
  0.517617625619498     
 -0.105518352700130     
 -5.627546265661310E-002
 -1.496420314629391E-002
  0.140375255984421     
  3.484560794909849E-002
 -0.264517329269522     
 -0.130792194459918     
  0.336448001216133     
 -0.162052795210959     
  0.328200799385577     
 -0.243982449385415     
 -6.807258369533227E-002
  7.901827314255480E-002
 -7.199673246216287E-002
 -4.439078687404151E-002
 -0.506975253075931     
  0.309998798190752     
 -0.416530478755619     
 -0.203591869792086     
  0.251697339015976     
 -0.219241651704343     
 -7.066483228370235E-002
 -0.471445395519751     
 -3.689448146480108E-002
  0.245060256623455     
 -0.251388010796398     
  0.517811772324313     
  2.519816186487487E-002
 -2.000067609237742E-002
 -7.275685649884253E-002
 -0.254228728304459     
 -0.454592711546585     
 -4.347252431984190E-002
 -0.349745591303618     
 -0.107461962203687     
  1.486079961149342E-002
  9.191021895733301E-002
  0.275061686937874     
  0.617877260480416     
  2.200694784672072E-002
 -0.163677307361793     
 -0.216271012717527     
 -0.104918601961702     
  9.037185781082624E-002
 -0.140112781771923     
 -0.252978271558976     
  8.118780461376952E-002
  0.391602343373452     
  5.430138892623074E-002
  7.084094908335563E-002
 -0.181446113832487     
 -0.285198108630474     
  0.143617661561219     
  6.183430108881558E-002
  6.662106075508512E-003
  0.239122832267902     
  0.111654948895321     
  0.442839013632662     
  0.163172551846810     
  1.826647804460349E-002
  1.644065706304527E-002
  0.297403053451404     
 -0.199286253845720     
  0.233106895422210     
  0.202036166385403     
  0.153417308619218     
 -0.349968714446471     
  0.265695113121298     
  7.424154737394136E-002
  0.170500774958222     
  0.277906559846402     
 -3.268367863668505E-002
  0.413783680680812     
 -0.336556947203495     
  0.318512045097087     
  6.032586584769587E-002
 -7.722264920820303E-003
 -6.582444655552107E-003
  5.126320793413092E-002
  0.220280346036270     
  0.194762415731669     
 -0.103072312084140     
  0.389201714141107     
 -8.723076840637883E-002
 -8.443955747198324E-002
 -0.234029863143958     
 -3.505162862874287E-002
  0.144349490569650     
  7.391156301047878E-002
 -0.261676804087635     
 -0.381583482729641     
 -2.035633153105364E-002
 -0.150761214329007     
  2.103548931514745E-002
  6.079240824720009E-002
 -0.238274148805050     
  5.607134368995675E-002
 -0.295162789313298     
 -0.130275915955685     
 -5.963851885486163E-002
  0.114843926214275     
  0.149097964569446     
  0.310529490971168     
 -0.186387823868788     
  0.219897049542279     
 -0.429723342622376     
  0.173295683305429     
  7.909799615135259E-002
  0.182801119134748     
 -0.100735357036845     
  0.221149616211589     
 -0.290481757971302     
 -0.178519929222694     
  0.145205479005075     
  0.173310215199717     
 -0.104364053634801     
  0.364908286745504     
 -3.399541020858678E-002
  5.460636433020603E-004
  0.131953649683044     
 -0.232107874862613     
 -0.231862120220180     
 -0.308993283670494     
 -0.209089793165727     
 -0.238480946168131     
 -0.223329165951070     
  3.828286096508005E-002
 -0.109952746007119     
  1.844993486826736E-002
 -6.873016813418120E-002
  0.118244212606707     
  7.976032156763627E-002
  0.304023188314456     
  3.870755020020844E-002
 -0.383325485329884     
 -0.124266680461389     
  5.067237301230494E-002
 -0.255410759452223     
  3.041373282020665E-002
  0.270321024762639     
 -2.351076579386269E-002
 -0.160738286757319     
 -4.745195104254155E-002
  0.101748467585492     
 -0.114176301699162     
 -8.203606134590614E-002
  0.101667507682588     
 -0.184946440781376     
 -0.133825998382461     
 -0.153816173091679     
  0.192083111619003     
  4.458339423526757E-003
 -3.803000334018055E-002
 -0.237219171774598     
 -0.172309861843967     
  0.424749191520106     
 -0.296819611924254     
  4.213720018079164E-002
  0.130759109439125     
 -0.227175626507190     
  0.369438691878554     
  0.235017358747457     
 -0.345426198647902     
  8.759877742174030E-002
 -0.181360840646408     
 -0.187452376769493     
 -0.261930484164508     
 -5.027793723638264E-002
 -0.209828467565960     
 -0.151820191023815     
 -2.741707172376959E-002
 -0.112679470126764     
 -1.159093759682934E-002
  0.139120439797771     
  6.144952319176799E-002
  0.379537519402121     
  0.118809937528065     
 -0.154319886634024     
 -0.268188734724350     
  0.143603775692994     
 -0.254514478572990     
  1.670877005997356E-002
 -0.163222679697446     
  0.285636912505079     
  4.475660047029321E-002
  3.909364675316387E-003
 -1.422779185415339E-002
  3.493139441200236E-002
 -7.882584923288347E-002
  4.208270793475176E-002
 -0.278654602096144     
  0.372146036833914     
 -0.166251261855444     
 -0.270167592748204     
  4.175354108662623E-002
  0.179377023274517     
 -4.483253699476077E-003
 -1.515730076498904E-002
 -4.077515544767971E-003
 -4.563758798743003E-002
 -0.108288997737143     
 -0.346607124975002     
 -0.294645057867428     
 -2.873322864278940E-003
 -6.494504551669510E-002
  0.180931406216243     
 -0.194025784567376     
 -0.346631562630848     
  9.274042162418747E-002
  0.303018211767419     
  9.740042702092787E-002
  8.830536480392845E-002
  0.194140064954958     
  0.169761961489185     
  3.225336091204475E-002
 -0.198093562534191     
  0.147113946104942     
  0.222401766676975     
  5.052025141153990E-002
 -0.145508208550871     
 -0.401925783004864     
  2.728309656741567E-002
 -0.106194535802129     
  0.213394120517381     
 -2.199253405737725E-002
  0.159873293280143     
 -0.150646420344649     
  9.392584019935289E-002
 -0.137332669411459     
  0.162229143307897     
 -0.430611861028627     
  1.816068844532302E-003
 -4.370253673321720E-002
 -9.442583160316263E-002
 -6.502810710562234E-003
 -7.961937511260030E-002
 -6.819567857397613E-002
  0.273794526972035     
  0.272877467176103     
 -0.421829947049410     
 -0.343864901052635     
 -1.758044323289273E-002
 -0.284512915959652     
  0.120187982959432     
  3.312472936572809E-002
  0.124027105605376     
  0.145929819534677     
  0.110729517336267     
  0.134444727457470     
  0.340839862759965     
  0.488725840175677     
  6.430706248004291E-002
 -0.101512618860911     
  0.106697242074590     
 -0.284737404722428     
  0.185612147483440     
 -0.416353409249176     
  0.370057042087666     
  0.383096710764358     
 -0.409898567916630     
  2.461404776387647E-002
  2.003296743277770E-002
  0.100301097913039     
 -0.256595145611848     
  0.276407452462312     
 -2.872517120167227E-002
 -8.360583690820593E-002
 -0.142877220920756     
  2.071659709617966E-002
  6.533247578674735E-002
  3.959612249266384E-002
  5.205168331969408E-002
  7.790073250952939E-002
  0.200325367004002     
 -0.448393889835675     
 -0.142466253798178     
  9.535936747024847E-002
 -0.240233293957325     
 -0.109770573078542     
 -0.330165248629420     
 -4.335927843912323E-002
  0.278223560789235     
 -0.124584638642012     
  4.154737536236591E-002
 -0.363904632378358     
  0.260707665391628     
  0.290132758764869     
  0.196022062733075     
  8.665934832854164E-002
 -0.181659388427623     
 -5.794222026662712E-002
  2.969471777999245E-002
  0.252191287069451     
  0.211733894604355     
 -0.596081968900765     
 -0.101790241816628     
  0.213108807918902     
  5.367519268328913E-002
  0.106619709493905     
  8.858759064260045E-002
  0.341464870618890     
 -0.221015500977967     
 -3.141243324798730E-002
 -0.159587150283338     
 -3.449535308193793E-003
  0.310120421357187     
  0.158279368819117     
 -2.270901980592536E-002
 -0.153522475492737     
  0.312560442468395     
  2.877166039238432E-003
 -4.668800818438355E-002
  0.336669100850501     
 -0.113752964195333     
  0.175532785370454     
  3.574134923522854E-002
 -2.497619840245719E-003
  2.565750171567381E-002
  0.167323318765947     
 -0.217512267467890     
  0.451942074764105     
 -3.079176757783684E-002
  8.442576496273711E-002
 -7.039150561450877E-002
  0.152785109116221     
  0.420687607620874     
  0.296084250527131     
  8.828363895587676E-002
  8.394448030379487E-002
 -0.325100302142887     
 -0.205643959945856     
 -0.310099087438220     
 -0.357062722931061     
 -0.154470244747543     
 -0.132098302068566     
 -1.676617203450467E-002
  7.332567323309112E-002
 -2.818162783953041E-002
 -8.078513079786914E-002
  9.274264404140841E-003
 -0.260796536643862     
  0.210131975878431     
  0.135660642430984     
  0.290184162496699     
  9.074742295821323E-002
 -0.166244400771445     
  4.751972317430017E-002
  0.173629645643863     
  0.277945159424169     
 -0.324337337271403     
 -0.145000961735173     
 -9.649131684005204E-002
 -7.512929346870721E-002
  0.134179386165034     
  3.992002281189914E-002
 -0.119018994962662     
 -6.630007808438095E-002
  0.201699072018760     
 -0.202088287702146     
 -9.051774437520553E-002
  0.290389977794376     
  0.185517181529741     
 -0.132738673306812     
  0.248334022559094     
 -0.276922198044840     
  0.198038143794795     
  0.122590199138515     
 -0.223538779704324     
  0.195698731532094     
 -7.832187083991196E-002
  0.155315935946196     
  0.125739924784189     
  8.884047800189258E-002
  0.223306869743713     
  0.123779212397064     
  1.239233498208601E-002
  9.251325402309525E-002
 -2.149298659444341E-002
 -0.137963759805724     
  0.216871481169201     
 -0.302536307412709     
  0.197378931353838     
  0.278333474226358     
  0.305133690295744     
  0.124068639316991     
 -0.148757840963271     
  0.209707924668852     
  5.657617281710454E-002
 -0.195590722507659     
 -5.510320829918385E-002
  0.340162940817982     
 -0.157947543528786     
 -0.123466884916167     
  6.272272623829228E-002
  5.571286899547817E-002
  0.393796530728610     
 -0.115668746165496     
  0.427650212130628     
  0.333998842142651     
  0.201286343981143     
  2.626206552263848E-002
 -0.348886077911082     
 -0.264877275698049     
 -9.194642171674247E-002
 -9.531428789019589E-002
  7.961971223010919E-002
  0.336654168670140     
  1.825989598801729E-002
  9.764385867850477E-002
  0.160859252773733     
  2.229937912633477E-002
 -8.469148912766750E-002
  0.219307859464247     
  9.816436740856403E-002
 -0.215125406104734     
  0.158473570004425     
  0.217678499060561     
  0.297087419283348     
  0.107328132308047     
  0.921288640378647     
  0.216503563109983     
 -0.186874046604202     
  0.143131408792975     
 -0.154588571895249     
 -0.379013430905706     
 -0.376831288411359     
  0.143752009061131     
  0.234300440500845     
  0.351890389939604     
 -0.187683138110289     
 -0.102915837076809     
 -7.980116055163000E-002
 -4.296900322253341E-002
  0.192108716967537     
 -0.158454132477573     
  0.108737852943724     
  0.175156108234644     
  8.520683743536486E-002
 -0.186332308065107     
  0.473925339318500     
 -3.835029027866579E-002
  0.158661504659159     
 -0.229212214000280     
  7.951927523984198E-002
 -0.168385948477728     
  7.404692956257385E-002
  0.165014743185535     
  0.144555872021902     
 -0.313759154998492     
 -0.174892740265098     
  0.220120853539544     
  0.275360275590465     
  0.521596156755757     
  9.572058291483082E-004
 -3.589815566302280E-002
 -0.116981677766821     
  4.209486444337993E-002
 -0.231350525641023     
  0.326753126961740     
 -6.351695765032492E-002
 -0.166570751544957     
  0.186295250464630     
  0.222145310098246     
 -0.416639651015120     
  0.101371462777461     
 -0.328742125552736     
 -1.449770674812301E-002
  2.148712265355808E-002
  0.298553442376470     
  0.163893512893247     
 -1.557704237718137E-002
 -6.566099175064888E-002
 -0.160294326423873     
  4.785791052245424E-002
  4.163884404575788E-002
  0.127866461197338     
 -0.235156504495846     
  0.231404360901918     
  0.399212307776959     
  0.401077008072139     
 -0.278916111672699     
 -0.172183679633494     
  5.738590308632290E-002
  0.227884032508554     
 -0.318417133139777     
  0.302027710098334     
 -0.177854767058420     
  9.777741056353247E-002
 -1.293023820713425E-002
  0.159346643250068     
 -0.135846208313590     
  4.526023152635381E-002
  0.374361477335022     
 -0.310947932490391     
 -9.982078803695456E-002
  3.382803417085289E-002
  0.201051217939929     
 -0.594933573185526     
 -0.118882298116129     
  5.732193180605381E-002
  0.319663445939605     
 -0.124645450913637     
  0.130776547695308     
  5.828008880735384E-002
 -4.572039819556055E-002
 -0.155126902428962     
 -3.512906092082484E-002
 -5.477973255638509E-002
  0.311411799133655     
 -0.107941537889404     
  2.733797812393196E-002
  5.986245501900618E-002
 -0.222931531765538     
 -0.288992094056804     
 -3.518775118896982E-002
 -0.322939247940960     
 -4.696539736557795E-002
 -0.298935032686960     
 -0.241871445307581     
  0.331744466277530     
  8.563188310951492E-002
  0.323356286033083     
 -0.378608777696310     
  0.297560630022284     
  6.051394009047670E-002
  1.511235838145816E-002
  7.268524306091367E-002
  0.252993549210534     
 -0.108739532294975     
  0.300509289601633     
 -0.518413740739100     
  4.262204329474633E-002
 -0.112308205124412     
 -0.340716446573897     
 -0.117458576876809     
 -0.374484103022829     
 -6.802196977856288E-002
  4.282298596239634E-003
 -0.131573689668018     
 -6.196259691231625E-002
  0.315853469789472     
  0.187628736741454     
  0.316436481854468     
 -0.251989082499175     
  0.159612695362005     
  0.118344748906097     
  2.215993230954074E-002
 -0.189209252848785     
  0.104978973042656     
 -0.116478663920398     
 -0.396416792119974     
  0.122323640162386     
 -4.376506137979161E-002
  0.145401009514742     
 -0.123015356062484     
 -3.281758860257897E-002
 -0.224257199196737     
  0.585596796637054     
  0.327061909837710     
 -9.495894169067774E-002
 -9.310041266243052E-002
  0.288459046914263     
  1.585145828642520E-002
  1.645844855370658E-002
 -0.102730258545243     
  6.116820848247752E-002
 -0.287864023321278     
  0.229310950834143     
 -0.233857759080950     
 -9.438172084069940E-002
  0.227455115070735     
  0.176326401024260     
 -0.204558724054419     
 -9.359049010606144E-002
  0.183350434098832     
 -3.667410804714939E-002
 -0.210003454453775     
 -7.706657059219101E-002
  0.178502952627186     
  2.791495908671840E-002
  0.118836731644411     
 -0.115319144097622     
 -3.610417517226483E-002
  0.152980925125426     
 -0.151266703094100     
  5.369931725445506E-002
 -0.223369985406001     
  6.981627326163241E-002
 -6.925141422133951E-002
 -5.425105951334031E-002
 -0.371361191568098     
 -0.310750046111676     
  0.223724261734370     
  0.138162085666295     
  0.142717177757834     
  0.307903926855251     
  0.184524916795529     
 -0.299343247297641     
 -0.219917059476091     
  3.052637514333109E-002
 -0.270774751444152     
  0.156923653778615     
  0.192253697022710     
 -3.127191339985466E-002
 -5.828005907484998E-002
 -0.114824489351609     
  0.208562587576750     
  4.001165250471758E-002
  0.259647389453846     
  4.028871381031880E-002
  3.824454001328124E-002
 -0.303107834284861     
 -0.232560090754779     
  4.054120846910569E-002
 -0.166554308799135     
  8.002123516746289E-002
  0.167581645632188     
  0.172144024224469     
  0.213379058348760     
  7.581754530067633E-002
 -0.150064682950970     
 -0.242097353078261     
  0.247758738209487     
  0.215715892331505     
  0.109844037300409     
 -0.209428529140160     
 -0.173966399086232     
  0.405621187155955     
 -0.285535369515026     
 -5.097216896610304E-002
  2.475677250063134E-002
  0.126662446138507     
 -6.859217456164859E-002
  0.165811090624858     
  0.481424935420838     
  0.361332459789329     
 -0.380008908909959     
 -0.375531890305887     
  0.274922519686018     
  5.148611856649900E-002
  0.567035821759617     
  0.353007890460437     
 -8.759620231068888E-002
  0.118438447385973     
  7.272170680186792E-002
  0.355097132378527     
 -3.412904092999037E-002
  5.021525877746862E-002
 -0.490569847838794     
 -0.198360158704883     
  0.121922667428572     
 -7.802552065033819E-002
 -5.738559536316802E-002
 -0.164421362291261     
  0.280928768939185     
 -0.249288924132461     
  5.763135703214323E-002
  4.726199920448226E-002
  5.010696876285947E-002
  0.185586465228464     
  6.010538887635799E-003
 -0.153762639416047     
  0.104823820467238     
 -8.212504618723910E-005
 -0.238506007715854     
 -7.760048721626656E-002
 -0.194837628587848     
  7.006286464060292E-003
  0.228835320509804     
 -0.147711167804233     
  0.118449780475272     
 -0.234612771861688     
  0.186672115221140     
 -8.207315173239398E-003
  5.688294774024058E-002
  0.128961668510241     
  0.260618014471291     
 -0.136025925948426     
  0.249524796138976     
  0.188609801922805     
  4.113595712486897E-002
  0.154191398034153     
  0.208787387264427     
 -0.175242123507668     
  0.222833767771978     
 -3.657545783744268E-002
  0.219734727171492     
 -0.270395370323641     
 -8.810819737792427E-002
  0.233261185677341     
 -4.420070832121225E-002
 -4.466414253443467E-002
 -8.439144588516638E-002
  7.320311453559369E-002
 -0.218275776880331     
 -6.826353349184094E-002
  0.249477339515414     
 -0.265047456952150     
 -0.219244391891277     
  0.232637226317551     
  0.364053170080012     
  0.227801179373674     
  2.804995142425239E-002
 -0.196729971410197     
  0.128525360473666     
  0.158502080188465     
  8.737652359760160E-002
  9.473167249283253E-002
  0.214940274055413     
  0.248920256659029     
 -0.150861667353453     
 -0.176723579446518     
 -6.439185006677797E-002
 -0.208023172170640     
 -0.326474491208308     
 -2.021431984558861E-002
  4.276129188391256E-003
  0.417669543809092     
 -0.192867361928361     
  0.340001460638969     
 -6.589222352398304E-002
  0.319207770169089     
  4.070855222663535E-002
 -4.893139958067503E-002
  0.225811441038997     
 -0.241194941772462     
  0.203901190290114     
 -4.947137208994189E-002
 -0.177388378422577     
  5.396615156537802E-002
  7.381050084639150E-002
  6.871618568434137E-002
  0.213760828919244     
  5.065564393557565E-002
 -5.609765051913029E-002
 -0.121159617606877     
 -0.302611928162067     
  0.418024488390285     
 -0.252914526334350     
 -0.166709214977792     
 -0.232185351237799     
 -6.538156228831662E-002
 -9.744031224896157E-002
 -8.864557389486385E-002
 -0.126565111898199     
  0.203709953132310     
  0.197456254986444     
  8.152863791998717E-002
 -7.753854751853993E-002
 -0.202369580875975     
 -0.158088453965496     
 -0.120333678188721     
 -0.141210177692739     
  0.298601069891310     
  0.133958608231600     
 -0.100269844781218     
 -0.186729449465556     
  0.253385250712689     
 -9.125221821186844E-002
 -0.546784717455445     
 -0.378975343294586     
 -3.016013358816405E-002
 -1.533234325739878E-002
 -0.171212122544811     
  0.341525809453805     
 -0.269980211862371     
  0.160223301461907     
 -3.364988886777519E-002
  0.273296558806832     
 -9.771089197453696E-002
  0.208687007135769     
 -0.189948998268422     
 -0.219952148303086     
 -0.173601408584098     
  0.269829119005358     
  0.212294288910936     
 -0.181857483585753     
 -5.857666263999103E-002
  8.661890227258677E-002
  0.166604524588594     
 -0.105500510007278     
 -0.253886926453362     
  0.109575689840281     
 -0.254039489383042     
  0.265593535457448     
 -2.415246834019767E-003
 -4.963041325003422E-002
  0.115380651036480     
  0.111482416905686     
 -5.851114454654947E-002
 -0.211361096097694     
  1.338269250391720E-002
  2.901764293434071E-002
 -0.448322224790461     
  2.189032039509906E-002
  3.966417888063666E-002
 -0.215294214762159     
  7.058636401960383E-002
 -0.206791232806957     
 -0.292138498350513     
  0.183759637475423     
  2.988037206505316E-002
  0.153483445356216     
 -6.122511857824914E-003
  0.216233669374891     
  0.126673688588144     
  0.198851957333571     
 -0.272264413628540     
 -7.783692790891751E-003
 -0.256150589915929     
 -1.141419221641198E-002
  3.927753942423483E-002
 -7.510990498128292E-002
  1.626253524690384E-002
 -6.181475689479606E-002
 -0.127540694936322     
 -4.945741603903294E-002
 -3.284887100698803E-002
 -9.486701379006618E-002
  0.361654998386581     
  6.863942417990986E-002
 -0.369916561726472     
 -0.128232790380018     
  3.697042198871704E-002
  0.153458821806112     
  9.098064936047773E-003
  0.139866994330621     
 -0.116164177915215     
  0.115642073049625     
  0.192677624764781     
  5.737716642335185E-002
 -0.198318809606269     
  9.381975786653017E-002
 -0.153082127163996     
 -8.188602451669200E-002
 -0.138334442606832     
 -0.127957925843781     
 -0.300541328313756     
 
 -0.123098981466502     
  0.364801790705305     
  0.149619779803939     
 -0.101434839977123     
 -4.128961661687776E-002
  4.785496246133161E-002
  0.193184277570198     
  0.138462885515767     
 -0.119955318838475     
 -0.377493367886032     
  0.110499026648279     
  0.281682575694817     
  6.908671941795166E-002
 -0.351313204691850     
  3.076764152718853E-002
 -7.402666902386693E-002
 -0.252778792540204     
  5.934705897490613E-003
 -0.102620943547489     
  2.572728297607293E-002
 -5.081353795327984E-002
  3.983153722651589E-002
 -0.133706295054502     
 -0.147586820303553     
  0.207843328805060     
 -3.598447856360815E-002
  2.199742139004119E-002
 -7.068933141823665E-002
  9.334733370236750E-002
  4.219492879275510E-002
 
  -1.67754449340294     
  -9.29146505361864     
  -6.96156186698868     
  -4.99001290016191     
   3.93808460565587     
  -8.54900819808640     
   15.5575918879740     
  -2.32093647747612     
  -2.51955184057603     
   7.22420447352583     
   4.98659214512528     
   4.26563088309456     
   16.7632111494378     
   2.82273817930914     
  -7.03801263957493     
  0.953495005098569     
  -4.33601044740302     
   2.88463834978656     
 -1.118194295248975E-002
  -4.77687725391457     
  -2.70016211303610     
  0.391132504916038     
   2.43589179041936     
   5.22779496858472     
   1.22416871799193     
  -1.96213812711379     
   2.11204431297007     
   9.96955473698821     
   4.44057216952880     
   1.43783390993730     
 
 -1.366165487804878E-003
 
  tansig  tansig 
