 0.864302468956779757E+00
 0.535967805509945805E+01
 0.496956533302761105E+01
 0.289760537978718036E+01
 0.972485690416354243E+00
 0.214263200963994915E+01
 0.183461459990263864E+01
-0.427768312130231976E+00
-0.203668352806772007E+00
 0.163105984029312467E+01
 0.979644398378194947E+00
 0.508805921816389062E+00
 0.332087157551041900E+00
 0.910784125781350040E+00
 0.426821054983473447E+00
 0.536311874536391064E+00
 0.394492751207975556E+00
 0.419149952348245036E+00
 0.785905462768408669E-01
 0.299578527571671194E+00
 0.298078261901242425E+00
 0.811911366998377293E+00
-0.241606523616904184E+00
 0.109380266023416980E+00
 0.147357941780845408E+00
 0.137163907776500071E+01
 0.665183468040774217E+00
 0.360542865737433937E+00
 0.572169157761123426E+00
 0.155469822762998855E+01
 0.600484420483018533E+00
 0.354046322859944362E+00
 0.626067056287014312E+00
 0.168936856976409211E+01
 0.300840315017618209E+01
 0.188195336805784663E+01
 0.374873379502035187E+01
 0.425016543686775328E+00
 0.175259918020960126E+01
 0.278891096606824096E+01
 0.678670640736631547E+01
 0.909102180672428339E+01
 0.162629159496848197E+01
 0.255407139642492043E+01
 0.207587858942485459E+01
 0.500350157004513196E+01
 0.437899920887143779E+01
 0.148697876536529727E+01
 0.709207471595348471E+00
 0.250662868812745732E+01
 0.144717954497960166E+01
 0.781563300867198718E+00
 0.427139319019802455E+00
 0.674645452877461360E+00
-0.113332221363544816E+00
 0.492981376830121387E+00
 0.279501103451794408E+00
-0.279968004303264628E+00
 0.388612476223972103E+00
 0.267955171090920374E+00
 0.183815779202022189E+00
 0.760618313945576552E+00
-0.543033200874775378E-02
 0.276164243922334629E+00
 0.253252472599888534E+00
 0.513082773820717764E+00
-0.306750609521471762E+00
 0.116509320026111293E+00
 0.131299377910069737E+00
 0.953220387813366488E+00
 0.392884886901546160E+00
 0.165742948419757397E+00
 0.230129750244050441E+00
 0.139067345674398934E+01
 0.555434585773021183E+00
 0.331711671520176055E+00
 0.556290444607465240E+00
 0.167331993247319288E+01
 0.770381425727279634E+00
 0.816973824403547599E+00
 0.149365323154430452E+01
 0.141214883027214588E+01
 0.591783060714820341E+00
 0.101926393044513830E+01
 0.242092335298984684E+01
 0.649364612864374013E+01
 0.284939153911840881E+01
 0.223580580706893572E+01
 0.111603798961798351E+01
 0.280106771090171902E+01
 0.256674994355313491E+01
 0.130204267406352736E+01
 0.422573613551616489E+00
-0.162434456054862814E+00
 0.110828446391632229E+01
 0.605234885772877984E+00
 0.258009563163315692E+00
-0.197212177860670052E+00
 0.730990400487854797E-01
 0.165510565010341892E+00
 0.842427355113324061E-01
 0.296081041461010885E+00
 0.161888485298005286E+00
 0.133385965625474279E+00
 0.941448309376741316E-01
 0.563902317865819375E-01
-0.145764112189035150E+00
 0.720100366193266589E-01
 0.636425423644158411E-01
 0.217124227128884240E+00
 0.525965264434210475E-01
 0.450785997889288081E-01
 0.463216633024235921E-01
 0.222258295663811861E+00
 0.146297987524610401E+00
 0.933033868413806755E-01
 0.119297401334187023E+00
 0.168690658033185586E+00
 0.922880407307384715E-01
 0.140945650567089298E+00
 0.195560997828394839E+00
-0.205606283296948869E-01
-0.316515546310189994E-01
 0.128613032669274291E+00
 0.221076523503362765E+00
-0.556266964441825107E+00
-0.388936652031954933E+00
 0.167568363737310794E+00
 0.374305780905493324E+00
 0.155119049918717411E+01
 0.168429251105505856E+00
 0.545242113587048993E+00
