     33 -    30 -    30 -     1 
rmse=  24.7014meV
  0.661111627292685     
  -1.22485912584207     
 -0.264663335400565     
  -1.70105458986254     
 -0.405203528225531     
   1.68199181802770     
  -1.35338700338635     
 -0.631803708201352     
   1.18403079135669     
 -0.472263301762826     
  1.795656518373940E-002
  0.476997809357171     
 -2.235067774740863E-002
   1.26807887657295     
 -0.849230243768523     
 -0.130373867060294     
 -4.982761666075798E-002
  0.710181075347751     
 -0.723637645956772     
  -1.14512865026562     
  0.193399482512063     
  0.302872942440383     
  0.187879992540987     
 -0.314708171718254     
  0.314923494964543     
  0.145964913764054     
 -0.846203735770308     
 -0.701112616234684     
 -0.657911298758651     
  0.857818544945467     
 -0.545246335610368     
 -0.276648751255078     
  0.297151680630532     
 -8.490409372872768E-002
 -8.419725007015383E-002
 -0.116763411112451     
 -9.297151982278984E-003
  0.184390235953723     
  0.410812560272225     
 -0.343208119830678     
 -0.523622626494564     
  0.654406759327917     
  0.189333819310591     
  0.240105724730916     
 -0.111340383986805     
 -0.373729371859435     
 -0.179387842079159     
 -0.354843688132410     
  0.698166157630475     
 -0.224157092481101     
  0.176726484831677     
  0.189126961002212     
 -0.506618946604410     
 -6.749455914101282E-002
  0.185489021371799     
  0.260778127241775     
  0.132413895430909     
  0.126087705731160     
 -0.791409723237440     
 -0.622609231319360     
  0.374419298340366     
 -0.427608050597995     
  0.159231551711355     
 -1.342246551527943E-002
 -0.170339464150801     
 -0.166222116620649     
  4.220124691759039E-002
   1.06349418622693     
 -0.239896756092801     
 -0.436844136413509     
 -0.408833289616527     
  0.536927005385997     
 -3.045580628600591E-002
  0.512525869654412     
 -0.757750281048975     
  0.353436349623687     
 -0.310472045834661     
 -0.879151366441953     
  0.560663707538466     
  0.670714010233184     
 -0.368338539224371     
 -0.599238421230117     
 -0.650130696789052     
  0.771538012237644     
 -0.537127394380605     
  0.312652686046767     
  6.108156938125639E-002
 -0.203839599071024     
  0.685779904496507     
  -1.13335158553887     
  0.738047428437023     
   1.04827964619942     
  -1.54537830503113     
  0.407380667123556     
 -0.584861071580859     
  0.536714624896493     
  1.156620045275119E-002
 -0.164266061809665     
  0.588151621999262     
  0.392057618446768     
 -0.540328816407093     
  0.674614364865286     
 -0.373231618641210     
 -0.806576190157020     
  0.100553340854899     
  2.215695704990100E-002
  0.688804570978571     
  -1.47880470469918     
  0.258415849359522     
 -0.662195615710943     
  8.558858310053555E-002
 -0.313067429452896     
 -0.623651153477082     
 -0.192740228261399     
  0.197863088261314     
 -0.241555717367191     
  2.428494001153812E-002
 -0.280059576056599     
  0.265011351989460     
  0.456556617551987     
 -0.471228518919754     
  0.467648793482940     
  0.614160169027069     
  0.417334950275365     
  0.107376114615752     
 -0.263973116647825     
  0.561689550643042     
  0.221185907126131     
   1.28863502081250     
  0.295404431640011     
  0.644672414805387     
  0.331709756788464     
  7.334980376538774E-002
 -0.336697158813254     
 -0.293158429979452     
   1.52040428031317     
  0.423329399470597     
 -0.313345716468210     
 -0.196370757263497     
 -0.123226324100630     
  0.555780010069894     
 -0.804661432199110     
 -0.292283682369033     
  0.752846530450200     
 -0.398863575514699     
 -0.715517274310556     
   1.23680110183139     
  0.567213542259956     
 -0.509957765323684     
  0.184547569619432     
  0.528954944804251     
 -0.328853697702190     
 -0.137826059188119     
  9.433942106060421E-002
 -0.929457479871228     
  0.994571244284866     
 -0.615704173173754     
 -0.950577314356986     
  0.453497876230202     
  0.303882861607558     
  0.242285765587896     
 -0.808964524739544     
  0.412787625070192     
  0.426209176898866     
 -0.111385633843614     
  0.849982456650513     
  -1.78219659509385     
 -0.854005803986928     
   1.18348723331334     
  0.180164307482175     
 -0.156744568145426     
  0.588888925471932     
  0.277525911620574     
 -4.219926381439117E-002
  0.483055052495176     
 -0.106210422327795     
   1.40851046344959     
   1.32811272525095     
 -0.658913446978751     
  0.326447667003382     
 -0.831048055393266     
 -0.199052893385621     
  0.142508515152632     
  0.375752229004523     
 -0.219890423804204     
  8.606314907190536E-002
 -0.158893752443523     
  0.726335873091380     
  0.266028821039838     
 -9.192896127497799E-002
  0.665631279709047     
  0.311644660415623     
 -0.397143316216924     
 -0.517139682133251     
 -0.335737124496024     
 -6.041658000976320E-002
 -0.261113907007363     
  8.838440081755287E-002
 -0.532865184773751     
  0.795093717892943     
 -0.883937616087972     
  0.496855806928085     
   1.32517013409748     
  0.337518617220575     
  3.851052144937199E-002
 -0.477043731803681     
  8.908392350319734E-002
 -0.289949282647651     
  0.290849652862000     
 -0.442922201742363     
  0.617227820398727     
  0.725665108423006     
  0.331120116893795     
 -0.690609041155174     
  0.164340185971173     
  0.599458342618262     
 -0.604996767345102     
 -0.255286726737314     
  0.101653054538170     
  8.293627900127810E-002
  0.169717149942153     
  -1.29733959208950     
 -0.454518888845297     
  0.544118506022827     
 -0.279273032402179     
  0.239107015183535     
 -0.838577156410498     
  0.650957667875744     
 -8.734539670562775E-003
 -3.905358868215163E-002
 -0.194853113800324     
  0.420577575846236     
  0.233957989573067     
 -0.198627820613835     
  0.184878585173038     
 -0.965731585405920     
  0.644900129224286     
  -1.94272702668965     
  0.997195132529029     
  3.803831813338661E-003
 -0.886579852058089     
  4.262444075957064E-002
  -1.26938568523880     
 -0.143152600053960     
  0.784564098494009     
  0.256562072003820     
 -0.329025634777398     
 -0.729418412461386     
   1.47335676073187     
 -0.306772262774700     
  0.475014102893251     
 -0.581383519111589     
  6.482766969208163E-002
   1.89974944370543     
  -1.71962688733158     
  0.275619396438457     
   1.13467966242917     
 -0.876624383328044     
  0.533492581524951     
  0.355101360812488     
 -0.520705040324499     
  0.468292322122156     
 -0.516538965622597     
  0.166168505904921     
 -0.144995133690149     
 -0.559295238071812     
 -0.479730018647273     
 -0.102123264136974     
   2.07309686280727     
 -0.120605295584764     
 -9.755134153862810E-003
  -2.88600489268168     
   2.27210235974738     
 -0.203100569381104     
  -1.37592381017222     
  0.379462985418520     
   2.14757258924035     
   1.44141564969149     
 -0.536488166331633     
  -1.30415528095569     
 -0.248623302188992     
   1.97182767348301     
  -2.03585108661411     
   1.77618906586507     
  -1.22501613034865     
  0.598099034089601     
 -0.435986081251332     
 -0.853518058663191     
  0.202487648541827     
  0.859994765627524     
 -0.384099124436247     
 -0.748672642053216     
  -2.07728106871002     
  0.536777861249524     
  0.768806687223436     
  -2.89771157291469     
   2.64433691849775     
  0.502095938406300     
  0.658293654069570     
 -0.640293969909177     
 -7.288190050230223E-002
 -0.198729781619533     
  0.151589838352247     
 -0.296180289671060     
  0.448147758931749     
 -0.387289496492470     
 -0.401320088544944     
  -1.14287101612972     
  -1.21221753868517     
 -0.837297821115788     
 -0.294019594961345     
   2.17311205039225     
 -0.738745351019413     
   1.27262049453072     
  0.147822608573840     
 -0.425163035971595     
  0.254366803533814     
  0.668334335027691     
 -0.690245176257381     
   1.17610600974015     
 -0.220233020453449     
  -1.23476367769564     
  0.426764098449857     
  0.278599635745758     
  0.409443720989225     
  8.658538714788853E-005
   1.78106668314908     
  0.225558526175703     
 -0.701504204702146     
   1.29423299265527     
  0.107290448756798     
 -0.258874007820056     
 -0.161831187294248     
  0.420438100066215     
  0.465965416873336     
  1.594361752781225E-002
  -1.14619289522598     
 -0.391830730884741     
   1.22489004594652     
  -1.27770497088721     
  0.130485206620576     
  0.288568017397825     
 -4.871763417995065E-002
 -0.219548357358634     
 -0.330239098218136     
 -0.281803048864848     
  6.826121673876238E-002
  0.788147850404474     
 -0.580820920140247     
  0.702799340447061     
 -0.481548283174333     
  0.277597155463712     
 -0.453638694192515     
  0.294563427795500     
 -0.187095035869769     
  0.205391182273598     
  0.389869230627898     
  0.459265346203253     
  1.120972257219147E-002
 -0.550477745242057     
 -0.126883528465801     
  9.135840582745086E-002
  9.495283213341862E-002
 -0.952019602139755     
   1.22415406445250     
 -0.251394775088823     
  0.142834965987867     
  0.648804695954289     
 -0.332198835826189     
  0.687959851377596     
  0.798262963088554     
 -0.701420890666871     
 -0.432381863555946     
  0.976813720724272     
 -0.522550335615179     
  0.424290981827313     
  0.143760590639888     
 -4.563712738996676E-002
  -1.37329596426163     
   1.27453691521008     
 -0.585278056984279     
  0.703023389050003     
  8.438636736655090E-002
  0.274651626932725     
 -0.666183318256607     
 -0.561521160710917     
 -7.456845338027104E-002
  0.174164783343428     
  0.705789774905256     
   1.28323702386284     
 -0.499153706048447     
  0.458083796945534     
 -0.238550669418633     
 -0.157236975704275     
   2.13436295410879     
 -0.298540383417199     
 -0.455925456094719     
  0.766048592538040     
 -0.307082875974363     
 -0.441634525618897     
  0.130679631167748     
 -6.420818467064726E-002
 -9.553012911143621E-002
 -0.405654462689045     
  0.419054205280216     
   1.90459936174828     
  0.966757065782227     
 -0.731488134109705     
  0.103944437981533     
  0.563549665077016     
   1.00399888638425     
 -0.634418822138138     
  0.216591510324116     
  0.362625954118889     
 -0.760345188790455     
  0.533419325009678     
  0.254790079504422     
 -0.437043116802234     
  0.365869541434247     
 -0.723705994050088     
  1.250700473219768E-002
  0.734281951011369     
  0.258515881762430     
  0.138591577665108     
 -2.410380360462669E-002
 -1.290372625922263E-002
 -0.826999212706299     
  -1.01988478680407     
 -0.437511600673405     
 -0.339999994557011     
  -1.58749150763116     
 -0.304754502087515     
  6.879055755393677E-003
  0.396119962144687     
  0.259788224307627     
 -0.588129891778216     
 -8.705305526179437E-002
 -0.547737646210787     
  0.807616044730592     
   1.03278940724783     
  0.616277945357616     
 -0.339357397982114     
  0.328043710669046     
 -0.262076601951669     
  1.602822195029147E-002
  8.625630398571985E-002
  0.778125043887384     
 -0.214791988154451     
 -4.954283386541809E-002
 -2.817976941631062E-002
 -7.661925394262985E-002
  0.836142918734355     
 -0.858434711157442     
  0.249091761689724     
 -0.258692863932129     
  7.407685784813667E-003
 -8.827366043837742E-002
 -0.275491482518292     
  0.155224408951048     
  8.487549415342936E-002
  0.281111711750403     
 -0.967616333073888     
  -1.47779392275864     
   1.06263029642441     
 -0.386289998324736     
 -0.174244035882358     
  4.484511953726440E-002
 -0.818342952025853     
   1.38210988207030     
 -0.225472871367428     
 -0.856351785062504     
   1.89626994515424     
   1.31011754792266     
 -0.136931891920437     
  0.820037399007401     
  0.516202320628888     
 -0.173281516359907     
 -0.693060818524554     
 -0.425658436083064     
  0.402589856204322     
 -0.384430447841973     
  0.315800106003126     
  0.832639889593456     
  -1.12234104584677     
 -0.725436135059944     
 -0.489582823199868     
  0.522008638580261     
  0.726075094205867     
 -0.122401998796469     
  0.364386666997815     
 -0.127421202625702     
  0.155431051415760     
 -0.733666865751440     
 -2.715119991661241E-002
  -1.00765053177061     
 -7.400008357793907E-002
 -7.537250941871595E-003
  0.367798511378977     
 -7.288098351630971E-002
  3.225472861691581E-003
 -0.903855205386290     
   1.64679356228992     
  -1.02888467296366     
  0.919940957097723     
  -1.97383437208054     
  -1.64628100467772     
 -2.182409744071851E-002
 -0.127740519688425     
 -0.617856505479917     
 -9.816310471662222E-002
  0.221813624095499     
  0.658923929948584     
 -0.369072009702417     
  7.730913601435208E-002
  0.479178338584430     
 -5.667535358896502E-002
  0.311305678803230     
 -0.732905102245852     
  0.755809334572387     
 -0.260374237971479     
 -0.687956831377320     
  0.899336042750209     
  0.230235915990256     
 -0.645492384554374     
  0.315273867408487     
  0.458079575317134     
  0.417778986697878     
   1.08147994707918     
  0.192338457464390     
 -0.391749269695126     
  0.750975008786486     
  -1.40651118601795     
 -0.729217943142152     
  1.167167448681876E-002
  0.433509373403248     
 -0.862944415581841     
  0.377644312669743     
   1.27269066350380     
  -1.90961844506650     
  0.136256188258481     
 -0.185043335860659     
 -0.152330296219463     
 -0.536701169055573     
 -0.837967061900912     
  0.438522537497672     
  0.581946282068575     
 -0.618746608996246     
 -0.173435906022360     
  4.298891204732030E-002
  0.168575853349446     
  8.806586854637855E-002
 -6.585227461262098E-002
   1.46160235857007     
  0.938148354727582     
 -0.783290335949004     
   1.00593395190677     
  -2.01915063212270     
   1.46053213619378     
  0.435811840463835     
  -1.57426066225867     
   1.44201867862149     
 -0.122001026680944     
 -0.230413301057647     
  3.882569459682431E-002
  0.387447184275854     
 -2.578534719820058E-002
  0.537692535197121     
  0.301446381849653     
 -0.695632860070816     
 -0.149755205867339     
 -0.172899375672485     
 -0.547575780515403     
  0.557061314543602     
  0.626476368542961     
 -4.742760384711733E-002
 -0.115338958938411     
 -0.519888238730695     
  0.171609642768838     
 -0.129402769997203     
  0.587066802683836     
 -0.623171752094295     
 -0.121677952855989     
  0.603730098667818     
 -0.370612263084705     
 -0.341121482366216     
 -0.686990937386493     
 -0.158764495516408     
  0.412262041102884     
  -1.22802092247418     
 -0.684719719984185     
 -5.394413079637903E-002
  0.495625701142319     
 -2.239560372031162E-002
 -0.140521116156941     
  0.154263456373963     
 -0.164696341818863     
 -0.333951510675775     
  0.241040481264917     
 -0.228788982265648     
 -0.149007627879053     
  0.256207951102898     
  0.561731633761826     
  -1.18292401844768     
  0.750009050664055     
  0.115730906067956     
  7.710443764747699E-002
 -0.148901460945451     
 -0.116690156528690     
  0.492912271325873     
  0.523405191427898     
  7.033838738215163E-003
 -6.147116678553857E-002
  0.342149753598960     
 -0.541866592541155     
  0.394267964938992     
 -0.461983340053618     
  0.184442438251786     
  0.375049087312292     
  0.159349392315225     
 -0.461858025387362     
  6.666714478424730E-002
  8.929880830613600E-002
  0.606353302152483     
  0.156038526901700     
  0.267412067993128     
  0.471382732439799     
 -0.401390029643469     
  0.282974807467699     
 -0.218975828811303     
  1.324272709860426E-002
 -0.945442634470582     
 -0.725372881735502     
  0.460036066728302     
  0.212700995360086     
 -0.111132832705663     
 -0.699758289905415     
  0.241038163454991     
  0.392385430916192     
 -0.351034276965033     
  0.138894955887579     
  8.598675715666031E-002
  -1.08085721802252     
  0.309858098898414     
  0.367172248652200     
 -0.895421454198898     
 -0.313310225792009     
  0.398001413297131     
  0.340077421839103     
 -0.255110567613382     
   1.04448951960041     
 -0.349840279474956     
   1.22485869946294     
 -0.160668901264136     
 -0.303476141495034     
 -0.336699955738458     
 -2.974170208312989E-002
  0.823514475280215     
 -0.340033228828905     
  0.101803521225442     
 -0.342939010402807     
 -0.600611652214523     
 -2.147509241629750E-002
 -2.319555912337680E-002
  0.632334233208066     
  0.625017919137084     
 -0.392948097589943     
 -0.722382696218599     
  0.515065071085013     
 -0.736355716738407     
 -0.204156531696660     
  0.161960395010765     
  0.148447017886304     
  0.512058737672041     
 -1.707332003731138E-002
  0.579024428533033     
 -2.170221529811490E-003
  0.396026962202920     
 -0.736258292997677     
 -4.244052954700661E-002
  0.119417737463255     
  0.147458120247316     
 -0.208383488635156     
  0.304256374542391     
 -0.664308321256452     
 -0.743347966497803     
  0.155946552536458     
  0.626122920067057     
  -2.03878688309203     
  0.979250963265660     
  0.169982042646110     
  0.296782743204750     
  3.933057436080793E-002
 -0.233796951167570     
  0.511677930627980     
  -1.06386397787635     
 -0.584606635115237     
   1.04417243694223     
  0.652666844516712     
 -0.753949098351367     
  0.894694452264801     
  0.607553509822084     
  -1.58788311891809     
 -0.597378515710123     
  -1.25585595607021     
  0.230918001049123     
 -1.340952182179931E-002
   1.97480154619614     
 -0.238947758067677     
  0.581331612429552     
  -1.43254674693358     
 -0.320914901414742     
   1.69642627010571     
 -0.846214417788995     
  0.860332546142752     
 -0.427302176200901     
 -0.227088403331877     
  -1.83784359920771     
 -0.103140241113177     
  -1.12580856396515     
 -0.856034332764945     
 -0.293521993844498     
 -0.270228742913114     
  0.191065096929003     
   1.07843581414959     
  0.365081674090902     
 -0.257175013729884     
  9.906916493203113E-002
  7.845185197346496E-002
 -0.182531261554781     
  0.622147800673733     
  -1.30764496229047     
 -0.506044741365483     
   2.91868141191652     
 -0.762859852699840     
   1.83856748931234     
  -2.10745556656577     
 -5.663316481849649E-002
 -3.649159768669119E-002
  2.469451488584328E-002
 -0.394958721047067     
 -0.151052425795263     
  0.112009973768146     
  8.403195047883706E-002
  -1.37559099138884     
   1.75068426069937     
  -1.81747234277636     
  0.685277868672897     
 -0.328490358036562     
  2.571679190588347E-003
  0.487199488862954     
  0.134865605796329     
 -0.132732825570114     
 -0.456227006263595     
 -0.631456324064120     
  -1.81525668121265     
 -0.557193858069042     
 -0.416719576117747     
 -0.546580687588110     
  0.258792594069498     
 -3.290493614793723E-002
  7.146253868632027E-002
  4.657523413823760E-003
 -0.387071643284469     
 -0.274548618707488     
  0.871482123888908     
 -0.430624812099876     
  -1.39760615209667     
   1.77956197281968     
  0.708907410840684     
  0.409762372762491     
 -0.266526867818017     
  0.361723008109531     
 -0.627216376012136     
  0.344211726483173     
 -0.190669952156544     
   1.25553109855524     
 -0.293262772125085     
 -0.580049659913398     
 -0.324368486023905     
  3.553572734984790E-003
  0.229481154196595     
 -0.347532142243563     
  0.930771235924762     
 -0.829348911367758     
  7.508212165354890E-002
  0.670143998769006     
  -1.41695765940350     
 -0.272526545600169     
  7.999141428443854E-002
 -0.953444623210817     
  -1.03874763041204     
  4.888074506744913E-003
 -6.585955096167595E-002
  6.587340431102062E-002
   1.10863994006849     
  -1.51698861853491     
 -7.585307399624208E-002
 -0.143548957559695     
  0.340355402742121     
 -0.108307909382577     
  0.983728854149394     
  0.347463733686499     
  0.179028551948330     
 -0.244523898894767     
 -0.154048965751051     
  0.763084195914039     
 -0.942967595120846     
 -0.464175255324313     
 -0.242336103457951     
 -0.106768353239387     
  1.651705149342500E-002
 -0.156762248942722     
  0.370122680080238     
 -0.246770033480648     
  0.224264322522015     
 -0.722540648085162     
  9.644530307218221E-002
  0.927781079418309     
 -0.322930504182617     
  0.409796052748292     
 -0.813348820666009     
  0.576022051510870     
 -0.706733954525372     
 -0.397605317009204     
 -0.144694437648724     
  2.872861944814697E-002
  0.156815555216823     
  0.345712512116495     
 -0.456987111468276     
 -0.621434068131319     
  0.769890005748434     
  0.610956902109278     
 -0.430534415038574     
 -0.589613506971519     
   1.14482267634704     
 -0.756211930207318     
 -0.409786406976172     
  0.594442498140362     
  0.142522573477075     
 -0.869810875493397     
 -0.603381996251081     
  0.124806271937034     
  0.149274211859255     
  0.571855744700631     
 -0.635116151643661     
 -9.951762756693767E-002
  0.519676399544610     
  0.102698631769203     
 -0.480877178974616     
 -0.571427858150111     
  0.739718629935790     
 -0.751438407112402     
 -0.706220412656138     
 -0.999670969841843     
  0.536715932220056     
  0.218712565394435     
 -0.726964584645338     
  0.501429803792276     
  0.468356959139770     
 -0.148100071928686     
 -0.710941363335283     
  0.601422482473281     
  0.937831892290319     
 -0.206524807779124     
 -0.217804117050634     
  0.164559410724660     
  0.114298218177081     
 -0.411665686419223     
 -0.881020662694428     
 -0.898242988914041     
 -0.294334477621646     
  0.929824348319145     
  0.174590738106931     
 -0.337569530262025     
  4.746258445502985E-002
  7.176445048223387E-002
 -0.420962886769278     
 -0.226443908942659     
   1.01354808754790     
  -1.00957808742665     
  0.967200387418293     
 -0.896965335849310     
 -0.475313215957340     
  0.249066138052866     
 -0.592245067727281     
 -0.945068737641635     
 -0.476738898505759     
   1.50715989741889     
  0.177567234435994     
 -0.590614890227914     
  0.646771262384517     
 -0.523619153212406     
  0.564124572178622     
  0.426909900893641     
 -0.980706172418046     
 -0.142964536950077     
 -0.403044109312861     
 -0.122109208733997     
 -6.046975462988154E-002
  0.461189172683183     
   1.05004652072916     
  0.608253028082028     
 -0.317514830622295     
  2.738493444147855E-002
 -9.771938347074205E-002
  6.653588755819126E-002
 -0.138713971318730     
  0.250965658061465     
 -0.297930113702586     
  -1.05342994400336     
  0.848314276405203     
  0.317944805073264     
 -0.432289953227383     
  5.393969844975403E-002
  5.427241833683465E-003
  0.173571295359311     
  0.805482880113795     
  2.829649109585929E-002
  0.211092792360231     
  0.706760965183228     
  0.257486436878007     
  -1.16126183613008     
 -0.496284250711571     
  7.995460519212781E-002
 -0.190625776896875     
  0.332729767832976     
  0.318334231332882     
 -0.276823401223312     
  0.183318929537881     
 -0.172281583754058     
 -3.293754328174894E-002
 -0.272351558273934     
   1.12395439880177     
 -0.601392925862697     
  6.881751995309568E-002
 -3.106160657383947E-002
  0.594082845941987     
 -0.204201526676042     
  0.498871966939790     
 -0.510401404903632     
  0.677681576098432     
 -0.642363752633260     
 -0.247688606447904     
  0.544725686692998     
 -0.406241818455097     
  0.356015110731473     
 -0.607801241238881     
  0.342409588448907     
 -0.309594841250266     
  0.372576576216704     
   1.11855851142490     
  -1.00833672651952     
  0.225640413070521     
 -0.680088616160224     
 -0.329167137274831     
 -0.567566420682530     
  0.209478387637660     
   1.79937933576559     
  -1.22605857629466     
 -0.422113893600867     
  0.326733944445184     
 -0.365175794713699     
 -0.284169159159766     
   1.20288810299687     
 -3.019008716387789E-002
   1.05515312869869     
   1.16937238703733     
 -0.899182427058293     
   1.07743051941062     
 -2.126549518859792E-002
 -0.829981029175437     
 -0.442253572118173     
  -1.22098155958351     
  0.981855103056599     
  0.467612095070641     
 -0.325042695403664     
  0.203358462820566     
 -0.416610982201008     
  0.217585586859283     
 -0.195829756071581     
  0.848154839310762     
   2.00650665712599     
  0.553534165280362     
  0.123881681664948     
  -1.29544524512329     
  -1.76386963072248     
  0.612801754813792     
  2.479628399192750E-002
  -1.97432029345130     
   1.02261823906414     
 
 -0.983218607903438     
 -0.485094131765036     
  9.145110623848370E-002
 -0.518244569390124     
 -0.774463970817589     
   1.05330377073454     
  0.325194647324798     
  -2.89175508748059     
   1.63147996641839     
  -1.77732529851814     
  0.570965966030775     
  0.795622068791650     
 -6.973221336489656E-002
 -0.611981480547118     
  0.150709344500987     
   2.16446462653054     
   3.47727210451414     
 -4.156859211494048E-002
 -0.454332016251909     
   1.20097128040639     
  0.257487615582917     
   1.64652222439734     
  -1.02861814958431     
 -0.554318264175841     
  0.624010454175124     
 -0.151857854677633     
  0.639012839557981     
  0.213542507814399     
  0.269100482538588     
   2.50235714188813     
 
  0.584403761723788     
  0.151199498862442     
  -2.68217210391627     
  0.284414822582730     
 -2.173747008953123E-003
   1.19121434127468     
 -0.258956451312617     
  -4.03556353051639     
   1.31968434753144     
  0.705937245693821     
   1.33063978527087     
  -2.47545282586424     
  -1.14219381972449     
  -1.36954111147447     
   1.60543423717772     
   1.27017899904292     
  -2.77442898012418     
  -2.13394161630650     
 -0.852189584080309     
  0.631577171901714     
   1.39938212624038     
  -1.19394234212706     
   1.77793547763416     
   1.44536754989804     
  -1.29815597694790     
  0.111390113680026     
  0.455143347004390     
 -0.380398704883149     
 -0.342027245979780     
  0.228101840155780     
 -0.174731944400906     
 -0.700040352703220     
 -0.858456695113753     
  -1.52150993287497     
  0.678048168985681     
  0.339801527058837     
  -1.07071306309091     
   2.00278557153846     
  0.572067529886503     
   2.16883677982299     
  -1.09115595068784     
 -0.274141377630989     
 -0.939097450514551     
  0.707751180983824     
 -0.877107994667223     
 -0.192523017487527     
 -0.396449202740519     
 -0.230229079545494     
  -2.01506186805396     
   1.62200402705329     
 -2.744645758638706E-002
 -0.357799637723724     
 -0.530652303245094     
 -0.121208308405159     
 -3.904779325466037E-002
  0.402456943936540     
  0.355628298136886     
  0.642918766476703     
  -1.87156471412397     
   1.61884758313902     
  0.458381225905470     
  -1.41629816823783     
  0.248226194262363     
  9.425797997467703E-002
  -1.21748781713087     
  -2.03660190812864     
 -0.226070305271145     
  -2.18361335560380     
 -0.240182871661993     
 -0.664732187074087     
  -1.17873472229479     
  -1.03636956963769     
 -0.314124423321795     
  0.126787503780916     
 -0.499722493816451     
   1.43375575691934     
  -2.92685852009366     
 -0.247001058854411     
  -1.66207773711220     
  -1.61542971233350     
  0.764403485257683     
 -0.176961981959927     
 -0.348597390974689     
  0.560094093884299     
  0.297289439861494     
 -0.564833949104791     
  9.376731725362013E-002
 -0.422725542163332     
  -1.52726412306019     
   2.30866695037871     
 -0.554806882448537     
  -1.37505287017037     
  0.414894237625451     
  0.347338118830289     
  0.611382912101870     
  -1.55448321636295     
  0.710138950712835     
  -2.97819827305750     
  0.289532591119844     
   1.49046102068569     
 -0.773238012481950     
  0.376544644228190     
 -0.401571779688552     
   2.11932118755517     
  0.561812501372275     
  -2.06052055039359     
  0.159385356695115     
  -1.22776535361726     
 -0.267556761606291     
 -0.139481892646822     
  -1.75646279119214     
   1.03102837542296     
  -1.65715845724214     
   1.72923458312575     
 -0.579150718030020     
 -5.340902574459352E-002
  0.419745768925686     
 -0.293565942512500     
   2.01935265190764     
 -0.379754593579956     
 -0.452190208365720     
  0.607055641678700     
 -3.512106009376965E-002
 -0.469434800692546     
   1.05989972795156     
 -0.330140288996720     
 -0.309669293259452     
   1.20830398095185     
  0.396628517674212     
   1.20747034437243     
  0.538770864231694     
 -0.512741203296399     
 -0.741699757402095     
  0.196884607415010     
 -0.314929536584350     
 -0.405728407356260     
   1.29483763244027     
  0.323260415123243     
 -0.268749937781798     
   1.21753034978730     
 -0.277318591528286     
 -0.335590586713001     
  -1.01992413063061     
 -0.312706399067419     
 -0.388394312476546     
  0.625065314661697     
  0.500602411344694     
   1.02405313181069     
 -0.135868085527275     
  -1.29577069060235     
 -0.896293078835550     
   1.33506855916101     
  0.424428352152898     
  0.935092838778337     
 -0.278711997821273     
   1.20003689532598     
  0.538038517574159     
 -0.501971863004054     
  4.098333873348339E-002
  0.535584882914083     
   1.21132311353023     
  0.252922124789595     
 -0.419666772838014     
 -0.288787079594995     
 -0.312792234349408     
 -0.752989313811796     
  -2.01383776133988     
  0.250065972081282     
  0.895046443887163     
 -0.485593122800569     
  0.219436523631588     
  0.364825257048032     
 -0.458648174959786     
  0.808510045885951     
 -8.483169418990125E-002
  0.294397942730529     
  0.145503503784702     
  0.558362615262711     
  0.668776570205217     
   1.00157886643712     
  -3.27277585091824     
   2.78416513066925     
   1.53937324221250     
  -4.35894020854071     
  -2.50939825835354     
   3.06307290646947     
  -4.62109233426801     
   2.16145953782366     
   3.55222007741584     
  0.112871592085715     
   1.19414469654004     
  -6.02938367404145     
  -4.17526003840427     
 -0.452251162274702     
   3.07050557710268     
   8.06186910149717     
  -4.27797304746416     
   5.45118463965351     
   2.17886089462581     
  -3.38625507065278     
  -1.85937567918440     
  -4.76710600541460     
  0.649391334737732     
  -5.66524786957687     
   3.87014191268893     
  -3.75504605950560     
   6.98821164626911     
   2.28329421332787     
  0.899641257614622     
  -4.76477228258885     
 -1.974993704098967E-002
  0.554505089159691     
 -0.594078813901146     
 -1.924310266782230E-002
   1.11747061987991     
   1.40444494841494     
  0.844834793927307     
  0.842159186048598     
  0.238874422816325     
  0.250325114412618     
 -0.228419649118028     
  0.448075517359290     
  -1.05659101236047     
   1.32033779008774     
  -1.10311472539097     
  -1.22123058384290     
  0.125321051107602     
 -0.992192101308928     
   1.20483369517772     
  0.924860429727625     
 -0.594717553078601     
  0.276633724075431     
 -0.509771550706067     
  -1.35935514522151     
 -0.757433091995568     
   2.03205092528388     
  0.270270449330030     
   2.72737779593002     
   1.87449712130959     
 -0.333931958115098     
   1.53846411193043     
  -1.19705666557559     
  0.137712985598116     
  -1.23423899799106     
   2.07495581691520     
  0.619595366037700     
  0.218241726130809     
  0.695607384591429     
 -0.248752243712844     
 -0.577987915726311     
   3.10053001618620     
 -7.576787770637282E-003
   1.69674983648111     
   2.00591852412757     
  -2.59092485081534     
  0.194991956371062     
 -0.181979056989450     
  2.381884333075574E-002
   2.69514643935676     
   1.75795456852175     
  0.251210383042712     
  0.695000290100528     
   1.41116819664554     
  -2.13898116513668     
  0.126323214967353     
   1.37505514546182     
 -0.534059897246265     
   2.33441977375738     
   1.33922721593939     
 -9.654079429496901E-002
   4.20795766614948     
  -2.09518397889262     
 -0.292540122422561     
   1.21457306657496     
  -2.41521500190402     
   1.23351315233833     
   4.07601558265217     
 -0.446986398673619     
  -2.37784267172038     
   4.61266244095346     
 -1.395157366214358E-002
   3.62864059134722     
   1.49327532503530     
   1.11837494384940     
  -3.29616294491528     
  -5.20750287600604     
   3.07810858190117     
  -2.47824593333351     
  0.884833859158328     
 -0.616401531917578     
   1.59851572789280     
   4.79588606109445     
   2.43648289429175     
   3.96836158896679     
  3.464011068619563E-002
  -2.03524983477693     
  -7.01086387309510     
 -0.442433222826680     
  -1.11282971686569     
   4.48833533930103     
 -5.936975592423405E-002
 -0.635556760547967     
  0.515931522693434     
  0.208390253798846     
  5.307057555161842E-002
 -0.770651013511213     
  0.225961684914220     
  -1.73749768008923     
 -2.765663371499159E-002
 -1.859099747394409E-002
 -0.166342281402982     
 -0.620777565296647     
  -1.43290019454421     
   1.08692857033546     
 -0.762801984041458     
 -0.301918642178264     
  -2.14168789984832     
  -1.22472620339579     
 -0.411439612394991     
 -0.480825140646432     
 -3.601715565666796E-002
  0.447251795078037     
 -0.597713576781925     
   1.22262642769514     
  9.326223464454282E-002
  0.278876863051041     
 -0.135984133951373     
  0.844275073910988     
 -0.277166808480078     
   1.13699958417414     
 -0.883143593663941     
   1.15323441665884     
  0.431925524917417     
  0.733796761843102     
 -0.906859781235488     
  0.185876606590067     
  0.542543301355164     
  0.690444972796856     
  0.562529220527633     
  0.109375152706790     
 -0.159206856080563     
 -0.332415333775861     
  0.693479558471057     
  -1.13302685827438     
 -1.259171184340309E-002
 -0.297483916810072     
   1.01009578099939     
  0.217516846590806     
 -0.101702540627052     
  1.264469249656455E-002
 -8.196419183453740E-002
 -6.134975822118933E-002
  0.529595075508965     
  0.101484748114022     
 -0.472957514616086     
 -0.561034247510806     
  0.406430059012934     
  -1.13956056815575     
  0.363837487117555     
  -1.47744814436539     
 -0.768926286049048     
  0.588202838142960     
  0.886012294755783     
  0.762269693568714     
 -0.969267614562047     
  -1.15589755576949     
 -0.150721944312515     
  -1.15942100023516     
 -0.221143183804857     
 -0.323264839776932     
   1.03972805974555     
 -0.125973312412699     
  0.108898803242128     
 -0.761161051082077     
  0.216432120253321     
 -0.193466889339386     
  -1.72789480193130     
  0.521380854416662     
 -0.668927316704744     
 -0.563019792570997     
  9.662795942439319E-003
  0.161569261160412     
  0.166280576570269     
   1.54409830310168     
 -0.223761765895281     
  -1.05214630348198     
 -1.104047713822994E-002
 -0.958101428984442     
 -0.994386094155400     
   1.37746088386353     
 -0.662128654049950     
   1.29046948485590     
  -1.81441027764811     
  0.950777358461438     
 -0.454828429768493     
   2.57399701961983     
 -8.480644594453195E-002
 -0.282504676843912     
   1.11422412676917     
  0.824457169525563     
  -1.21890499505483     
  0.957385942787025     
  -1.60389980565854     
  -1.10166977967123     
 -0.944403896988828     
  -1.19757852292379     
   1.44599354128186     
 -0.301692275643265     
  -2.26226268452204     
  0.617115860281171     
  3.534166507047359E-003
  0.210492752745808     
  -1.25942888904156     
  0.608944531202997     
  -2.11266269760506     
  0.498927108585169     
  0.148995623694675     
   1.96562717101003     
  -1.19048330851876     
  -2.33901920177461     
   2.15523579218761     
 -4.984571752861927E-002
  0.194306766385558     
  -4.01025813855217     
   2.33389553602214     
  0.842796002336615     
  -2.42774633907095     
   2.88978978229406     
  0.654555239444555     
   2.99848223415462     
   2.13866425564030     
   1.95248549814588     
   1.71971096812645     
  -1.05307865462145     
 -4.119437354368995E-002
 -0.806356550317540     
   1.45629718270733     
   2.23273730120946     
   2.76903788090004     
   4.06045614763773     
   2.37630766476771     
  -1.45203964168579     
   2.75434208035827     
  -1.52129645355544     
 -0.222882745201238     
   2.01518460517714     
  -1.42305539698177     
   1.15797272493078     
  -2.01140094985834     
 -0.559085571493829     
  0.579346016935051     
  -3.77580192220028     
  0.856801281137285     
  -2.97350390179286     
   3.50202416216511     
  2.662339161401956E-002
  -1.05591286179471     
  0.790071025705203     
  0.988521160303379     
   1.24335545945255     
   2.88305125258554     
  -1.26907654502577     
   2.90239886834395     
   1.61659068504226     
  4.534898782820929E-002
 -0.215229198844151     
  0.238489605321572     
  0.678008197827592     
   4.03204421632530     
   3.24166866957027     
   1.13351085783352     
 -0.197407194831719     
   1.77338077966496     
  0.338685952455339     
   3.23728448319750     
  0.872582524433513     
 -0.865809001245361     
  0.297480696348290     
  -1.35567529266508     
  4.464978278780237E-002
  -1.01074672033955     
 -0.164638943476466     
 -0.842776326615227     
 -0.606354704401905     
  -1.49971700881542     
  0.733543512035830     
 -0.510163321604810     
   1.16561560655524     
  0.652624886879354     
   1.08855695484641     
  -2.74244135363262     
  0.173191821894441     
  -1.35192467172377     
  -1.29504856863137     
 -0.954838668516969     
 -0.238365298916813     
  0.541756705107599     
  0.493792174880002     
  -3.94508082979423     
 -0.461403311765065     
  0.400598325326856     
  0.170842189677902     
 -0.132186982218867     
   1.49539054408568     
 -0.673716753771589     
  -1.67288348566848     
  0.121218479658368     
  0.812493162437143     
  -3.59412472074741     
  0.860197358525304     
   1.34950814452649     
  -1.28255122623905     
  6.189893914150750E-002
 -0.202629456182768     
   1.44965401986913     
  -2.17684800882651     
 -0.262482220926349     
  -1.19517909632115     
  0.205111222351181     
  4.249176871232384E-002
   1.62275742526173     
  3.645428279221294E-002
   2.53209650460912     
  0.151776318396352     
   1.03168220279380     
  0.674100083428495     
  -1.11055708035723     
 -0.493240688887705     
   1.98183615960683     
   1.14098986996370     
  0.604034573025227     
 -0.507753280952505     
  0.749639823549633     
  -1.68128678316836     
   1.11075510229896     
   1.18544814772330     
 -0.597602341882289     
  -2.60756212924251     
   1.09881797467550     
 -0.787853857460791     
 -0.101833547047197     
  -3.40980496295710     
  -1.89887792230242     
 -0.255734067848685     
  0.494336131816059     
  -2.27103372487771     
  0.694582388010987     
 -0.691313653545650     
  0.254289170589407     
  -2.03974727726253     
  -1.38216124992917     
  0.510939133880278     
  0.842335982840214     
 -0.516682777310269     
 -0.344107268137840     
  -1.09395205943291     
  0.675247102028894     
 -0.274126281136640     
  -1.14402227907863     
  0.244566076169413     
  -1.63102349102646     
 -5.933995817688244E-002
  0.723147448952076     
 -0.472251842279468     
  8.725912126659619E-003
   1.13288713439960     
   1.99761874185361     
 -0.630380815406701     
 -0.520286066649496     
  0.892696370142514     
  0.514156240647419     
  -1.65807765714363     
  0.590990471234928     
 -0.282573034906782     
   1.23553688242349     
  -1.41750963131616     
  0.438731783856116     
  0.105792944720710     
 -0.521452352886021     
  -1.30037853275760     
 -0.504899176692606     
 -0.289186306683479     
  0.863094376212354     
 -4.772694310255744E-002
  0.332320407588737     
  0.499595369848320     
   1.59885362999299     
  0.227895951961491     
 -0.490513269992374     
 -0.828304402846879     
  0.467717334193354     
 -7.263825232205708E-003
  0.455246655949225     
  0.382302027483715     
  0.905387949483875     
 -0.350549678271089     
 -0.497519263432360     
 -0.661330122441270     
  -1.12208399473693     
  -2.09844958235061     
 -0.619987184468301     
   1.39322951902521     
  0.910319737940257     
  0.556258881437906     
  0.663462512404782     
  -1.58572669607911     
  -1.00064006152240     
  0.664542816705240     
  0.549532232814381     
  -2.04018201729402     
 -0.760286175431179     
 -9.789621420246414E-002
  0.678733575781283     
  0.999419661912939     
  0.760459082272633     
  0.726820999265319     
  0.629057326749309     
  0.163527169580592     
  0.195776821672813     
   1.21882293195954     
  -1.17655673392838     
  0.742814896223620     
  0.853624844716813     
  0.618919943594236     
 -0.306463162342865     
  -1.10665779341668     
 -0.642587854011836     
 -0.329396954491116     
   1.47149672384475     
   1.64925344120156     
 -0.574295871277901     
   1.02645205058078     
 -0.313681645059311     
  0.674794888219639     
 -0.542748194268295     
 -0.512092364555140     
  2.896064009839776E-002
   1.11101526973344     
  0.774080419005712     
   1.50425531343030     
  0.566790915901669     
 -0.689377828650937     
   1.11080270050911     
  -2.05520336512411     
   1.37115757192656     
 -0.106204196348184     
   2.01383282195770     
  -1.20384419997043     
  -1.58351447866304     
 -0.258074089269754     
   1.23052302031892     
 -0.429942909254859     
  0.330189277735725     
  0.117216491027851     
  0.495688340070109     
  0.258074589822330     
 -0.186857849181522     
  -2.65307756418614     
 -0.885858565105639     
  -2.31633129738239     
  3.165383351155072E-002
 -0.801355083246971     
  0.316252659942699     
 -0.299071731079672     
  8.585591836412110E-002
 -0.912970093175570     
 -0.434709110320474     
  0.302843693252850     
 -0.362384921064383     
 -0.344648022825692     
 -0.233047559364477     
  0.117131777249312     
  0.430623086296723     
 -0.157238065334700     
  0.466090382148705     
  0.315704364389019     
  0.190510039738597     
 -2.432480608279086E-002
 -0.959259316687721     
 -0.176750687259418     
  0.191108986335446     
 -0.190381067307309     
  4.087078764025892E-002
  0.338872693717166     
  0.219718356187993     
 -0.284020846828492     
  4.935042027266880E-002
  -1.01554721534357     
 -0.924411029462095     
  0.141156703284900     
 -0.540763617249055     
 -0.160234689156136     
  0.856999252084860     
  0.687482079792506     
 -0.595766776119822     
 -0.374605345006389     
 -0.219394818020242     
   1.28067609174719     
 -6.945110683366326E-002
 -0.529484165109936     
   1.16107474019631     
  0.157949405577843     
  0.355623880550119     
 -0.334447406015714     
 -0.466935335007771     
 -0.179082327437542     
 -8.167503581234603E-003
  0.550801556801595     
 -0.328288595807537     
 -0.787541273369471     
  3.848786807473349E-002
  0.394395817880780     
  0.364732309688467     
   1.53929461578412     
 -0.106292610695051     
 -0.845434707496262     
  0.144230826028531     
 -0.777305283928274     
 -0.954069712171147     
   1.22586822471853     
 -0.620960208692334     
 -0.312688951573118     
  0.911379510602301     
 -0.837678987407475     
  0.525650823122481     
  0.828845159809854     
 -0.606510614555158     
   1.45013921163299     
 -0.162375295719933     
  0.415095648498716     
  0.516902578067140     
 -0.456235990199424     
 -0.471435009601343     
  0.592037291107258     
 -0.701408164282809     
  0.281516961877434     
   2.25641519907882     
   1.60086874874781     
 -0.184890909318495     
  0.166502976062252     
 -0.363465772177175     
 -0.196412058378298     
   1.18660928979383     
   1.52269957257921     
 -0.213265253175859     
  -1.83616413197175     
  0.673777970492378     
   1.81451322458012     
  -1.97917563368291     
 -0.248516155873511     
  0.156511204930194     
 -0.569912164088362     
  -2.24929994661416     
  -1.06405390233478     
  -1.93174923866251     
 -0.698134442271002     
  2.177335926027675E-002
   1.59605372592862     
  0.341731807829434     
 -0.848586862053248     
  -2.99201132654882     
  0.337086015559462     
   1.01721980347848     
  -3.45414879913704     
  0.333419829432372     
  0.962998666375618     
  -2.93643636133697     
   1.25057256332990     
  -2.26136401747882     
  2.382828050174152E-002
  0.981999611078608     
  -1.17943246839808     
  0.913911106314300     
  -1.67633105307237     
  0.574912552168015     
 -0.958729693884598     
 -0.464159360421231     
  -1.77850788210489     
  -4.02257362070124     
   2.87803283510466     
 -7.616292691559368E-002
  -1.44969952337093     
  0.663120581299937     
 -0.729490579324510     
 -4.257557222391571E-002
  -1.45220684758638     
 -0.486662144964507     
 -0.814050862495776     
 -0.746894673523981     
 -0.126551813985470     
  0.576834816111397     
 -0.478843537733393     
  0.347911354661567     
  5.798349271795535E-002
   1.17143123950589     
   2.17712352098340     
   1.42573539554204     
  0.684248711930425     
  2.704176067662469E-002
  -1.43120442112866     
   1.32907331976775     
 -1.290838882885304E-002
  0.625478146446104     
   1.41676773997337     
   1.99535101505348     
  -2.49370674090668     
  -1.61199558976392     
  -1.73287940109056     
  -1.81157661614610     
  -1.34016792096148     
   1.06017631894957     
  0.491335249634580     
  -2.15270120278966     
   1.09199914919273     
 -0.730242596007373     
  0.736891491460880     
  0.835118436649542     
  0.607145446149119     
  0.212736242587994     
  -1.13521621484006     
  0.461949303913430     
  0.329860185881991     
   1.49230608912328     
  -1.55937005732150     
 -0.491708633730129     
  3.623784122436208E-002
  4.254193094081390E-002
 -0.449314340089544     
 -0.589861512695256     
 -1.014089370703818E-002
   1.07807693186705     
 -2.959040815733324E-002
  0.861686379686225     
  -1.82247708461215     
 -0.616013158550896     
  0.604313998849557     
  -1.17087028731203     
 -0.655966330859591     
 -0.574703333589915     
   1.34938924951683     
  6.349005532260044E-002
 -0.231850095229314     
  -1.60541576910576     
 -0.803459306404996     
  -1.93744832213161     
   2.20081176758826     
 -0.994134388113875     
   2.46011640328465     
   1.18097332960597     
 -0.166606882301718     
  -3.54538390969779     
 -0.716751215973771     
  2.759174033087534E-002
 -0.337043669298294     
  -1.89854691016676     
 -1.279633981099037E-002
  0.943348839527846     
   1.80407707185037     
 -0.477619950133835     
 -0.332580470868355     
 -0.749425758825158     
 -0.500700388308479     
   1.41378029117104     
  -1.84889660758482     
 -1.896238857265403E-002
 -0.718428586516320     
  0.994349029693590     
   1.65051484683647     
  -1.28046978785931     
 -0.551671556269687     
  0.930950902309006     
  -2.38095657904431     
 -4.365444610733723E-002
  -1.18135045040372     
   2.15760588242107     
  -1.18321795259414     
  0.124055585234498     
  0.498738453195104     
   1.14758433173086     
   1.00182766644535     
  0.692283967840843     
  0.202274608599910     
  0.439207771714949     
  0.950973924414485     
   1.06698434691939     
 -0.212615210529364     
  -1.27656320621452     
 -0.463746579817665     
   2.67786103442814     
   1.67041920198644     
  0.278110781940208     
  8.341604783897304E-002
   1.47434044257414     
  0.555891642537133     
   2.20223241956568     
  0.268167439357288     
  -1.30349313066528     
  -1.53512804587041     
  0.614004513182322     
  0.415777001456612     
 
 -0.859306762556773     
   1.56053355134969     
  0.213107787343015     
 -1.447021318817809E-002
   1.49875716683580     
 -0.675970851432491     
  -3.03730321866234     
  0.487685585864109     
  -4.01474306417525     
   4.45966744546190     
  0.424465541452887     
  3.844893286030369E-002
  0.108330069793103     
 -0.364472097460871     
  -1.45123614835188     
  -2.77417515694888     
   1.65818933316793     
 -0.210512947316958     
  0.608487220768476     
   1.94395326698364     
  -1.28573288136462     
  0.853844466659744     
  0.207920084310880     
  -1.36271079199794     
  0.188176473140035     
  0.872292588982431     
 -0.511573614323203     
  -2.77301150601550     
   3.66203838608110     
  5.380047205940975E-003
 
  1.634991198161779E-002
  0.118696319133401     
  8.559472914789806E-002
 -5.376383325321214E-002
 -0.167150276210077     
 -0.191943832240122     
 -0.827810683762516     
  0.196512672532652     
 -0.485345587612160     
 -0.525504179405879     
 -0.238452978708814     
 -9.982031838288971E-002
  0.335028833179393     
 -9.282635479206158E-002
  0.151148412139844     
  0.643540645329386     
  0.184772880792257     
  0.256751326773274     
  7.945911865090909E-002
  0.108876253842293     
 -1.976573707443472E-002
  0.301165133423415     
 -0.541418079195873     
  0.191427341229136     
 -9.135176178787256E-002
 -3.955207166463124E-002
  2.211514692649004E-002
 -0.113775448326025     
 -6.451996570679934E-002
 -0.194772322958541     
 
 -3.939104761904762E-004
 
  tansig  tansig 
