     33 -    30 -    30 -     1 
rmse=  31.7856meV
 -0.392140227177898     
  0.594742952565809     
  0.503352035455274     
 -8.172017108844112E-002
  4.204234150994156E-002
 -5.714561060960269E-002
  9.968657649605579E-002
  0.396240500128447     
  0.574901393747163     
  2.522669915058446E-002
 -0.406762617123303     
  9.045787690951974E-002
  3.535085877957886E-002
 -0.205491196960207     
 -0.393440926437501     
  0.292525558830162     
 -4.642205338353118E-002
 -0.361495246187389     
 -0.162685924733866     
  9.515929098860536E-002
  0.361552950296044     
 -0.148791726310142     
 -1.508657006144636E-002
 -0.119715875268508     
 -3.217905968767037E-002
 -0.195741766644025     
  0.208577923309399     
  0.138548099660690     
  0.430407404096723     
  3.912511381434670E-002
 -2.432150661187830E-002
  0.385950106617842     
 -6.356131606861394E-002
 -0.183550817354806     
 -0.130810207295794     
  0.294846676448097     
 -8.241268371554303E-002
  0.442116224638540     
 -9.508826000566004E-002
  0.147285552428100     
 -1.492152112679768E-002
 -0.377410877289054     
 -0.507225246978944     
 -0.298532468263700     
  0.404440340006914     
 -0.436445735051758     
  5.083899968958522E-002
  7.073762385924288E-002
 -0.317365161374066     
 -0.109012872367090     
  0.272482864775989     
 -0.522142969427262     
  0.534826098697206     
 -0.464783855126004     
  0.195939183607916     
  0.197093119779510     
 -0.170913008033791     
  0.402968598767009     
 -0.247740324109989     
  0.558505094969723     
 -0.935543020389514     
  3.432648288371543E-002
  0.312245768118712     
 -0.419267799703288     
 -3.552127821654949E-002
  0.156800737355514     
  0.141647042349459     
 -0.400918421735895     
  0.165800343583561     
 -0.122968251459548     
  0.158142547532478     
  0.209549004359286     
 -0.238406097997348     
 -0.453387122399810     
  0.293634227064470     
  0.373223318757679     
 -6.500651460868835E-002
  0.337219254667901     
 -0.167444760621055     
  0.180337466565306     
 -0.208424692250491     
  0.202184463858619     
 -0.333087205720690     
  0.137173385984122     
  9.061861179296016E-002
 -9.390228863116805E-002
 -0.363454286786872     
 -4.663131533369190E-004
  0.334358633677792     
 -0.338081520053950     
  0.321772810512086     
 -0.123027811748871     
  0.345430114703716     
  1.552447796308882E-002
  0.511331509832747     
 -3.025541277758210E-002
 -0.217469649870926     
 -0.107722181102062     
  2.026685201066236E-002
 -0.429212150534816     
  0.325229521968912     
  0.535572630398060     
 -0.500474935919586     
 -0.608440295672775     
  0.152302576721056     
 -0.285270044089501     
 -0.121617977695704     
 -0.183978564715464     
 -0.315160936088087     
 -0.454504100096892     
 -2.471377111814266E-002
  0.101200239855251     
 -0.210449049509089     
  0.102550662955380     
 -0.368267303495401     
 -0.144907839266682     
 -0.124773932044643     
  0.170743009102382     
  0.220644926672583     
  6.422188814525681E-002
 -0.144818647008703     
 -6.296796817889949E-002
  8.720601380959545E-002
 -7.215493165767843E-002
  0.236848683953424     
  0.164669413883151     
 -0.106166732217590     
 -0.313615559370441     
  0.566065748955270     
  7.816357650865444E-002
 -3.280722198504041E-002
 -0.114894680401361     
  1.087363680139734E-002
  0.151766821614069     
 -0.133715918322963     
 -9.114227348269512E-002
  0.421471433101627     
 -0.217100867536212     
  0.565200104032415     
 -0.103792785733705     
 -0.240626500486460     
 -0.192258788460020     
 -0.393184611503966     
 -0.422024788881354     
  5.796534584327033E-002
  0.188739989702274     
 -0.286452816162477     
 -6.924997023449644E-002
  9.623071245637792E-002
 -8.807307533952799E-002
  0.431760133775779     
 -0.714951481616247     
  0.158664674715481     
 -8.012687193111701E-002
 -0.143404596282081     
  0.387692145611056     
 -0.271731572336362     
 -0.189549803058018     
  0.322230220078520     
 -0.145306353434194     
  0.139366695812711     
  0.205565741158082     
 -8.105987491849709E-002
  0.447211773898527     
  9.858699335610789E-002
 -0.116057074460493     
 -0.267520119282806     
 -0.213773473009690     
 -0.117549210544545     
 -0.218788256336679     
 -0.116854594526974     
 -1.499991165093278E-003
  0.320553435189095     
  8.871083996780180E-002
  0.238509776577604     
 -8.724868045098831E-002
 -0.280852333396316     
  0.571885366965329     
 -0.310099724422188     
  0.172419488784868     
  0.228207259210334     
  8.875491258484637E-002
 -0.118853230710592     
  0.358495089054289     
 -0.364580811949235     
 -0.348334869314988     
  1.091510903137522E-002
 -0.139526920182069     
  7.838239498308266E-002
 -0.246545031125734     
  0.100547284846850     
  7.573747599097144E-002
  0.173415868807896     
  0.161909757558878     
  0.203850233941493     
  8.157986203338682E-002
 -0.230931934373040     
  3.058802324904207E-002
  0.233614413739098     
 -0.475518094241066     
 -0.495078087717888     
 -0.176459442324665     
 -0.166936981558230     
  0.229991226755382     
  1.575810579498146E-002
  0.323062388118148     
 -0.350538960496378     
 -0.441564770134976     
 -0.400766344205319     
  0.193765935031191     
 -8.609386783910083E-002
  0.270388150377322     
 -0.150541587402174     
  0.119296652949688     
 -6.955553355122454E-002
 -0.238932615208596     
 -0.190929220391067     
 -5.853948391585997E-002
  0.334851732740066     
 -0.130318901336369     
 -0.249683391715733     
  0.324841464271694     
 -0.274531783691961     
  0.106041319911469     
  0.240554027017048     
  0.226823207257336     
 -3.245221937564416E-002
  0.166381259280694     
 -0.174484595116228     
 -0.160938090066432     
  0.132255038028565     
 -8.277290667814330E-002
  0.180851454634717     
 -1.145285826381089E-002
  0.490320705218888     
  0.259052831116391     
 -3.474069504823479E-002
  3.124393108643384E-002
  0.270694747990768     
  0.103533485649343     
  0.159168799726797     
  0.548142432316704     
  0.234723492138979     
 -0.775234163136621     
  0.251277874845759     
 -7.191569075636772E-002
 -0.185826683358813     
 -0.301962421601230     
  2.821942722828813E-002
  0.481684539108513     
 -0.281895677384309     
 -0.456401417888036     
  7.913856680240332E-002
  0.567368460083428     
 -0.335663050068192     
  0.262617693221210     
 -0.151047200017981     
  0.274013744373499     
 -0.347764598012289     
 -0.568410879411861     
 -0.437238740530473     
  7.127773855509049E-002
 -7.336643634728562E-002
 -0.454668120028983     
  0.388519505984482     
  0.197797872415988     
 -0.161748998042441     
 -0.109215680822341     
 -0.101708031528517     
 -0.224504154531393     
  0.111873040621447     
 -0.152446676125256     
 -0.502219522038773     
 -0.210687902121755     
 -7.107342495387931E-002
 -0.207467556289420     
  1.039349461159443E-002
  0.146092676630628     
 -8.802867403730918E-002
  0.235060113794187     
  2.477871444992857E-002
 -3.460232448467305E-002
  0.606963812010444     
 -0.102232994338119     
  0.110232608606517     
  4.810363315965650E-002
 -7.942775078124240E-002
  0.195124186080488     
 -6.097329837966575E-003
  0.246550160860542     
 -0.346405939199678     
  0.380378485763305     
 -0.326239596330349     
 -2.668464652835069E-002
  0.147594534180662     
  0.182705157881808     
  0.415670151100307     
 -0.167203310145769     
  3.110430927318726E-002
 -0.333544370420912     
  8.240600808018550E-002
 -0.419378953790058     
 -0.176648557085388     
  9.128984897005991E-002
  0.226263748857685     
  6.362272868648086E-002
  0.159200525611215     
  6.592443074587823E-002
  0.104036921838948     
 -4.117280529110860E-002
 -9.463158922182144E-002
  0.268998033129995     
  9.555719267151959E-002
 -0.424823986699726     
  0.227502560784584     
 -8.331527153607668E-002
 -0.204803736255402     
 -0.527573764463536     
  6.825840929482951E-002
 -0.331717630393692     
  0.386183487959721     
 -0.515064572353626     
  0.351472939604803     
 -0.202256493376968     
 -0.269097948190687     
 -0.589939062062297     
  0.612522485692087     
 -0.312908252826586     
 -0.173289704538119     
  0.102072447016381     
  9.940158670672231E-002
  0.535631316814763     
 -0.129244245323359     
  0.540873201287173     
 -0.393764123012094     
 -0.323639275420356     
  0.303959059890352     
 -0.657083599080469     
 -7.883634330893510E-002
  0.131147578490433     
  0.269155717766747     
 -0.165634793750547     
 -0.326475368654798     
  4.211210441484402E-002
 -7.119008766790244E-002
 -3.921091141384758E-002
  8.533861102351345E-002
 -0.223889027869223     
  0.202305795174877     
 -6.960819540375152E-002
 -5.550050915025254E-002
 -2.693633012066564E-003
  4.859769525164977E-002
  7.003295390296417E-002
 -0.167614510195963     
  0.236377358879485     
 -0.416462487656663     
  0.820237997501122     
 -0.569772364447432     
  0.190096293676070     
  0.235201356896765     
 -0.389126126968287     
 -9.247074406821781E-002
  3.691111853039635E-002
 -0.421476949758198     
 -5.726583419943892E-003
 -0.109366773134669     
  0.196231691440096     
  5.231859215570710E-002
 -7.090594783742143E-002
  8.454499443585138E-002
  0.257614736660486     
  0.281361963952981     
  6.655045999849579E-002
  0.270159290563160     
 -8.844202237858811E-003
 -0.616607693684408     
  2.642462937324012E-003
  0.326952218030588     
  0.462901374400211     
  3.732757777236476E-003
  0.556228195476709     
 -0.366535782908459     
 -0.233981091694951     
  0.273803140670182     
  0.331014587251240     
  0.200353291035007     
  6.820367022155617E-002
 -0.180972604333252     
 -0.553813113647172     
  0.374347252152170     
 -0.371842926043374     
 -4.875122033492735E-002
  0.311281442369925     
 -3.010780048295075E-002
 -5.990487627961852E-002
  0.542009682550107     
   1.20728974015364     
 -1.972576939960290E-003
 -0.623366709028095     
  0.766216675823473     
  6.658890986007381E-002
  2.134468931134302E-002
 -4.963904934461501E-002
 -0.176830190028240     
  0.124835085550083     
  0.192150068659418     
  0.574402209057571     
 -0.337666959678661     
  -1.40699027653516     
 -1.840324198689576E-002
   1.26747735840814     
  0.121996720035569     
 -0.256613842281702     
 -0.504221046418813     
  0.163669476190169     
 -6.264361331225309E-002
 -0.132968384042077     
 -0.100972279187646     
  0.220359635160753     
  0.408365036717370     
  0.865883235841447     
 -0.892042321212050     
 -0.387984880182661     
 -0.589731980068548     
 -0.564192134854692     
  2.015375106323608E-002
  0.347480368507172     
  0.568864839373988     
 -1.880710740511419E-002
  9.814363360814254E-002
  8.499994569982526E-002
 -0.752325725368234     
 -0.168852042853444     
  0.181834495151999     
  0.148483604349576     
  5.915308631730658E-002
  0.290143592939761     
  0.284547214992861     
  0.251265457075109     
 -0.208168818855902     
 -4.104500317075977E-002
  0.218326866401998     
 -0.135611426741863     
 -0.226980588533390     
  0.708604268098149     
 -0.448505019932443     
  0.120533970620158     
  0.492625588639249     
 -0.285807405158983     
 -7.640288615066858E-002
 -7.081242474640703E-002
 -0.123736241868450     
  0.713860439892637     
  5.605611908356414E-002
 -0.568350910410771     
  0.994179838137505     
 -0.780679130551326     
 -0.432792950326406     
  0.240350314465690     
 -2.939169154877209E-002
  0.380458010065130     
 -9.366763819208881E-002
 -0.525837515354202     
  8.688093064376638E-002
  1.839957966806453E-002
 -0.200586533967233     
 -0.450215885504524     
 -0.135584331640837     
  0.125111989239577     
 -1.953737244539799E-004
 -0.127974455495139     
  8.723720967550452E-002
  0.360676706654414     
  0.602673060307954     
 -0.118553184024935     
 -4.309619494856141E-002
 -8.565537794948777E-002
  4.949484038811687E-003
  8.584205597957112E-002
 -0.277990602795514     
 -9.563403304114799E-003
 -0.361870797575686     
  1.703168342851480E-002
 -0.225717399533946     
 -4.499240995818502E-002
 -0.504386334950831     
  0.198478089169001     
 -0.228377076901810     
  0.721028387895436     
 -0.373546051821970     
 -4.520976258085047E-002
  0.480371685851491     
  2.213707978340520E-002
 -0.481843795709143     
 -0.155438582491185     
  0.264930451734326     
 -0.242707487509926     
 -0.418721069035845     
 -2.913736834322347E-003
  0.227983548175034     
  3.605861132681590E-003
 -0.221680574589887     
 -0.482946287110302     
 -1.535966940850058E-002
 -0.128107807157516     
 -6.080972837562416E-002
 -0.126194635866904     
  5.518528522450764E-002
  6.913192664451852E-002
 -6.391924062492205E-002
  0.347899471503089     
 -0.353625939790164     
  0.731040001682829     
 -2.452441975946193E-002
  7.607679069241277E-002
 -5.887277463796528E-002
  8.748219414686807E-003
  2.697747941231255E-002
 -7.671947230972964E-002
  0.311351723742013     
 -1.259016986064792E-002
  8.746622794860708E-002
 -0.195176917777414     
 -0.153962955744726     
  4.489785260417152E-002
  0.635642189589754     
  0.327819066947434     
 -0.121013957565654     
 -0.231264459363778     
 -0.348277341727401     
 -0.436805863365618     
  0.112781177330808     
  0.175711955427207     
 -0.163213666768438     
 -0.261534319449804     
 -0.107912466212436     
 -0.158654299704940     
 -0.186341895393824     
  0.167683810487114     
  0.105230072954661     
 -7.621552671976568E-003
  0.284692115944849     
  0.414043487974661     
 -0.125859721077205     
  0.406844599036540     
 -0.365617606222566     
  0.234594555661665     
  0.112334032978523     
  0.188119339229062     
 -0.215400763766341     
  0.247443489913854     
 -0.409269721401242     
  4.768587754396431E-002
 -0.472472980564834     
  0.422689326124019     
  0.421744122647334     
 -0.412897938106278     
  0.264091003988894     
  0.140642761962127     
 -2.046520827689094E-004
 -0.554947401884314     
  0.799628571876672     
  0.148300878461698     
  0.150316920020838     
 -0.286875881290458     
 -0.444095075698213     
  0.298269592111359     
  0.373293035991106     
  4.573706496381748E-002
 -0.181621052234626     
 -0.338208162315006     
 -0.167442766147481     
 -0.152204848493316     
  2.878854068445294E-003
  0.289214204844419     
  0.116205565599232     
 -0.338028517031906     
  2.282587221648064E-002
  7.110256718365328E-002
  0.202837313361591     
  0.323064312467012     
 -7.288466639339029E-002
 -0.222496071496759     
 -0.221894932527877     
  0.349196357223905     
  5.445369906193544E-002
 -2.247864745949908E-003
 -0.183526281808042     
  2.292537325941045E-002
  0.252124900739549     
 -0.126035439194527     
  9.644421772326181E-002
  8.665905160713780E-002
  0.162313556287166     
 -0.255395375768075     
  0.386796539961292     
 -0.450022785544114     
 -0.507338851533664     
 -0.390815739905056     
  3.689282618903435E-002
  8.970962862243054E-002
 -7.164252141591328E-002
 -0.139514695254885     
  1.948181950094104E-002
  9.897906981736977E-002
 -3.790407342137429E-002
 -0.146207500629465     
  0.329152227209688     
  9.091653113805069E-002
  5.953030451326506E-002
  1.721936346722196E-003
  0.204211417309460     
  7.822135902405711E-002
  0.167729052906152     
  7.609474314228223E-002
  0.652858541183117     
  0.105162211717696     
  0.136498925501608     
  0.435387544547010     
 -0.709883818893085     
 -3.424508972861812E-002
 -0.620001333144965     
  2.828456113376593E-002
 -0.147061090684624     
 -0.111626725588048     
  0.112629125968138     
  0.333284300825508     
  0.781319638087167     
 -0.347612551016861     
  0.404218694976368     
 -0.127134336494185     
  0.108462056760791     
 -2.333210556453670E-003
  0.868298387353978     
  4.773928398170012E-002
  0.105520385631287     
  0.101352221485931     
  0.275110037305809     
 -0.346029789640841     
  0.139612800617310     
  0.133368078655781     
 -0.249683070431395     
  7.899516077798011E-002
  0.225757214527396     
 -0.108258825678074     
 -3.329393543025278E-002
 -0.135444314408928     
  5.636272446887639E-002
  2.368685931228725E-002
  9.786220145186947E-002
 -0.100972285466930     
  0.187855336997262     
 -0.125475745909251     
 -0.231842604307238     
 -0.389280977432154     
 -0.152757118423234     
  9.849539825425148E-002
  9.375878688197842E-002
  4.853530829608090E-003
 -0.363679223213117     
 -0.330306460709598     
 -0.103832629703668     
 -0.361209829750731     
 -0.445367260941976     
 -0.133890296510358     
  0.221187353938796     
  0.222298482386648     
  6.656004403401612E-002
  1.785594167452439E-002
 -7.111182338189589E-002
 -0.152154365936048     
  6.360770842818789E-006
  0.139359321400864     
  0.216785117966894     
  0.120919176987071     
 -6.887693565589120E-002
  0.278595996445293     
  0.385138180538773     
  9.740150603857013E-002
  0.126055465613706     
  0.130449606554774     
  0.348179540988907     
 -0.274474345963034     
 -0.267843692074862     
 -0.689920109589168     
  0.529613136977635     
  4.586216252541980E-002
  0.318786647543388     
  0.170136052503445     
  0.119276885310409     
  3.047568963381569E-002
  0.613976827761408     
 -0.236814096513620     
 -0.162439228563947     
  0.279571301289525     
  0.835067474054326     
 -0.192905805663777     
  0.420210694649401     
  7.386624665910803E-002
 -0.148013946203945     
 -0.344893127391932     
 -0.121475636531386     
  9.805944242195405E-002
  0.493930113301572     
  0.192578823336384     
 -4.141241493375680E-002
 -7.341457964778790E-002
 -0.350482219575477     
 -0.212129865593382     
  3.362823548709106E-002
 -0.160442063731810     
 -1.659264899357119E-002
  7.668592333658761E-002
  9.184205950819372E-003
 -0.120719871495137     
 -0.255870595205522     
  0.214397987985688     
 -8.524716717996950E-002
 -0.268050291093088     
  0.291617369518853     
 -0.295663979589950     
 -0.383660976631514     
 -0.260947605497283     
 -8.237121483308744E-003
 -8.480837894936463E-002
 -0.460735616765929     
  0.572820401589789     
  0.118442148756360     
  0.320860375932928     
  5.757236031202501E-002
  0.118679471470608     
  0.173693172565916     
 -0.119553060733198     
  0.207084420165025     
 -3.964825330945676E-002
 -4.992248645288493E-002
 -0.642940326925337     
  0.259906629562241     
  6.749964888897537E-002
  3.496019099408860E-002
 -0.589940478570274     
  0.315926912174664     
 -3.603353346528482E-002
 -0.652940590901682     
  0.121771771899789     
 -0.579467427022228     
  0.182823927090234     
 -0.491408385870347     
  7.578819020803727E-002
  8.101319051591822E-002
 -1.338603923092131E-002
  0.197397034474252     
 -0.245462267625692     
  -1.04055761346468     
 -0.327394523226862     
  0.326918211210980     
 -0.579097180512064     
  0.219480239685880     
  0.466204533254496     
 -0.290645556665067     
 -5.175588630152064E-002
 -0.910463585561868     
  0.176851086948484     
  9.020019811675795E-002
  0.305426902853230     
 -0.648123684951229     
 -0.535865185438510     
 -0.221364322114289     
 -0.262464026159756     
 -0.225292101233953     
  0.194025887785888     
  6.989459045741406E-002
  0.256181987799550     
  3.075075510832688E-002
 -2.636805964861915E-003
  0.313987555498677     
  3.891602901282029E-003
 -0.292163870649270     
  0.699050659980930     
  5.906894741157344E-002
 -0.193957034814359     
  0.119497001480071     
  0.474300408312321     
 -7.320630721818437E-002
 -0.266804269542502     
 -0.244741824384946     
 -0.804582743452014     
 -1.611859321509271E-003
 -0.221004607020132     
  0.189275253994252     
  0.522914766005816     
  0.322486488593350     
  7.707750519335591E-002
 -0.392566468430748     
 -0.616322103697171     
 -0.475053851455162     
  0.895940786968580     
  0.294432606095818     
  0.391419047996816     
 -0.679634250508353     
 -0.274231042401595     
 -0.138121074724501     
 -4.284660061719192E-002
 -5.461019794478023E-002
 -0.717430863508918     
  0.588473251889072     
  0.479450379617853     
  4.839475359157498E-002
  0.580251047478187     
 -9.702068884598943E-002
 -0.310172366761061     
  0.360017504315950     
  1.711878505492598E-002
  0.165744550177803     
  0.904746993296855     
  0.679837380596945     
 -4.161918251994316E-002
 -3.454534850931712E-002
 -0.596487579643426     
  0.642401565074665     
 -8.061674795551255E-003
 -0.335478186842653     
  0.210195260305526     
  0.313201129952709     
  7.762805475406741E-002
 -0.176334186122066     
  0.250307748103375     
  0.164828294627285     
  4.382264552114847E-002
 -9.573418093833710E-002
  0.130092828740011     
  8.925753585845783E-003
 -3.810985515765060E-002
  0.160708783076522     
 -7.006640596629569E-002
  1.855717480364139E-002
 -7.215760784418135E-002
 -5.907910469186613E-002
  2.208498343368663E-002
  9.764555764870668E-002
 -0.126309697662855     
 -0.108569743777889     
  0.164012821455798     
 -0.235503336760238     
  0.334266164068997     
 -6.774435977323905E-002
  0.143985037269168     
 -9.022655667041614E-002
 -0.115200997615020     
 -0.100285323615074     
 -0.183911002985747     
 -0.333221901649213     
 -0.582105859973714     
 -0.608237435115980     
  1.133721601223872E-002
  0.182304681431403     
 -0.201328456137623     
  0.351708106922405     
 -4.897064684477229E-002
 -0.445250593745322     
 -0.474119280433597     
 -0.381802380225972     
  0.562501980498709     
 -0.447384601790077     
  0.423264936000848     
  0.135558284478696     
 -0.483095382802300     
 -0.289462703789232     
 -6.398682584827624E-002
 -8.510850374822096E-002
 -4.469914692599031E-002
  0.388584310024137     
  0.129535483846594     
 -0.136932164159714     
  1.720814570630123E-002
  0.330514390005376     
  6.527940796762986E-002
  0.767676635207923     
 -0.139917720852673     
 -0.151608144128791     
  0.532142668548518     
 -0.251214057075483     
  0.247546215217987     
  -1.23711479545251     
  0.124754684744088     
 -0.577325368601606     
 -0.415584572537848     
  0.429624143631349     
  0.310166200994398     
 -5.485934932578580E-002
  0.315197795836221     
  0.380759856965058     
  7.661078245502090E-002
 -0.157553315251084     
 -0.105426833381078     
 -0.348378365812048     
 -3.657866911924954E-003
 -0.756144706681179     
  0.375317424188053     
 -0.144756164681938     
 -4.913660225556112E-002
  0.662913880745850     
  0.422048349833296     
 -0.115464851793236     
  0.148574940405015     
  0.248447002031760     
 -1.814837217848487E-002
  0.220475356508171     
 -0.310526386639505     
  0.297227912133752     
 -0.280899036521470     
  0.119942710048245     
 -0.350357285280603     
  2.173112088088625E-002
  7.451067370943255E-002
  0.203340554160061     
 -0.304822724265116     
  4.763075351130167E-002
  0.307243717663826     
  0.169594038686586     
 -0.313929941834049     
 -0.245225560687190     
  0.348043773040116     
  0.174469246238576     
  0.117794930599513     
  0.545332728692986     
  0.848583341194193     
  0.152942329011525     
  6.335526951504696E-002
  9.091936405851028E-002
 -5.356441752082061E-002
  0.145796482595839     
  0.244562701025161     
  0.200337717282383     
 -0.765821864106231     
 -0.632903357325953     
 -0.138645400808081     
  2.287341805867835E-002
 -0.207234678361796     
  0.284072087566982     
  3.714805407103144E-002
 -0.489141071791664     
 -0.222527863918939     
  7.528329593423783E-003
  0.167351642514238     
  0.783594318581867     
 -0.148597014945483     
  0.140724402027986     
 -0.106830683951838     
  0.227152746865298     
  6.299841061739367E-002
  0.363557696216570     
 -4.632421207538723E-002
 -0.647302152345746     
 -0.294786185909167     
 -0.165670107011140     
 -0.185684330321379     
  0.445480783521987     
  4.568115176408955E-002
  0.252165126715705     
 -0.351578985626325     
  0.110442421098251     
 -0.207596555614085     
  0.146307528585308     
 -2.346650642350265E-002
 -9.059542114243112E-002
 -0.446272732486888     
  5.875571484814619E-002
 -0.272059099261597     
  0.118659153929444     
  0.126176073759710     
 -3.868590512584827E-002
 -0.141474569302331     
 -0.123885977531892     
 -0.275077258293956     
 -0.346739250919271     
 -7.443706187158330E-002
 -0.235918996079307     
  0.333864507761593     
  0.104268443219516     
 -0.189317987040305     
 -9.095202485161577E-002
  2.491568769934008E-002
  0.484450190689838     
  0.115695690580852     
 -6.640782892363702E-002
 -0.312010039529385     
 -0.368452361762317     
 -0.601983578023172     
 
 -0.102509333900457     
  0.299247273270738     
 -0.318636505671217     
 -0.124404547598948     
 -0.887903080640980     
 -0.490161662976706     
 -0.236044290640716     
 -0.358778409411421     
 -0.285141295594802     
  0.507764716154033     
  5.563032070335740E-003
  0.577947701811296     
 -0.157724460203853     
  0.878133949227633     
  0.168793348922968     
 -0.325367053241248     
  0.433601643497126     
 -0.444645984386278     
  0.545216471471438     
 -0.236044125758576     
  0.695377094914278     
  4.742984023791620E-003
  0.314183127075015     
  0.576277933604169     
  0.270531740448205     
 -0.372496433188712     
   1.06136437529882     
  0.104782917292809     
  0.103923100560929     
  3.865672744892912E-002
 
  -1.01918204375215     
 -5.154446336028831E-002
 -0.299041536361883     
  9.232399746113951E-003
  0.956488845574049     
  -1.26750758571422     
 -0.240345546566340     
 -0.404154885648359     
  0.724674393116117     
 -0.309932901745181     
  5.350423248040801E-003
 -0.175981200980132     
  0.677566847476489     
 -1.484147488793835E-002
  0.184599100706572     
  0.625885618391232     
  0.533800349273496     
 -0.928645519048058     
 -1.364033950435043E-002
  5.233884852063095E-003
  -1.19763456231812     
  8.715801093760424E-002
 -0.309340981874500     
  0.261581830695461     
 -0.316288168409441     
 -0.360914664348459     
  0.463647754191907     
 -0.679930114282684     
  6.648987936120872E-002
  0.232919300536629     
 -0.297791762268068     
 -0.475345511698425     
  0.183621450551105     
  0.180304252613910     
  0.148500614408060     
 -2.292263049205392E-002
  0.252993876700239     
  0.163892853031419     
 -4.073163577577496E-002
  1.952816916475283E-002
  0.228381557775943     
  0.418713368896943     
  0.386516985580874     
  0.572245075956683     
 -0.192951525922260     
 -0.257441216951073     
  9.827841407636878E-002
  0.142337405612266     
 -0.759335977196613     
 -0.497063895921213     
 -6.744934504640675E-002
  0.474196175445013     
  3.514478542608573E-002
  8.175615651555539E-002
  0.115949288218632     
  2.047811868817540E-002
  0.101615106534658     
 -4.739019592907499E-002
 -0.320917089814406     
 -0.322540968406676     
  0.304166605223197     
  0.102934557579795     
  0.542157911021880     
  4.278771256939212E-002
  0.194269763117875     
 -6.365499772977484E-002
 -0.293526378376566     
  0.207648112234191     
  3.052961945075185E-002
 -0.456769900505439     
 -0.174175632387704     
  0.243097948801402     
  4.813597149648635E-002
 -5.104906340417568E-002
 -0.490373074875376     
 -2.305681338895763E-002
 -0.451337333002419     
  0.234642522426313     
  0.186107129231150     
 -0.499221689159134     
 -0.137621436003686     
 -0.141696321118877     
  0.556090930873409     
  2.901451879821559E-002
  9.272843365010866E-002
 -9.746997320574197E-002
 -0.191172266072205     
 -0.175288887774261     
  0.603537101877720     
  0.281546363840738     
 -8.845894879385127E-002
 -0.145702598489925     
  0.601094990483100     
 -7.125011670753219E-002
  9.608340187631079E-002
 -0.542794275958370     
  6.616102439492981E-002
 -0.585738811894937     
  7.172508403547814E-002
  0.344229257762857     
 -0.340836549730922     
 -0.106544671665293     
  0.503312410642255     
 -0.277010984907371     
 -1.865576586992266E-002
 -0.104956270608174     
 -0.313438013353414     
 -0.372412532774995     
 -3.042473121114912E-002
  0.179885268854371     
  2.013765042763524E-002
  0.328182968675646     
  0.385843009300479     
  0.352026024000071     
  0.484287731970685     
  3.981877464845963E-002
  5.027942799222013E-002
 -0.432771756748092     
 -0.332524353348211     
 -5.378444829577427E-002
 -0.217503958540634     
 -0.300098972285968     
  1.936235094918684E-002
 -0.264248485071188     
 -3.359758513278951E-002
  0.283488091559892     
 -8.268843526790585E-002
 -0.111380498569034     
 -7.194396320678152E-002
 -9.916659903522911E-002
 -6.507758071947919E-002
 -4.863743900477292E-002
  0.123640567882652     
  0.809672245005393     
 -0.198388703134321     
  7.149425952496194E-002
 -0.112138091356280     
 -0.343829561091106     
  0.335203407936260     
 -3.492285433916038E-003
  0.155004174006076     
  0.142975943891948     
 -8.434978403633993E-002
 -0.112989243524860     
  0.131529481375554     
  0.297151562172926     
 -0.867407564070169     
 -0.327190731183862     
  3.595715433125080E-002
  0.177662409458167     
 -0.474508104113127     
 -0.190442612985368     
  2.671264185318327E-002
 -0.253002902882565     
  0.108857638906447     
 -0.101026450119063     
  1.930020807200040E-003
  0.127430335073165     
 -8.110716856144208E-002
  0.299123681166485     
 -1.953696392906662E-002
  0.386745466569502     
 -0.256916578035337     
 -0.170182791017543     
 -0.132548133336182     
 -0.300251348070800     
 -0.647108323809086     
  1.242143464388561E-002
 -0.250110526959745     
 -4.292045244369683E-002
  5.055098854188256E-002
  0.110846691830389     
  0.105318928576262     
 -0.346459044427895     
 -5.165317573252346E-002
  0.384862329272019     
 -2.475681887855326E-002
  0.301676466523988     
 -5.486113157615294E-002
 -0.530774684356352     
  0.169717344919327     
  0.507489309901823     
 -4.994915798731318E-002
  3.847686667256435E-002
  0.389486128952723     
  0.220797842107212     
 -0.456982560338399     
  0.177106846305801     
  8.863840143955470E-002
  0.315084018500743     
  0.276585924769610     
 -4.519560557377920E-002
  8.497261808851045E-002
  0.120114798786647     
 -0.248799736532524     
 -3.786423701883625E-002
  3.525622092034522E-002
  0.476319991388122     
  0.157183096039692     
 -0.533718564289629     
 -0.198986776270796     
 -0.201924096618820     
  0.337095708644465     
 -0.206773684317634     
 -0.617503443872103     
  5.217648144412804E-002
  8.891127368513320E-002
 -5.183787187748599E-002
  7.636765801175778E-002
 -3.823365511166631E-002
 -4.976098911207699E-002
 -7.724414945796833E-002
 -0.560856157000506     
 -0.319597333693914     
 -0.506277277106249     
 -0.268563676508109     
  6.136369144774519E-002
  0.856068957581623     
  0.171401304969325     
  0.133523058718314     
 -0.493368788769096     
  0.143558210939623     
 -0.198430076957848     
  0.277214204170414     
  3.978718869584703E-002
 -0.650830707938987     
 -0.388880732204908     
 -9.089739528966058E-002
 -0.540917424536762     
  0.208810005341019     
 -2.170640752896400E-002
 -0.180045473932628     
  0.127613582648430     
 -0.530370684564094     
  0.597448080645606     
 -0.185479754442835     
  0.690500526458052     
 -0.229579090105976     
 -0.132852568819244     
 -0.231778946333025     
  0.284666595554471     
 -0.374608745546807     
 -0.182132486387829     
 -0.369433140653771     
 -0.140510053122004     
  0.124523702618585     
  0.352724025748337     
 -0.293397676207696     
  0.105782084063352     
  0.277614602956978     
 -0.442175176345831     
 -0.211409760587993     
 -0.133012985868616     
  5.588502257330839E-003
 -0.176728251920404     
 -0.401793528966716     
 -0.217898152333561     
  0.356313960894817     
 -0.201860501058418     
  0.154480332457408     
  0.224376827071036     
  0.190756178462265     
  8.857127323486733E-002
 -0.257756650852399     
  0.165223697226006     
  0.115167403195277     
  0.414724005433842     
 -0.533379782197361     
  0.166125624420672     
 -9.934952736453158E-002
  0.306351290604353     
  2.482604614467219E-002
 -0.272758207126481     
  0.144296556799389     
 -0.441570241728758     
  0.126666138130832     
 -0.154992923828139     
  0.163753088482274     
  0.153835613350804     
 -8.702564895065326E-002
  0.476546264512281     
 -0.416090490013215     
  3.761922304643256E-002
 -4.267156384064446E-002
  0.400421590445247     
  0.402987951217354     
 -0.634199039159978     
  0.556022084113263     
  0.390941251274654     
  0.400962001600754     
  0.147250597553710     
  5.851464028610030E-002
  0.513707166950787     
 -0.351579998364204     
  1.668930441796423E-003
 -0.162116496209576     
 -8.308963240939549E-002
  0.515052286966519     
 -6.787757814298757E-002
  0.257512747155676     
 -0.129803808292526     
  9.554309218251640E-002
  0.148919702788371     
  0.177227337990679     
 -0.616899607423769     
 -0.157695321428068     
 -0.170418950349651     
 -8.638728880779492E-002
  4.895422936987854E-002
 -0.238822541131303     
  1.180799520218409E-003
  6.527777286604683E-003
  0.130441971702353     
  0.191885647588585     
 -0.229899018668647     
 -6.486773133870881E-003
  0.249386156929277     
  0.247460952102098     
 -3.214272654164261E-002
  0.139200580563432     
 -0.150273252402424     
  0.302405798243321     
  5.750131772397997E-003
  0.136685785546411     
 -5.059262024270218E-002
  2.129645407611860E-002
 -0.135681141527609     
  4.767980371512583E-002
 -0.286454517783986     
  3.026495631717934E-003
  0.194611547150513     
  0.235011876332699     
 -0.101940115369715     
 -0.174232141103578     
 -0.266705781932171     
 -0.110970589460572     
 -0.222949886590120     
  0.536371681815417     
 -0.302279707682820     
  9.002634954922104E-002
  0.189295140910246     
 -0.516953793683928     
  0.276013923878791     
 -0.723542102482771     
  0.455866193533148     
  0.345490865438663     
  4.464094795715054E-002
  0.221469492391847     
  0.317970293307342     
  0.128233800435466     
 -2.157024750453203E-002
 -0.462309207077458     
  0.547287855060700     
  1.864140398807053E-002
 -0.165766583628910     
 -0.162753522056797     
 -0.967182180248702     
  0.341859602392473     
  8.302416246721148E-002
 -0.152365627010165     
 -0.143009778403141     
  0.141067434702164     
  0.381375215395074     
 -0.325392554910812     
 -5.764652219138092E-002
 -4.220392327297753E-002
 -0.642112536938667     
  4.560045571370729E-002
  3.636929234051983E-002
  0.356616081247886     
  0.114118875227017     
 -0.159078890496749     
  0.261479030150969     
 -0.302214813142954     
  4.157046938054043E-003
 -8.746089290549688E-002
 -0.456439145565844     
  0.144898915332440     
  0.499777544359375     
 -0.473956504947972     
 -0.210660804450715     
 -0.111307582576715     
  0.449814236013884     
  0.179115206850549     
  8.221872206088172E-002
 -7.931407223995815E-002
 -0.319521907233971     
 -3.912876355549030E-003
  0.102038969418495     
  0.318939439858355     
  3.437182333381691E-002
 -7.427117354265095E-002
 -0.556244345201256     
 -0.170172160580346     
  4.163478408606514E-002
 -0.244511204482459     
 -7.015621699499881E-003
 -0.138559009169640     
 -3.935947768019524E-002
  0.400493050622606     
  0.238943787850764     
  0.385158777828317     
  0.709790917468606     
  0.422589940768169     
  0.724715969444274     
  7.778170304148103E-002
 -0.311684381596677     
 -0.193030597425567     
 -0.191999281460482     
 -4.164954599136157E-002
  9.778538856449803E-002
  0.597462554960830     
  0.108188930360120     
  0.445239955306468     
 -6.087389741557973E-002
 -7.052739907023554E-002
  0.544199512065820     
 -0.557770086498747     
 -0.422338561099771     
 -0.125518736391604     
  0.618079318908892     
  0.135200622435548     
  0.279087749924102     
 -0.449364735732853     
 -0.123445445369999     
 -1.811377305877639E-002
 -9.868515064067572E-002
 -0.297242578701300     
  0.389221634078023     
  0.599852861979214     
 -0.271781225617424     
 -0.617877054481251     
  2.281444231989331E-002
 -0.352234545058097     
 -0.223509798098618     
 -1.228093972456270E-002
  0.165757609075638     
 -0.212475355055306     
  0.505700056437391     
 -0.393669808355587     
 -5.072714087462327E-002
 -1.436084144476241E-002
 -0.828267523942616     
  0.262789226398033     
 -0.353109176959492     
 -0.113578439960875     
  0.229586576173890     
 -6.573231865735664E-002
  0.638432555927706     
 -1.522631467920706E-003
  0.144221466682140     
 -0.165146183166772     
 -0.467762853575965     
 -0.178510004320551     
  0.119848920877811     
  0.278474856369432     
 -0.175028812434323     
  0.119573615997762     
  0.202222108890752     
  0.190123750783920     
 -0.632191830247593     
  0.125760090144417     
  0.735987107135113     
  8.978645838017585E-002
  0.141983285574902     
  0.177183185594584     
  0.183973791436863     
  9.808825249016669E-002
 -0.112684822045061     
  4.101580559750176E-002
  0.123222018170086     
  0.105891165073548     
  1.894521863475565E-003
  0.261728261425616     
 -0.114268827116111     
 -0.160974450175488     
  0.913052323168524     
 -0.346871068754362     
  6.419382936147830E-002
 -7.630036361338519E-002
  0.430099883416833     
 -0.392338512480164     
  4.051328094975118E-002
  0.327295024107013     
 -0.302891840583319     
  0.320775534202836     
  9.943158055148467E-002
 -0.432604443169454     
  0.313834084449402     
  0.354812846211983     
 -0.165773741132619     
  0.378964378270459     
  0.259782112732870     
  0.222254787152311     
 -0.216888299418859     
  0.108473864742636     
  0.428225768149181     
  4.799896613356988E-002
  0.223989090810209     
 -0.215817154598623     
  0.287593883134841     
  0.245655871024355     
 -0.114008962297615     
  0.167893018058820     
  0.388010925225095     
 -0.110477985563785     
 -0.177528085117887     
 -4.200504550900923E-002
 -0.165277574550453     
  0.217971802217712     
  0.344919259395765     
  0.216729173912354     
  0.208149589246254     
  0.387034227826355     
  0.257702743242457     
 -0.134134098083134     
  0.216653143068395     
 -9.184567956091811E-003
 -0.275501005577188     
 -0.694829525609896     
  0.102571398658317     
 -0.217681109343541     
  0.120586380100085     
  3.150001762203917E-002
  2.071752120358016E-002
 -0.213369178277695     
  0.336991464767092     
  0.556229055433889     
  0.735548459091716     
 -0.339827654061731     
  5.985620453458183E-002
 -0.602796977463813     
 -0.144306688058918     
  0.115765128682909     
  6.102618610652653E-002
  0.212364179663133     
 -0.566155005857713     
  0.323197151612095     
  9.959569178195671E-002
  0.248245945636849     
  4.437417773462003E-002
  8.848428513368262E-002
  0.120061230628004     
 -0.415910291266128     
  0.165511610422486     
 -6.738161318320043E-002
 -2.840834332301553E-002
  0.216195457418550     
 -0.278138223631724     
 -0.763193722726132     
  0.635906300105419     
  0.650078742072601     
  0.508015537785131     
 -5.136907471751223E-002
  0.549473697442707     
  7.966180440212263E-002
  0.291616230906064     
  0.362601312948591     
  0.265113640265369     
  0.359094866845128     
  4.783411601106940E-002
 -0.467077554511626     
  0.676884022615849     
 -0.261793360796263     
 -0.329677604665374     
  0.479932145290382     
 -0.356375496757515     
  4.435560255516297E-002
 -0.451978916078837     
 -0.155804379729790     
  0.356343456146004     
 -0.629792382870303     
 -3.466930784534576E-002
  0.411827640098836     
 -0.170794139479365     
  3.648089613152855E-002
 -5.354008657676781E-002
 -8.867189620301041E-002
 -0.198397534334615     
  0.214533143515850     
  2.727881213001197E-002
  0.582498388036319     
   1.22352917000569     
   1.05844108376207     
  0.553759940993254     
 -0.209958869153035     
 -0.107493861319109     
  3.119264487767456E-002
 -0.159521011953932     
  0.309750317798986     
  9.459051728807077E-002
 -0.235878941185997     
  0.781308286585404     
 -2.368079967284682E-002
  0.175737227610126     
  2.878564668070396E-002
  0.748617629728991     
 -0.241004628758014     
 -0.500725712384001     
  0.111601871365491     
  0.319795569725914     
 -6.470031785619589E-002
 -0.174300299855793     
 -0.193862348345561     
  0.248289497669658     
 -0.248580174038325     
  0.128296639718831     
  0.110797112783718     
  0.339246112488480     
 -4.373530654859693E-002
 -8.708331330902963E-003
  9.177737585214583E-002
 -8.132162707994396E-002
 -0.256065220081759     
 -6.837275319205209E-003
 -0.139080596214308     
  0.294672371636278     
  0.138259148427939     
  0.251924095214685     
 -9.944267453082589E-002
 -6.492420957474059E-002
 -0.144579023621703     
 -0.452652046802871     
  0.181604678045039     
  0.530708519888241     
  0.140750773005021     
 -5.684135638009530E-002
 -0.338109793840616     
  0.267951901258041     
  0.305525125374761     
  5.326717150386265E-002
  0.378217077810075     
 -0.314337417482622     
  0.304520140003158     
 -0.309669284476993     
  0.100260740053217     
 -9.653546400729239E-002
  0.552824542204113     
 -0.364821103469095     
  0.457575036712180     
  2.656130085331009E-003
 -0.593498471001282     
  0.347348597873879     
 -0.682022888906682     
 -0.662221847294344     
  0.204080563515394     
 -0.100913026364078     
  7.973018526637436E-002
  0.206761884051911     
 -0.112056790766947     
  1.081075464281930E-002
  0.347505248085803     
 -0.118210785155839     
  5.308499164489266E-002
  0.123245693124713     
  7.900546082717126E-002
  0.311034838506237     
  0.283379773759476     
  8.572867259180338E-002
 -0.247404928180475     
 -0.310755090214617     
  7.304750915473350E-002
 -9.476172295046867E-002
  0.308034556168290     
 -0.419211253274788     
 -0.209118277238627     
  0.323143039197121     
  0.106059529212887     
 -0.377846783911844     
  3.086553233916577E-002
 -0.462673600707480     
  0.108549747763846     
 -1.826215957314260E-002
  0.326529904467083     
  0.229330784779526     
  0.134450816726967     
 -0.325469674832495     
 -0.247346714270212     
  0.219349862277226     
  0.243626170383134     
  3.139900367517068E-002
 -0.109655429862840     
 -9.107445853430236E-002
 -0.163082902983595     
  6.018550747100905E-002
  0.250252219142056     
  0.126766565384655     
 -0.218446218631006     
 -0.264103843278273     
 -0.294302644833567     
  6.824152019251196E-002
 -0.290236776503244     
  5.695392753895856E-002
 -0.393800072854017     
 -0.221577396568215     
 -0.356713835286454     
 -0.418849660644767     
 -6.839184887795993E-002
  6.016660977901372E-002
  0.399443051367735     
  7.048562740121715E-002
 -7.816475746316703E-002
  0.235724680200927     
 -2.030117125993772E-002
  0.546242114843999     
  0.239489113990757     
  0.288706347239586     
  0.299165282338903     
 -2.174561436411951E-002
 -8.146431654250402E-002
 -5.887535412777343E-002
 -0.215101220544355     
 -0.136808395347244     
 -0.329900873837121     
 -0.261077749315314     
  0.262425944689764     
 -0.115030551228254     
 -0.169775850938748     
  0.115302285592977     
  0.365624325235833     
 -0.254625555745313     
 -0.273818347407663     
  0.367277016776907     
  0.414537370587362     
 -0.119636503301521     
 -0.352113712245751     
 -0.489432394318445     
  0.259781178059895     
 -0.213733624199483     
  0.307585701177664     
 -0.221993717188052     
 -9.883436559472467E-002
   1.11938874239475     
  0.139529395175939     
  0.128953434496989     
  0.173803429916092     
 -0.269373859192247     
  0.357470528727660     
  0.390385264871822     
 -0.303852201297434     
 -9.964142431108247E-002
 -0.157285016803043     
  0.378938338615543     
  5.545847207904393E-002
  0.213277867082497     
  0.488081475288153     
 -0.219329438100570     
 -2.375136160487570E-002
  7.316948614644582E-002
  0.242959392954508     
 -0.162255590897594     
 -0.493209996611760     
  3.149520786106327E-002
  0.156451076962035     
 -0.160249100352182     
 -0.396130683857615     
 -0.302650433509922     
  0.242647902942491     
 -0.553669130732052     
  0.413483268611327     
 -0.167298786062131     
  5.323131322465501E-002
  0.266834633153321     
 -0.129611461961587     
 -0.526776835130088     
 -0.381521824711160     
 -0.114073282000972     
 -0.455755570836965     
 -0.351574271688499     
 -9.121529570197200E-002
 -6.405681778990903E-003
  1.147985866703491E-002
  0.337620029322480     
 -4.342785391497177E-002
  0.348983568014317     
 -7.735419526874046E-002
  0.171888266388639     
 -6.383761494675844E-002
 -3.361934040158125E-002
 -0.506835899740925     
  3.779062370338681E-002
 -0.152512774668551     
 -0.283571139445158     
 -6.038039210881778E-002
 -0.192367855977054     
 -0.259080890576632     
 -0.258569089540120     
 -0.234822332701286     
  0.284364500076462     
 -6.800868110598168E-003
 -0.107547610504347     
 -3.982012684730899E-002
  0.150289986097351     
 -0.174885446517663     
  0.128829480674254     
 -0.149061500342533     
 -1.482165067263071E-002
 -6.147318672839801E-002
 -4.932221347237155E-002
  0.345559957802023     
 -0.106229258988210     
  0.195003112315565     
  6.594205631855184E-002
  0.244122785743065     
  9.802485597402366E-002
  6.740324453965982E-002
 -0.136033940010279     
  0.197672494849164     
 -0.369805593465811     
 -5.989557204929594E-002
  0.211579950141753     
  0.169456739564902     
 -0.307726303107846     
  0.493722810317373     
 -0.441794577573498     
  9.160519853178795E-002
  8.158893007407772E-002
  0.426459744180557     
 -7.759765359139580E-002
 -4.346312581810695E-002
  9.172129983765330E-002
  0.302838044268902     
  0.184830132004143     
 -0.221221747563386     
 -7.976452528297262E-002
 -0.187437158001996     
 -0.222168127108787     
  9.712608758553570E-002
 -0.275948118211295     
  0.275510536049597     
  0.106532475582611     
 -0.287567887640997     
  0.162658976916987     
  0.333300815243310     
  0.158920077161223     
 -3.099069145900546E-002
  0.271451007836578     
 -0.420519205106317     
  0.310879252283174     
  0.341277928497811     
 -0.275021742355905     
 -4.321946856168594E-002
 -0.484698136251387     
 -0.544438465924658     
  2.402444951431088E-002
 -9.726388760953747E-002
  0.382041276035718     
  7.947818859966514E-002
  9.850018049142437E-002
  0.267771607124699     
 -0.234857658338886     
  0.139086775649262     
 -0.868335040633050     
  5.809628943854006E-002
 -0.187535522088328     
 -0.264229261625697     
 -0.319410349777707     
 -0.289398840765868     
  9.016801691143866E-002
 -0.294297844418355     
 -4.079186930823368E-002
  0.225182729921713     
 -0.507858205406381     
 -0.217810844358098     
  0.411793040554407     
 -2.539924296113476E-002
 -0.395578864301752     
 -0.324584162731061     
 -5.884282068030226E-002
 -0.334029337523249     
  7.605768900445248E-002
 -0.425856995359812     
 -4.441182089279830E-002
  5.667584048181748E-002
  2.300962449560055E-002
 -7.902552403412275E-002
 -0.200474597864573     
  0.196482638507905     
 -0.227504997010904     
 -0.179429211476623     
 -0.134905123625110     
  9.617927394698608E-002
 -7.697681828082936E-002
 -6.600233787153005E-002
  2.657636724654917E-002
 -2.012291071377316E-002
 -9.915376188130315E-002
  0.185120897200231     
  3.287719290583805E-002
  0.271551259388810     
  9.760066699319800E-002
  0.152864767468124     
  1.901281685921127E-002
 -0.192864270906469     
  0.302075133644499     
 -9.154192775892481E-002
  0.476583098517866     
  7.519287720914634E-002
 -4.165627447226836E-002
  0.214958777450465     
 
  0.331320524224089     
  1.334846258017815E-002
 -1.651810309931574E-002
  0.186385410939163     
  0.326686995838906     
 -0.159455227300724     
 -0.306709821202685     
  0.695465860010493     
  7.295652359160495E-002
 -0.119564849977815     
  6.095315426478131E-002
  4.397657123203665E-002
  2.110508443068183E-002
  0.288389740272131     
 -0.465174433513060     
  1.963850138513997E-002
 -0.295996224968800     
 -0.237463441478772     
 -0.179947421285649     
 -4.589501986113954E-002
 -6.622129319200797E-002
 -9.211513473523386E-002
 -0.266684811171501     
  0.116562083923526     
 -0.378212086782210     
 -7.476070115944476E-002
  0.225765568017001     
  0.294993625737439     
  0.488923796825863     
  0.110819429825614     
 
  -3.80473561877045     
 -0.542267299520251     
 -0.171029153623939     
  0.923299441901386     
  -1.18433241721302     
  -1.76659551754417     
 -0.518571219313635     
   1.76712676485862     
 -0.441490566838385     
 -0.177146531710698     
 -3.979283957708163E-002
 -0.259382063574189     
  -1.47991056255850     
  -1.44608292283894     
  0.768913704059858     
  0.374763242517497     
 -0.199598895026378     
  -1.03073451402929     
  0.871428410758262     
  0.977245517238150     
  -2.71525941092402     
 -0.414212763949659     
  -2.70014006962345     
 -0.570558367976874     
   2.50532687903533     
  -1.43522169901102     
  0.124807841528116     
  0.791757615605125     
   3.13874360528306     
  0.634156104063236     
 
 -3.939104761904762E-004
 
  tansig  tansig 
