-0.554836118722119909E+00
 0.225461753493673323E+01
-0.154957497206372214E-01
 0.594916035005231159E+00
 0.331629541411979145E+00
 0.140907344420581437E+01
 0.142689493114933263E+01
 0.697252294375785731E+00
 0.493947135614115018E+00
 0.236996527815782038E+00
 0.169377263057602878E+01
 0.162662278120831560E+00
 0.125661678289836959E+00
 0.599130100284776423E+00
 0.813392672484108181E+00
 0.217808703891831490E+00
 0.206985452863869990E+00
 0.144532343953265152E+01
-0.926556599287358673E+00
 0.420106081189819569E+00
 0.428163178364961372E+00
 0.124058742139817535E+01
 0.375340027782293584E+00
 0.471950175974764463E+00
 0.575738178298371928E+00
 0.991255486177058054E+00
 0.490730431994266636E+00
 0.568686710073413870E+00
 0.845248559944131617E+00
 0.177990747088392487E+01
 0.599417901777123285E+00
 0.807103781541484766E+00
 0.139486515806333355E+01
 0.299385917165906479E+01
 0.359930752350722205E+01
 0.218257636206146621E+01
 0.474200358330351968E+01
 0.401869298094818994E+01
 0.407814976164225573E+01
 0.505981261050103104E+01
 0.139402451776179532E+02
 0.402332040679085523E+01
-0.275214010030650869E+01
 0.451855536934447244E+01
 0.933795117524205742E+00
 0.978128908719268941E+00
 0.346988531018865665E+01
-0.971103228460184903E-01
-0.512417845755038931E-01
 0.951806463255944313E+00
 0.828021534143778548E+00
 0.323212132392663276E+00
 0.192294624347345816E+00
 0.466153168852434407E+00
 0.110940790813790224E+01
 0.614443760393213578E+00
 0.373547441175880013E+00
 0.396063263077020208E-01
 0.497630114553381020E+00
 0.137277371933405584E+00
 0.111573668830067418E+00
 0.888983123866025737E+00
-0.190224727289808160E+00
 0.237513791234165494E+00
 0.243844783670300297E+00
 0.444491683442015784E+00
 0.515572235096582121E+00
 0.293771060413943130E+00
 0.351272740907086323E+00
 0.271888434711221760E+00
 0.590591380506165553E+00
 0.362462572295737528E+00
 0.474300748257018290E+00
 0.118816252944349388E+01
 0.100376371445534074E+00
 0.474246960850667199E+00
 0.751090501007645850E+00
 0.175927464328060412E+01
 0.500835226914863152E+00
 0.504327373143340155E-01
 0.974298867847974426E-01
 0.206345514544012820E+01
 0.254345557528862543E+01
 0.151887557008786378E+01
 0.377110430318541612E+01
-0.618469036905427538E+00
-0.125778560246131477E+01
-0.335336843925297334E+00
-0.128188221233863892E+00
 0.155489074255341975E+01
 0.125179154446326035E+01
-0.170552796641292220E+00
-0.792916309818985920E-01
 0.878081476154569773E+00
-0.555572288703226391E+00
 0.337280223804305168E+00
 0.187257004274262145E+00
 0.570701155964005169E+00
-0.379369391782821752E+00
 0.129696528776594350E+00
 0.775941725792249626E-01
 0.408839874529600522E+00
-0.180977588370440534E+00
-0.578543891584028039E-01
-0.449841070250331793E-01
 0.197990394314045304E+00
 0.191126310583728087E+00
 0.164758563075995687E-02
 0.153593680580311163E-02
 0.338261510526218390E+00
-0.211719731860549487E+00
 0.108202345998172550E+00
 0.113912609417101351E+00
 0.160935584459680869E+00
-0.232227589331896744E+00
 0.103444633170908948E+00
 0.118445489555642644E+00
 0.260092406713685997E+00
 0.271006425130967010E+00
 0.164487727227954406E+00
 0.240460522498117002E+00
-0.183593819875138148E+00
-0.909840734454009509E-01
 0.230703151615281793E+00
 0.415982196218775468E+00
 0.494899292337200800E-01
 0.584035630610000078E+00
 0.364674299804030599E+00
 0.846334469336556428E+00
-0.325604898364240114E+00
 0.747123241052428777E+00
 0.000000000000000000E+00
