     33 -    30 -    30 -     1 
rmse=  31.7856meV
  0.494602883730909     
 -5.547688876685716E-002
 -0.214224067151778     
  0.871294106110836     
 -0.345650035820506     
  0.398529750406165     
 -0.438455511867885     
 -0.161403589621339     
  8.835629892915534E-002
  0.210755869255669     
  0.133212048149684     
  0.350158347571571     
 -0.991530483690164     
  0.720509556940508     
 -0.657283181318109     
  0.329486083743228     
  0.174038884205340     
  4.129154385062142E-002
 -0.197200629130130     
 -0.262413609558483     
 -5.742837196233244E-002
 -4.709549513019391E-003
  0.617685054265626     
 -9.476672591945864E-002
  6.070206989003545E-002
 -0.157110130508929     
  0.387312478417945     
  0.308475966700526     
  1.872150689006293E-002
  0.547220509726006     
 -0.228067866021081     
  2.733305468704129E-002
  3.183709512144651E-002
  0.232543347758911     
  0.274008768561251     
  0.170709794295597     
   1.23999423174053     
  0.291820399545923     
  0.703757780845842     
  0.495725022645474     
 -8.698302681380007E-002
  4.244104575284952E-003
 -8.560010615430708E-002
  5.053623369001894E-002
  0.478035780891544     
 -0.465506663852103     
  0.547547725994703     
 -0.196168079027344     
 -0.561820941237368     
  6.832616420357168E-002
  0.266669026651915     
 -0.373184658577356     
 -0.104159553957940     
  0.318567085305399     
  0.543568813100045     
  0.526597060460626     
 -0.491474852467158     
 -0.631259634348474     
 -3.612977296580670E-003
 -0.232331152697824     
 -0.302114582206443     
 -5.638208027400177E-002
  0.480119296442247     
  3.471571268005588E-002
  1.540343437649050E-002
  0.303755629082856     
 -8.484539026365652E-002
  0.386875273366255     
  7.357509321382667E-002
 -0.181477083496779     
  0.974929015370305     
  0.128749701168480     
  0.141771132856433     
  0.198889056975987     
 -0.204366912187893     
 -0.171951039071905     
 -0.201640968982480     
 -0.786178167855532     
 -0.119373242926802     
  0.576985684801253     
  0.515178805257112     
 -0.378187209655754     
 -0.604097170888997     
 -0.373150283142539     
  4.682371006548329E-002
 -0.573513923220726     
 -0.273584875435543     
  0.510528288629986     
  0.486536210717513     
 -0.825768582994248     
 -0.374848840951368     
 -0.248699654899808     
 -0.383998815644528     
  9.495073825652811E-002
 -0.196587805630919     
  0.204068130989364     
  0.306143690875815     
  9.741201185547345E-002
  0.150443738234954     
  0.750246018231158     
  0.146828275435663     
  0.415543376993378     
  0.460400569616902     
  0.213890998604923     
  0.335559595702806     
  0.132453816081356     
 -0.268161678524919     
  0.372168901855131     
  4.012330208960216E-002
  0.110226361879460     
 -0.217365868861427     
  0.580890713377970     
 -0.728865311781863     
 -0.622419297682330     
 -0.270218807401576     
  9.106719347733648E-002
 -0.141965896514816     
 -0.287344724523701     
 -0.117292423088240     
  0.224504646634095     
 -0.107879777465620     
  0.289769797150614     
 -0.459241060150769     
  0.614682952863738     
  6.652481491756061E-002
 -8.364295161080472E-002
 -0.227939619984294     
 -9.207514651959364E-002
  0.529586667523313     
 -0.169957229832554     
 -0.106442875743724     
  1.470992233766491E-002
  0.235491848992315     
  0.182088246890638     
 -0.902222903789506     
  0.112884893516085     
  0.480250573041393     
  0.173754098884683     
  0.151438302850846     
  0.118384991786384     
 -0.225593125876795     
 -4.543821874138533E-002
  0.259768322154830     
  7.679702234347779E-002
  0.783664785427182     
  0.766706805786355     
 -0.754453453532660     
 -0.597127585203095     
  0.112207367074992     
   1.36056802312526     
  0.436491383630415     
 -6.231186280370165E-002
 -0.229480093293521     
  0.223548292825691     
 -0.308792245772828     
  0.644307239278888     
 -0.298174999177739     
  0.188461684508154     
  0.237589704971321     
 -0.145300197213614     
 -0.202711651300862     
 -0.792313855434799     
  0.253347523791936     
 -0.385633103070125     
 -0.162992860109594     
 -0.299041121893250     
  8.826262752169343E-002
 -0.141142758666629     
  0.384919180080613     
  7.568238957677015E-002
 -0.305248690536897     
 -7.794393649263287E-002
 -0.224367499998189     
  0.467783436642405     
  0.171463118796625     
  0.263196630351750     
 -0.251623879031274     
 -0.619251024349466     
  0.277390278010012     
 -0.701722522732931     
  0.324467548961340     
 -0.291886739319355     
 -0.335836249542970     
  0.264307834236489     
 -1.135748843684339E-002
  0.124358526576220     
  0.389044411714907     
 -0.265174177428446     
  0.442096395431266     
 -6.090695390055002E-002
  0.203770606926203     
 -0.259301357153366     
  0.379398452861642     
 -0.407434707187090     
 -4.817984229742790E-002
 -0.400324991259861     
  0.214589773364212     
  1.584066480787929E-002
  0.619198978131099     
  4.621001202337610E-002
 -0.881626788521058     
  2.899094999176733E-002
  0.218947793596128     
  0.695168948407146     
 -0.423458745792909     
  0.202280683170226     
 -0.110027370422345     
  0.198899222908374     
 -0.105015056978428     
   1.02005036418147     
  -1.25965738190933     
  0.199317238644587     
  0.211239680773687     
  0.101072420459406     
 -0.312518645839660     
 -0.255826692636710     
 -0.368517088848915     
  9.020095325341942E-002
  0.170100135055274     
 -0.233904810608781     
 -0.266897335207445     
  0.872497518280950     
 -0.476544586440904     
 -3.009571920608887E-003
 -0.690996639796331     
 -0.102975625377719     
 -7.834964963317589E-002
  0.139944654420939     
 -9.612572593191522E-002
 -0.526945577140854     
  0.220528458744668     
 -0.518320310277337     
  -1.21988153948721     
  0.547461413715106     
  6.271343218365664E-002
 -0.622268089097403     
  0.235107758373229     
 -0.244396968827435     
  9.594002086718817E-003
  6.965752431431052E-002
  7.788045554562770E-002
  7.287461059751149E-002
  0.753242410180850     
 -0.565176108912681     
  6.961980077558946E-002
  0.336372314612393     
 -0.386828700174750     
 -1.396115068304837E-002
 -0.489170271143486     
  5.734136291993588E-002
 -0.274976470946847     
  7.409714324675143E-002
 -0.350864426230759     
 -0.483691626888110     
  6.188839540869524E-002
  0.433477065589703     
  -1.04484909818501     
  0.297852103997114     
 -7.458313392295651E-002
  0.670164443897599     
  0.194019575192397     
 -0.201635790602254     
 -0.415654376683012     
  0.837896370037337     
  2.387912916780441E-002
 -0.661307170518203     
 -0.626585572076127     
 -0.148297854025419     
  0.394543521724867     
 -0.202447445214149     
  0.208341961151234     
  0.231847597803426     
 -5.058036378858374E-002
 -0.274178898244026     
  0.196878283170899     
  0.632877663156562     
 -3.710474734036551E-002
  0.297977873169457     
 -9.860613497228367E-002
  6.918550873570650E-002
 -0.405285597191917     
 -0.552139846497839     
 -0.115553275038406     
 -0.169471164431735     
  0.141150961569466     
  0.169167017328004     
 -0.120419366870980     
  0.646890992754110     
 -0.133895591390715     
  0.702154839708133     
 -0.121944903157391     
  1.286181848010421E-003
  0.267328789929184     
  0.230076414416870     
 -7.685997696139386E-003
 -0.648900359461820     
  0.149521444185301     
  0.571637378884080     
 -0.151289390837556     
 -0.222383957837996     
  0.242561034609571     
  4.195540497086893E-002
 -1.710555511845591E-002
 -2.907674177937294E-002
  0.472949510186163     
 -7.943819692263676E-002
 -0.198875733432608     
  6.205853489220355E-002
  0.104185786046342     
  0.299534669073223     
  0.572847564978631     
 -0.186365954022143     
 -0.231804865375485     
  0.317053487431150     
  0.424095957562054     
 -4.267621502531582E-002
  0.223310194104728     
 -2.924652683769254E-002
  9.635058515853971E-002
 -0.548582972544231     
  0.155751490068159     
  0.122917694837758     
  0.348962252068066     
 -0.105372601098935     
 -6.780788343007262E-002
 -0.158845715633610     
 -9.262928938652003E-002
  0.263291825501750     
 -0.204249410193720     
 -0.243658525948697     
   1.24484872941785     
 -0.114875688589252     
 -0.646197947575177     
 -0.223082143503841     
  -1.51994743197344     
  6.984069736783458E-002
  0.580339219784479     
  0.386827128493778     
 -0.330558526551449     
  0.127417724377562     
  0.108862408142899     
  8.689675648028328E-002
 -0.550251169611926     
 -0.299095246905875     
   1.18639463883350     
  0.530395537033305     
 -0.841017587232794     
  -1.16882466525214     
 -0.600275118013629     
 -0.174912680664896     
  0.153784018910923     
  6.621377111706338E-002
  0.296165818977913     
  0.493638020527768     
  0.411465893907946     
 -0.303061204622288     
  0.454177245056857     
 -0.130271020734341     
  0.449966471031151     
   1.17496784404070     
 -0.155781038027984     
  0.331863662826542     
  0.375209304087889     
 -0.515462466558248     
 -0.180893982426434     
 -0.106227768451316     
 -0.163908753938641     
  0.939759756735297     
 -0.413116755811098     
  0.312643048710758     
 -0.113472317169363     
  0.159637251763151     
  2.913854354519492E-002
  0.208182627980648     
  0.154592443816677     
  0.279244298185355     
  0.409106733086900     
  5.786833611821957E-002
  0.109578480368809     
 -0.680280310636736     
  0.267569733221859     
 -4.403245104958102E-002
 -0.545340632660624     
 -1.161288424381080E-002
 -0.161793320121154     
 -0.531006966459360     
 -0.130447248688979     
 -0.236058850963758     
 -0.367660837458695     
  4.123993944344701E-002
 -0.118590133563522     
 -9.953169126079094E-002
  0.237571076433850     
  5.082910901454424E-002
 -0.370515768771385     
 -0.155458288810009     
 -0.179704897612909     
  0.480173165540281     
 -0.164445548762992     
  0.151266213824020     
 -0.663758596751157     
  0.604014538095028     
 -0.192791485468540     
 -0.242481354969954     
 -0.101539033897956     
  0.175212098502851     
 -8.480982140664149E-002
 -0.204290845408723     
 -0.414908171957837     
  0.657943536837189     
  5.080090287590116E-002
 -0.633143216681937     
  0.435910750623704     
  -1.02390579777442     
  0.264530224838120     
  0.185547447715395     
  0.266454408349025     
 -0.128015420168871     
  0.488260283971241     
 -0.103401684587888     
  0.104974954319649     
  0.194500635790355     
 -0.188417780612959     
 -0.382824275216376     
  2.157130750030631E-002
 -0.674897310385576     
  7.075359336692715E-003
 -0.246983632449592     
 -0.547836177916097     
  -1.01337759088881     
 -0.338825863993304     
 -0.284801041725384     
 -0.420978314047913     
  0.748020608066843     
  0.163634799201102     
  0.340244922389004     
  2.336961919868258E-002
 -0.284441415633699     
 -8.304295733861017E-002
  0.216639417668002     
 -7.568203470666238E-003
  0.121036284488402     
  4.720242918780700E-002
 -8.852069603759238E-002
  0.140058121633582     
 -0.159542538464332     
 -0.323308488718988     
 -0.550932520312782     
  0.284248524810303     
 -0.442900945480119     
 -0.127299305342505     
  0.369119607959639     
  0.449136425401354     
 -0.431027698837715     
  0.635704440262444     
  0.318111031673075     
 -0.340241118609996     
  0.233554609640130     
 -0.155255372125207     
  0.180823748974128     
 -0.380949736350876     
  9.459105763874204E-002
 -0.243856856637263     
 -0.126506787091898     
  0.529872920818904     
  0.527621443262069     
  0.840851441554473     
  0.464929441179917     
  5.271822657878440E-002
  0.198143714539235     
 -0.244845735657640     
  0.175798821116299     
  0.348708256137490     
  9.761130567639836E-002
 -7.824897943710005E-002
 -0.419803923009966     
  -1.11847968143712     
  1.486872339454475E-002
 -0.603905144777509     
  0.102827852135007     
 -0.778057700875970     
 -0.227258207427605     
  0.262722742861650     
  0.220281463659810     
  0.891530796657602     
 -0.946686952834389     
 -0.734275275675163     
 -3.854051347216535E-002
 -0.367242911737212     
  0.719792440155973     
 -0.227195349793668     
  0.257641571474635     
 -9.541470158787241E-002
  0.159781940507016     
  0.348449319689288     
  6.389785867823805E-002
  0.624717036148102     
 -0.155048320405801     
 -0.149142392244537     
 -3.193192425953936E-003
  0.350570441977900     
 -0.253325659414344     
  4.271167998046805E-002
 -9.475268267996856E-002
  0.241867907431721     
 -0.267398872832143     
 -0.367514670657609     
  0.697200126354650     
 -0.120513920984811     
 -4.531007438921937E-002
  0.711091594206444     
  0.168194339967546     
  0.416755072013366     
 -0.113135886074418     
 -0.268514214988776     
 -2.495826549745073E-002
  0.108776715785329     
 -0.468468460887143     
  0.229959858860005     
 -0.276693981921345     
 -0.325368239385668     
 -0.256894245188642     
  6.930608156494236E-004
  0.367687597188389     
  0.196340067399852     
 -0.144395990215554     
 -0.149243827146523     
 -0.316848425910549     
  0.392765297646476     
 -0.144785376893588     
 -0.650537287543098     
 -0.152612027491983     
 -0.350230507496124     
 -0.267415208023957     
  3.567908621975452E-002
  0.248870957896645     
  6.779986199259680E-003
  6.318739330321009E-002
  4.062973569796781E-002
 -1.447618997008232E-002
 -0.879285419806019     
  0.646953428753994     
  0.855159372818199     
 -0.834869066792424     
 -0.355987300269678     
 -0.334147509694310     
 -0.443723334294086     
 -0.355899352021964     
  4.496384855346626E-003
 -0.225989060585758     
  0.329303231369352     
 -0.199196856746638     
 -9.258860006759158E-002
 -0.715786490337386     
  0.542548712680601     
  0.256840816115345     
 -9.711558310638732E-002
  0.440500343513621     
  1.577004597989576E-002
 -0.227121358809264     
 -8.358368960497634E-002
  0.309335349621506     
  0.585843435826170     
  9.339716859880149E-003
  5.944091412568534E-002
  0.240417457545830     
  0.318136725297413     
  0.219024462391652     
  0.356042442373820     
  0.424085799411081     
  0.385693922615086     
 -3.722174021386847E-003
 -0.187614991109929     
 -7.688009898568310E-002
  0.228291864112100     
  0.295540194689751     
 -1.016317905306624E-002
 -0.113370844518310     
 -0.359581160799671     
 -0.163138425741240     
  0.158866887252933     
  0.212192645896035     
 -0.187834142394097     
  0.632894862270412     
  0.463259289914707     
  0.484926384102700     
  9.336522813867723E-003
  0.514612845579156     
  0.513350303484351     
  0.300507268684419     
  0.219259436502150     
  0.268217716628373     
  0.174582934193460     
  2.479774651509089E-002
 -2.248033412373233E-002
 -0.222791829343497     
 -0.472981259564565     
 -4.053589069013869E-002
 -0.271812803264863     
  3.280987817396146E-002
  0.149991604056501     
 -2.771843491878490E-002
  0.198187352861714     
 -0.288633706955824     
  7.619934448768249E-002
  0.390527807389337     
  0.620165589463874     
  0.308778564432365     
 -0.100570359879495     
 -0.340192074682229     
  0.338955084602113     
 -0.249952634791856     
 -0.531803217198647     
  0.202289088466025     
  0.357225049298474     
 -0.274879694845371     
 -5.440681977026049E-002
  0.628192758809935     
   1.07532430712569     
 -0.458131995787556     
  0.261680639452677     
  0.117635533389998     
 -0.453448902301343     
  0.258474775598589     
  0.129448909739503     
 -0.311814896943432     
  0.212334376210491     
  7.719941211399819E-002
  0.661071838748579     
  -1.14968353658441     
 -0.123615128620238     
  0.141433114855298     
  0.365360465645825     
  0.451310064848439     
 -0.253568388814680     
 -0.185405698529824     
  0.396999038144502     
  5.745485138291553E-002
  0.308857306598109     
   1.34354612682020     
  0.575870603267907     
  0.271885242373772     
  0.522138127765228     
 -4.259367383688892E-002
  0.418631274828265     
 -0.535244749496588     
 -0.355895790335028     
  5.045005746415355E-002
  0.108616543222926     
 -0.281275896936589     
  6.942092872947278E-002
  0.226281646942074     
  0.608706494125395     
 -0.579646993173442     
 -0.687534713710438     
 -0.390173142861678     
  3.492505557646747E-002
  0.177410866122536     
 -4.696349547992544E-002
 -0.196378235304033     
  0.138928801229695     
 -0.412302378755284     
  0.685762354075054     
 -0.178588208237045     
  0.414742985098892     
  0.238865415961105     
 -0.427034478771926     
  0.283288193407292     
 -0.328184274746030     
  0.506881085717821     
 -8.557659935871421E-003
 -0.106902912693537     
  0.229771214053189     
 -0.515756819260484     
 -0.180674532373116     
  0.574876636428146     
  0.263532702089921     
  0.574773006256202     
 -0.226659442254683     
 -0.205891503336986     
 -0.158209073343653     
  0.144294532143041     
 -0.423304672984951     
  0.134459774400981     
  0.173290949331538     
  0.111405415889631     
 -0.911268366300255     
 -0.203630984534860     
  0.264835351144761     
 -0.173629089573913     
  2.102901927764025E-002
  5.273710614114115E-002
 -0.689009172021032     
  0.782171133818333     
   1.53493795127328     
  0.581324819205916     
  0.142443530726254     
 -0.656067119108950     
  3.901463617062273E-002
  7.481916733729205E-002
  0.408346182238454     
  6.121952873313655E-002
 -5.766088408813535E-002
  8.063840252609679E-002
  -1.32639699068704     
  4.694577922135906E-002
 -0.192522990145424     
 -0.245637256971823     
 -0.132147904193553     
  0.144882120484221     
 -0.194789258398146     
 -0.114551634527598     
  0.676293731649157     
 -0.331342341402209     
  0.642561203780022     
 -0.158838432194193     
 -0.624695047014798     
  0.515240069742341     
 -0.208718883506479     
  0.294713472026004     
 -0.136348743834302     
  6.350387531995744E-002
 -0.136183560122451     
 -7.235089592631788E-002
  4.167901981814072E-002
 -0.394384617567415     
  0.401861900464816     
  0.323654624394927     
 -0.120780753821818     
 -0.298221890613066     
  0.217416565710935     
  0.494777827957405     
 -0.123541583823966     
 -0.521056751830074     
 -0.189591433206357     
  0.256156383593539     
 -7.507538207760286E-003
  0.139212399641060     
 -0.448918461379805     
  1.224945843179055E-002
  0.284932756596576     
  0.284411837014604     
 -9.004634292755620E-002
 -0.358418912581004     
 -0.147738960017010     
 -0.282698140350627     
  0.223215294076447     
 -0.237436719758603     
  0.255448703558628     
  9.093454887639864E-002
 -0.138307317000641     
 -0.645450238392227     
 -0.284295287288446     
 -0.477027425647577     
  0.481999479860597     
  1.747768756069906E-002
 -6.030867947017061E-002
  9.168691870897872E-002
 -0.270646560434218     
 -0.825047502640659     
 -0.253115478728790     
 -0.258656857829107     
  3.574218277847140E-002
 -0.497199942270154     
  0.265510678712743     
 -0.259501626384048     
  0.139374203839134     
  0.200723532851405     
  0.228720124410827     
  0.328155977645608     
  0.500430297303554     
  0.672479705894096     
 -0.672446118569992     
  0.370627260249442     
  0.728914303497518     
  0.241366193785294     
 -8.315336391233309E-002
  0.212472536699215     
 -0.218304032787587     
 -0.585619457305026     
  0.503245615362994     
 -0.584918271335155     
  0.196458919204217     
  0.442722492475964     
 -0.382982235714576     
 -0.283547765654735     
 -2.035647621379827E-002
  4.739785121113713E-002
 -0.339265482463534     
 -0.180807329012355     
  0.148223017735226     
 -0.431875315172068     
  5.566917148961088E-003
 -0.203077627397167     
 -0.411916619361682     
 -0.388151314048319     
 -2.181375561438860E-002
 -6.167313283477637E-002
  2.016338472351475E-002
  8.692918008075820E-002
  2.157125321454256E-002
 -0.366747485339365     
 -7.895591183778802E-002
  0.102795494993137     
  0.106999682044424     
 -0.186632332721203     
  0.702812601752933     
  0.521774489262689     
  0.265714913911885     
 -2.878380607885201E-002
  0.184049944237908     
  6.736201519942553E-002
  0.236241129237201     
 -0.186092497085249     
 -0.123198863632748     
 -0.938097559388338     
 -0.720175179868834     
  8.837472341953055E-003
  0.102002174376164     
  5.667396646366629E-002
  0.408389352694741     
  0.271790463003737     
  0.275588584594803     
 -0.375024985474068     
 -4.584008377870442E-002
  4.014714306156262E-002
 -0.306704804445940     
   1.16283644710960     
  2.832097053692377E-002
 -9.852005555133934E-002
  0.430284079220724     
 -0.130105124793836     
 -0.439615853127247     
 -7.773905773819476E-002
  0.146200037335469     
 -0.145992608897182     
  0.834696703930393     
 -0.641801232447186     
 -0.587713114591503     
 -0.305510745228206     
 -0.305889750373781     
 -9.311251957402837E-002
  0.844624630073206     
  0.692633112561384     
  0.803301426138312     
  0.127574139391842     
  0.100542159530253     
  0.125593027039940     
 -1.906294061004909E-002
 -0.211953215958420     
   1.39320627589607     
 -8.994373685970709E-002
 -0.594191632631827     
  0.238391633190868     
 -0.827656948414414     
 -0.297811697777776     
 -0.231355666931240     
 -0.203083045764144     
  0.281506813604080     
  0.591720765830071     
   1.16119643968149     
  0.126680447284431     
 -0.191370480682763     
 -0.666296953335662     
 -1.809701623171873E-002
  0.343567584157080     
  0.166545839160146     
 -7.203488561800485E-002
  0.304277640723659     
 -0.537473435768095     
  0.145271869104612     
  6.515708990980001E-003
  0.106295188504680     
  6.498574603697849E-002
  0.446493120256976     
 -0.197523684635312     
  0.102251082954180     
  0.163751875903466     
 -0.230115191429172     
  5.110874455585281E-002
 -0.141558404864807     
  3.565233286029873E-002
  0.500439176957840     
  0.544335814850712     
  0.149451848915369     
  0.297140465562637     
 -0.267644163422226     
 -0.186331692818071     
 -0.171489134086895     
  3.223564193635801E-002
 -5.138519304195507E-002
 -3.878861696763030E-003
  3.986807153064342E-002
  0.260059026305377     
  0.120434191015476     
  0.272291137079211     
  0.362782337678572     
  0.407437867887624     
 -0.776063508034356     
  1.244212306812230E-002
  4.646095702767675E-002
  4.186672090112801E-002
 -0.271979015855326     
 -0.393961857724501     
  0.404855444307587     
 -0.488424439348843     
 -0.668746057194771     
 -0.879246801408042     
 -0.309196170786435     
  0.306587920810206     
 -3.002186407251523E-002
 -0.108304846039987     
 -8.644159576632561E-002
 -2.392209395188439E-002
 -0.508122892983852     
  0.664725760860540     
  0.599957035690422     
  0.976749831061180     
 -0.182359360427410     
 -0.148143651542881     
  0.380823312955782     
  2.528284169981976E-002
  0.363221141013461     
  0.224052413954880     
 -0.728926659032714     
  0.128536466489994     
  0.727517900287319     
 -0.486012348076933     
 -0.608862587889264     
  0.457290436620707     
 -0.686866982243990     
 -0.355438735190957     
  7.934579367510199E-002
 -0.212828147305428     
 -0.284178845363374     
  0.713263255906062     
  0.313711456355392     
 -0.774684351525216     
  0.145032012941613     
  0.802587591110168     
  0.408736451970188     
 -2.645365726169042E-002
 -0.919887271529931     
  0.174834466784260     
  0.224178113388464     
 -0.289130976638741     
 -0.776528214624832     
 -0.100711714078257     
  0.473673219024423     
  0.902945285479518     
  0.312682602868952     
 -0.107001099374492     
  0.207629354903801     
 -0.177449795027201     
  0.292776625552538     
  0.329287590828033     
 -0.484546288224614     
 -0.384972324921158     
 -4.980800098111809E-002
  0.144707013791083     
  0.466820208864992     
  0.397541370492684     
  0.140021329999879     
  0.122211086961964     
  0.211964911843772     
  0.317732028002319     
  0.367505455461606     
  0.213977223774710     
 -0.508096205325714     
  0.450969879893889     
 -0.598941411849654     
  0.206659064885588     
 -0.276638062057957     
  -1.19324061921793     
  -1.32333251522377     
  0.330878207573563     
 -0.328739693581918     
  0.194776968601242     
 -9.993811870362446E-002
 -0.268312816624585     
 -0.108132349543027     
  0.175309062584576     
 -7.634319233577995E-002
  0.419714601635106     
 -0.912016237958602     
  7.912469081088297E-002
  0.121057607690034     
 -0.423184808562141     
 -0.187965739037761     
  0.617508261204965     
 
  3.088251833679487E-002
  0.161513384556503     
  0.232901014861068     
 -0.227187233057018     
  0.135827885466056     
 -0.378605406699425     
   1.45615231675395     
   1.28287316558839     
 -0.848394318396003     
  2.950057674244197E-002
  0.471003673762470     
 -0.543743858079121     
  0.551719616096490     
  -1.39837221260865     
   1.01185566587616     
 -0.700214459433408     
  8.149415572852051E-002
  0.144156296901634     
  0.139968240030912     
  0.285062157508537     
 -0.275073577184615     
   1.42833120464664     
  0.131039486043340     
 -0.398860099709934     
 -9.315827562202281E-002
 -3.319090855348369E-002
  -1.10473935529913     
 -0.220266612837538     
  9.396487196112867E-002
   1.13061972648260     
 
 -0.855676728238153     
 -0.651491118480101     
  0.822912763517908     
 -0.931284211743384     
  0.587345964922486     
 -0.808356046896341     
 -0.571903067658094     
 -0.863571393926249     
  0.648058822065048     
  0.659393337490600     
  -1.42135107178341     
 -0.285684115346339     
 -0.979001270884193     
 -0.111220803616367     
  -1.41018503130921     
 -0.590243586200858     
  3.925726204008075E-002
  2.502612064694082E-002
 -0.710824980789340     
  6.305538969122090E-002
   1.08133909981291     
 -0.455200555483517     
   1.21042123963631     
 -7.573243521589622E-002
 -0.262327218805213     
 -0.528789711638209     
   1.08240463474169     
 -0.175832264866519     
  -2.79116058550523     
  0.403643417142745     
  -1.50202531106606     
 -0.477508522603607     
 -0.653117295812193     
  9.840931632453835E-002
  0.299222660153633     
  1.735356327946517E-002
 -0.115139434382566     
 -0.400946190462763     
 -3.556697860522282E-002
 -0.481232265877973     
 -0.146166243152208     
  0.369836682159149     
 -0.345532298730219     
  0.144914712809750     
  0.204673558197457     
  0.493518916612258     
  0.368463338834175     
 -7.399051423798926E-002
  0.244275697298193     
 -0.373506517859623     
  0.829681182685891     
 -0.414996680209536     
 -0.520453659037802     
 -0.535217027335709     
 -2.418657300594442E-002
 -0.344083572640303     
  0.386904672826489     
 -7.983078266461876E-003
   1.19322218824431     
  0.715167929811758     
 -0.390721386546699     
 -0.514082713817357     
 -0.400368845378288     
 -0.674401447856475     
 -0.212824587266015     
  6.934998634721494E-002
  0.262595888625698     
  0.443748815266063     
 -0.976553746893222     
  0.106958382004884     
  7.092119783418505E-002
 -0.618817881146454     
  0.103189866855669     
   1.39375835778590     
  9.951888172768182E-002
  0.873644074193879     
  0.212164245958059     
 -0.367080830857290     
 -0.212412392752506     
  0.710668299304931     
   1.01863983860043     
  0.841004464748876     
  0.975953181735108     
  0.162918577711606     
 -0.129188787398300     
 -0.478259064426522     
  0.270902631049831     
   1.17978132989724     
 -1.197914850692279E-002
 -0.631899159066541     
  0.388595564178576     
 -0.432505082900856     
  0.387809374073978     
  -1.04425707095962     
  0.740304847503415     
 -0.599276497249771     
 -0.723739646817263     
  0.115335071677142     
  0.204401160822903     
  0.235906040845674     
 -0.704246573350023     
 -0.412820921354073     
 -0.124521741895506     
  0.591691647873192     
  0.561948107857766     
  0.363518634084104     
  1.599769727236268E-002
 -0.342323025555018     
 -0.373837158286328     
 -1.154702270173706E-002
  0.448165365332341     
 -0.101871497873289     
   1.05015240173529     
 -0.267798036201258     
  0.204996434903720     
 -0.207856922485124     
  0.570765637352143     
  -1.09225757247560     
 -0.542305631901087     
 -0.385272541188388     
  0.645747343574546     
  0.152755448756046     
  0.352465622250277     
 -0.753422420003143     
  0.562077439965704     
 -0.675808624606721     
  0.961680952639827     
 -0.481568498268712     
 -0.334112080565219     
  7.061637256508088E-002
 -0.404129166651411     
  0.713488044592192     
  8.865659362855281E-002
  0.116193055048755     
 -5.600122568288038E-002
 -0.707051225016159     
 -5.327742133478819E-002
 -0.179613595133861     
  0.276763258353279     
 -0.453686768120621     
  0.293160951651891     
 -0.600428340260588     
 -0.320075158937460     
  0.414712381400231     
  0.785647969784730     
 -0.295872531928699     
 -8.611444885313811E-003
 -0.697273567777220     
  0.331557114435144     
  0.725177701646701     
 -0.691292543427718     
 -0.195762783396040     
 -0.367515412872672     
  0.644606451713583     
 -0.278940481686053     
  0.361816372612389     
  0.844549806236856     
  0.355280792488353     
  -1.10627043345101     
  0.316541241116926     
  0.281266820650339     
  0.499763833072880     
 -0.312340894896451     
  0.783749457296246     
 -1.726299324459334E-002
  0.796242675686498     
  0.298105028860330     
  0.321113949496947     
 -0.287174943158498     
 -0.383296082643493     
  0.978087064475615     
  -1.36767602071487     
 -0.661366184209881     
 -0.571264727391301     
 -0.122577808016825     
  0.687709144607628     
  0.620733156874569     
  -1.64362185248055     
 -0.221935696615496     
 -0.120174613640979     
 -0.245895550292371     
 -0.381325721747267     
 -0.630636052606893     
 -9.169094847464243E-002
  -1.15006016712845     
 -0.282493497821768     
 -0.376089906774871     
  2.428947595384639E-002
  0.309318417379008     
 -0.537053400650577     
 -0.511023226508516     
  0.777629689895850     
 -0.668491125585623     
 -0.566554967538026     
 -0.295211306087164     
 -9.256139973789983E-002
  0.615865419322756     
  5.759803555582195E-002
 -0.875441929152305     
  0.257151657240781     
  0.931058209892168     
 -0.456623982576045     
 -0.563831207289925     
 -0.761897918535292     
 -0.300564164939438     
  0.381918537585472     
  0.867883306740258     
 -0.892616766309759     
   1.24989749947934     
  0.101084680078032     
 -8.669596496197510E-002
  0.147456909165422     
 -0.116560378561553     
 -0.336910542984376     
 -0.211189633751928     
  0.168121317334402     
 -0.315054984036904     
  0.494391166947461     
 -2.037400171404679E-002
  0.906615637253060     
  0.252176796836624     
  0.126625829704286     
 -0.324182534870373     
  0.396579813928299     
  0.605148748105894     
  3.176363236394342E-002
  0.343839121893953     
 -0.128111150403897     
 -5.297885970531376E-003
 -0.333268031737596     
  -1.02331566876120     
 -3.814672127146080E-002
 -0.546788872547263     
  0.637025806808368     
 -0.528249172454181     
 -0.406187316196928     
  0.421055454064784     
 -0.345759156224865     
 -8.266142714528207E-002
  0.301820591431755     
  0.507895852837117     
  0.169518279113243     
   1.62192342013977     
 -0.535168875251474     
  0.462943345862786     
  0.864692213078736     
 -0.889174396930091     
 -0.357144821792048     
 -0.598702570298297     
 -0.499936867934625     
 -0.954331700022810     
  -1.12448816665726     
 -0.212780989003312     
  0.467375335565249     
  -1.14671379334226     
 -0.507550306323848     
  0.427550911329014     
 -0.775917316605506     
  -1.25881929659287     
  5.022234506513104E-002
  7.943359185912514E-002
  0.324935165741863     
  -1.65605933941343     
  0.892706668910150     
 -0.531243728845359     
  -1.30280648698870     
   1.08900350692915     
 -0.938453799482287     
 -0.507271965200408     
 -0.184003238467831     
  0.376495238596587     
 -0.333239815617217     
  0.116610475540296     
 -0.140836957692631     
 -0.450068568117585     
 -0.323684099247874     
 -9.673811381647887E-002
 -8.903939704386919E-002
 -7.638768912209836E-003
 -0.296525062884819     
 -0.681831275980402     
 -0.346086831188107     
  0.127478330486224     
 -2.829575777369370E-002
  0.262495736374330     
 -0.262859383119507     
 -8.841823442617582E-003
  0.193944810213628     
  0.129012671928834     
  0.730290549317507     
  0.263803912000606     
  0.415299353236965     
 -0.494981721039304     
 -0.268921156681977     
  2.846667294380107E-002
 -0.277938482860965     
  2.552972453721163E-002
 -0.377907023667514     
 -0.212536711048027     
  0.597025952508889     
  6.780551056379017E-002
 -0.107358433383176     
 -0.438091100213426     
  0.815371863517315     
 -0.747456146504409     
 -0.259795566142698     
  0.553856449542674     
 -0.113288746740217     
 -0.235175978164657     
  0.140975430460232     
 -0.696029644212614     
 -0.248536600611836     
  0.253237587423573     
 -0.431240406105434     
  0.415210874875023     
 -0.359155536229463     
  0.194771419720212     
 -0.170909375332136     
  0.268900866124318     
 -6.596037778662707E-002
  8.393855990039001E-002
 -0.122611314016814     
  0.779167980227988     
 -0.425414274552212     
  0.367766785070322     
  0.788923416625067     
 -0.842563869711983     
  0.306059440826120     
 -0.111836781293002     
  1.426132911871391E-002
 -0.548474049870323     
 -0.150355999628140     
  0.474477506353227     
 -0.113205465398003     
  0.723624469322582     
  0.166502555794624     
  2.523697453864208E-002
 -0.456303227104484     
  0.145490459330258     
 -0.129709200035820     
  7.469124583636765E-002
  0.361629480280570     
 -0.348837443367298     
  0.150202001194044     
 -5.752904291044288E-002
 -0.188176747164985     
 -0.213370419977789     
 -5.123212143271349E-002
  9.170188216868147E-002
  0.585978939668936     
  0.801738064559892     
 -0.296608851996031     
 -0.464829551660452     
 -7.737517599509322E-002
 -7.341736962344675E-002
  0.446839514069459     
  6.141821744572599E-002
 -0.860054251601244     
 -0.459793201615589     
 -0.238162823323420     
  0.415516421062570     
 -0.503076534756620     
  0.322928882799357     
 -0.307514883148985     
 -0.221763800170872     
 -0.141349197491521     
 -0.453719614908400     
 -0.517552490055452     
 -0.330842098543363     
  3.011340785088059E-002
  2.158812895930893E-002
 -0.274436554672294     
  6.668549614672456E-002
 -1.896647905125880E-002
  0.405501046199092     
 -0.321695072729133     
 -0.603459007675332     
 -0.100322536529438     
  0.226174847701720     
 -0.266868821074312     
  1.275300539149739E-002
  0.278933435776056     
  0.115257979419294     
  0.175843880647609     
  0.335230529931819     
  0.471188183571136     
 -0.565771485536544     
  0.254009261585491     
  0.119785227538066     
 -0.663400725713547     
 -0.425946229717815     
 -0.147714108068330     
 -0.250320582962241     
 -0.395705758826814     
  0.187628185662806     
 -0.145367046728313     
  0.129553064437532     
 -0.191616842101165     
 -5.757421179214867E-002
 -0.312064835575213     
  6.296681590744407E-002
  0.195832614580633     
 -0.487239137075842     
  0.637751366103065     
 -0.575612236800070     
 -0.329588567484693     
 -0.281160267675287     
 -0.196413547035047     
  0.416536593731239     
  0.602480602585786     
 -0.704973758950488     
  0.593502925223760     
  0.831271960860509     
 -0.765204515008979     
 -6.984205392425064E-002
 -1.607540507884852E-002
 -0.510159878638510     
 -0.602124551365234     
  5.177620742517129E-002
  4.247855605304024E-003
  0.630561868577634     
  0.147247817942245     
 -0.290594160731033     
  1.870403601582140E-002
 -0.100051864903410     
  -1.20293852553074     
 -0.514880797323073     
  0.104004521698199     
 -0.225271690841221     
  0.117631549253949     
 -0.173984301635338     
 -0.245810571553288     
   1.24634767699925     
  1.491197360206434E-002
  0.641601937137403     
  0.344641813710952     
  0.173600355604399     
 -0.598191579375407     
 -0.277180088687372     
  0.166613399300322     
 -0.253433385739140     
 -0.562205378415909     
 -0.438964240530679     
  0.196098038120038     
  8.911375668541408E-002
 -5.343488346282621E-003
 -0.492199041682769     
 -0.541051377409839     
 -0.494497300396193     
 -0.126290704259232     
 -1.725106511062915E-002
  0.688127948175193     
 -0.330281371857333     
  0.417840053405193     
  6.523305077552927E-002
  0.666352297320201     
 -0.632722453125946     
  0.493431892732127     
  0.182172780092549     
 -0.623707415827905     
  0.461850800297702     
  0.875964645788606     
 -0.243259953818149     
  0.260104558876563     
 -0.505259218086092     
 -0.829984770901545     
 -0.473415485646504     
  0.458278034752278     
 -0.228116932095094     
  0.369670243361283     
 -0.298320186080946     
 -0.286720403127273     
  0.185589588161151     
 -0.286512566120181     
  0.182006690288766     
 -0.353114507367504     
 -0.768436261597352     
  7.209661509633097E-002
  7.910481050592040E-002
  0.206923789716959     
 -0.208214827253123     
  9.307975131565310E-002
 -0.635013227002263     
 -2.116184942136537E-002
  0.234334396511802     
  0.362748264023770     
  0.164104313893522     
  0.245038540077245     
  0.303341813428909     
 -0.626319376713364     
  0.143813338652067     
 -3.132872246949402E-002
  0.300956330682960     
 -0.177287856672834     
 -0.186123052911980     
   1.35682478311658     
  0.672564496822614     
 -1.395776288797998E-002
  0.442537946323032     
  0.573967552125808     
  0.107877237002591     
   1.16448864085777     
  0.347925832998570     
 -0.756600339931020     
  0.189831981987652     
 -0.593172835685533     
 -2.728287719311373E-002
   1.28035294446270     
 -0.112202024668049     
  0.110835332806242     
  0.641412716926507     
 -0.311884687042160     
  0.174993498065866     
 -0.796771637701780     
 -0.494891157555923     
 -0.818746058599724     
 -0.286486461711323     
 -8.163045857898536E-002
  0.734324298670747     
  0.270342941904928     
 -0.255948177864139     
  0.434967706192200     
 -2.249076415039025E-002
 -3.497620454322813E-002
  7.700942025663218E-002
  9.139598310256766E-002
   1.40147829336585     
  1.528590055388843E-003
  0.273685505767616     
  -1.10205845685393     
  0.963037739825230     
 -0.234269262229355     
  0.537646588620023     
 -0.588435052263637     
 -5.994338070496339E-002
  0.313992506604625     
  0.148569922654843     
  0.495705735029611     
 -0.392078656606669     
   1.02833751141588     
 -0.402620606995249     
 -0.249640644166605     
 -0.338067033548114     
  0.431120490005073     
 -0.692384776978655     
  0.148553195767990     
 -0.399101269069915     
 -0.557336692706456     
  0.170861423896753     
 -0.635092090301914     
 -0.310528406707355     
 -0.386863565629450     
  0.108507957541195     
 -0.282533157754162     
 -0.474856110478851     
  9.724792516690249E-003
 -0.245683225391278     
 -0.250123936090874     
  0.110921924316663     
  0.536824515711271     
  0.359638663290119     
 -0.223500823965560     
 -0.496063158178023     
 -0.297835645563290     
  0.149406985009274     
 -0.132029370567942     
 -2.217735378159995E-003
 -0.844413303823305     
  5.501231906024127E-002
  0.634517754931810     
  0.166546219668959     
 -0.149182622832136     
 -0.355587594845199     
  0.527324690957366     
  0.638645058419758     
 -0.159092001797289     
  1.498774834188629E-002
 -7.333554320282501E-002
  0.265629567085322     
  0.268847610727545     
  0.336379373718780     
 -4.772252984655756E-002
 -0.214751917657158     
  0.210038316140697     
  0.101734664854790     
 -0.562343785229774     
  0.443148791121054     
  0.349710220654948     
 -4.078394528777263E-002
 -0.604090350537231     
 -0.508211220831365     
  8.179545865709806E-002
  0.397960222045807     
  0.721116168842282     
  0.476449453454007     
 -0.585902313745633     
  2.507978225672109E-002
 -5.061535060880665E-002
  0.274283247232038     
 -8.313914969227210E-002
  0.157143861807219     
  4.984590669639603E-002
  1.724850859563622E-002
 -0.360792458558639     
 -0.353932882775396     
 -0.222484992606949     
  -1.32186632510373     
  0.263206382855316     
 -0.506988507883083     
  0.573062870102268     
  0.272298018552164     
 -0.369285813134432     
 -5.987235549675723E-002
  0.366506580517700     
  0.665776847102952     
  3.541882876209386E-002
  0.198039048301969     
 -0.213831964407860     
  5.609455070406846E-002
  0.357911196450737     
 -0.499172224975567     
  0.155071302195140     
  -1.10294723993247     
 -0.726004059748735     
  1.354664090491990E-002
 -0.886590554790835     
 -0.247222202726422     
 -0.354207492478487     
  8.388624672270560E-002
  0.956321809578868     
 -0.175613833225012     
 -6.361111873150313E-002
  0.394333090349960     
   1.09277255501647     
  -1.26707623224841     
  0.252708641398495     
   1.46765641718145     
 -0.834470639501503     
 -3.659774742722663E-002
   1.10222099067124     
 -2.074011349789856E-002
   1.39684327190800     
  -1.91568413555419     
 -0.505799940703834     
 -6.708348958448349E-002
 -0.241656248199147     
  0.396137247837921     
 -0.312871430934561     
 -0.422185334701577     
 -0.872140150641907     
  0.717386974204675     
 -0.718791759829859     
 -9.227437748618064E-002
  -1.31104437733876     
  0.364501608294634     
  0.631942199218792     
   1.17093309107265     
  -1.50506416019225     
 -0.213203600295603     
  0.644432033839768     
  0.239711287758779     
  5.652210158093330E-002
 -0.131008909352271     
  0.245436713925513     
  0.303451794799254     
 -6.543969063098114E-002
  0.656033956656678     
  0.176293449290277     
 -0.251855954308080     
  0.608121949887823     
  0.337923729764280     
  0.482489192098672     
 -0.512419786626781     
  0.540218186630449     
 -0.333313137819738     
 -0.103001064786207     
 -0.158014136309968     
 -0.410125971336231     
 -1.925118537761091E-002
 -0.862895404284553     
 -5.260788435726109E-002
 -0.167954770181772     
  0.563754318875583     
  9.427672809441510E-002
  0.320835466291439     
  0.177742474213341     
  0.137098609310377     
 -0.545375832274679     
  0.157710472220590     
  0.923230055079070     
  4.732152537986996E-002
  5.982947177618338E-002
  1.177486232797339E-002
 -0.323532275277051     
 -0.388004833868376     
 -0.176163280169445     
  0.155846550987600     
  3.527550320285650E-002
 -0.303833886611230     
  -1.01244068998666     
  4.009235820272455E-002
  0.572968239377845     
  0.651207498198999     
  0.295686151457390     
 -0.147342464697787     
  0.114726993700967     
  0.272784030345120     
 -0.183594695035132     
  3.747808732241904E-002
 -0.759855868016835     
 -0.234866489093148     
  0.292048375059519     
  0.161372086000954     
  4.719270388066375E-003
 -0.285386685010404     
 -5.482177738275296E-002
 -0.155090630278754     
 -0.284735926006030     
  0.358669772998507     
  2.138065304029855E-002
 -0.238468630710229     
  9.639732613580498E-002
 -0.491382472168107     
 -2.663525513180214E-002
 -0.451728039233435     
 -2.450518476026911E-003
 -2.821974479431297E-002
 -0.247105250394007     
 -0.697900096195755     
  0.245230620679010     
  0.495387928692176     
 -0.202690985300621     
  6.624736356373714E-003
  0.130441087614761     
 -6.699261046418993E-002
  0.279146291093084     
  0.277382979757083     
  2.416387205387104E-002
 -0.176511541207645     
  0.216599975362318     
 -0.355932150479591     
  0.387928957946631     
 -0.677813716744243     
 -0.158562374715475     
 -0.365080726860656     
  4.180537034813467E-002
 -0.227501046084745     
  0.361092406397013     
  1.056930416300211E-002
  0.393707776693147     
 -0.295694113302700     
  0.887671712755825     
 -0.269941632625338     
  0.851928031838812     
 -5.104901446879925E-002
  0.487716536525663     
  7.221809259109130E-002
  0.147269413661067     
  2.835294034836950E-002
   1.33391099440791     
  0.817696102596523     
 -0.801014679578663     
 -0.349229110198681     
 -3.605386924878018E-002
 -0.328044089025528     
  4.312409131441183E-002
  0.277915190100079     
 -3.832986444418551E-002
 -0.270041717647992     
 -0.107558699197367     
  -1.15699717998432     
  0.744185165428341     
  0.441668104381739     
  0.254234613638907     
 -0.114618831405138     
 -0.157074168038524     
 -1.710468535416394E-002
  2.053494891112539E-002
 -0.228391336317668     
 -0.593462452020221     
 -0.271312655021833     
 -0.398824279550533     
 -0.240178430613063     
 -0.233767903001191     
  0.656748125516119     
  4.476458863114970E-002
  0.449141387253119     
  0.428955267352379     
  0.339653812652975     
 -0.749620712977680     
  6.782429703934136E-002
 -0.596018679232943     
  0.417484299389399     
  0.487651574145430     
  0.693426621563901     
 -0.595419329422838     
 -0.108169263973858     
  0.125658850963172     
 -3.372133836242634E-002
  0.125278316976893     
 -0.172643944258237     
 -0.189552390055393     
  0.128482158966683     
  0.355512615436105     
  0.450950699487367     
 -0.586904509300664     
  0.263457966748256     
  4.514751272172401E-002
  8.828942007780649E-003
 -0.802403034722652     
 -0.506859852461990     
 -0.369157283150000     
 -2.944342078117715E-002
  0.202619598631598     
  0.138468791022473     
  0.316963255864248     
  0.860821793587934     
  0.498228877734775     
  -1.00846233879523     
 -0.726539730937644     
  5.671101087313703E-002
 -0.335177069559499     
 -6.370504526419851E-002
  0.697432397317378     
 -0.370154576213655     
 -0.216907205215831     
 -0.357926425981866     
 -0.183858010845274     
 -0.497728579938520     
 -0.830661365667986     
  0.930274047000687     
  0.565043973372944     
 -0.748517636211062     
 -0.442042111494000     
 -0.411872270973718     
 -0.192615542637653     
  0.689602399549002     
 -0.472838991484422     
  0.161953769181842     
  0.465053894108795     
  0.150834140874951     
 -0.446415160268836     
 -0.993986925666911     
  0.171340145425288     
  -1.72901814223071     
  0.102794726258453     
 -0.594452060325636     
   1.00506649761322     
 -0.319780992008220     
  0.404798581601313     
  0.593214796370407     
  0.476322887806975     
 -0.649917155033326     
 -0.237652329663800     
  0.597677543217990     
 -0.439440281760871     
  -1.17992142164136     
  0.219547851268025     
  9.300976058487935E-002
 -0.311122732972553     
 -0.260872785786556     
  0.247387932406000     
  0.185248034482583     
 -0.351339453384161     
 -0.199602317485716     
   1.37866116698764     
  0.127690913654009     
  0.294831534163021     
  9.602443411816754E-002
  0.963870533527658     
  5.890597026427123E-003
  0.361937390773099     
 -0.443678599366882     
 -0.286966716527804     
  -1.56037396991592     
  0.456761466367894     
 -4.150256932744681E-002
  0.190122050978782     
 -0.718204103325807     
 -4.182807273744798E-003
 -0.736854092801261     
  0.590387273316784     
  8.874484259201511E-002
  0.108470240886317     
  0.366319664734439     
  0.291090247025583     
 -0.120971711020894     
  0.220179659309235     
  0.280282116613887     
 -0.528504824794082     
 -7.141764671583438E-002
 -4.809613656239605E-002
 -0.552868348954412     
 -0.451807884343172     
  0.576152716053709     
 -0.162653247370099     
 -0.239898603368353     
  0.793128484309632     
 -2.102522363915251E-002
  0.293668394888560     
 
 -0.350827752201287     
 -0.481435738646672     
 -0.131427225932773     
 -0.579816933602938     
 -4.004812495822148E-002
  0.394693931173844     
 -0.451833057226482     
  9.910824631478148E-002
  0.117413330974071     
 -0.213914736309483     
  0.173469982557401     
 -0.492265179602390     
 -0.422364521822653     
  0.289088304404912     
  0.252017969074596     
 -4.636001190872373E-002
 -0.332953224176844     
 -0.223192257283328     
  0.314292479910654     
  0.168431176617350     
 -0.334147098612637     
 -0.475400377044513     
 -4.898133748448206E-002
 -3.010147057315675E-002
 -7.358225660547330E-002
  0.418936756204128     
 -0.226238232555389     
  0.239985059980807     
 -0.305618055317190     
  0.274194867031267     
 
  0.690952530534078     
 -0.454033976173233     
  0.409738029789536     
  -1.11095552224861     
 -0.179628147600464     
 -0.268952531887472     
 -0.449346991013849     
  6.192900307104528E-002
  -1.01653135103720     
  0.483991761086426     
 -3.028565393853986E-002
  0.404098967017984     
  0.666644041482709     
 -9.156217710404785E-002
 -8.223369175203353E-002
 -0.262291820722475     
  0.476533243293460     
  0.579426421580789     
  0.153494080943470     
 -0.331948740730024     
  0.189701127021468     
 -0.749974181793145     
  0.667643179593629     
 -0.144242810654394     
 -0.989968872163664     
   2.04276961828939     
  0.261021082094331     
  0.317663195665068     
 -0.718276160008135     
 -0.291172982965311     
 
 -3.939104761904762E-004
 
  tansig  tansig 
