     33 -    30 -    30 -     1 
rmse=  24.6991meV
 -0.121619820859334     
 -0.192087553870447     
  0.182919859226792     
 -0.432728531711047     
 -0.456410946972375     
  0.473074802702090     
 -0.313091960423390     
 -0.234795995751814     
  0.290503306905657     
 -0.539336144218735     
  0.208596362104174     
  0.326964708053555     
 -0.232013502751105     
  0.259693862108458     
 -0.317701987321847     
  0.130030141801092     
 -0.306820352573226     
  0.481990039594421     
 -0.100984878318852     
  0.113147836805457     
  0.251355230537879     
 -0.133493014448439     
  5.963095267636412E-003
 -4.323440115734919E-002
  0.173095894364780     
  9.888144224264790E-002
  0.119091390741724     
 -2.484258966975972E-002
  3.208890552955956E-002
  0.153463127486666     
 -0.341600884230457     
  0.229180688851147     
 -1.954883461248509E-002
  0.398277637671637     
 -0.506442626784545     
  0.314027447921009     
 -1.089051850887133E-002
  3.473149274550472E-002
  9.505234359450342E-003
  0.587269580402964     
 -5.518444079035405E-002
 -0.451596351724277     
 -5.941411106838900E-002
  6.855482750389318E-002
  8.020131797774759E-002
 -0.488241816161614     
  0.623152420064657     
 -0.355104532026318     
 -0.123814326490900     
 -7.488437341265242E-002
  7.736514911932312E-002
 -0.151066292870971     
  0.193772545512117     
  0.165830483547697     
 -0.191051746212842     
 -0.331153526237833     
  0.471181938592264     
  8.040873436407039E-002
 -0.392176636758759     
 -0.136142516640130     
  0.867987376187139     
  2.374295678736023E-002
 -0.781580800652092     
  0.511079918427441     
 -0.457975432599927     
 -3.683128522894775E-002
 -0.642913904804714     
 -0.297320203854769     
 -0.234590600062950     
 -0.210855782549028     
  0.636539817222897     
  0.265053346816127     
  0.633889899087486     
 -0.136683031978565     
  0.107287873094693     
  2.725556733697657E-003
  0.269358827436819     
  0.312376737705245     
 -2.817970192473402E-002
  1.886075827692418E-002
 -0.162910861835479     
  0.560795883825087     
 -0.630011795056905     
 -0.183551867615426     
 -0.257034471568162     
  0.278172756543190     
 -5.227114316556699E-002
  0.133760366907553     
  0.599903166626339     
 -6.619887435960458E-003
  0.201206942029084     
 -0.278081699974600     
 -0.186760740292569     
  0.616253981520044     
  9.245959254237762E-002
 -6.091408514124376E-002
 -0.811817190475699     
  0.506261406830822     
 -0.292062884130982     
 -0.143247670531722     
 -0.254902348714549     
  0.438405117712663     
 -0.102405597485642     
 -0.211683411779703     
  0.160784948439564     
  0.968055937901745     
 -0.170052330616797     
 -5.593528755753000E-002
 -0.468154331534318     
 -0.533801468207662     
  2.058106111181085E-002
 -0.149879851161896     
 -0.154721074060231     
  0.163319810683789     
  2.181451169986779E-003
 -0.917510631872576     
  6.496136755100770E-002
  2.345564407214416E-002
  0.128261697801517     
  0.708739662293688     
 -0.101781712631855     
 -6.098134922116533E-002
  0.479877144820154     
 -3.067437558907034E-002
 -0.349375346029949     
 -0.177243868622686     
  0.194572170636013     
  -1.04641158395607     
  0.243120032565565     
  0.202031005405786     
  7.200350509173475E-004
 -0.160361079292973     
  0.337536309295836     
  0.115237550562512     
 -9.703377645776987E-002
  0.352682732937871     
  0.182050423583657     
 -0.289592707231114     
 -6.684641771883207E-002
  0.328819458670615     
 -0.254870031312036     
  0.269293341948657     
 -5.058753780775568E-003
 -0.240245129818234     
 -0.102759279778570     
  0.116029167473904     
 -2.060689319066104E-002
 -0.122355896755055     
  0.277565159135745     
 -9.357784997527391E-002
  0.107547803397528     
 -9.723025998779024E-002
 -0.302740154580917     
  3.884329666071298E-002
 -0.255462289774203     
  1.316986785046071E-002
 -8.557931930527535E-002
 -0.301312597028143     
 -4.244159200549627E-002
  6.916657426503346E-002
  0.630642059340286     
 -4.009534605441148E-002
  0.179498171302467     
 -0.224180642104283     
 -6.693825988441821E-002
  0.393016740974832     
 -0.599515835109783     
  0.857248865806210     
 -0.317701332555624     
  0.399033060830733     
  0.308750834444843     
  0.433338965143041     
  0.376106210160664     
 -4.689141465227415E-002
  0.263538690834940     
  0.367310930457128     
  0.650834652177014     
 -0.859489826791893     
 -0.533452034035931     
 -0.114614526402610     
 -0.280728124499166     
  0.562197460243024     
 -0.256359836362289     
 -0.457138822039786     
  0.248300433529238     
  0.705845439681129     
 -0.321434545530276     
 -0.113921267009346     
  0.850852334254329     
 -3.999904680445009E-002
 -0.618525978232173     
 -0.106765302008650     
 -4.245707652329404E-002
 -0.829370718110885     
 -0.110810780220044     
 -0.287983619856939     
 -0.480536083681252     
 -3.307448691725329E-002
  0.530823209456146     
  0.697015431682854     
 -0.524602184946073     
 -0.355660753610297     
  0.959953645261853     
  -1.03194456276696     
 -7.185438721695640E-002
 -0.443738063397648     
  0.238944982261315     
  3.257382304846997E-002
 -0.512101953535101     
 -0.174483016774157     
 -0.291666806926531     
  0.461388705279639     
 -0.501798882930116     
  0.231384253401507     
 -0.127765528691266     
  0.250836080603437     
  1.529883367810905E-002
 -0.181538690170446     
  0.374101612140809     
  0.155251090717674     
 -0.310272723196910     
  0.144058579517196     
  8.492618040824521E-002
 -0.707879862428984     
  0.106247255480757     
  0.503107092255412     
 -0.296948668466571     
  3.275220433543664E-002
  0.526206481849771     
  0.282741395368292     
  0.314820407317175     
 -6.099758066281114E-002
 -0.367068417062457     
 -0.733881023491744     
  0.187462994875119     
  0.153653131687087     
  0.191354600986578     
 -5.954700602225217E-002
  0.139103914660835     
 -0.120590767521045     
 -0.576070436194499     
 -0.249642216254723     
  0.419015676474246     
  0.212537187587611     
 -0.248739155337334     
  0.464447703215964     
  0.416052102071855     
 -0.603595434485323     
 -0.495137373408022     
  0.153234046254696     
 -0.145070383681797     
  0.146145866406078     
  0.237235274321275     
  9.607968694448873E-002
 -0.280892079768642     
  0.122550437845907     
 -0.149479371728881     
 -3.925980084773745E-002
  0.607138050457634     
  0.678561661408956     
 -0.586753703837863     
  0.586227885996523     
 -0.780725369486732     
 -6.364323287364190E-002
  1.449765761635480E-002
  5.119735664461827E-002
 -0.411398376635453     
  0.646253182922821     
  0.178977674505291     
  0.179844535084562     
  8.218179243450656E-002
 -6.999950356993545E-002
  0.136358783606204     
 -0.129925509465142     
  0.571281421156615     
  0.263284956769190     
 -0.215465771242147     
  0.258491863315571     
 -0.635772692498627     
 -5.293644651770558E-002
  0.391396424731701     
  2.976625168186969E-002
 -0.266340828738087     
  0.127215878743994     
 -0.117295742110643     
 -0.340816675531703     
 -0.468956024571722     
  0.180895482119878     
  0.499753432068624     
 -0.202851544412622     
  0.135930910341898     
  7.415165760407612E-002
  2.395530527493577E-002
 -0.294628071629819     
  0.227679765535714     
 -0.201372833049655     
  0.403335151340234     
 -0.277419792167547     
 -1.694898167065856E-002
  0.492718437490659     
  0.989005892434547     
  -1.21832177358090     
  0.389296106274207     
  0.863548912773964     
 -0.678752487840460     
  4.529303942870860E-002
  -1.08617764080381     
  8.977830588026144E-002
 -0.279443156916812     
  9.562096802024318E-002
 -0.393332249198607     
  0.113308513489216     
 -0.339534026026789     
  0.830757603019237     
 -0.682176354025669     
 -0.346837674184194     
  0.297659481486983     
  0.547374355005758     
 -0.476222807491536     
 -9.108900863537708E-003
  0.260186548036897     
 -0.376737686985421     
  0.400881901659972     
 -2.857098985996189E-002
  -1.11054601008559     
  0.597400458042525     
   1.08056342760410     
 -6.322862856795394E-002
  0.189459793845141     
   1.25929465336032     
  0.366326041364337     
  1.521838224920515E-002
 -0.626562382264392     
 -0.158936938092369     
  0.149811314230812     
 -0.559224113621466     
  5.624033660057925E-002
  0.637791697257255     
 -0.200487102223186     
   1.12021694850898     
  0.276941388344611     
  0.249468708826526     
 -0.239594062618450     
 -9.491827431389269E-002
  0.120337277025230     
  0.394335846225746     
 -3.124863804198134E-002
 -0.232769848189035     
 -0.306316962211193     
  6.235872174632574E-002
  0.651605434797035     
 -0.162692238764110     
 -0.130882291395872     
  0.256681324470506     
  0.234540709525878     
 -0.724978849102312     
  9.226307611606871E-002
  0.432283740132246     
 -0.153417960686080     
 -0.808942847714824     
 -0.300339743637888     
  4.382982102900953E-002
  0.482928651439365     
 -0.367321085563599     
  0.612284704810090     
 -0.124220043053040     
 -0.452215561089919     
  0.714629487104155     
  0.931265577006201     
 -0.733706440838742     
  0.458546880144288     
  9.167645323563024E-002
 -0.285176470995888     
 -0.342266741795160     
 -0.221687929260045     
 -6.778382746032977E-002
  0.344096442029366     
 -0.422631542429549     
  0.138762360353239     
  5.180389591124661E-002
  4.621582059902619E-002
  0.181377986504575     
 -0.200373228847162     
  7.499550672903679E-002
  0.239779719713744     
  0.580429634377601     
  6.259299750699000E-002
  0.109445544499708     
 -0.143049177448622     
  6.246058616314418E-002
 -0.739796105490401     
 -0.773037621011552     
  1.108336794216365E-003
  0.275985801011921     
 -0.242031651523582     
  0.119742836842814     
  0.181291386024681     
  0.285057041919299     
 -0.491119636615807     
 -0.461396902256862     
 -0.258207862206038     
   1.42758982925119     
  2.433883449439917E-002
 -0.434889259108089     
  7.779035099074019E-002
 -0.315746654402911     
 -0.235977710329392     
  0.217552586238167     
 -0.108171641150423     
  0.493628750555016     
 -0.448735400928283     
  0.142372493743421     
 -0.703266956638308     
  0.638322840036243     
  7.688291635214288E-002
 -0.154024834843384     
  0.290994095641865     
  7.357006746050891E-002
 -0.260163528764017     
 -0.115867377426844     
  0.279811885681434     
 -0.178545787129883     
  3.689807669685719E-002
  0.532900140874480     
  0.776204362101506     
  0.226924565902638     
  0.502468446195417     
 -0.602592868238839     
  0.347055604266862     
  0.705848084280762     
 -0.119183500136889     
  0.312972696160030     
 -0.489722583404137     
  0.577818427557599     
  0.349686611331218     
 -0.388971713558674     
 -5.191000145232159E-002
  0.338766292295292     
 -0.484634239791461     
 -0.197328192824186     
  0.147157065978094     
 -0.244401100630280     
  0.322287347430013     
 -0.394931344010856     
  0.203981404457368     
 -5.523589366634563E-002
 -0.248260398382545     
  8.290149215444204E-002
 -0.123035985897370     
  0.672005840540631     
  2.824751536802192E-002
  0.305892927436851     
 -0.109299111253336     
  0.216342320091053     
 -0.601803255352250     
  5.018989168539899E-002
 -0.187599982673221     
  0.508299900993245     
  1.892587965209357E-002
 -9.582819975171294E-002
 -0.135221045537478     
  0.174146644060112     
 -0.775925406488600     
 -0.603833335506419     
 -0.334973605691873     
  0.414591371254662     
 -0.102704627125900     
  0.761613783649452     
   1.67532309801218     
   1.48023792373186     
  0.912290508884238     
 -0.201924190782479     
 -5.726297728648598E-002
  0.486541448136159     
 -0.413615730534690     
  0.903853706274934     
  0.479086619660669     
 -0.745467433975600     
 -0.209262351809677     
  2.425142548509636E-002
  0.823288647259424     
 -0.927742008026174     
 -4.600267440506486E-002
  0.566984608102820     
  -1.20602674747237     
   1.47738613848908     
  -1.87366797160236     
   1.22892469270158     
  -1.66475054842713     
  0.739112708915851     
  0.501982174173667     
  0.243492759300536     
 -0.576068916308660     
 -0.127746446878236     
 -0.395475836868098     
  0.234859933480234     
 -0.356944721419027     
 -0.328091257552493     
 -0.629440017364456     
  1.883359776418313E-002
 -8.679433770463485E-002
  0.624327928050848     
 -0.560901789312033     
 -6.417712332554845E-002
 -7.610918628676092E-004
  0.406386566472179     
  0.329374868138670     
 -0.244549185601122     
  0.316206099468944     
 -0.108874515750199     
 -0.100487935442488     
  7.206410688975195E-003
  6.604430205041761E-002
  6.625409737341717E-002
  9.185572717230291E-002
 -0.549506160661956     
 -4.327031497084814E-002
 -0.191158285265448     
  0.178791332065719     
  0.255604414002960     
 -7.248397712165131E-002
 -6.738817487880880E-002
  0.772713757194676     
  0.322330724081240     
 -0.125068514820979     
 -0.129272189546540     
  0.891876897236803     
 -0.894194965248651     
  0.164871783636625     
  0.413868327871565     
  0.708586090565835     
  1.383606076955645E-002
  0.159377933648363     
  0.378177882810361     
 -0.702288652437023     
  0.713181527666753     
  0.125853809718063     
 -0.287088898459342     
 -0.212655575125929     
  0.551028620398452     
 -0.992458211436022     
  1.497277872294010E-002
 -0.113244315538904     
  0.460451615663308     
 -0.162372025430281     
  2.305292741905186E-002
  0.150427864964659     
 -0.170044071654527     
 -4.689543358342456E-002
  0.305410403096071     
  0.103936908740521     
  0.664923752735975     
  0.214505472774316     
 -0.760159525504091     
  2.578286375012931E-002
  5.071950035091874E-002
 -0.357932040217166     
 -0.321249256608162     
 -0.142355757961886     
 -9.169588437529592E-002
 -7.842022217355189E-002
 -0.297854735951571     
 -0.275586385869732     
  0.641599836321768     
 -0.492797733302317     
  2.891083869910554E-002
  0.489634563319055     
 -0.184927061872343     
  0.332726658186738     
  0.152467976005537     
 -0.267531752882877     
  7.992501765705970E-002
  0.413201510434539     
 -0.139780826792476     
  0.278365749327714     
 -0.186214057998916     
  0.137826822860857     
  0.311351926564600     
 -8.171193649176567E-002
 -0.120148902967878     
  6.186896692809085E-003
  8.417489316282174E-002
  7.733878817451720E-003
 -0.126397170838962     
 -0.597363845789880     
  0.484600504292940     
 -0.511349574990038     
  2.846367691158278E-003
 -0.181026635883279     
  6.920248714696102E-002
  7.063532928745841E-002
 -0.333952670327467     
  0.182984287918031     
  0.169610655598624     
 -0.231379606120068     
 -0.846000841413729     
  0.315335911045058     
  0.727479563024016     
 -0.191026733439377     
  0.172953641089016     
  0.428137921051391     
  2.251903715081541E-002
 -0.509494623278359     
  0.281398238111816     
  0.119452314413717     
 -0.892419947627958     
  6.790477701396480E-002
  0.647190779087129     
 -0.635118111381363     
 -0.611324367608260     
  9.530160556877805E-003
  0.579028826981901     
  0.148933784714868     
  4.404364811668916E-002
 -0.850076389704211     
 -9.249413901219354E-003
  0.162386708653305     
  0.364266256735198     
 -0.304098703506778     
  0.473673273071344     
 -0.355278500496765     
  0.103164902210132     
  0.217771502197760     
  0.125454402988883     
  0.245943247978120     
  0.353412048889149     
 -0.797210997130849     
 -0.275443816681315     
  0.238846634637222     
 -3.196932552481267E-002
  0.528628881875443     
 -0.373245484784568     
 -0.800886581194067     
  0.153768414803845     
 -0.802041839249868     
  4.765719834733954E-002
 -0.232788842768886     
  2.318148251048827E-002
 -0.602506007783593     
  0.268889163699680     
  0.241388341459114     
  0.468954922007059     
 -0.550238832268172     
 -0.105480175655105     
  0.189927324571263     
  0.141770205373915     
 -6.661441923519987E-002
  0.351292145823522     
 -0.177221192862168     
 -0.395407582517918     
 -0.300143865514016     
 -0.395125454705087     
  0.286964569395322     
  9.242741109677473E-002
  0.612291823634146     
  0.272259639648171     
  0.389828332615258     
  0.254222044299609     
 -0.234428068682123     
 -0.104592761254697     
  0.119784112897320     
  0.177449131830123     
 -0.339600432950322     
 -0.449851339786307     
 -0.238056510780911     
  0.111818901889964     
 -0.319539538988920     
 -1.816810043831155E-002
  0.115885711442087     
 -0.105500202133959     
 -8.624197673971490E-002
  0.180217905449488     
 -0.424389431089350     
 -2.917019388899124E-002
  5.410180743995981E-002
  0.116653132166054     
  0.589187036048966     
 -0.768962035237167     
  0.245850008780231     
 -0.216819225272969     
  0.139316922002336     
  0.167200982866399     
  9.580345941635623E-002
  0.599207135257300     
  0.269774061403857     
 -0.585365254306123     
  0.113403224237412     
 -0.224115494121981     
  0.704914159246295     
  2.900179307612658E-002
 -1.594291043640320E-002
  0.746369227524040     
 -0.152409134493532     
  6.679963907957705E-002
  0.317966338335077     
 -0.699302145383180     
 -0.518675322084346     
  0.432177963644871     
 -0.439806808513556     
 -0.136771582580975     
 -0.329339838928156     
  3.989597042386776E-004
  3.148583738640447E-002
 -4.158687704069286E-003
 -0.300555324669422     
  0.572167548076137     
 -0.767728731120905     
 -6.003096552369266E-004
  0.444148508348190     
  0.663995848623011     
 -0.239801538855265     
  0.419392238123196     
 -0.348588031663807     
  0.201110776070192     
  1.674438183788129E-002
  0.110782479282334     
  0.795195901351601     
 -0.658146913603761     
  0.194878375964682     
  6.558681484353346E-003
  1.831589294854407E-002
  0.395662448562575     
  0.580974132017467     
 -2.343568321293996E-002
  0.683436147636094     
  0.124502640071241     
  5.999968294966210E-002
  0.128047440516565     
  0.125310757804101     
 -3.845907725213027E-002
  0.456312515847168     
  0.262456616565761     
  0.102660957160525     
  0.312337112149080     
 -0.299725417804522     
  0.346942645936782     
 -0.205620233468443     
 -0.225216444174096     
  0.220002172494032     
 -8.537316026759233E-002
  5.439007642234242E-003
  7.924714895065404E-002
  5.776003232395079E-002
 -0.132476552290132     
  4.344619463146641E-002
 -4.657477504024322E-002
 -9.240383002473229E-002
  0.156055581670769     
  5.935155499801257E-003
 -3.549266390953198E-002
 -1.691539038541242E-002
  0.134967196834830     
 -9.825234310678413E-002
 -6.963629399744625E-002
 -0.260229554810249     
 -0.312848282625340     
  0.471577496112131     
 -0.449659815586565     
 -8.947585702696693E-002
  2.710257360374681E-002
 -0.808727748668639     
  0.315680353332669     
 -0.517845791837941     
 -0.413833153789794     
  0.529156593475332     
 -3.471288189275574E-002
  8.682031837608589E-002
 -7.443920272344973E-002
 -0.222458010836004     
 -0.238984781754542     
  0.433849575541085     
  0.110256035787031     
  0.186265988175188     
  4.312030188355021E-002
  0.216136509221178     
 -0.160337661929140     
  0.301933923904768     
  0.194418466000158     
 -0.209997540473287     
 -0.105341182598898     
  0.196762660434832     
 -0.418670820422967     
 -0.414196663024739     
  0.552631619558422     
 -0.459079164052856     
  6.490552799098662E-003
 -0.247108291298882     
 -0.173983572016463     
 -0.289668464701528     
  0.501661307132171     
  0.172259593932503     
 -7.097082114921484E-002
 -0.749877206637691     
  0.526886592531555     
  -1.18227799581216     
 -0.159579151345478     
 -7.723491866556909E-003
  0.587704272452428     
  0.236415254333578     
 -0.566886051801550     
  0.180274326935914     
 -0.509837176824052     
  2.193193367072864E-002
  0.733312556909589     
 -0.557455292213883     
 -0.114272675272877     
  0.192620154806519     
  0.543727104095800     
 -0.156748527788027     
  0.518129322785221     
 -3.994188766264300E-002
  2.957882221291297E-002
 -0.618622140996977     
  0.244333261062163     
  0.202626337804735     
  0.638867287549060     
  0.250001488761609     
 -0.677152884846372     
 -6.193610489436922E-003
  0.490826907406648     
 -0.637101552551894     
 -0.644262698059980     
  0.177613878168790     
  0.690137551210399     
 -0.584807629222661     
 -0.388619897693114     
  0.308456889276576     
 -0.318665086726265     
  0.324818342331056     
 -0.101757199245777     
  9.726926432854875E-002
 -6.331049711575285E-002
  0.154471633186281     
  7.192285459331026E-003
  0.158311505579670     
  6.493942424539469E-002
  0.269286122757583     
 -0.233104659426423     
 -1.934982260065016E-002
  9.679024906055543E-002
  0.159260381513007     
  0.351795176956047     
 -0.857102449245785     
 -0.170454121884527     
  0.159529033341660     
  0.377040381687257     
 -1.293390976666522E-002
  0.358193402407839     
  0.174770864310982     
 -8.778440062889278E-002
 -0.310274246782759     
  2.024044259049225E-002
  0.198269609153649     
  0.487983282426499     
  1.272288703694930E-002
 -0.501171993849089     
 -5.921745461913124E-002
  0.350815104805717     
  0.333350694280086     
  0.339038783051952     
   1.11083565468266     
 -0.376178700864960     
  0.115611232481075     
  0.741328018233798     
 -0.363913280312068     
  0.135899459600692     
  0.430403784294063     
  0.214661191621398     
 -0.156099868946312     
 -0.245201666769044     
 -0.271996081814401     
  0.335492452769079     
 -0.178361632229670     
  0.445893353046502     
 -0.170997491460797     
  0.160439802462095     
  0.174594982997163     
 -0.336001709818273     
 -0.138216093630209     
  0.314038541267695     
  0.367525448445235     
 -0.333787586128903     
  0.433239707435637     
 -0.863353678285837     
  0.101252113353198     
 -0.240974406045911     
 -0.260338847622685     
 -0.766016911083766     
  5.490797685316372E-002
 -0.272452984312709     
  0.450048580897322     
  0.513714575428225     
 -0.432618887780439     
 -0.299839550066253     
  0.835963706935571     
  0.213606488449007     
 -6.917673232650015E-002
 -4.968728451668913E-002
  0.358425392354097     
 -0.106055937285258     
 -0.321926872865723     
 -0.274585645994576     
 -0.308669140001562     
  0.221445845819142     
 -0.311135807687196     
  0.422611043131599     
 -0.554897102968350     
  0.105405566499769     
  4.487924190521921E-002
  0.252148539603883     
 -0.356539909969291     
 -0.457832113587189     
  0.284612101144784     
 -0.106863530143804     
  0.287483620415033     
 -0.333339803429864     
 -4.682565122838787E-002
  1.051222572971036E-003
 -6.179254230758984E-002
 -0.236447820971809     
  2.879083862095876E-002
  0.607703611276272     
 -0.108789434946298     
 -4.615980883181518E-002
 -7.583247723180316E-002
 -0.385725603368203     
  0.386111968032954     
 -0.261209949304893     
 -0.380238888177725     
  0.518540519805454     
 -9.096948359607508E-002
 -4.587247388695564E-002
 -0.496734818364707     
  0.593636269680462     
  0.326429526730714     
  0.642539459559126     
 -0.405343289429740     
  4.528850304820037E-002
  0.125822321633912     
  0.475726183183928     
 -0.175965416278841     
 -0.882487896292123     
  4.028832838056830E-002
  0.265542967505642     
  0.156967641734475     
 -0.325564067383992     
  8.210396698680011E-002
  6.161469519795831E-002
 -1.650239769232455E-002
  6.352681470432209E-002
  1.561486344452905E-002
  0.314429538927745     
   1.12450137508663     
 -0.762313313925777     
  0.234328237918008     
 -0.808628904149121     
 -0.363072911199537     
  0.340363488484970     
 -0.104111367180443     
 -4.792929716745581E-002
 -3.668166197342983E-003
  0.130758944333085     
  1.979059472335640E-002
 -3.595481554205667E-002
  8.098717054860893E-002
 -0.150058911318985     
  0.657390401334740     
 -0.129021127156000     
  0.325693072438335     
  -1.06512259471062     
  5.585604585820574E-002
  0.313535335341886     
 -0.304662712889522     
 -3.804776389381849E-002
  0.304680361858891     
  0.254636274499558     
 -0.116781194262635     
  7.722781764191892E-002
  4.043079768046406E-003
 -7.545757693822226E-002
  0.504402376029001     
 -2.774276576165581E-002
 -0.497393107673079     
 -2.928998275052084E-002
  3.310473952261928E-002
 -0.385148709571508     
  0.125718470916111     
  2.536855970055244E-002
 -0.174231121473972     
 -0.242376719793805     
 
  0.252579861192890     
 -4.503015695430504E-003
  0.178421690506921     
 -0.212893136404518     
 -0.135834944572912     
  0.638107208178122     
   1.41734566727509     
  0.236733727893520     
 -0.122668075753199     
  -1.80678537315202     
  0.503158935926306     
  0.669556773550165     
 -0.423743239497295     
   1.05987962196044     
   1.03636883885588     
 -3.731558630663928E-002
  0.607223510510561     
  0.360679265777355     
 -0.297137435578993     
 -0.482820746083614     
  0.278424702098808     
  -1.29026302628760     
 -0.201192151008729     
  1.394821641545042E-002
  0.494557051575682     
  0.333874610461999     
  0.642857169643001     
  6.444607819403893E-002
  0.211298975555701     
 -0.165717968384904     
 
 -4.851266083516676E-002
 -0.869309719618530     
 -0.894422089238065     
  0.311729819283328     
 -0.196359269009110     
  0.345593621621834     
  0.432852010787818     
  3.325664877847033E-002
 -0.653121304106314     
  0.109443037947067     
 -0.611493256968601     
 -0.323148981712857     
  8.699240846839833E-002
   1.07951669213661     
  0.449140860367181     
  0.159015308654999     
 -0.469459687655817     
 -6.139878822469446E-002
  0.950133754487816     
 -8.774243694511592E-002
  0.292239758089705     
  0.449524029122560     
  0.286406278258041     
 -0.101102671556915     
 -6.880489420711873E-002
  0.442321869531597     
 -1.193965480587586E-002
 -0.313377407175287     
 -0.225916253463470     
 -0.583384461034534     
 -0.309303147472088     
  0.122752480662634     
 -0.160604123186509     
 -0.151243307653921     
  7.924667964139534E-002
 -0.149703593763148     
  4.893508855510928E-003
 -4.631399462154892E-002
  6.373277626158243E-002
  0.820007288982802     
 -4.654807166890385E-002
 -0.107643949804982     
  1.380695525004894E-002
  0.318573649592870     
  0.789983927503724     
  0.387307886035044     
  0.484697140961740     
 -0.371834666166236     
  7.012215618454594E-002
  0.234688918509998     
  0.166036653130929     
  0.323213911250408     
 -7.989874664506588E-002
 -0.319928558157889     
 -0.140775890151851     
  0.717666992150795     
 -0.177805168123857     
 -0.270172553927501     
 -0.364197836404839     
 -0.281540837015684     
  0.467578072656633     
  2.917096782062301E-002
  0.139408513444903     
 -0.212626600656370     
  6.549626048093217E-002
 -0.150057817903830     
  0.334265088407319     
  0.732593173149381     
 -3.121472081772486E-002
  0.424924783778825     
 -0.519503249217952     
 -0.669092937041355     
 -0.675153397746119     
  0.784492197866061     
 -0.594619361861686     
 -0.270872787138531     
 -0.448831695886066     
 -0.401366357215531     
  0.110835126676775     
 -0.540532352613641     
 -0.247688119791762     
  2.016875500155442E-002
 -4.550788462661799E-002
  0.180423201848236     
  0.188414727591131     
 -8.773137540906628E-002
 -8.176017020523266E-002
  0.118254679365943     
 -0.222877539281708     
  2.971181300970998E-002
  0.475742763828606     
 -8.669843525049672E-002
 -0.393547766622516     
 -0.503843719631687     
 -0.728967384339432     
  0.376421469883100     
   1.09307108384883     
  0.652034583839433     
 -0.193811534832334     
  0.178545698711959     
 -0.494331888261350     
 -0.144097318853408     
  0.633935667078788     
 -0.272037584299659     
  -1.04832688919862     
 -0.279585312116821     
  0.482166136323029     
 -0.789531355537269     
 -0.124477084880620     
  9.236268634597107E-002
 -0.837326027486723     
 -8.312251267354806E-002
  0.258444172534220     
  0.378568474430187     
  0.317454141971850     
 -0.189518019185334     
 -5.271068372078698E-002
  0.245044322495512     
  9.831406579169534E-002
  0.569318881603446     
  0.555026632298207     
  0.147771847056800     
  0.338332889313970     
 -0.448558824478120     
 -0.612718044687273     
  0.315881239199535     
  0.916751754333198     
  0.378179683593102     
   1.25168045930477     
 -0.598314987104525     
 -0.528703043509342     
 -0.161487876228495     
  0.464335330283314     
 -0.833767472738816     
  0.467702096589470     
 -0.343162785727278     
  0.165438457636661     
 -0.319126035316536     
 -8.992053064551475E-002
 -0.253997510287664     
 -0.144145458196336     
  0.852980131310423     
 -0.626956975230943     
 -0.291733543768479     
  0.388782678384983     
 -0.730219240699345     
  1.905835498316490E-002
  0.593050007853612     
 -5.690348244527452E-002
  0.267163669979229     
  0.173606035664037     
 -1.638306704754074E-002
  0.529899741558186     
  0.651155794405778     
  2.646649066901147E-002
 -0.342211108704972     
 -0.242169438807316     
 -0.309969463540059     
  0.255706405267275     
 -0.777461741754771     
 -0.442120102474779     
  0.769334212518875     
 -8.950476092810158E-004
 -0.387714796345627     
   1.10387571581904     
 -7.628267569555627E-002
 -0.454362884594216     
  0.795794335426215     
 -1.194566388363597E-002
  0.612027718291834     
 -0.702869734213446     
 -0.251230498036282     
  0.160318502771731     
  0.247608336802891     
 -0.145081366132662     
  0.348462440817940     
  0.358262920601139     
  0.424905818104493     
  1.558974153842279E-002
 -0.308963162098492     
  0.178215168598733     
 -0.359652973721779     
  0.231796450516874     
  0.550044034932057     
 -0.774982494739384     
  6.735251162701707E-002
 -0.386651451449084     
  4.913949836961032E-002
 -0.114265325956843     
 -0.418048737006501     
  0.168118203687492     
 -0.131437447552085     
  0.233355264546754     
  0.168620337837889     
  6.393156195132797E-002
 -0.192566757503932     
  -1.08124053545928     
  0.560776074210268     
  0.154030950025121     
  -1.07232242633291     
  1.516414733003331E-002
 -0.470494009952780     
 -0.323550525857115     
  0.512043317438618     
  3.330742410900076E-002
 -0.508839165576759     
 -0.161354931454945     
  0.786694512853969     
  0.758329103485793     
  0.476953383217046     
  0.657442050811681     
 -0.161036538492224     
  0.154158141056332     
  0.282713761740701     
  0.449950216401744     
 -6.114015796256989E-002
 -0.748070923996560     
 -0.326487027296237     
 -2.924090893513837E-002
  4.069144969789330E-002
  0.687151506955867     
  0.307518964373849     
  0.129421242376032     
 -7.932813111092955E-002
  0.408522274435742     
 -7.901867373670803E-002
 -0.260154720029556     
  0.560080217073977     
  5.704335628511747E-002
 -0.131662581788796     
 -0.219215338144030     
  2.020476189596044E-002
  0.695245767735124     
 -0.175969226816302     
  0.233401053818929     
 -0.234978212205206     
 -0.223814765283913     
  0.650693269485382     
  0.337091807158617     
 -5.299978307917270E-002
  0.338357802347788     
  0.469799064565398     
  1.499754933665130E-002
  9.031271130628367E-002
  0.476038764040413     
  0.277756872258721     
 -0.551542517482138     
 -0.126245220615877     
  6.023058021838255E-002
 -0.190383796850458     
  0.663979630840483     
  6.195245359562516E-002
 -0.373562954677430     
   1.06116711113887     
 -0.262613118475831     
 -0.703730450766775     
 -7.564706885399550E-002
  0.129452973050532     
  0.110035009019596     
 -0.125190514352650     
 -0.493079093925216     
 -1.395637297374435E-002
  0.829404412287374     
  0.539245077425335     
  0.129135527982743     
 -0.216969260235325     
 -0.450378273190499     
  0.206656027764939     
  0.353490324786194     
 -5.091889148589617E-002
  0.907267573107927     
  0.458430976853199     
 -0.831415999165028     
  1.918183936737466E-002
  9.941460812052821E-002
  0.293206500716322     
   1.19855158541848     
  0.367269216424023     
  0.223234339153787     
 -0.797986307705025     
  0.307895552474976     
 -0.512854190219251     
  -1.04568427350974     
 -0.171080090245814     
 -0.933218196862235     
 -0.623306951491325     
  0.208105198901606     
 -0.602956955008721     
  2.589728713277176E-002
  -1.24775066424143     
  7.821311604972475E-002
  0.299755631385355     
  0.567657630575342     
  0.311750858497899     
 -0.463879563305359     
  0.680822642448878     
 -0.422573244521647     
  7.228637539051541E-002
  0.188025983227215     
  0.868995086272651     
 -0.448737021621204     
 -0.284970868657539     
 -9.144931892241218E-002
  9.444076954700834E-002
 -0.395764562590763     
 -0.255830864254856     
  7.226864613785229E-002
 -0.330276774528441     
  0.188652676008246     
  0.191884964827306     
 -0.466888091800844     
  0.384522673041930     
  0.211236794582327     
 -0.398710147856044     
  0.511711506363571     
 -3.037427346017586E-002
  -1.00548016093296     
  9.358023431941453E-002
  0.392978145326262     
 -0.153574521922920     
 -0.380579187709518     
 -0.219643303557912     
  0.916835177479743     
 -0.819562876961142     
  0.457388179285278     
 -0.992768041336937     
 -0.673419998978074     
  0.465569875548461     
 -0.705141751970391     
  2.007415579255471E-002
  0.176861095996687     
 -0.722740675478083     
 -0.713183530611125     
 -6.401181240110522E-002
  0.396432234166983     
 -0.185505147852382     
  0.428907443232246     
  0.682972014315043     
  0.122323760186421     
 -0.447298463959890     
  0.223257785459960     
  4.675061811945075E-002
 -0.353540030782215     
  -1.09599785096392     
  0.175245927672691     
  0.477847492767170     
  0.653907584458516     
 -0.308863244344848     
 -5.521205267344206E-002
  0.847671947146047     
 -0.109543374734208     
  5.638434127649256E-002
  0.725573297824647     
  7.105535988732335E-002
 -0.154658498165576     
  8.295031848747215E-002
 -0.347981960270495     
 -0.770096760753821     
 -0.545929090684486     
 -0.377920762949941     
  6.104502187522072E-002
  1.565758140060574E-002
 -0.244717405805751     
  7.919819133252642E-002
  0.794577155484806     
  4.864523065268600E-002
 -0.347239585721019     
 -8.791976131003931E-002
  0.453584042759070     
 -0.203973274977846     
  0.504066638105804     
   1.18052984129465     
 -0.133984423494121     
  0.189820167532984     
 -0.116497749518234     
  0.107559683109045     
  0.227384071035060     
  3.418174240838838E-002
 -0.243948330032184     
 -0.361205048119304     
 -5.459689602189693E-002
 -0.245879072305049     
 -0.338584562283880     
 -0.116147210119837     
  0.195654972254105     
  0.462921175873229     
 -0.485113480257458     
 -8.662208408264715E-003
  5.100353021433998E-002
  0.216672552622475     
 -4.706514249924760E-002
  0.428842441186396     
 -9.157649226940470E-002
  7.677605363169671E-004
  0.222204520423827     
  5.279306727895249E-004
  0.259950809524173     
  6.069772276949074E-002
 -0.479433560395122     
  0.187189414061788     
 -0.391346464392232     
  0.682036073763665     
 -4.453057708850506E-002
  0.394437985694174     
  -1.04266284375992     
 -0.109231259969293     
  0.167975562108221     
  0.213094281597520     
 -0.328046176701183     
  0.188064224127409     
 -0.706095269143914     
  0.468243122265079     
 -7.781385828997563E-003
  3.853948608106372E-002
 -7.255284309727664E-003
 -0.406844217618164     
  0.181835541095346     
 -2.403001907512459E-003
 -5.282864484837641E-002
 -8.880592192484868E-002
 -1.571118911053496E-002
  0.167721477740792     
 -6.642495645539791E-002
 -4.299784554016769E-002
 -7.542032467224376E-002
  5.740475665408580E-002
  0.299397183368236     
 -5.586703793490216E-002
  0.251264753070540     
  0.561760863444123     
 -0.519799595390030     
  0.485777358419912     
  0.180054608807570     
  8.940994496729452E-003
  0.143136707526691     
  0.190033867263944     
  0.126205098641805     
 -0.401947359339939     
  0.180163282985794     
 -0.204713927111441     
  0.455146169829813     
  0.104345197210616     
  0.282526048244717     
 -0.200844248033948     
  0.104546692768291     
  0.372896944405901     
 -0.296595604400838     
  0.140723575251077     
 -7.472320768259777E-002
  9.764157624032120E-002
  0.257449637978999     
 -3.945773453054038E-002
 -0.118576953605775     
 -0.185585710897725     
  0.391496515757682     
  0.113518553394058     
  0.509960174121552     
 -0.136671682512896     
 -0.413009806833678     
  0.328675397602874     
 -0.608059967961938     
  6.279387363992842E-002
 -4.345110237177471E-002
 -0.139837904789442     
 -0.805757840294303     
 -1.379887644008430E-003
  0.190656097823251     
  3.548060059963073E-002
 -4.807542386741205E-002
 -0.233498099035503     
  0.280931726306608     
  0.175000465851196     
  0.692114397326185     
 -6.548339072749999E-002
  6.104797714528016E-002
  0.351957911002518     
 -0.225561095330018     
  0.397924050364312     
  0.349522357377684     
  0.222725999413318     
 -0.466524163338820     
 -5.313675732194728E-002
 -0.108854295169678     
 -0.144024089195358     
 -0.358778515934063     
  0.118372270709140     
  0.130267545833172     
 -8.830266242581376E-002
 -0.292679446273862     
 -0.497589844579143     
  9.891478185469448E-002
 -0.217369155615792     
 -3.001394612177138E-002
  0.463031778451686     
  -1.30786115334642     
  0.383896113075120     
  0.331968724372372     
 -0.659234502956227     
  2.178036316030666E-003
  4.725768080740589E-003
 -0.316191123831394     
 -0.253807507806870     
  0.152390477892637     
  0.202534575448862     
  1.725673426024456E-002
 -0.184563094853841     
  0.517641789322709     
 -0.245680825479589     
  8.352009890489129E-002
 -7.308373852541458E-003
 -0.656077845424540     
 -0.379827697607307     
  0.122030409383299     
 -0.239699640173136     
 -0.269881843092337     
  0.435911304802297     
  0.253082177147916     
 -0.304212305554996     
  8.543749733638684E-002
 -7.480730189854021E-002
 -0.219890270354438     
  -1.03608379276153     
  0.231113082685102     
 -0.541189653176862     
 -0.202219280733322     
  6.024237743054016E-003
  0.280662509293942     
 -0.766722880098019     
 -0.174740991617618     
  0.361152183563332     
 -0.199713178285600     
  0.228428150286181     
 -0.372990105613559     
  0.788488996396399     
 -0.139152049310306     
 -7.455412016184514E-002
 -0.115300826662487     
 -8.102685275381646E-002
  6.286326075308644E-002
 -0.336792077835727     
 -0.602490300438071     
  7.485918583837345E-003
  0.311868075677854     
 -0.492659645648998     
 -0.346933307786631     
  0.227315707761797     
  0.412398949061566     
 -3.457843524294454E-002
 -0.193448591517403     
 -4.493343622068949E-002
 -0.817816997012729     
 -0.213057587833941     
 -0.165931179920339     
  0.229811648475453     
 -6.564072517309384E-002
 -1.343257036757194E-002
  6.716398775203326E-002
 -0.423715972198463     
  0.200586574901983     
  0.257688454334010     
 -0.300510275533076     
  0.124918562053371     
  0.986352905589844     
  0.569938478255840     
 -0.453872860940571     
  0.212983587427953     
 -9.424687774117799E-002
 -9.698972464320441E-002
  7.998707913403007E-002
  0.119997312410141     
  0.988103986361856     
  0.174713614916546     
 -8.798827012469143E-002
  9.066706302816831E-002
  0.563513289637821     
 -0.118977291108889     
 -0.951143652619860     
  0.525114553135033     
 -7.780800082634753E-002
  0.683127345259293     
  0.272713668544694     
  0.261469129531729     
  0.472837651134481     
  0.132027306714295     
  0.398585216259429     
 -0.441072376301414     
 -0.319366120654743     
 -0.844200139398624     
  0.237330603958571     
 -0.371323870044214     
  0.413487001989105     
 -8.963349505661973E-002
  0.616071670791310     
  0.588959853900526     
 -0.338681326934965     
 -0.591142871638593     
 -0.808410879215147     
 -0.555459089471974     
 -0.856567344896989     
 -0.423862732722784     
  0.306089116616893     
 -1.400364098283066E-002
  0.225863744540156     
  0.119749244769887     
 -1.629715801165620E-002
  0.300437870988648     
 -0.542385469586376     
  0.175681786810886     
  6.104569241706901E-002
 -0.138856485017386     
 -0.372225474814736     
 -8.710715231283825E-002
 -0.620854218489448     
 -2.973423467811168E-002
 -0.311643374787036     
  0.636765877881591     
 -0.102080986786730     
 -1.557805879251961E-003
 -3.213260902049481E-002
 -0.268011310573826     
  9.743879661594955E-002
 -5.028516325527635E-002
  2.473700239807905E-002
 -0.394262758560034     
 -5.485902599311858E-002
 -0.190842779324064     
 -0.379012724406926     
 -0.114904552869634     
  5.613670291976427E-002
  0.169654351212459     
  0.218668975011431     
 -1.404981342002361E-002
 -9.032198879226502E-002
 -0.322500757656786     
  -1.13885242265281     
 -0.126079683527923     
  0.697758615652050     
  8.698760071053568E-002
 -0.125783681275912     
  0.255347610277519     
  -1.33000528677417     
  -1.18171904981863     
  0.336374103088734     
 -0.637933562573358     
 -3.815145684056218E-002
  0.362042858216957     
 -0.287484340782354     
 -0.164760626713090     
  0.141866235903942     
  0.210916263738308     
  0.109767961064328     
  0.215915513190909     
  0.606001283582104     
 -0.144984550440725     
  7.649478463224188E-002
 -8.515967864529857E-002
   1.10732736998931     
  0.112326938819943     
 -0.122970448254346     
  9.214928053924649E-002
 -0.675741523235018     
 -0.535481489765905     
 -0.638704077318545     
  5.331900442341289E-002
 -0.281150410937060     
  3.656374291411311E-002
 -0.487852259121903     
 -0.721281873985007     
 -0.201619258119718     
 -4.930247906978436E-002
 -0.693799122674730     
 -0.196685310783294     
 -0.166285193428493     
 -7.195252721963426E-002
 -2.579861793984140E-002
  0.481941812699258     
  7.192162690025222E-002
 -9.248835799227446E-002
  0.663903215667759     
 -0.353524764974702     
 -0.475004898117618     
 -0.305995261504915     
  0.792647212916741     
  0.242183972915662     
  5.340250625974388E-002
 -0.309420485945211     
 -0.288506379229373     
  0.947492196201312     
 -0.490060322527858     
  0.434249507626134     
  0.504843826219500     
 -1.555219686052446E-002
  0.161399814050843     
  0.187847412477573     
  0.575979483581457     
  0.156924429106025     
  2.312297057558767E-002
 -0.265682119699857     
  0.126572810046896     
 -0.464944097899910     
  0.140209302655903     
  8.235408819418408E-002
  5.565694559894531E-002
 -0.409153869780878     
 -0.374907292396522     
 -0.310094187799146     
 -0.179194387465300     
  0.171192194389956     
 -3.321051254505854E-002
 -0.159377718199186     
 -8.809210558325140E-002
 -0.161728379284347     
  0.347227517635505     
  2.252878842988154E-003
  0.263966312373432     
 -0.338372780058776     
 -1.355599600077348E-002
  0.430562338663949     
  0.323623616628605     
 -3.332125466852526E-002
  0.378045349729569     
  0.117738372323721     
 -6.940743454272991E-002
  0.185749250623797     
  1.096950156919910E-002
 -9.416972472063592E-002
 -0.472811195127263     
  0.229829882573845     
  0.614773264970630     
  6.994251497110371E-002
 -0.421656996418275     
  0.360846045966946     
 -0.206772642721826     
  5.331753673460519E-002
  0.200196646289928     
  5.522014172315177E-002
 -0.542905900493461     
  9.803116177237897E-002
  0.108064712185280     
 -9.440412479921767E-002
  0.105954902804751     
  0.195695005511011     
  0.281295641223763     
 -0.177245157865454     
  0.217965094532771     
 -0.304643558578177     
  0.231263162423345     
  0.140324352021411     
 -0.423112566049798     
  0.158146082969668     
 -0.259535486597911     
 -0.231742693743238     
  9.378695991578145E-002
  1.549597965139758E-002
 -0.337540635084424     
 -0.137687898759604     
  1.669284939584553E-003
  0.110771286407054     
 -3.817264759626883E-002
  0.319227329084150     
  0.348872587794987     
  0.180315083140585     
  0.532486904382836     
 -0.463038928366109     
  0.204056055951892     
  0.437572609072176     
  4.686905081637023E-002
 -0.281822385846039     
 -9.258977164653312E-002
 -0.131201480596972     
 -7.620892379468169E-002
  2.760889584359368E-002
 -0.784153068301896     
 -0.455009112484367     
  8.620701677442161E-002
 -0.450561015807698     
  1.494573118141694E-002
 -0.106619686725262     
 -0.168820976129568     
 -0.210634034179146     
  0.417885575329607     
  0.100444704751815     
 -0.194660031283830     
 -3.194769253592343E-002
  0.810742742166360     
  0.281458113430050     
  0.440829397559627     
 -0.689664900423989     
 -0.232086789409890     
 -0.274084922292190     
 -0.234692528814260     
  6.336442337828276E-002
 -0.112110381413008     
  8.877102940110194E-003
 -0.840834635716134     
 -0.181995872510502     
  0.569755925067537     
 -0.214725921335148     
 -0.313112252609895     
 -0.106407407001489     
  9.050742780534367E-002
 -0.264703221796338     
  0.918738880111289     
  0.116090854743320     
  0.314543008115963     
  0.374181497419641     
 -0.589488130788487     
  0.472411398712636     
  0.507149161690260     
  0.131883863003154     
 -0.417995903314138     
  0.235897204505419     
  -1.06251142001543     
 -0.146775198071031     
 -0.581663321411028     
  0.413239594041037     
  9.863528010878381E-002
  0.460681994796879     
   1.29550878651034     
  0.186764020302104     
 -6.535075143100393E-002
 -0.568841405308437     
  0.317970334826464     
  0.176327829195259     
 -0.717140142940091     
 -6.991523738014686E-002
   1.29323794365915     
 -0.942866186554590     
  0.125371228547541     
 -0.692873610865366     
 -0.706471699151949     
 -0.674922266864217     
 -0.446853541298026     
  0.671374679055285     
  9.177105648264147E-002
  0.922097919213532     
 -9.231204115298641E-002
 -0.220982382072508     
 -0.151357004668045     
  0.610075573175933     
  0.499927022562832     
 -3.692613147066973E-002
 -9.561012025639821E-003
  0.167507763841063     
 -5.674615963983801E-002
  0.571201154712669     
  0.980316017096868     
  0.376481769853299     
  1.689380551085283E-002
  0.561576790180374     
 -0.290457783646887     
  0.154570747896313     
 -0.288248739832306     
 -6.449719101821762E-003
  -1.43773552962664     
 -0.546843624485993     
  0.625949926278096     
  0.475368961060743     
 -0.170718611856301     
  -1.05869769788291     
   1.45148548053858     
 -0.201479560951060     
 -0.824653144163108     
  8.229863492635187E-002
  0.231149319193960     
 -0.213394913803143     
 -0.951449458366165     
  0.166191118076840     
  0.560508470366792     
  0.189311990149067     
  4.056162218175342E-002
 -9.582179287246465E-002
  0.122230240687249     
  0.347356033378936     
 -0.656062284348681     
  0.318085743597695     
  0.411169372052003     
   1.30842764682191     
  0.316070020402424     
  0.628843635437122     
 -0.372383193226186     
  -1.36933104296034     
  0.537310378964736     
 -0.956303423971836     
 -0.419799294452917     
  0.251011868211719     
 -0.847276875436874     
 -0.776835425447305     
  0.502557642356982     
  0.868014023107050     
 -0.327221324516392     
 -7.991620455502867E-002
 -0.231889359958718     
   1.59482165016807     
 -4.302422593994328E-002
 -0.420440841002618     
  0.132614418171323     
 -0.442761760368951     
 -0.214376402411336     
 -0.380239698906889     
 
 -0.552964302436756     
  0.665285792917105     
 -7.853494202800196E-002
  0.162343106674094     
  0.853727441266333     
  0.394548215737863     
  0.458851242671990     
  0.218989579450859     
 -0.485430816416340     
  0.659114172693902     
 -6.955711835465989E-002
  0.484842566120315     
 -1.285166734261119E-002
 -0.515652515842127     
  0.529982030729953     
 -0.513358174317325     
  -1.05074759281556     
 -0.496146144110909     
 -0.569812158948031     
 -0.500905767645139     
 -4.802515261719262E-002
 -0.273774370357872     
 -8.597757390390507E-003
  6.609317782444832E-002
  0.709632115383766     
  0.226471120636944     
 -0.285767835689224     
 -9.844895581233636E-002
  0.583691497760720     
 -5.174778841497676E-002
 
  0.454166760535192     
   1.43231151767022     
  0.478588023550525     
  0.556612270199945     
 -0.956581151178620     
 -0.593019919185915     
  0.454069054467084     
   1.85200257890944     
  -1.44814788908157     
   3.54765360988488     
  0.250341140026313     
  0.147125814975389     
   8.30173611008525     
   1.00171491338288     
   1.35217314132716     
  -2.28953967923527     
   1.06237786476837     
   1.10978042175112     
   1.54156085182753     
   1.29058628917125     
  7.528439267783421E-002
  0.919343868694931     
 -0.255332135158524     
   2.92035398818828     
  -1.10313921297866     
  -2.18168780431223     
  -1.37295926750471     
  -3.73008292665371     
  -2.94140383200805     
  0.957115008169826     
 
 -3.939104761904762E-004
 
  tansig  tansig 
