     33 -    30 -    30 -     1 
rmse=  23.9512meV
 -5.137225743124729E-002
  0.449154181219362     
  0.198717636297950     
 -0.352551355109530     
  0.433268658914783     
 -9.093951195780911E-002
  0.975063588426686     
 -0.176796509151462     
 -0.185434329946245     
 -0.165437404278264     
  0.379497093113634     
 -0.504179374727692     
  0.124552346380884     
  5.387354735914925E-002
 -0.122355417815312     
  0.128165858253307     
  0.372941043268753     
 -0.332211648619248     
  0.181339014673393     
 -0.841410684297771     
  0.925453438449785     
 -0.847748149295466     
 -9.004426851806031E-002
 -0.388827768771863     
  0.465419393774934     
 -0.171656649899303     
 -0.430453763741026     
  0.232406295475767     
 -0.610299974660073     
   1.34248936011436     
  0.204200086165504     
 -0.200785166302265     
  0.466924610903932     
  0.118921870162895     
  0.703933465762527     
 -0.522836639819502     
 -0.557552177303814     
  -1.05382572217055     
 -0.380350134920716     
   1.09755519944964     
  5.956351061284840E-002
  0.233307530693994     
 -0.985899216316653     
 -0.613477913688876     
  0.400055540480718     
  6.294458969809597E-003
  0.157559056064075     
 -0.333482033894845     
  0.371921639161788     
 -0.319022863558963     
  0.574027357172792     
 -0.296547609614856     
  0.715527496684543     
 -0.372172930639237     
  0.220852647112968     
 -0.444230340712382     
  9.534894607432938E-002
  0.232734602567257     
  0.314625240493686     
 -0.834839358816700     
 -0.529257568357224     
  0.266126383543770     
  -1.03805741929900     
  4.486236378897951E-002
  0.537194610961070     
 -7.290482668825105E-002
 -5.635835897146914E-002
  0.308616268785178     
  0.183164431129239     
  -1.15181605951251     
 -0.468579383086460     
 -9.386815663578846E-002
  0.186955841294861     
  0.827957757878705     
  0.138108075928489     
 -0.930513492298634     
 -0.113540913739628     
  7.758541414431716E-002
  0.137058874502685     
  1.511935073742108E-003
 -0.239021336246956     
  0.326905995665091     
 -0.168110647821739     
  0.176163919105282     
 -3.749273151267606E-002
  0.604527449392108     
 -0.420641744905956     
 -0.156621188157317     
 -0.200289577657703     
  4.321718219539274E-002
  1.180599150162425E-002
  0.195580123656605     
 -0.806656223585923     
  8.549181853114254E-002
 -0.363500572011882     
  2.465673047836268E-004
 -9.586839021834226E-002
  0.308512857999891     
  0.205979431025861     
 -0.165080253842746     
 -1.198251325833237E-002
  0.692984261297293     
 -0.552721930417092     
 -0.160836892034253     
  0.673990475818247     
 -0.471603665451081     
  -1.50811415870427     
  0.875954936703489     
 -0.425808658390643     
  0.373637218061997     
  9.863822654130887E-002
 -0.102968857342974     
 -0.277202685725878     
  0.364129887213981     
 -0.155811613673707     
  0.130275826443489     
 -0.226789158534588     
  0.202953697029761     
  1.787740619265197E-002
 -2.541096986237866E-002
 -0.501648456301475     
  2.923921085944194E-002
  0.393148288565421     
 -0.162024014888708     
  2.498867814382021E-003
  5.032654125508683E-003
  0.533282572500905     
  0.174419500583619     
 -0.432348803938392     
   1.27172281182245     
 -0.210499681597273     
  0.244355288516985     
 -9.711984783057891E-002
 -0.267877886395145     
  4.386234196343414E-002
 -0.104436455867026     
  0.135740885129667     
 -0.836338065865023     
   1.49154846564915     
 -1.990363251943700E-002
 -4.751863226494741E-002
  0.628064994383495     
  9.983665442162701E-003
 -0.100494222586508     
 -0.140526261471308     
 -0.184774134129241     
  2.794494160884061E-002
 -0.101544057397036     
 -0.479974414528536     
  0.385357349327437     
 -0.212649359804283     
 -0.237495804999316     
  0.154521101836451     
  0.165399649409856     
  0.396021595140984     
  0.311044834299913     
 -0.117502750887133     
 -4.738115797104852E-002
 -1.544541450462615E-002
  0.639014422786850     
 -0.701486999175332     
 -6.729294282933185E-002
 -0.299550037716301     
 -0.116352989978952     
 -0.531884760039721     
 -0.169270876913520     
  0.377498734022026     
 -0.183697392244481     
  0.650587089560083     
  0.716710924513006     
 -7.729788870166052E-002
 -6.676071585040741E-002
 -5.023972642012500E-002
  0.365800488372622     
  0.432450653907567     
  0.705382501373862     
 -0.108855491015154     
  0.254476890253000     
 -3.539164901697767E-002
 -0.182291599137517     
 -0.250081126501901     
  0.202639601427395     
  5.019677737192968E-002
  5.992766431619227E-002
 -0.274927517889544     
  0.570477967918688     
 -0.699224035799810     
 -1.455498893081873E-002
 -0.194461846970343     
 -8.771889170274125E-002
 -0.198477605945233     
  0.518046864539146     
  0.611463452904553     
 -0.102403424656521     
  0.372085525380549     
 -0.250008396614781     
 -0.599638706023426     
 -9.674432222083136E-002
 -0.511687804938701     
  0.599080322864588     
 -6.093642558821682E-002
  0.463942569308052     
 -0.409307730986743     
  0.764366132994378     
  0.576110800597670     
  0.191741665811061     
  0.571595060498070     
  0.228694449041070     
  0.765095603236519     
 -6.903128898291987E-002
  1.594169923128594E-002
 -0.379017406188968     
  0.275279177158475     
  0.108225177150448     
 -8.294945015253706E-002
 -0.123436707975728     
 -0.206620148704814     
 -0.529065870133024     
  0.243228370576460     
 -0.520259585662393     
 -0.324189398606040     
  0.226193374306130     
  0.358627295733237     
 -8.545751865301876E-002
 -0.940295711444161     
  0.154484351894054     
  0.194962283954227     
  0.225785538362558     
  0.478244815785381     
 -0.466848601694453     
 -0.717127843900107     
 -0.416404750875054     
  0.512723349458533     
  0.835801459935909     
 -9.946025453002925E-002
  0.142244683868902     
   1.16283213067722     
 -0.437371162795065     
 -0.704794329090510     
  8.690075308585102E-002
  0.237224289484483     
  1.819501945960227E-002
 -0.236438760099947     
  0.167794301523819     
 -9.649452546661669E-002
 -0.153691495631395     
  0.632033442305312     
  0.339838111151428     
 -0.466611734890620     
 -7.619081908634737E-002
 -0.134487572409498     
 -4.118499376735618E-002
  0.126564287170903     
 -7.036277748616203E-003
 -0.715510577967995     
  0.323409503080337     
 -0.114948723776026     
 -0.684515297279095     
 -0.963166377422805     
  0.846577023742924     
 -0.589549683588919     
  0.832529324291754     
 -1.398171227537215E-002
 -0.706526303683213     
  6.449488893988752E-002
 -0.211893568591458     
  0.187742695992791     
 -0.408983104951772     
 -0.188552239927196     
  0.223738135869133     
 -0.379801592060060     
  0.644672430427989     
 -0.479632303727841     
 -6.217476956707299E-002
 -0.634916218644067     
 -8.554950883058462E-003
 -0.349325930805251     
  0.117469759672615     
 -5.630304561132307E-002
  0.199836932185050     
 -0.158665696065658     
  0.131150542311452     
  5.562121544141899E-002
 -0.355594470543780     
  0.202575579078743     
  0.346410201938128     
  9.465608887516215E-002
  9.269856719897682E-002
  0.283618935337760     
  1.209927860670281E-002
 -0.203097445938367     
 -0.318198376146137     
 -7.263241104344391E-002
  0.118913118536951     
  0.302237332771957     
  0.478139046980068     
 -0.442074184022135     
   1.50447378198208     
  3.970953008081324E-002
  0.543969564720578     
  -1.58421091236524     
  -1.36737781710559     
 -0.316816070821655     
  0.464928765166994     
  0.430140139407643     
 -0.874726660858393     
  0.171748963098489     
  0.148477012505121     
 -1.737218428271295E-002
  0.261201733297922     
  8.505101928846289E-003
 -0.243725333105516     
  0.350686970512248     
  0.600675267749799     
 -0.290377581944078     
  0.452314155507442     
 -0.229299824708354     
 -0.658428838214300     
 -0.372130145087192     
  0.248469743964471     
 -0.520729302977489     
 -0.156657572857292     
  0.504638465320188     
  0.342287122363732     
 -0.921921507193136     
  0.345755772159631     
 -0.534212247229112     
  0.143191841235234     
 -2.500675369459651E-003
  0.542797864583433     
  0.120078198170669     
 -0.275757293875281     
 -0.135922636678855     
  0.358655233473146     
  0.243938055754641     
 -0.460436458898182     
 -8.960347115752781E-002
 -0.229737104061690     
 -0.230993899267840     
 -6.671846492413464E-002
 -0.539288573855628     
  0.171516191936216     
  1.541297564196151E-002
  0.116742719199530     
 -0.265400027205989     
  0.247936269043181     
  1.274232255245043E-002
  0.173729214685954     
  7.253167266098497E-002
 -0.266182659902397     
 -0.250979417394269     
  0.738603624577896     
  3.095381390925228E-002
 -0.150744415497123     
  0.175571104690398     
 -7.666352177372503E-002
 -0.138724163144356     
  0.111607606440852     
 -2.554635056224534E-002
  0.204279661787299     
 -8.401180097082318E-002
  0.322455736568849     
 -0.210658807399730     
  0.726373594479811     
 -0.144460052123171     
 -0.363881194096180     
  3.193881894216780E-003
 -4.438596486818238E-002
  0.389749964204546     
  0.657833312385176     
  0.172287882655245     
 -0.773338933959287     
  0.165287886562357     
 -4.987168420320101E-002
   1.63265565670657     
 -0.332772590797241     
 -0.224481431155960     
 -1.167333708186114E-002
  0.642607478534487     
 -3.924707900106666E-002
  0.136400922916021     
 -6.167072703893357E-002
  0.406885384560982     
 -0.284245172071151     
  0.332391151373462     
 -0.324235819314166     
  0.146675930245722     
  0.135975637028096     
 -4.475828101542191E-002
 -0.439153214940422     
 -0.298183453971753     
 -0.759256812841273     
  0.229388858958081     
  0.219014828145621     
  6.330461697337394E-002
 -0.100615441264103     
 -0.274053866990746     
  0.105608246649798     
 -2.670094786649783E-002
  0.326423127129253     
  0.334109002117736     
 -0.527791293051268     
 -0.723720999446707     
   1.77440265698558     
 -0.607110840094402     
  0.249072315034138     
 -2.881909718328952E-002
 -0.103830451023908     
  0.256059325897093     
  0.156150317281480     
 -2.383723856235343E-002
  0.398245731425945     
  0.596628930278031     
  -1.18863124707426     
  0.112202256251864     
  0.344229550922679     
 -0.259669960616060     
  2.435034541444728E-002
 -0.399158445064673     
 -0.527933466057304     
  0.616947100296157     
 -0.240116730577189     
 -0.384477102887438     
  0.444944059360720     
  0.260124722050614     
 -0.219507607671284     
 -0.283805588839409     
  3.948645223269889E-002
 -0.266260498191814     
 -0.114160649423504     
   1.17546036943501     
 -0.212068095114166     
   1.44061153713512     
   1.01697979593886     
 -0.390764583423974     
 -0.539241450111877     
 -0.117271373082491     
 -0.261777545113272     
  0.228857188369080     
  0.295427167171695     
  4.702130911575384E-003
  0.270436774537436     
 -0.174609873076075     
  0.373886902889496     
 -7.632596851398359E-002
  0.179739992521931     
 -0.445557114160229     
  0.337097097048084     
  0.115016729839683     
 -0.733789943088522     
  0.436496673231861     
 -0.814311804502229     
  0.155208281029713     
 -0.335228152341668     
 -0.241784514393985     
  0.471640858008511     
   1.06012076599004     
 -0.927145586211294     
   1.64634348728091     
  0.248565923161486     
 -0.179037244339671     
  0.280884209989074     
  0.169536366243586     
  0.376954318087557     
 -9.957197146642235E-002
  2.987399040725660E-003
 -0.200942218417349     
  0.861864187800439     
 -0.481623727709346     
  0.676130607893247     
 -0.430444281564130     
  0.654275992742938     
  0.319188759705489     
  3.672465848886954E-002
  5.339145099529508E-002
 -0.138842702654603     
  7.781870999712834E-002
  0.446622250589429     
  0.158650431350741     
 -0.483668229841083     
 -0.214154226227961     
  0.229780659281617     
 -0.310992847404080     
  8.369550456999426E-002
 -0.253752888533199     
 -4.661421569948113E-002
 -3.158264198116680E-002
  1.664218910527794E-002
 -0.424858007854583     
 -0.803042809280278     
  0.447074356652066     
 -0.641956699713624     
  0.116730906631194     
 -0.233148454042705     
 -0.844614691783157     
  0.152217210316357     
 -0.357718107310498     
 -0.121235430278583     
  9.559522211071593E-002
 -7.024915983072441E-002
  0.591681573643052     
 -0.189776501758023     
 -0.578116145909257     
 -0.269099157173469     
 -6.374164215999337E-002
 -0.275454918946432     
 -0.207438962719435     
  3.542058715791523E-002
 -0.199700670790007     
  0.327861365899197     
 -0.297132341198986     
  4.381152504338795E-002
 -0.524342121199204     
 -2.456317260096653E-002
  0.489155708252870     
 -0.310425011068411     
  0.171065684720897     
  0.310062489109692     
  0.211721747726485     
 -0.699529259165089     
  5.567460386400978E-002
  0.324045557991953     
 -0.382091730911892     
  0.844971602860542     
  0.493907346695528     
 -0.654992407757280     
  0.211072031181152     
  9.982240146371391E-002
  0.715487132508194     
 -0.412118131834133     
  0.931892335219110     
 -0.521673518686515     
 -0.329815928950862     
 -0.182199808383757     
  0.848451288906346     
  0.548189371395234     
  -1.02962656914159     
   1.33150964774448     
  0.244544922519218     
 -8.465329353699953E-002
  0.187085325524835     
  2.751294676884039E-002
  0.161828164526850     
  0.150329967601565     
  0.241819934497837     
 -0.532321331566636     
 -0.405043968626619     
 -0.533351120380757     
  0.223612948258711     
 -0.284630088785131     
  0.321618226832925     
 -5.478519285041215E-002
 -0.112362003118068     
  0.110894437182809     
  0.959596221061209     
 -0.818879139059446     
   1.08813701124969     
 -0.844954025124240     
  0.123504067571439     
 -0.147871208900102     
 -0.797755848865331     
  0.162821049683509     
 -6.018356406113321E-002
 -0.271997398713972     
  0.664499362653373     
  0.480639567562761     
  0.737369911959103     
 -0.589702323113170     
  -1.23721571437949     
  0.754333273096799     
 -0.550993486094479     
  0.106847367928027     
  0.195235773583129     
 -0.118148654525779     
 -0.155232400369552     
  0.178956721174835     
 -0.323672558691458     
  1.498932679980265E-002
  0.377893001004623     
  0.436425269828390     
 -9.312655392514838E-002
 -0.656065653642623     
  0.558635697376977     
 -0.163965942366231     
  0.692860839778270     
 -0.196160568310541     
 -0.129885234188503     
  0.362036033900531     
  0.405008807322340     
 -0.522319797465315     
  0.606690906420206     
  6.881513705724672E-002
 -0.134168677194415     
  0.100613535165556     
  1.356077857036186E-002
  2.331398408246823E-002
 -0.284697208199612     
  0.410484253997377     
 -0.812625281916468     
  0.208176231689576     
 -0.102838652806460     
 -0.688281771668617     
 -0.654532461943238     
  0.248335712942803     
 -0.511671862807892     
 -0.197794637708713     
 -7.039472435685057E-002
  1.722160662628561E-002
  6.633423981202799E-002
  9.376888139904879E-002
 -5.396901814132245E-002
  0.831797865054426     
  0.190302753631626     
 -0.547661627200204     
  0.518506158275613     
 -0.232081440437352     
  0.187640662041430     
 -0.230906901981944     
 -1.650828922930299E-002
  0.163529222135649     
 -0.135612624143370     
 -0.358656659741292     
 -0.473363365752292     
  0.284682001086639     
   1.05801969871589     
  0.422952365141798     
 -0.166405241320361     
  0.133047945792225     
 -0.211772310670122     
 -0.101019672162543     
 -0.356345748931993     
 -4.971261496576680E-002
  0.902017520645559     
 -0.689360733192064     
  -1.03797299204684     
  0.234891138139896     
  6.655945583406925E-004
  4.650380479261774E-002
  0.698115401254700     
  6.441209724225523E-002
 -0.261912351012582     
  0.241548683582960     
 -8.432533461916135E-002
  0.234602404995867     
 -0.504747093891138     
  2.566699728227380E-002
  0.419282156254866     
 -0.202676065696275     
 -0.150054189350705     
 -0.306315461015014     
  0.822631982423356     
 -0.556568542089923     
  4.900607422086127E-002
  0.109899415834815     
 -0.430523321970101     
   1.17450079260075     
  0.258997679837997     
 -0.648439452369748     
 -1.265478504446318E-002
  0.302143432309524     
 -0.427587604403814     
 -0.304164853281576     
 -0.638709262256503     
 -0.159554307377179     
 -0.455069558564512     
  -1.20905750935796     
  0.101903687967454     
  1.545316861107132E-002
 -0.606639633979939     
 -0.142847777620170     
 -0.714456110756684     
 -0.498359632181859     
  0.514473812059390     
  0.111083458540708     
 -0.173180004167704     
  0.326780004007046     
  7.701192707705315E-002
  0.255825479116823     
  0.209942067616339     
  0.400748734646718     
  -1.03330259386879     
  0.655925908768326     
  0.270391161666905     
 -0.299851314187563     
  0.571353299253586     
  7.359838636567488E-002
 -0.389080036024230     
   1.02433567010522     
 -0.964094903615329     
  0.771062778283119     
  0.103584083737869     
  0.574549754463418     
  0.305164273260283     
  0.207899314326802     
 -2.136633408653940E-002
 -0.133940824537952     
  0.743522739446895     
 -0.511762064077781     
  0.415846318354690     
  -1.04500292452004     
  0.982406871277774     
  0.238070250356520     
 -0.359106723346280     
  0.264827848916331     
  0.111498737977849     
 -6.798753463085817E-002
 -3.264452765477754E-002
  6.144744421068067E-002
  7.837344335516619E-002
  1.106360799288517E-002
  7.647426033135392E-002
 -4.623503662069629E-002
  0.575336524609351     
 -0.124556631317376     
 -0.224773520414128     
 -8.791977756580488E-002
  0.266360886427097     
 -0.134972939211777     
  0.141244836721261     
 -0.102952062085880     
 -0.680761110717458     
  0.506247145371328     
  -1.22962492862733     
 -3.643849496463011E-002
 -0.113828268671986     
 -0.441738552232928     
  0.103666039325595     
  0.692799458152850     
 -2.810328075544300E-002
 -0.125438333690968     
  0.453833149232963     
  0.248303874544531     
  0.274922873583319     
  0.739781577143532     
  0.217755938753830     
  0.695228018425905     
  0.400931201271235     
 -0.262668998782164     
 -0.277382832138480     
 -0.119943391887583     
  0.427397792536041     
  0.184332993221316     
 -5.643014066025898E-002
 -0.706141356952775     
 -0.287218379619924     
 -9.705233060716477E-002
  5.318258808417340E-002
  0.280140630779155     
  0.724402713837145     
  4.622095550659988E-002
  0.347029413232615     
 -0.196816156742941     
  0.232081320870923     
  0.133750446659546     
  0.297897575648462     
 -0.703844940774605     
  0.353004275363126     
 -0.321243217359667     
  0.364610455677593     
  1.514735316880211E-003
 -0.551076586597085     
 -0.141915726243449     
 -0.563939755836670     
 -0.318021986934158     
   1.44656868233479     
 -7.615000290616727E-002
 -0.824264312033302     
  -1.51779152120911     
 -0.797532897750048     
  -1.06445464135016     
  0.284746704037621     
  0.233289798250570     
  0.236119641733735     
 -1.940176340400407E-002
  0.505184711869800     
 -1.143099072517802E-002
  0.366470070903192     
  0.274918731702717     
 -0.166508343764356     
  0.731378892915067     
 -0.319912547896796     
 -0.195601551061259     
 -0.199641558251483     
  0.430285604115394     
 -0.139219654960784     
  0.317625484528386     
  -1.32353322135242     
  0.715712355242562     
 -2.105802903572013E-002
   1.05024300561689     
  0.968407095679111     
  0.858386003278633     
  3.473393152952896E-002
  -1.25876776464825     
 -0.799059803021633     
  0.177407636082995     
  0.662715476254359     
  0.858381453747213     
  3.631717404827459E-002
   1.41746161958178     
  0.204458369076320     
 -0.602366620333942     
 -0.215856076256604     
 -0.560338623155399     
 -0.546097981677612     
 -1.675057979877911E-002
  0.189144976741152     
 -0.270617750899409     
 -0.320653831982200     
  0.756809230927957     
  0.167314055607221     
  -1.24171192472473     
  0.373340800877987     
  0.411181449097242     
  0.734953921347639     
 -0.717311739277732     
  0.622925815951684     
 -0.297486993627006     
  0.469497112190449     
 -6.980126029534756E-002
  -1.34937786265141     
  0.563683945813877     
  0.876072912547443     
  0.125206949171628     
 -0.731487347907504     
 -0.170637793388561     
  9.136125135207225E-002
  0.750066370173860     
 -0.189258110909011     
  0.173486337160331     
  1.664573907369644E-002
  0.260146691437788     
  0.288388224283555     
 -4.306772749953815E-003
 -0.834607058598708     
 -0.240462728801612     
 -0.223653383872620     
 -0.175193512301194     
  0.105322986259348     
 -0.283450983631436     
 -0.111768599539875     
  0.218808145265931     
 -4.381608449882578E-002
 -5.619148316458993E-002
  0.228736593109254     
 -0.211719643986499     
  7.088489877337857E-002
  1.678973829559844E-002
 -0.465022485505130     
  3.854015267780318E-002
 -3.112108415418226E-002
  6.438860004252499E-002
  0.243191260170324     
 -0.116630751984109     
  0.411759623187141     
 -0.559013168596770     
  0.243446372420895     
 -2.818122070529022E-002
 -0.101842202740382     
  2.547256767129532E-002
  1.829314911554062E-002
  0.613446874883254     
 -0.143336173778078     
 -0.685673273324652     
  0.166634955479246     
  0.755528708155578     
 -4.987927069022004E-002
  0.504001384177657     
 -0.297794596910484     
 -0.356616379927887     
 -4.749302132402220E-002
  1.013219308077263E-002
  0.198186641401830     
 -0.436508791515322     
 -0.475481357293466     
  8.418415671955165E-002
  2.398265085966030E-002
 -0.380006288718094     
  0.389109327867489     
  3.528697060112405E-002
  0.295686295619243     
 -0.580678916696049     
 -0.160284947207289     
  4.182679209925276E-002
  0.171655526867370     
  0.228071061168293     
 -0.192079394581025     
  5.329868507126150E-002
 -0.597327966603161     
  8.857287440120426E-002
 -0.515577049638760     
 -0.431691077627185     
  0.285266405347752     
  -1.31605230233567     
 -7.752980035563553E-002
  0.458531676850284     
   1.25241301413675     
 -0.223154408122348     
  4.230726586534127E-002
  0.215065705058323     
 -0.272349503064584     
 -7.739500158548414E-002
 -0.411258774203975     
  0.623181250278910     
 -8.040218892425445E-002
 -0.284671372285873     
  0.899587691550555     
 -0.127294814029290     
  0.448267364805191     
 -0.253238413213534     
  0.651312997362611     
 -0.189810404674984     
 -0.161232904630175     
  0.350550772660152     
 -0.374432871623229     
  0.542173355190056     
 -0.225146262502548     
 -0.645421508534641     
 -0.443918177889336     
 -0.112327780257719     
 -0.470938189507662     
  0.147531958065898     
  0.172891306961245     
  0.732856108491760     
 -0.589960687678516     
  0.402994980922494     
 -0.981497590594425     
 -0.347217221293396     
  0.175919411802287     
 -0.212073572038910     
  0.137865262884606     
 -0.151841504950524     
  -1.10335074401208     
 -0.623246115783742     
 -0.265345107338226     
 -0.235794157603692     
 -0.726620311767205     
  3.557614200288595E-002
  0.234039748119981     
 -0.642597517953435     
  0.149750450293341     
 -0.690576398171308     
 -2.271170890018538E-002
  6.605797512053939E-002
  0.457139555567984     
 -0.128690891245897     
  0.570459318807630     
 -0.678867803856388     
 -0.557276139615492     
 -2.074196842318211E-002
  0.592593728031762     
 -0.154180943113180     
  0.635817462987859     
  0.979325015131622     
 -0.732822319751474     
  0.343106045415766     
  0.205609950656465     
   1.15942305010874     
 -0.977140437516637     
 -0.744527237784910     
  -1.64741502864365     
 -0.175734692304014     
  -2.08752308345402     
 -0.460390176095077     
 -0.305177705191869     
  -1.79428219001679     
 -2.736662063809185E-002
  0.190986457063441     
  0.577337885608589     
  0.849194147337016     
  -1.32320109234278     
 -0.837832017657316     
  0.991746793724023     
   2.05309539842435     
  -1.14875559801765     
 -0.247833859197625     
  0.342690190888537     
  0.474200838916061     
  0.273415044877305     
  0.966592301946414     
 -0.582340046698697     
  -1.46283806035458     
   2.31800384358199     
  0.551006048274060     
  -1.39294203843655     
  0.848589027696709     
  0.272627470054545     
  0.272329419111755     
 -0.201607457243693     
  0.114152213394406     
 
  0.449979659746271     
   1.11121422117106     
  0.849227153211312     
  -1.90724843235244     
 -0.477940925980228     
 -0.925714116199511     
  -2.09229043523861     
   1.00023797284912     
  0.130125976833356     
   1.92214873296655     
  0.354670988022076     
   1.50928443873926     
   1.23785700405566     
  -1.44901780596328     
  0.962758828218560     
 -0.129871503467597     
  0.362891149555230     
  -1.12623121657182     
 -0.100945095399685     
 -0.532191152446526     
 -9.539632614975148E-003
  0.539534537183487     
  0.228088505665476     
   1.43428920184667     
  -1.92477525645542     
 -0.553934340323841     
 -0.242974395335024     
 -0.732878050086299     
  0.378317807027206     
  -1.27471649629663     
 
  2.105849853342498E-002
  0.288805295566728     
  2.517567107393043E-002
 -0.977562275968470     
  0.124416754118484     
 -0.261716693881290     
 -0.685600651612674     
 -0.964566742385062     
  3.823262386637547E-002
  0.530277334010841     
  1.283251273095668E-004
 -0.160197871470747     
  0.439775470210478     
  0.307713167703889     
  0.252323712221851     
 -1.874208311484508E-002
 -0.697924155502678     
 -0.302148943334024     
 -3.755112399969245E-002
  0.333259179889682     
  3.599038598190564E-002
 -0.255755619668984     
  0.406760822263667     
 -0.510762343638821     
  0.667201725010525     
  0.549749963353305     
 -0.145300439697491     
  0.194462839284033     
  3.637516385432266E-002
  4.379380896594032E-002
 -0.250043079997713     
   1.15016061152727     
 -0.401440593564232     
 -0.138750145709718     
 -0.369983095706354     
 -0.233006446680078     
 -0.139083728762792     
 -0.450911772927322     
 -0.587545750593443     
  0.315279175097087     
  0.297752573280559     
 -5.647815706322531E-002
  0.297243930987414     
 -2.109093387313713E-002
  0.546349520477110     
 -0.140000199391655     
 -0.817561323452312     
 -0.338973852475139     
  0.413580099664480     
 -4.946154964506664E-003
  6.846907125546456E-002
 -0.501852800848186     
  0.566940424012419     
  3.610600202762350E-002
  0.879945502310348     
 -0.105320048538991     
  0.194855337833183     
 -0.395301992137717     
  0.476119060850680     
 -0.574042344122428     
  8.178415681333658E-002
  0.599009203045546     
  8.711631569682944E-002
 -7.251648235321539E-002
  9.636540577325024E-002
  0.103835997469562     
 -0.610744152163085     
  0.100021918370830     
  0.228137482849941     
  6.599229425774573E-003
  0.191004396297998     
 -0.418670324374345     
  0.223638779228078     
 -2.980667022455058E-002
  0.576154834161404     
  1.277969536694368E-002
  0.297901592926292     
  0.645379401058365     
  7.317804908609749E-002
  0.419352186008627     
  0.103106608411420     
  6.586743837884643E-002
 -0.253448352875604     
  0.123306136403599     
 -0.333580738140739     
  0.406108891693341     
  0.533091321826695     
 -7.118034262482237E-002
 -0.230945232160245     
 -0.296657043452458     
  8.087228316489488E-002
  0.626871740166857     
 -0.152946432852980     
 -0.144211294301494     
  3.639046052079111E-002
  1.276302031652986E-002
 -0.372789262639115     
  0.628197641261788     
   1.13153071122798     
 -0.444194030576105     
 -0.949512277756000     
 -0.207239926399545     
 -0.158141442084195     
  0.533607865920562     
  -1.41649873193805     
 -0.883956617954439     
 -0.515268352345600     
  0.239379941153409     
  -1.08306126266412     
 -0.297864088066078     
  0.690299338692883     
  1.610045072819469E-002
 -0.236713890151137     
 -0.202181199164332     
  0.383549061724008     
 -0.172096921043268     
 -0.541269868755694     
  0.367928740607832     
  0.630326144398915     
 -1.840872543205261E-002
  0.614564064338396     
 -0.442349779445877     
 -0.286601488803613     
  0.554738731973456     
  0.417743017127343     
 -0.413006337319287     
 -0.520612091504960     
   1.21145686695398     
 -5.995925460699734E-002
 -0.374053579919735     
  0.428533398906970     
 -0.657516265439656     
  0.638387291543353     
 -0.358583136063246     
  0.406714814480895     
 -0.511982025373589     
  0.534069360751334     
  0.421786288013847     
  4.327166626771836E-002
  0.340318049138771     
  0.139842448867258     
 -0.622071277187648     
  0.354522859803427     
  0.372229313685791     
  3.911737272991812E-002
  0.861928713596062     
  0.218076644748711     
 -0.643611121275813     
  0.170624978282329     
 -3.347954598086372E-002
  0.231457032675959     
 -4.098422964932408E-002
  0.192365636104209     
  0.214635834073481     
  0.316845977016187     
  0.595057213577174     
  -1.17861446677854     
 -0.138836485300051     
  0.626197602283237     
 -0.572862604804376     
  8.373497086594723E-003
 -0.368481436310320     
  3.501726026456525E-002
  0.308282442154853     
 -0.437061518683496     
 -0.236343421894469     
 -0.836425448743940     
 -0.121883662269359     
 -0.658641871082435     
 -8.145758116346669E-002
  0.284760140770980     
 -5.651005933419075E-003
 -0.147902167576975     
 -0.528104047826858     
   1.02885116748563     
  -1.28618184560082     
  -1.47052744107310     
  0.183994601208258     
  0.185974282025943     
  0.262248497563927     
 -0.172403161156908     
 -6.201040737501175E-002
 -0.325793253603054     
  0.512099406560837     
  0.227483027622529     
 -0.276527019535615     
  0.795732421893410     
  0.152772653805275     
 -0.304871859984757     
  0.421031995973659     
  0.134978408516940     
 -0.333524321651038     
  0.166181639155446     
  0.198364315328557     
 -8.161746439044802E-002
 -0.111549127195734     
  6.813815420724055E-002
 -0.525327990590672     
  0.113913080684123     
  9.246675353993843E-002
 -0.300251025729394     
  8.526973634828725E-002
 -0.240526521374717     
 -5.235797628338147E-002
 -0.305787442003081     
  0.553061174992286     
 -7.731806123676631E-002
  0.207606039877890     
 -0.279028127467185     
  0.750317459725195     
 -0.140909758163923     
  0.974674673761754     
 -0.345072000587556     
 -0.180047438379447     
  0.219109748269704     
 -0.404223942726888     
 -3.218536915851447E-002
 -0.428612439262355     
  0.199934057877017     
  0.582534020805166     
 -0.268745485350408     
  0.341665224789889     
  0.511108369543629     
  0.414170717509655     
 -0.518357550547397     
  8.140361511057448E-002
 -0.291530111909771     
 -0.166220646103526     
 -6.505330008506460E-002
 -0.256473745966615     
 -0.217070761330753     
 -0.398018093491209     
  0.185005513613685     
 -0.254673594364951     
  0.415274992925745     
  8.712141847266638E-002
 -0.583412405316286     
  0.266665300890042     
  0.241366480823968     
 -0.253056397124557     
  0.148923486903515     
  0.599321539986909     
  0.130927432312846     
 -0.477145790947338     
  -1.11782618794969     
 -0.289775965799514     
 -7.089055110601516E-002
  0.640234696259053     
 -0.507215368476699     
  9.942004380966564E-002
  0.600166512686721     
 -0.123531818388927     
 -4.526587147685144E-002
 -0.999793799354263     
 -0.148039595818352     
  0.901439161306351     
  0.719868224621178     
  0.427254487538177     
 -0.121483596499825     
  -1.17753334150721     
 -0.640854300063121     
 -0.654596889305336     
 -0.391662405222986     
 -6.286549035428922E-002
  0.158093104557969     
 -0.338620439907724     
 -0.429208814189498     
 -0.327322433388856     
  8.265309843985987E-002
 -7.007465386335383E-002
  0.921334684934283     
  0.575730510148676     
 -1.256643926573630E-002
  8.924394443124481E-002
  0.276988457831496     
  -1.64522346040058     
  0.283112482615461     
  0.277198523936371     
 -0.340476139801145     
  0.620420603639528     
  0.726402143864588     
 -0.589966519196761     
 -0.938427915261993     
 -9.636011012872639E-002
 -0.195009363481723     
  0.798139185233494     
 -5.669372390444215E-002
 -0.425190801717043     
  0.162643328230319     
  9.931730194920545E-002
 -2.636980866326712E-004
  0.780188437480901     
  0.914514798376233     
  0.831856206381627     
 -0.546915445108234     
   1.37116935566093     
  0.967671667029512     
 -0.258933903963433     
 -0.729814132128022     
  0.816675921977388     
  0.552373028744650     
  0.221444105364242     
 -1.226568263433226E-002
 -0.230043902718824     
 -8.596237562182053E-002
 -0.243522471600269     
 -0.155626490229192     
 -0.372952364704170     
  7.277817934245515E-002
 -0.316262187587695     
  0.165189133691560     
 -0.187787255281469     
 -9.457948099596952E-002
 -0.148553768366687     
 -0.108199769509085     
  0.120003006755262     
 -0.355005076118584     
  1.906952104008549E-002
  0.277277800832196     
  0.940021924780056     
  5.931986466338346E-002
  0.531241561675807     
  0.252631558643435     
  7.927473930941521E-002
 -0.508501043470881     
  0.377870363213626     
  0.120380504335335     
  0.209045967913974     
 -0.436202453535099     
 -0.348740765064601     
  0.365573339432380     
  7.831353039261946E-002
 -0.299019694852563     
  0.208110455521431     
  0.499264114976369     
  -1.73747522250989     
  0.428937715196937     
  0.506837437468816     
 -0.914404825900964     
  0.740814865567210     
 -0.171616884814725     
 -0.520012736591643     
 -0.328249349418453     
 -0.335901049482852     
 -0.125735049063423     
 -0.704153743608042     
 -0.262381571203779     
 -0.493817743962165     
  0.435886997804805     
  0.716680416143338     
  0.147783747944785     
  6.455746022961613E-002
  0.805263828362152     
  0.110308685974020     
 -0.563515100919934     
   1.30973085539378     
  0.464898409713950     
 -0.268046829349317     
  0.348516066479896     
   1.32584584510780     
 -0.121230653251208     
 -4.746566947315176E-002
  2.619079542290367E-002
 -0.420564097567333     
  8.653323643888731E-002
 -0.100296510284365     
 -5.004587112085098E-002
  9.812253290688186E-002
  0.198974842402391     
  0.335516857195130     
 -0.213067194782772     
  0.269628859878861     
  6.601397752995636E-002
 -2.679153271026565E-003
 -2.435884846246344E-002
 -0.375782949484134     
 -1.161189314556136E-002
  3.932381650244664E-002
 -0.313366219932073     
 -0.296570619610743     
  9.437150560720189E-002
 -0.353261474701690     
 -7.031344594905450E-002
  5.037813534408575E-002
  0.441073337800983     
  9.752317210446851E-002
  0.337558775043426     
  7.352074927597921E-002
  0.467526352797667     
 -0.252804893039142     
 -2.529159423372506E-002
  0.950821618192769     
 -0.439878812302776     
  0.247992121523327     
  0.223924157252416     
 -0.505270068010503     
  8.637797819117632E-003
 -0.458017948654575     
  0.584486720711600     
  0.492378555395361     
 -0.500520747517853     
  0.429093096490304     
  0.375736051084590     
  0.464108473843519     
 -0.552426693295162     
 -0.562201310426051     
 -0.181617657674944     
  5.222317355996134E-002
 -0.456227622426344     
 -0.139368442446860     
  0.123163029903699     
 -0.471237409992662     
  8.476894435083658E-002
 -0.223764535379365     
  0.332889278495725     
  0.238062116290477     
 -0.264795663842750     
  0.577166884713150     
  0.528282046055173     
 -0.470657731670305     
  -1.08358365686055     
 -0.193213557283819     
  8.485823902320822E-002
  -1.60135910142645     
 -0.689412050017848     
  0.244187830059014     
 -0.161159467891702     
 -0.943405092747375     
 -0.305815907470149     
  0.362780236736511     
  0.357561048535852     
   1.72390433566167     
  0.670955410840708     
 -0.501022473071644     
   1.28599207882050     
  -2.61307992156104     
  0.599139595593598     
  8.163423658490875E-002
   1.24818702082180     
   2.42456899872702     
 -6.234007013332491E-002
 -0.829468693491228     
  0.291571972845158     
 -0.266742469917888     
 -0.112957823551333     
  0.163456502015838     
   1.41659440683756     
 -0.760689285419038     
  0.441981854360848     
  0.177404967631920     
 -0.849264816962535     
 -0.343807814419441     
 -0.783973697612426     
 -0.666425543885631     
   1.15517012557483     
  0.844242861483500     
 -0.358600371451128     
  -1.34029660030525     
 -0.743056634208553     
  0.201524883138628     
 -0.413926327409910     
  0.330512428873355     
  0.377062923260287     
 -0.845020179249927     
  0.881941788111314     
 -9.989245170277170E-003
  -2.51573315843241     
 -6.832237163663760E-002
 -9.092281162169277E-002
  0.713896541750202     
  0.595984153079363     
  0.439659467871072     
 -0.700804817434059     
   1.27866360085558     
  0.538437284392687     
  0.182794110825222     
  -1.47824024928106     
 -0.447417767767719     
 -0.351590723372751     
  -2.27245565690983     
  9.448714046820943E-002
 -0.848727247688142     
 -0.246383599612115     
   1.37673308649768     
 -9.681267907305074E-002
  0.665919662056473     
 -0.468688795936444     
  0.654614233856211     
  0.553326739001444     
 -0.904642791808678     
 -0.155698744922186     
  6.505812278120331E-002
 -0.451764881743432     
 -0.552064469257653     
  0.525692117295363     
  2.364801846724630E-002
  0.257926127393717     
  0.246756456887442     
  -1.20287136384499     
  0.122120912405727     
  0.486759036165664     
  0.128960776575881     
  6.024462591418925E-002
  0.436488581698629     
  0.137615625588394     
  5.052278434721146E-002
  0.455105849693655     
  0.162783257333921     
 -0.163884083363857     
 -0.157332283463654     
 -0.145026835530632     
 -0.421412939171954     
  0.877482733330982     
 -0.638358978917156     
 -0.734472818968949     
  -1.02312519211666     
 -0.508026711829420     
 -0.694943857823529     
 -0.413061121463247     
 -0.398497144399746     
  0.686998609138937     
  0.656310327791836     
  0.272012802593141     
 -0.219512936706278     
  0.306081133326639     
 -1.685946055596538E-002
  0.807035208805660     
 -6.798228138210011E-002
  6.922870570275466E-002
  0.343276062676259     
  0.119481880143509     
  1.031005725540280E-002
 -0.143297597385026     
  7.856684872584749E-002
 -0.516363333638675     
 -0.267658160467982     
  0.522985196861463     
 -0.477556002377756     
  0.462741638256970     
 -0.170090089040961     
  0.254020929800006     
 -0.891608714457179     
  0.883033161557600     
  5.708687083954696E-002
  0.512523142196010     
  0.165225605801560     
  0.468012942056309     
  4.790664416613413E-002
  0.427432598671189     
 -0.216648352707762     
 -9.543810499132156E-003
  0.544573534867960     
 -8.644967089399608E-002
  3.683510380947566E-002
 -0.391716002432133     
  0.507141596720879     
 -8.304148187020421E-002
  0.169626459740610     
  0.469967193638171     
  0.340134753726412     
 -6.040316204375382E-002
  0.916072359396487     
  0.159393966910954     
  1.544295630873915E-002
 -0.482330384462914     
  0.281114593915923     
 -0.177712608062181     
 -0.188609620991160     
 -0.368046144355036     
  0.731637131774208     
 -6.347143354575011E-002
 -0.531822893650090     
  0.279890746508691     
  0.587539119449759     
 -0.280000648381179     
  0.597699222423796     
 -0.574294924783399     
  3.394228285124991E-003
  0.601083487670770     
 -0.490083632806542     
 -0.289910834419592     
 -3.275162243913929E-002
 -0.388925477714905     
 -0.270353548980928     
  0.358285422688842     
 -0.443943843147385     
  0.139321724336420     
  0.419652340224165     
 -0.591869994187064     
  9.528002553366687E-002
  0.667320543315730     
  6.792248817792113E-002
 -0.220989253617777     
 -9.090763163606566E-003
  0.330564729887929     
 -0.611428612746555     
  8.677727346587377E-002
 -8.069973614239352E-002
  0.196844461549545     
 -0.163790768929513     
 -0.127493084997078     
  0.454974951842568     
 -0.409417224286514     
   1.40566098381319     
 -0.737153928241215     
  0.872874032304466     
 -0.814907079785826     
 -0.658639801255253     
   1.37957955397213     
 -0.502960089617055     
  -1.01286213105457     
 -0.642663359441012     
 -0.105438195556061     
 -0.370441577604433     
  0.680415960427202     
 -0.625127303898211     
 -0.974602826683563     
  0.490629392741847     
 -0.531949672062513     
  0.572489053315548     
 -0.180384651324117     
  -1.51182042104225     
  0.248297245286685     
 -0.350392179200123     
  0.608266824338672     
 -0.776919585152447     
  -1.36865097177553     
  0.296281367577378     
  7.355037979514675E-002
  0.638369589888263     
  0.213966732182216     
 -6.038896096765668E-002
  5.979253838789285E-002
 -6.491540708791424E-002
 -0.277052884761460     
 -1.635324133463223E-002
 -7.497939401883209E-002
  5.714427334810009E-002
 -0.472662205412307     
  -1.12016811792728     
 -0.221855521249438     
  0.571716515667764     
 -0.515907514829765     
  0.172033017702083     
 -0.393716685233105     
 -0.426038512380168     
 -0.307211166599392     
  0.374841907053606     
 -0.175392261301989     
 -7.815258067123045E-002
  0.172266894453811     
 -0.110656476069931     
  0.647989886028967     
  4.364603560276648E-002
 -0.212464130354546     
 -0.521246236271420     
  9.889588782591606E-002
 -0.163248407977489     
  0.319245919527166     
 -0.424278914824022     
  -1.02921976445841     
 -0.919424216376920     
 -0.145789489313048     
  4.184869884220718E-002
  0.131835270944980     
  0.667000855009779     
   1.31205437483150     
  1.131492977660905E-002
 -0.857992813393826     
 -1.510840721030304E-002
  0.737613656229890     
  0.274152030230955     
  0.343250292388798     
  0.368869849435117     
 -0.609530805354684     
 -0.103022139825596     
 -0.617141841367871     
  -1.17040339329459     
  0.457456251499113     
 -0.501909028875224     
 -0.218881034905125     
 -0.389114269170421     
 -0.396740936288841     
 -0.581625529252329     
  0.272192005731015     
 -0.357871510925619     
 -0.632120325103849     
 -0.392500789161370     
 -9.279850432113927E-002
 -0.780371675618726     
 -0.344428825550303     
 -0.906045644603187     
 -0.155799909558127     
 -0.277134121632304     
   1.06639057394817     
  0.243589711404229     
 -0.629744467075179     
  0.481537439524223     
  0.217916051853178     
  0.792258927184493     
  2.248098479862362E-003
 -9.247976490100272E-002
  1.137485790940892E-002
 -0.113047629370163     
  0.682091247509612     
 -2.643498268735739E-002
  0.708498265921377     
 -0.426135598431254     
 -7.833374420767736E-002
  0.580317097752326     
 -0.794048405545364     
  0.158565882080628     
  0.163330201600433     
  0.733498545418969     
 -0.626889410954423     
   1.39149908565533     
  0.594989900115730     
 -9.199986535946160E-002
 -0.503736023438005     
  0.437856786216695     
  0.159353852435475     
 -0.126693509409619     
 -4.188819810304070E-002
 -0.290804080717537     
  0.455772655414504     
  -1.10084486307578     
  0.102387053748812     
  0.146388658348495     
 -0.406987781822890     
  0.540933789506784     
 -0.185089828054550     
 -0.407246452310273     
 -0.125209147444508     
 -0.179604903638982     
  0.108518163936092     
 -0.722109827914234     
 -0.226807496425443     
 -0.457655049333049     
  0.612806573044285     
  0.658938619175499     
  4.483390558027632E-002
  4.949886103402381E-002
  0.873377868512343     
  9.978476885342312E-002
 -0.424773521304859     
  0.858440774493510     
  0.433872819455082     
 -0.234067584862934     
  0.284388731991354     
  0.811928592177947     
 -0.557286659383105     
 -0.273166234242779     
 -0.232236194137527     
   1.25431300760771     
  0.820332414431484     
  6.203878278464266E-002
 -0.176642011401908     
 -0.126997180103391     
 -0.603861826276677     
 -0.181168743601267     
 -8.924429251020247E-003
  0.147562975348043     
  0.368785147709616     
  0.581853915727675     
 -0.826719662793704     
 -0.373535936135635     
  -1.21220840831336     
 -0.189437270481905     
 -0.295132011642132     
  0.757154855870107     
  0.205962758754142     
  0.999139397877967     
 -0.564856191840342     
  0.470844756578053     
  0.216082816660585     
 -0.189023179755835     
  9.480028326340223E-002
 -0.330575180164852     
 -0.389664302816482     
 -0.174899072589200     
 -0.170306563257448     
  0.396943053053724     
 -0.102856167010222     
  0.425853665905236     
  1.962333552187631E-002
  0.218592494889668     
 -0.560559501876923     
 -0.125007852451489     
  0.155520654275748     
 -4.356614159417598E-002
 -0.144965297806191     
 -5.009728338560113E-002
  5.930670770696431E-003
  0.250867808694621     
  0.161325804993309     
 -0.520398953407382     
 -0.193434826333737     
  0.166314875346455     
 -0.381202417510595     
  0.168513094546139     
  0.370609582101768     
 -4.560843356744613E-003
 -0.102044178923583     
 -0.303728676238070     
  0.392117075555655     
 -0.128846524285671     
  3.487256251283887E-002
  3.096994153997577E-002
  0.124420153379177     
  3.833448346222718E-002
 -0.917136011398153     
  0.154952379370134     
   1.04023106787765     
 -0.273297777827627     
 -0.210212957300844     
  0.441943983590790     
 -7.085742470669824E-002
  2.614515664484587E-002
  8.296363723930263E-002
  9.433059754950844E-002
  0.351961927421919     
  0.365482185784882     
  0.212030170025418     
 -3.415262552819937E-002
 -0.371950360253797     
 -0.416940398535063     
 -0.830367621543200     
  0.177979642704433     
  5.696487451173658E-002
 -0.194778395990486     
  0.112038396505308     
  0.871921019001632     
  0.366781143616338     
  0.117554779122681     
 -0.894318317621319     
  0.168693064272937     
  0.125087331432366     
  0.149877298133500     
  0.917639535197070     
 -0.253494981510611     
  0.157777596361865     
 -0.244323104451330     
  0.476907068783260     
 -1.459010829158860E-002
  0.661929095223514     
 -0.357722035406471     
  0.563760182079000     
 -0.212243650874133     
  0.316772911100093     
  0.543692718834014     
  1.905704525992067E-002
  0.421389423984820     
  0.404521193490449     
  0.159599441720096     
 -0.189595548952804     
  6.922279970512114E-002
 -5.009910018358848E-002
  0.126227792182206     
  0.421225389958932     
  0.627951083675373     
 -0.372950745201949     
  0.317182221145448     
 -0.119223786438004     
  0.159467054212526     
 -3.887170001412943E-002
  0.509552478460583     
 -7.574336986342081E-002
 -5.270240814478962E-002
 -0.297244721472129     
  0.124519229653740     
 -8.771397132217003E-002
  0.820493210886466     
 -0.555011555793959     
 -0.488530865448004     
 -8.283530025502220E-002
 -0.513122727000468     
   1.39135108945080     
  0.351474264844093     
 -0.723202794910957     
  0.198528267987980     
  0.141547778632138     
 -0.335886268574010     
  9.544947752350476E-002
  0.137584964672688     
 -0.490171468166204     
  0.873159956358534     
 -0.530204241378291     
 -0.639360178469942     
  0.437080738368033     
 -0.295729734550133     
 -0.662855149859685     
  2.007032333170712E-002
  0.347904182333189     
  0.190646828080749     
 -0.985964132111306     
   1.10219666883681     
 -5.703721696345143E-002
  0.237306331235071     
 -0.454205194675254     
  0.710674085286263     
 
  0.212095375554466     
  0.565856899148842     
 -0.358036743224341     
  -1.16386946374595     
  0.526145257860274     
  -1.80217687215640     
  0.327614978798047     
 -0.177926916663383     
 -0.193818695180727     
  0.701881549521841     
  5.842147789159133E-002
  0.405211802846315     
  3.876117206980584E-002
   1.02362286592587     
 -0.488191831077813     
  -1.43714512256899     
  0.126267821293455     
  4.791597339519605E-002
 -0.554023340635967     
  0.288252542191720     
 -0.565475378501050     
  0.661904876470677     
  0.273241461199541     
  0.275026115838407     
  0.404182457346809     
  7.367710607920347E-002
  0.513048451236037     
 -0.213889289954956     
  7.911192926489863E-002
  -1.29269129166853     
 
  0.152282255323738     
 -0.246250743617084     
 -0.803106075474955     
   1.79348638330217     
  2.958844084184789E-002
  -2.35615836970112     
  -1.77424701872289     
  -1.99645728061466     
 -0.708688215582524     
  -1.89072275848669     
 -0.628675934573729     
  -1.01519509838613     
  -1.30895501648205     
   1.12092862068935     
   1.48345066240207     
   1.90580919273398     
  0.736771577563136     
 -0.212463949392540     
 -0.647145770343564     
  -1.82709607654863     
   1.39962713262854     
 -0.585639286095439     
 -0.637713118997810     
  0.334133444451416     
   2.91945391383961     
 -0.726315646748992     
   1.02529509126821     
  0.101631693207814     
  0.763102243106539     
  0.490695991253373     
 
 -3.939104761904762E-004
 
  tansig  tansig 
