     33 -    30 -    30 -     1 
rmse=  25.5779meV
 -0.227797119726571     
 -0.276679465927027     
   1.16156139633060     
  0.432805687989763     
 -0.193653638895052     
 -0.754795583152307     
  0.314165939570742     
 -0.376620493447079     
  0.161487406841962     
  0.177758758217576     
  0.216327485387749     
  0.186687801856797     
 -0.391878016466913     
 -0.179586374592539     
 -0.394167548247693     
 -5.935564024932392E-002
 -0.169836554902831     
  5.368362031390848E-002
 -7.689856111924757E-002
  5.841949815055961E-002
  7.615504848025741E-002
 -4.864868585471948E-002
 -0.329203016978384     
  1.966992878719978E-002
  0.434929127408062     
 -0.408954676413431     
  1.803462147483374E-002
  0.190103992549272     
 -0.306765297926336     
 -0.309995330860705     
  0.345554345400944     
 -0.261507742712855     
 -9.028157895101351E-002
  0.360836274370143     
 -0.238617619587405     
  0.186103876701092     
 -0.796533426741897     
  8.541945813042279E-002
  7.569335676164734E-003
 -0.285298794061092     
 -0.216069185667082     
  0.164455981455074     
 -0.626342769394192     
 -0.252710574504797     
 -0.359025461216729     
  0.110407964549306     
  0.327419603962801     
 -0.295529605660273     
 -0.538564026716467     
  5.269532773218331E-002
  0.613310057856281     
 -0.164784953113955     
 -0.140967650112768     
  0.856337141329747     
 -0.189263207761242     
 -0.399475630426604     
  0.543262481664054     
 -0.949166288250349     
   1.25431210805509     
  -1.10666938030348     
  0.449716712467793     
  0.378547590408411     
  0.175159945531049     
  0.877724097015679     
 -4.663670244039715E-002
  0.674252909045660     
  0.302265614291274     
  0.521957822884420     
 -0.249486156976925     
  0.332274012788521     
 -0.250501467082630     
  0.340300230089785     
 -0.865117858478513     
  0.706183282750680     
 -0.313093139603280     
  0.577253490177766     
 -0.619607400883425     
 -0.510272858293549     
  1.213033871585115E-002
  0.431205714157334     
 -0.436523384354764     
  1.182841775410288E-002
 -0.527553143255115     
  0.198276503400929     
  0.965396908981100     
 -0.360658896654019     
 -0.239033497406796     
  0.192455512633363     
  0.147232183989921     
  0.299937201045905     
  0.788068601124349     
 -0.364084718848946     
   1.18802426708686     
 -0.851464284709919     
 -0.124786591830677     
  0.461780745307591     
  0.771229446470395     
  6.591761175372821E-002
 -0.631759082208141     
 -8.432300688974358E-002
 -0.118962331802783     
 -0.173108536779034     
 -7.115107262646403E-003
  0.484065699846316     
  0.236552897082569     
  0.218736325704305     
  -1.21289418064293     
  0.731921839293070     
 -4.780104426047500E-002
  4.263514340538253E-002
  0.382442896019123     
 -0.310574010190752     
  0.240668163455327     
 -0.186656086023630     
 -0.187267468552087     
  0.271762983471836     
  0.249638629199766     
 -0.270403150082203     
  0.118103816694054     
 -9.637363564644905E-002
  2.773908190527781E-002
  0.345005210251307     
 -0.619504532293178     
 -0.200055865103252     
  0.141211065548162     
 -0.768330450853884     
 -2.211462643602413E-002
  0.327104843876284     
  3.234296917318472E-005
  0.110787293502349     
 -5.180154038767034E-002
  0.151407782568896     
  0.229161720351712     
  -1.12499968494117     
  0.734539767162086     
 -0.589481245998593     
  0.598278680654115     
 -0.524920826946965     
 -0.127651030594646     
  0.578387270955235     
  0.200403296256164     
  1.452386293675141E-002
  0.107943762825208     
  0.471859178402301     
 -0.301598944917129     
 -5.291872786499912E-002
  0.247231138031299     
 -0.127330082700163     
  0.187040952849551     
 -0.420476458461229     
  0.299121717365098     
 -0.389243693470070     
 -0.202721274262201     
  0.557033091479669     
 -0.463115815917019     
  4.092814771848500E-002
  0.376021833818097     
  -1.47258271168776     
   1.10464120388468     
  4.378921694760447E-002
  -1.05343169866743     
 -0.392771456503102     
 -0.248954006379328     
 -0.109923480080715     
  -1.08745161637180     
 -3.043930178539407E-003
  0.355579917619134     
 -0.495199985620048     
  0.309408251300836     
  5.876354353961954E-002
  0.425376392004985     
 -5.986654067812994E-002
  0.394425255185813     
 -0.139740763365211     
 -0.112068677865500     
 -0.183453000623731     
  0.211788964358269     
  3.154327211282127E-002
 -3.524940796171004E-002
 -2.871774627854513E-002
  0.520537549292944     
  8.710832566074482E-002
 -0.784637277590079     
 -4.902144303395904E-002
  0.456740560137829     
 -0.356376126575477     
 -7.351155577719655E-002
  0.297234325080241     
 -0.430584241701059     
  0.112049549504676     
  0.228772816681399     
 -0.356478351366645     
 -0.397833080733501     
   1.02897579315809     
 -8.328118481121366E-002
 -0.277276771130741     
  8.652147141973078E-002
 -0.164711952431972     
 -0.492547703877502     
  5.349046027878113E-002
  8.973987906003035E-002
 -0.641240225763957     
  0.146288162257138     
   1.04345466987304     
 -2.915900996111435E-004
 -0.615833025245822     
 -0.139130527078634     
 -0.177607256124672     
 -0.427451800839246     
  0.533339159625846     
  0.186277357765580     
 -0.150049802552725     
 -0.436596480919575     
 -0.282213361606297     
  0.201960322848318     
  0.488613590444541     
 -0.110364641259186     
 -0.162410228011508     
  0.161876928375786     
  2.369154063733091E-002
 -0.167573121560712     
 -0.136786306507700     
 -8.035676623518299E-002
  0.372054008268556     
 -0.392582879964988     
  0.137505959388889     
 -0.340368811029516     
  0.178857233833522     
  0.237012880979558     
  0.386112410483028     
  0.207186153381131     
 -0.293609188585841     
 -0.532932845588160     
  0.102851827900513     
  0.147236215757590     
 -0.263068006210237     
  0.207632365838672     
  8.680888866842969E-002
 -0.412630708623633     
  6.529523967142627E-002
 -0.580548758004905     
 -0.325443810659599     
  0.517224169953291     
 -0.557549308744126     
  0.101374367505039     
  7.439964307743754E-002
 -0.312625045270614     
 -0.255958034201182     
  0.344600638202564     
  7.342311873499677E-002
 -1.655867184302386E-002
 -0.645057015533619     
  0.470016369773308     
  0.589723116771522     
  0.132452579929065     
  0.107412680723076     
  0.187950234285851     
 -0.827172067345240     
  0.235076012258815     
  9.721057176290950E-002
 -0.320623375452190     
  -1.33820739157929     
  0.625947502803778     
 -0.653111193537457     
 -0.383556844592068     
  0.964588832574657     
  0.242077659019562     
 -4.143659035992035E-002
 -0.132772905777982     
  0.607238648931398     
  0.900063858485317     
  -1.40702370353147     
 -2.741564138152525E-002
  0.900018666508817     
 -0.230769021110348     
 -0.200591759814741     
 -8.287883654148707E-002
 -0.392731574508826     
  0.424565007655446     
 -6.689280935578318E-002
  3.462430810489937E-002
  0.577063685466134     
 -0.349276372573612     
  0.306046692523909     
 -0.375687776601032     
 -0.123256921092961     
  0.421157167706817     
 -0.233498385836257     
  -1.04722221017360     
  0.667798119079985     
  -1.02397508557566     
 -0.381070458820634     
  4.202391689048671E-002
 -5.889102986560316E-003
 -0.358960049969290     
  0.343937322922775     
  0.685405832324111     
  0.265911305202962     
 -3.017348614156694E-002
 -0.760391552138298     
  0.112969709026402     
  0.453528967013259     
 -0.465007939214421     
  0.134709730549893     
 -0.608497182944800     
  8.450594497501990E-002
  6.627991586982257E-002
  0.340051951098624     
 -0.365451446942355     
  0.605494814917891     
 -0.161182472485211     
  0.150607288719228     
 -0.498635019047695     
  0.520405266225267     
 -0.365896132924302     
  5.543389653872635E-002
 -7.422569685815936E-002
 -0.286279775181693     
  0.234462714762833     
 -0.448024072852170     
  0.216103146046744     
 -0.543680220247536     
 -9.887042771994378E-002
  0.733252639729275     
 -0.445656376792972     
  0.883836360062453     
  0.833253046213920     
 -0.619210012195123     
 -0.134857347893570     
 -7.775633279995521E-002
 -0.204019779062537     
 -0.228024768047066     
  0.296711508076740     
 -0.818175964493063     
 -2.245651484964566E-002
  0.135204700244832     
  6.370440461837348E-002
 -0.728643392009079     
 -0.154145081519859     
  0.614105863151718     
  0.426128188921668     
 -0.104381092872759     
  0.436221133327928     
 -0.535335137546311     
 -0.298163208565810     
  0.432163348279458     
 -0.267417720622150     
 -0.118500700710466     
  0.143256218520096     
  1.784367042113855E-002
 -0.326190747601909     
  0.137661453996165     
 -0.346178311310579     
  0.463595665903749     
  0.466809902498583     
  0.591797577333451     
 -0.102262462308465     
  5.659470822421508E-002
  0.765474644185834     
  0.405701292996713     
  6.936917456984283E-002
 -0.358188288891140     
  4.921949572642383E-002
 -2.041832624531239E-002
  0.161451787848070     
 -0.137263351475203     
 -4.029404624937623E-002
 -0.331014527281100     
  0.530751910653489     
  0.310752796603270     
  3.454631487590173E-002
 -0.619810454284020     
 -0.187538100734708     
 -0.348637320852388     
 -0.384061236766328     
  0.541276134619918     
 -0.697429990202506     
  0.219082611385957     
  0.282362264245539     
 -0.340272378354175     
  0.529074968934245     
  0.131921790847636     
  9.654437630484491E-002
 -0.435190127041907     
  0.155908963532680     
 -0.553288671710680     
  4.844533788350487E-002
 -0.223748214663610     
 -0.153790994665631     
  0.384206481753942     
 -0.221720982578893     
 -0.506419393831971     
  0.111298101065592     
  0.570589202637753     
  0.197935142640164     
 -0.214933994488261     
  0.307378495801913     
  0.394513398993621     
 -0.292823443052399     
  0.315730281789982     
 -0.211596154940160     
 -0.221369728845367     
  0.548921905569947     
  -1.11449478941457     
 -5.507317344931160E-002
 -0.170768302290399     
 -7.541394230290281E-002
 -0.604185093713765     
  0.351731377551697     
 -0.356307624968297     
  3.631481150023529E-002
  0.328564520620214     
 -0.338933991964596     
  2.413510773906912E-002
  9.552201941821467E-002
  0.141426121417825     
 -0.208231279116280     
 -8.260627117171808E-002
  0.172975232003874     
  9.835097808313671E-002
  0.324700971182326     
  0.687882241629624     
  1.711534942036865E-002
 -0.482214126855261     
  0.931838850460631     
  0.830539151021326     
 -0.124718958169372     
 -2.234215953480374E-002
  0.733527250693221     
 -0.509942032296515     
  6.942710415427455E-002
 -0.214496150518686     
   1.14706278767473     
  0.200304807937180     
  0.235989844791455     
 -0.457282737711610     
 -0.136788179598043     
  0.404906503836740     
  0.161798746157129     
  0.108320040603667     
  0.258099227775312     
 -0.370007868155727     
  0.597989571328219     
 -0.151282705502620     
 -0.496083110008274     
  0.224112635990077     
  0.402147977321443     
  0.183628675207049     
 -0.361733602929170     
  9.003128060800362E-002
  0.147132614599972     
  0.633505108433142     
  -1.06765120176352     
 -0.470013275368125     
 -0.215030793877636     
 -0.187149858631230     
  0.237035666222049     
 -0.109093398983192     
 -6.582888686942596E-004
  0.573166054603201     
 -0.223338619133075     
  0.161272557539380     
 -0.221971090646133     
 -0.125948225472566     
  7.520807647787872E-002
  0.369674186764970     
 -0.114015014751297     
  0.411274190794229     
  0.387829487782882     
 -0.327681786258101     
 -2.569563543398972E-002
 -0.808749038068389     
 -0.230330335119511     
  9.883295914734873E-002
 -4.297477819936096E-002
  0.155906299872385     
 -9.991705978091223E-002
 -0.141904680751900     
 -1.535371175566503E-002
  0.566129983414759     
 -0.158131301675820     
  0.116926368320626     
  4.614621686798737E-002
 -0.113296484979204     
 -0.408271857123112     
 -0.186568514542703     
 -0.433456751024018     
  0.729086115826334     
 -0.849830950559301     
 -0.226014504545869     
 -0.419100883928856     
 -6.117817194574634E-002
  2.694994640524090E-002
  0.229844151370671     
  0.509035563392767     
 -0.171231959914312     
  -1.11313663438146     
 -0.861061688149167     
 -0.452151504610088     
  2.733052219387772E-002
  0.172534665203901     
  6.992058371137715E-002
 -5.881807672490793E-002
  0.247135912734297     
 -6.536691003335419E-003
  0.957389141248110     
  0.394864681240020     
  0.304969817131164     
 -0.444014252455771     
  0.246874289207529     
  0.409690259047813     
 -0.365623810949018     
  0.242492311266869     
 -0.154019155913012     
  0.452505731599553     
 -0.380463609170501     
 -0.491307964821199     
  9.707127132954554E-002
  0.177996650024169     
  0.231971982678072     
  0.242093732075826     
 -0.154271567121388     
 -0.248400383280411     
  0.629167914126550     
  0.288022393706351     
 -0.434909524627750     
 -0.479910444689062     
  9.909623495191826E-002
 -0.524314741229825     
 -0.726764785522581     
 -0.647753518324200     
  0.419444002542702     
  4.104984942915488E-002
  7.783589957667282E-002
  0.501263257995813     
  0.717385726285531     
  4.155766312055766E-002
 -0.914736288824927     
  2.226750054677157E-002
  0.274409798857476     
  0.484513386166380     
 -0.102180744803342     
  0.369694031953478     
 -0.296299509428624     
 -0.245102648527320     
  0.266916891672177     
 -8.546203979575312E-002
 -7.460784530520516E-002
 -0.105634605071849     
 -2.020357996227693E-002
 -0.155731518922580     
 -0.597091680772913     
 -0.612268209317987     
  0.121545988627016     
 -4.236444982994420E-002
 -0.743160310776252     
 -9.074601866352384E-002
  1.101251100485372E-002
  0.295824038510685     
  4.985562240306156E-002
   1.06740826439918     
  0.312273532840548     
  0.882037493014359     
  -1.85753015436900     
 -6.013670263195560E-003
 -0.114930764712322     
  0.315811098053985     
 -0.469409478288118     
 -0.504634359545435     
  0.347704971349619     
 -0.364088180919103     
 -0.110102722942935     
 -0.494436413451725     
  0.290165446324196     
  0.404061963063983     
 -0.805414101478297     
 -0.598109296544026     
  0.243280757545751     
  0.370029523247534     
  0.209222407952911     
 -0.510543354421024     
  0.952926869400769     
 -0.192365547877774     
  0.434601695583774     
 -0.414444353634974     
  0.340143839040873     
  2.897350267333273E-002
  0.319178047772738     
  0.287183670257017     
  0.125106339654249     
  0.386108103163828     
  0.102822307538270     
 -2.814411769054160E-002
 -0.209952870998982     
 -0.775476804548304     
 -0.543475279184882     
  0.770138773958612     
 -0.942448154381205     
  0.207756288232052     
 -0.719623732601263     
 -7.807997392567047E-003
  1.430325502974633E-003
 -0.367100547995239     
 -0.391569782704998     
  9.556947937060531E-002
  0.666692984135167     
 -0.313973847940190     
  6.051014682396713E-002
 -6.545313214251286E-003
  5.859356236724261E-002
 -0.271906946645584     
  7.321768993937622E-002
  0.126209853975008     
 -0.284524460268209     
 -0.393434613329710     
  0.392623600263145     
  0.125484499898988     
 -2.829018907022254E-002
  0.416785568169164     
  9.865104530353584E-002
  0.247667828178441     
  0.371318972458760     
 -3.400499066653273E-002
  0.116325427159743     
  0.161046965795981     
  4.202097382065650E-002
  0.530787004158207     
 -0.163437883694842     
  1.573038307148324E-002
 -0.150164836615136     
  1.800616101764998E-002
 -0.198007318606305     
 -0.211496003758447     
 -0.461075813736244     
  0.125718838712036     
  0.907320227901098     
  0.699029984293609     
  0.243641321177376     
  0.102883064528515     
  0.285572567973867     
 -0.407831280615226     
  0.837502072684569     
  0.173731312212248     
  7.134144493656844E-003
  0.551408454584436     
 -0.291900024994605     
  0.162207314951345     
  4.809695558474854E-002
 -0.227299961425682     
 -0.327375469755911     
  0.138679837006008     
 -0.357809462719393     
 -5.132100258485937E-002
 -0.602076991150255     
  0.666815232854241     
 -7.323202585742382E-002
 -0.440176770801528     
  6.289565818653593E-002
 -0.127115508746691     
 -0.176959716861114     
 -0.262394552085668     
 -0.244375883534833     
 -0.610160689698264     
  9.201880568635074E-002
  0.298978572797830     
 -0.137854712428249     
 -0.307621757793942     
 -0.503404358310194     
  9.187315396226109E-002
 -0.119958332542044     
 -0.181502414024330     
  0.297319135362471     
  0.289123328905208     
  0.135274411706746     
  0.179439929547173     
 -0.203656701572179     
  0.195281669364865     
 -0.217907850696544     
  0.225817341454845     
 -0.245017837101717     
  8.185306625251511E-002
 -1.859587839193218E-002
  0.332050621389820     
 -0.423142122559059     
 -0.176566723054502     
 -0.360107065000970     
  0.541690455906858     
 -0.106703590541954     
  0.504693837268348     
  0.582392515011131     
 -0.233529667022883     
  5.629220996844293E-002
  0.328050447815118     
  0.473733886187343     
 -0.461117420229581     
  0.336047696856826     
  0.480347792427027     
  0.141291384689171     
 -0.690208374264469     
 -0.237636148143299     
  0.330689749914649     
  0.757411501433273     
 -0.626378212247767     
 -0.640091945778606     
  0.594963455762746     
 -0.458769337224358     
  0.140031929518273     
  9.249338232816735E-002
  0.875825500999119     
 -0.186278882180964     
 -0.187128152778164     
 -0.266876352574428     
  0.413787060170148     
  0.697359646859069     
 -0.795042125289338     
  6.267091786096518E-002
 -0.350884611834008     
  0.460205221170440     
 -0.434144732797043     
 -2.326918790906883E-002
  0.217526633438669     
 -0.522718626616792     
 -0.607542165677348     
 -6.404147910313836E-003
  0.239873786561192     
 -0.241552465568528     
  0.215351589845075     
  0.241032225451907     
 -0.514977571096522     
  0.429458970439432     
  0.154891419954508     
  0.523204787211145     
 -0.152909277901134     
  0.743111970158537     
  0.337715367727532     
  7.619590578201954E-002
  4.823305705487909E-004
  0.148184682982061     
 -0.332213874544949     
  0.478125979442477     
 -7.996001678921655E-002
 -0.508299421612098     
  0.567758339685821     
 -7.092413852599005E-002
 -0.121474547704675     
 -9.681184131308086E-002
  3.858644289388546E-002
  0.146289979182548     
  0.168572432037356     
 -2.211620219036740E-002
 -0.460115052437354     
 -7.042877856390921E-002
 -0.130727139340743     
 -0.183365496373727     
 -0.519804082396655     
 -0.484330180438623     
  0.308622010797494     
 -4.723953013966833E-002
 -0.481818658566339     
 -3.099131088872374E-002
 -6.897026506559135E-002
 -7.074537822871658E-002
  0.581524408830108     
 -0.260948866689986     
 -0.328469894190370     
  0.130666437811356     
   1.01522577083672     
  0.273851195453943     
  0.459494644642086     
 -0.227694468355690     
 -6.954974941759263E-003
  2.292579118807827E-003
 -0.113789777626367     
 -0.401763430507933     
 -3.190732943823804E-002
  0.307528879296929     
 -0.659845796413113     
 -0.325633429862510     
  0.214908402565794     
  0.161227502218882     
  2.039993191602616E-002
 -0.140445236741496     
 -0.139879054574835     
  0.143893121120060     
  0.183075610606917     
 -0.400826519092040     
 -0.132810269940420     
  0.132722848852239     
 -0.897366673057929     
 -0.262268363162518     
  0.205078921976245     
 -0.256668461415086     
  0.394504332708255     
 -0.287151803811331     
 -4.424844453299431E-002
 -0.176557055620036     
  6.961468092968168E-002
  7.751634327442929E-002
  2.399800150748094E-002
 -0.205809099443954     
  7.222006832352942E-002
 -0.580838886217165     
 -0.268176498471150     
 -0.157510740641660     
  0.312585388034239     
 -0.188596641142401     
  6.202137657509118E-003
  7.784977270046217E-003
 -5.561286857232994E-002
 -0.214879274473438     
  9.575881565934199E-002
  2.309194387962751E-003
  0.412311554346439     
 -0.228008863055113     
 -7.460413399272989E-002
  0.217401895544810     
  0.232031901557581     
 -0.247369809383745     
 -7.645800426260076E-002
 -0.216507777358552     
 -3.830184420554107E-003
  0.199479973082968     
 -0.234182555977635     
  0.103792478009126     
 -0.339603309287625     
   1.28771561953301     
 -0.387922031035334     
 -0.643531095915900     
  0.665974130409034     
  2.639335996599767E-002
  0.925870886280870     
  0.590997777947274     
  0.125212802119170     
  9.402656439291850E-002
 -0.209934524016091     
  0.352325727822910     
 -0.141479137371584     
  0.401921719417238     
 -0.649137878051322     
  0.407462066122132     
  0.255737951884500     
 -0.132116520289139     
 -0.300573336832379     
 -3.034813477768602E-002
 -0.151468690476094     
 -0.268291130172810     
  0.506739243121806     
 -0.336387032155423     
  0.566786812495484     
 -0.220860880771755     
  0.516598085422795     
 -0.352945987336258     
 -0.465828221269067     
 -0.150720771070875     
 -0.181486155987572     
  0.615355873181082     
 -0.426633633515018     
  0.258746387871820     
  0.708132030287977     
 -0.358289278075213     
  0.620527563639601     
 -0.365607825141563     
  0.126864513410906     
  0.809857331741364     
  0.484425796658429     
  0.202579108207735     
 -2.127076773082778E-002
  0.513857566864469     
 -0.322203011567069     
 -2.947266371496183E-002
 -0.108838251120910     
 -0.212296061878371     
  0.232399284676891     
  0.151341975124482     
  6.301597799165594E-002
 -0.710880336352644     
 -0.332235725556949     
 -0.116015971994447     
 -0.979908883017745     
   1.44051775901874     
 -0.267933738553637     
  0.502370486536143     
 -0.694852387951157     
  0.296895098277746     
 -0.504614097295478     
  0.423735860719401     
  0.105035889879968     
  -1.02066435923352     
  0.707882239993935     
  0.186700219440062     
  3.218031988788986E-002
 -8.869389952367066E-002
  0.429993046885165     
 -3.526167281135514E-002
  0.973022944702131     
 -0.370079899682047     
  0.184037770157379     
 -6.719096282546053E-002
 -0.704004109975727     
  0.457839595121198     
  9.069508067707552E-002
  0.240315100919432     
 -0.355218306801256     
  0.212887404873861     
 -0.323333696154894     
 -9.869645038381883E-002
  2.487103229620664E-002
 -4.010519051507286E-002
  0.353769059258495     
  3.792121272426333E-002
 -4.351996955517234E-002
  0.338509666599753     
 -0.313630008688683     
 -0.255289757121699     
  0.174780366890522     
  3.676071289914594E-003
 -6.008741483117035E-002
  0.409166962428192     
  3.067340819501872E-002
  0.487568556100159     
  0.395484869151332     
  0.120880347111622     
 -0.276305477766801     
  0.164123460382964     
 -0.214440041104198     
 -0.419139109846099     
 -0.209805902974530     
  0.315908493496944     
  0.215620019544848     
 -0.304320926229524     
  0.231234176350941     
  0.404803153966062     
 -0.842198740864933     
 -0.258359631814742     
  1.798689691888145E-002
  0.611818571670383     
 -5.894010824946531E-002
 -2.179266477217972E-002
 -0.295936256744946     
 -7.740109167076271E-002
  5.238165235159464E-002
 -0.138580647944888     
 -3.483996481117156E-002
  0.224512155050188     
  7.962780348088433E-002
 -0.226147075298940     
  0.186595124399190     
  0.182712730484133     
  0.308847052395213     
  0.215715859400985     
 -0.154545688371579     
 -0.241737826228539     
 -0.110763209343506     
 -0.145809727606282     
  0.111169129185668     
  7.826773371266511E-002
  3.211779658366449E-002
 -0.212478079594344     
 -0.445918790513470     
  0.414952874441866     
  -1.11704235944462     
  0.343945301002775     
  0.613014047563321     
  0.100890172370377     
 -0.435992925431364     
  0.273887177906490     
  0.745639943872379     
  0.636260574953636     
  0.534259151057505     
 -0.533470632140817     
  0.438538592324678     
 -0.423689014351017     
 -0.229568346806100     
  4.515749540713963E-002
  0.404477322304865     
 -9.149940552720420E-002
 -4.881792547777695E-002
 -0.702392796585789     
  0.414328929794484     
 -0.154163513058504     
  0.175340903936837     
 -0.272955096905996     
  0.537292822291992     
 -0.327455455742950     
  0.111493961907533     
 -0.386101184915364     
 -0.251943391794073     
  0.663368066201569     
 -0.522411791296443     
 -0.234305697664971     
 
   1.18402789192941     
 -0.208560291813540     
  -1.57167600642289     
  0.796455700219244     
   1.05988357268018     
 -0.263552728234539     
  0.875236184116174     
  0.724023736307172     
   1.59218091708801     
 -0.274637035671503     
 -0.919010520140903     
 -0.599668492075920     
  -1.85891988057768     
  0.320256532096034     
   1.07546391450823     
  -1.20581302082798     
  -1.04807524859982     
 -0.147517059950696     
 -0.590457497692198     
 -0.443956424181278     
  0.340027262088725     
  0.390662726014208     
  0.759687023324163     
   1.52230341100992     
  0.380509633264013     
 -0.269613565962302     
  5.106444264404678E-002
 -0.640977970860345     
  0.912445536923140     
  0.846969565389901     
 
 -0.852278082605129     
 -0.114070163496380     
  0.482588914772012     
 -5.765469539956452E-002
  0.174046249336185     
 -0.418776661153715     
  0.438147370463182     
 -0.136207709177686     
  0.588224659693994     
  2.462473620836225E-002
 -0.257621795639794     
 -0.430560052293623     
   1.08524227931905     
  0.414085539841958     
 -0.348250193041624     
 -0.488011084749809     
  0.810283119290945     
 -0.252418106096412     
 -0.114128966129010     
  0.386072388022029     
  0.870840567187126     
 -0.271819718273314     
  0.120560606244774     
 -0.724731564128415     
  7.502415006215228E-002
 -0.616492413424730     
 -0.506240978389249     
  -1.07728736404571     
 -6.105511611327911E-003
 -0.375646530028726     
  0.325208027215152     
 -1.230843296525540E-002
  0.279373705656754     
  0.842267599956765     
 -0.328923480022665     
  0.268330621171936     
 -0.728176529736871     
  0.225488418714520     
  -1.35028182294312     
  0.165026238058849     
 -0.904492505133782     
  0.602697960594130     
  0.346282470524256     
  0.116101356636453     
 -0.340856413136521     
 -0.977982042003530     
 -0.402913979461749     
  0.527421314040877     
  0.227579587810220     
  1.890027634698487E-003
 -0.401167135694382     
 -0.103743750355719     
  0.270577508656877     
 -0.155143460545615     
  0.412123216666576     
  0.135306737161762     
  0.227449793748656     
  0.641449600897379     
  0.850681654538036     
  0.656037859162711     
   1.14433597130098     
  9.949645743231017E-002
 -0.197580399230232     
  4.914634793593622E-002
  7.701523956299959E-002
  0.227329759461824     
  1.560116854294059E-003
 -4.461851083767467E-002
 -4.265924848836693E-002
  0.272596216073945     
 -0.166008221412528     
 -0.277970820405396     
 -0.272697468467549     
 -0.132003175312048     
  7.623034699239927E-005
  9.776240797210950E-004
 -0.392601493541463     
  0.571972502578036     
 -0.386733408637088     
 -0.123814174384481     
 -0.152480567922123     
  0.349709086783431     
  0.288726821530251     
  8.818424846899636E-002
  -1.18360399222952     
  0.259176249205818     
  0.425968387671525     
 -0.355502850298167     
 -0.186669601594025     
 -0.818488407774492     
  0.241948897908454     
 -0.178180553728237     
 -0.119121280738973     
 -0.629185084863250     
  1.509151965850072E-002
 -0.250837973324307     
 -3.409747980460751E-002
 -0.215336533771793     
 -0.389570504442824     
  0.234021682808248     
  0.832969505028065     
 -9.179186720128542E-002
 -0.354302897068204     
  3.687197748484130E-002
  0.417016553158291     
  0.641067501933236     
  0.108885125046685     
 -2.136656561530060E-002
 -0.519787845701122     
  0.613118707334387     
  0.186525962741100     
  0.206104128506670     
 -5.707245651860751E-002
 -0.653767417957915     
 -0.667398871395603     
 -5.322978644940285E-002
 -0.141193097593065     
  -1.09711203709727     
 -9.386122873057888E-002
 -0.698962544014239     
  0.176124522267985     
 -0.107191961439564     
  3.698780645091022E-002
 -0.137789644211737     
 -0.344714418033515     
  0.116685475067755     
  1.750562461404508E-002
 -0.454388038390363     
  0.300700205761013     
 -0.367215966353331     
  0.436253980738139     
 -0.451184281557979     
  0.517391764365188     
 -0.919411828925007     
  0.101394752987777     
  0.531244832671182     
  0.669335448105969     
  0.649914022600435     
 -0.142288542265421     
 -0.428045254902710     
  0.106083722278843     
 -0.357027344474246     
 -0.480840382414405     
 -0.807450889734120     
  8.447437791820981E-003
  0.553427848578950     
  -1.00881098444479     
 -0.370496947638327     
 -5.749589868534557E-002
 -1.582265815175201E-002
 -0.387604596902167     
 -0.352757863322492     
  1.732090613943178E-002
 -0.840009982693168     
  6.057538302065531E-002
 -0.126010476075640     
 -0.884803269885888     
 -0.662234382742488     
  4.047753778318603E-003
 -2.778321527179957E-002
 -0.272325926822066     
  7.422943231041905E-003
  0.251782073882330     
   1.32072278016887     
   1.17818352511371     
   1.77319857705679     
 -0.433877529328919     
  0.634173083881520     
  0.984076430070184     
  0.941169529737121     
 -1.052527974947263E-002
  0.322196784495829     
  0.434285817660209     
  0.737039852581234     
  9.907512747022118E-002
  0.248632340884459     
 -0.196279921747129     
  -1.19641180803415     
  0.493847104574825     
 -0.638960411662309     
 -0.110126727456349     
  9.917610956301812E-002
 -6.594317497232102E-002
  0.648462135718387     
  8.714903480329529E-003
  0.131362419963808     
 -3.863465288138941E-002
 -2.048561871199571E-002
  0.294648545482738     
 -0.521863714464148     
 -0.238026343314618     
  6.281314422514700E-002
  0.839325879630729     
 -0.247419472555994     
  0.358704606645969     
 -0.310144039945411     
  0.196757535724849     
 -0.176848514998657     
  0.484798460862700     
 -0.393709040805498     
 -6.546193725197710E-002
 -0.191353790319375     
  0.582111369700718     
  0.173679348266527     
  0.412484907259171     
 -0.385820205356347     
  2.645259632928587E-002
  0.455077361780015     
 -0.855346750628094     
  0.581124371344997     
  0.221726238900262     
  0.308494803222476     
  0.248311895702351     
  4.367254472178174E-002
 -0.244625120952366     
 -0.199402239717770     
  0.335201954547093     
  0.136882265351313     
 -0.144404246417578     
 -2.660809218136502E-002
 -0.443407630047090     
 -9.211298392488343E-002
  0.242067127202143     
  0.110724105894828     
 -0.394661901132070     
 -0.549491600780013     
 -0.524652536669889     
  0.292445998384321     
 -0.144733738893217     
 -0.151367580079524     
  0.459215440943612     
  5.594609488320802E-002
 -0.301895102104371     
  0.824547583631206     
 -8.479636114248559E-002
  0.450150399648773     
  0.403942379500964     
 -0.303224742862876     
 -0.557170973640615     
  0.282217480292426     
 -0.219307778570523     
  0.197520673339750     
 -0.278041509179852     
 -0.164731379187257     
  0.791487611936480     
 -0.238790490648998     
   1.12344277508693     
 -0.735713594287973     
  0.108588422413905     
  0.253521073170626     
  -1.34773519639529     
 -0.752631904094273     
 -2.750523880594991E-002
 -0.342794633483416     
  -1.02861969600349     
  0.415037598402696     
 -0.780744324843160     
  0.606435896537164     
 -0.829707107570813     
  0.232669336595216     
 -0.806329028394374     
  0.500307024667582     
  -1.48066338825386     
  0.290252192730583     
  -1.53436678451759     
 -0.196542934064403     
  0.116716185895319     
 -0.593664567425057     
   1.21423372455222     
  0.363609052705382     
 -0.247996887660972     
 -9.345705476685984E-002
  0.399642837099867     
 -0.397889942539374     
 -0.228310922593448     
  0.208243973846946     
  0.382508172799583     
  0.116698135359338     
 -0.519287123146645     
  0.371153152680803     
 -0.648497452551758     
  0.140737119298878     
  6.083658483584393E-002
  0.278469194648562     
  0.674775047915944     
 -9.761692320702646E-003
 -0.153339471848149     
  0.236271417266425     
 -2.446039059613996E-002
  7.806134547273771E-002
 -3.735576573180645E-002
  0.175096405183767     
 -0.956142700877752     
  0.703611583214933     
  0.608151364646964     
  0.212257792410400     
  0.340245325543616     
 -0.174362059954226     
 -0.226893276081640     
  0.685257867870077     
  3.372733189998832E-002
 -1.918858022137932E-002
 -0.205528589945244     
 -0.232992523602858     
 -0.349357242306250     
  1.050379252624678E-002
  0.400548716725848     
  0.387053842103213     
 -0.483742342705407     
  6.646450007422856E-002
 -0.436574018032070     
  0.247079887145951     
  0.242076073410622     
  0.353273595288800     
   1.06727274003073     
  0.315402516896362     
 -0.265190438159652     
  0.338090890073368     
 -0.406518541804625     
 -2.313718680728128E-002
  0.238757448966381     
  0.193742782801044     
 -0.382723234321468     
  0.675074863064876     
  0.187746207050932     
  0.348446271181670     
  0.644356089267049     
 -0.361546487491256     
 -0.492988242981115     
  0.484786345087398     
  1.387644774912028E-002
  0.118560205947892     
 -2.402565780732096E-002
 -0.333619112456927     
 -3.314718367741692E-002
  0.409999663864977     
  0.466376609195178     
  0.154226654894388     
  0.493328363716173     
 -9.161959263905660E-002
  0.704606838828095     
 -0.321542015013457     
  -1.16882914488716     
 -0.104213147266562     
  0.405319699803290     
 -0.954906192677472     
 -0.267439544823974     
 -0.773023850801656     
  0.552654346445282     
  2.521768089501257E-002
  0.204258138431566     
 -0.475514182648507     
  0.174446253263655     
  0.256259577925970     
  0.476862524892251     
 -0.239160396431475     
  0.343521671973136     
  0.377930407099335     
 -0.916801904605719     
 -0.702017309692615     
 -0.393972223031116     
  0.275766674373139     
  0.196466438060481     
 -0.528580211853035     
  9.396181984534548E-002
  0.384944701323092     
  0.404769808731019     
 -0.259524361453110     
 -0.648068179642764     
  0.469570495953761     
 -0.167892810797097     
 -0.404451426784772     
  0.337020092028804     
  0.288496291210560     
  0.514666231189078     
 -0.428360927611780     
  0.754115470581885     
  0.393452186214420     
   1.27672753529501     
 -3.701861814316735E-002
  9.892403133762074E-003
  0.705565671128564     
  0.648373821552725     
  0.757432039757686     
  0.500500509438580     
  0.185274087277846     
  0.149852583050357     
  0.196199138855364     
  0.422465593936997     
 -0.506763837754214     
 -0.120021951617361     
  0.167456559706424     
 -0.163532793714907     
 -0.310772798493147     
 -8.767537875720591E-002
  0.203584667805056     
  0.144857403645840     
 -2.903878259762571E-002
 -0.549778842465710     
  0.378532273180775     
 -0.142495546958526     
 -5.509907618490180E-002
 -0.309202667046560     
  0.258025657439308     
  0.423921923031608     
 -0.393723993983028     
 -0.185555390151787     
  0.114914322712400     
  0.112109251010564     
 -0.103875097649753     
 -7.788775122800157E-002
  0.218892987632362     
 -0.521285834334255     
  0.708781109511872     
 -4.624023515876396E-002
 -0.162966413854678     
  0.408227709221518     
 -0.220107209479918     
 -0.679908643179074     
  0.215598844055338     
  0.349610318862515     
 -0.154281201296432     
  0.820086023305846     
  0.215139586537206     
 -0.450326383202407     
 -0.106839173178566     
  0.739244858038548     
  0.150602063960397     
 -0.131130133678437     
 -0.613184622400958     
 -0.195850877993488     
 -0.193625883529259     
  0.631808210943632     
  0.169163216963426     
 -0.343351824108102     
 -0.500457303087169     
 -0.902983033914700     
 -0.666538967054338     
  0.484945115420191     
  0.214396196459075     
  0.538061910880987     
 -0.748234861959799     
  0.300808191145306     
  0.486853065710219     
   1.71495096022057     
  0.483996336163669     
  0.431608540505802     
  0.988035889631201     
 -0.202165382048834     
   1.07130841735228     
  0.622816453860957     
 -9.663121856098830E-002
 -0.142853630592501     
  0.123625124488125     
  0.120255226070068     
 -2.505838803181789E-002
 -0.157270373289015     
 -0.121655353200240     
  0.361277393527093     
  7.386769090146020E-002
  0.375941318416118     
 -0.455676432562894     
  9.435818487885914E-003
  0.203318848206819     
 -0.402508000392429     
  1.392053407659660E-002
  0.147952494155132     
  3.735904635743053E-002
 -1.136891907598362E-002
  0.300917789488220     
 -0.206579753854256     
  4.551063713890117E-002
  4.491800008636250E-002
 -0.408243054925197     
  0.116536585683694     
  0.226596600978020     
 -0.347726910571224     
  6.466382113661856E-002
  0.250596959462607     
  0.277276919711855     
  0.956179949926632     
  0.452371005080994     
  0.204296338536500     
 -0.145558170141716     
  0.816191757182063     
  0.709381473328469     
  0.997312840057543     
  0.222935936262153     
  0.205198023219424     
 -0.604821572977482     
 -0.502277398315471     
 -7.611681470868163E-002
 -4.712601918107724E-002
  -1.11581753990566     
 -0.490828196165104     
 -0.466488104881880     
 -0.474743256142771     
 -0.459613214899753     
 -5.778982438181718E-002
  0.762480826631216     
  0.406162451603776     
 -0.428134381575578     
   1.04176267305521     
 -0.185490559201613     
 -0.666750967160481     
  -1.28458789773542     
   1.06239071811145     
  0.607537667511838     
  0.512128886949878     
 -0.276498467485008     
 -0.348340244937086     
 -0.158071779155839     
 -8.605043950805960E-002
  0.284217245583909     
  8.796105262363772E-002
  0.164908006496596     
  0.484484959477564     
  0.191282954337511     
 -9.010138308957773E-002
  0.607855148433526     
 -0.104365822392163     
  0.568209755904755     
 -8.461116947597946E-002
 -0.328551563398045     
 -0.682522535723941     
  0.569002553135477     
 -0.262265315762341     
  3.994542397887306E-002
 -6.822805658372263E-002
  0.334545256216897     
  0.144121685105878     
 -0.187525944563590     
 -0.545982085122352     
 -0.291927134693606     
 -0.134225646112525     
  5.125720552421900E-003
  0.123838111718316     
  0.594110188046970     
 -0.629813110166778     
  6.955167917071366E-003
  0.376305835770506     
  5.844594431637786E-002
 -0.361791190414028     
  0.725287348584398     
  0.584053771812551     
 -8.948637842588358E-002
 -3.735627802589075E-002
 -0.467376254437555     
   1.46824076828135     
 -0.905028322965122     
  0.350971815903835     
 -0.631172717712306     
  0.992094320771837     
  0.240539372299583     
  0.112313376698043     
  -1.33174369164398     
  6.428762649810740E-002
  0.312835477897879     
  0.315483898691725     
  0.338057923430603     
  0.872976096600437     
 -0.610205598420060     
 -0.785957184076173     
  0.626301229578827     
  0.604976354110224     
  0.517021979917035     
  8.090296107806652E-002
 -0.328903621249325     
  0.551982857966143     
  0.360473189495760     
 -0.183113820263446     
  6.005938798292439E-002
 -0.525147734205447     
 -9.552970720817880E-002
 -7.902398837619723E-002
  4.191518146016377E-002
  0.172130168432511     
  9.190062115078203E-002
 -0.505840511442361     
 -5.047226007893286E-002
 -5.828104458972910E-002
  5.929668931323686E-002
  0.263179964790109     
  0.201953930089371     
  0.905374769064729     
  0.203603561937046     
 -0.108039093259133     
  0.483694679325745     
 -0.209711961997596     
  0.148392618119403     
  0.111738595101814     
  8.825445943032856E-002
  7.635912700207142E-003
  0.388767591306389     
 -0.198174872576771     
  0.133817976283652     
  0.569155061210234     
 -0.321156139561672     
 -0.217208853856125     
 -3.507156983714030E-002
 -0.937392147515830     
  7.538109515791730E-002
 -0.840737224231067     
  7.681824421928347E-002
  0.253647410697207     
 -0.260531681245307     
  0.400630392714462     
 -0.312853145270027     
  0.256312435805464     
 -0.208396024849021     
  0.483109817093653     
 -0.350445552705602     
  0.152822310623212     
  0.106742946340480     
 -0.221113862473902     
 -0.620654750385204     
  0.245151152120526     
  0.177352147813239     
  0.368646038808007     
 -6.570751823811675E-002
 -0.325848660937471     
  0.218764142558673     
 -0.114274013572675     
  0.761268550006096     
  0.193804247195630     
 -0.299324598477795     
  0.714618434792633     
  0.259740614255116     
 -0.724015168030608     
  0.131079642329004     
   1.20602987655123     
 -0.145201911220574     
 -0.331913086933150     
  0.302662425331114     
  -1.26880287668854     
 -0.980755962163750     
 -5.962479890770868E-002
  0.797410923094534     
  0.469180683675542     
  0.733656900644555     
  0.788106763275620     
  0.239864795877497     
  0.508714358835004     
  0.723389604221555     
 -0.370964214819015     
 -0.686101185628080     
  -1.13239277000045     
 -0.365401796864169     
 -0.184928408545689     
 -0.104601639098300     
 -0.859209256159394     
  0.359317981863932     
  0.749766711859225     
  2.748466563890215E-002
  0.577691283596709     
  0.370887638755355     
  0.904159908640889     
  0.420491027858847     
 -0.431183743419724     
 -4.165040987877514E-003
 -4.603499666047881E-002
 -0.261552877888319     
  0.528196057356674     
  6.398709568512449E-002
 -0.252645267071196     
  2.489568855473172E-002
 -0.109390075817765     
  7.258218092693237E-002
 -0.502275975885010     
  0.126429885849418     
  0.308274435349761     
  0.265666237310098     
  2.124779058846970E-002
 -8.136905645364471E-002
  0.787494734117540     
  2.559363621575950E-002
 -0.271715795544331     
 -8.892576937466372E-002
  0.161441677855621     
  0.185467138392639     
 -7.745837902678294E-002
  1.710816674399327E-003
 -0.211330468719540     
 -0.350177131859531     
  0.722103161137503     
 -5.967874972502166E-002
  0.471525965021031     
  1.103166127389378E-002
 -0.280219629032420     
 -9.305984763629721E-002
 -4.012660794322455E-002
  0.875205907202897     
  0.302550863056475     
  0.698909325011837     
  0.576632547151303     
  0.317333754909834     
  0.158718054720893     
  0.181198898273162     
 -0.199602549208727     
 -0.649661640899023     
 -0.458264231512738     
 -0.400727430164213     
  1.877354503087656E-002
 -0.454405287332380     
  0.538123387272948     
 -0.798315849301037     
 -0.294776014389348     
 -0.296788998884503     
  0.307876627450727     
 -0.411010697242976     
  0.767041811177836     
 -0.230583462792627     
  0.187153215094895     
  0.624195428719208     
 -0.323888589868689     
  0.244356611402266     
  0.380773450670331     
  0.413345037944701     
  -1.98243038584607     
  0.230284266721434     
  0.575088876866758     
  5.881573306631076E-002
  0.134708187549137     
 -0.251263933330320     
  0.145436810404687     
  0.435631239879094     
 -0.409479088208395     
  8.380893015515468E-002
  0.668203657988652     
 -0.380812425438825     
  -1.07795146184806     
  0.132296024553539     
  0.311493769297529     
 -0.300439473019854     
 -0.401627292877050     
  0.568599966096157     
 -0.291462711229858     
 -0.925162211254100     
 -0.386985631953857     
 -0.338210237603008     
  0.346439071113180     
 -0.803020308269667     
 -6.191171391844769E-002
 -3.314193266483774E-002
  0.120336801827541     
 -0.604911530614636     
 -0.540364193487772     
 -2.237080748782961E-002
 -0.534916663094095     
  0.112256818896883     
  0.201876139318482     
  0.475455183760389     
 -0.266635272401483     
   2.40540718566630     
 -0.234026361800998     
  0.319251163581086     
  0.620059445497253     
  0.801281667240784     
 -0.254481525676349     
  3.715614681140437E-002
  0.211028293051671     
 -0.150721780334710     
  0.212081945163590     
  0.149393268317866     
   1.09387640483183     
 -0.296428478019409     
 -0.246979127561790     
 -0.724785196372094     
  0.101567801720678     
 -0.430146270608195     
  0.912495935218148     
  0.370892649328508     
 -0.469581786076617     
  0.416072470996433     
 -9.220904481995824E-002
  0.375021865473667     
   1.34035065836095     
  0.964859353172305     
 -0.562468224490188     
  0.342500846252215     
  0.243065639260174     
  0.161642159868045     
  0.176564737097528     
  6.726143599391432E-002
  0.290999931137532     
  0.126544004501468     
 -2.596113680605813E-002
  0.202948260579059     
  0.135864707554311     
 -0.257830461725407     
  7.874330302743407E-002
  0.160602477427303     
  0.290362870421373     
 -5.268047192292639E-002
 -0.825048141749811     
  0.169247473092016     
 -0.437778487997659     
 -0.505692656603878     
 -0.264879839331505     
  0.248046143405219     
  0.317949989740583     
 -0.267708045875177     
  0.525262576160462     
 -0.825550061848746     
  -1.01802256753489     
  1.100747322493496E-002
 -0.426843144422350     
 -9.570191055813002E-002
  0.345499900902809     
  0.327499153354182     
 -0.137846229993913     
  0.135459296202362     
 -0.401165368685460     
 -0.324665262952820     
  0.119164574130621     
  0.319150519275084     
 -0.644448343263964     
 -0.279070545527434     
  0.150762002671922     
  0.355723717598321     
 -0.383176869597067     
 -1.640764206929160E-002
  -1.47907981794314     
  3.344460716414011E-002
  0.493296059158788     
 -3.705828962654432E-002
 -0.129475210383411     
 -3.856471593717099E-002
  0.353896293705584     
 -0.264533765672714     
 -0.323284887294539     
 -2.644002689398105E-002
 -0.143927185427790     
  0.623382701501564     
 -0.342418686254426     
 -0.707792722133886     
  0.263762356679897     
  0.188931217110436     
 -0.241231777011970     
 -0.104733957868546     
 -6.772132943303232E-002
  0.193617777620681     
  0.651811236719089     
  0.426357945882040     
  0.327558705857560     
 -8.910604963770339E-003
  -1.12456031845491     
 -2.191568691068178E-002
  4.390623751998235E-002
  3.000155092367016E-002
  0.440894403620124     
 -0.180899429546954     
  0.688729595106318     
  0.616061417973957     
 -0.999342852620851     
  0.850715386684636     
  6.428918305535140E-002
  -1.38658278793875     
  0.261850400538357     
 -0.231121678559032     
  0.629978413394530     
  0.431026361374198     
  0.670448627486035     
 -0.168755764397650     
   1.44753113995599     
 -0.414842594936163     
 -0.821723884017043     
  0.772176423691104     
   1.53504240104294     
  0.102481402136303     
  0.265328724168793     
  4.847087458700427E-002
  5.476529484561704E-002
 -0.495580683188826     
 -1.856739766970935E-002
 -0.421608485353142     
  0.191462571193138     
  9.180410674444056E-002
 -0.216565345519726     
  0.347019414736487     
  0.766893262259655     
 -7.139492362018815E-002
 -0.662980075321358     
  4.881406506390934E-002
 -0.702287870167071     
  0.236623606457374     
 -9.812651753349325E-002
  6.316833245690931E-002
 -0.750383866168176     
  0.116992314356540     
  0.281968504202417     
  0.251635253436638     
 -0.137970107815146     
 -0.437796001509422     
 -0.980982626101081     
  0.383569929033067     
 -0.238911588037800     
 -0.609060925829524     
  0.528594847261455     
 -0.928995958259941     
 
  1.068944841068511E-002
  -1.32895530946075     
  0.602148123986916     
  0.657011186560908     
  3.587497980124023E-002
  0.277175413299498     
 -0.673400633057661     
  0.753152238027761     
 -0.139483075906833     
  0.190048223528843     
 -0.254241486413730     
 -0.530043996890347     
  0.790083983266505     
 -0.108199140870295     
  0.249862113917263     
  3.828130206123414E-002
  2.738520249542748E-002
  7.196976725754760E-002
 -0.174110705926840     
  0.266614363469240     
 -0.230777676330627     
 -0.129204871854807     
  0.627788342326121     
  0.487615541446502     
 -0.384610841936767     
  0.311646618230622     
 -0.244766843025760     
  -1.35813742429098     
 -8.549620056202191E-002
   1.14612219303873     
 
 -0.238882586934760     
  0.470410692321054     
  -1.42764663342092     
 -0.735199745109461     
  -1.68804932590465     
  0.254146896518209     
   2.51273015558597     
   5.15600367032366     
   1.09924780822959     
   2.51268676158656     
  -1.56432373510931     
  0.850676854715169     
  0.236154257981714     
  -2.39814328783293     
  -1.71488246601771     
   1.02189371464094     
  -2.02936805054118     
  7.701023583495045E-003
  0.334671086225662     
   2.35226197598375     
  0.697451343378894     
  0.662419438413121     
   1.02916176845827     
  -2.40241099816209     
  0.431347925953531     
  -1.87977111936381     
  0.564207396536325     
   1.13459344543751     
  0.394432704999743     
   2.39596366907191     
 
 -3.939104761904762E-004
 
  tansig  tansig 
