-0.887352785318184234E-01
 0.286187330482728886E+01
 0.392101468560231314E+01
-0.809062884552855521E-01
-0.488903763264572633E-01
 0.908459207078307518E+00
 0.244866640645102951E+01
 0.201626602711725295E-02
 0.959981300433971696E-03
 0.150452948659421648E+01
 0.759150802896379706E+00
 0.383503236704645423E+00
 0.244533314523438738E+00
 0.969427876361987795E+00
-0.383062121776888198E+00
 0.108368229653347525E+00
 0.810529662276125162E-01
 0.829702715863973705E+00
 0.502710870174819191E+00
 0.562522611390469551E+00
 0.563436802235144585E+00
-0.149819286017936065E+00
 0.433769554945888480E+00
 0.220845883455021152E+00
 0.294058150869074775E+00
 0.635194577744552125E+00
 0.736990343841548823E+00
 0.560427990485662275E+00
 0.871022144627525474E+00
 0.654923851834463555E+00
 0.591182926541947776E-01
 0.178954359880883929E+00
 0.321610877877881007E+00
 0.229742477746821772E+01
 0.153406363605357354E+01
 0.146010677023612168E+01
 0.295834787542505717E+01
 0.158900966652738296E+01
 0.109557668611952796E+01
 0.903767728961430095E+00
 0.219792815809983333E+01
 0.106706653078372007E+02
 0.194371357586700411E+01
 0.174440838822470790E+01
 0.969244911645082308E+00
 0.514964184368785016E+01
 0.268682000036374236E+01
 0.305510558648416142E+00
 0.170742407909822508E+00
 0.272587341013270334E+01
 0.151162822668331698E+01
 0.827584880576153092E+00
 0.482720535189142930E+00
 0.110688969205752175E+01
 0.111060544464797184E+01
 0.355070153980829473E+00
 0.237553002489026055E+00
 0.101451897674100877E+01
 0.261682662424383816E+00
 0.369270398776233993E-01
 0.252244027089442435E-01
 0.101432005770597988E+01
 0.211734316477349110E+00
 0.827620457640751567E-01
 0.757540960563265198E-01
 0.577270929254885212E+00
 0.546233889223821989E+00
 0.117425771199298493E+00
 0.133445105260641655E+00
 0.864226490265619263E+00
 0.306442825471370861E+00
 0.171210405219676870E+00
 0.232903499316049811E+00
 0.114015048651730844E+01
 0.159273403385729234E+00
 0.272907747165369585E+00
 0.396814518225248714E+00
 0.177526788484522680E+01
 0.577633848855809151E+00
 0.827066988290328653E+00
 0.162161220676642648E+01
 0.115446308156126720E+00
 0.227601526517379904E+01
 0.134465511183262865E+01
 0.342423475640037323E+01
 0.453885965704364391E+01
 0.356464992149144999E+01
-0.125079468685745293E+00
-0.632197999110051950E-01
 0.375864286037878825E+01
 0.269572297635840696E+01
 0.571458198828716291E+00
 0.185464855248643451E+00
 0.129487793265253348E+01
 0.303519742080098798E+00
 0.714796582764293809E+00
 0.288690436040133058E+00
 0.448506602739847104E+00
-0.491536780262991704E-01
 0.301760025269131871E+00
 0.162117675722103949E+00
 0.273264691408960148E+00
 0.330657653773129348E-01
 0.176819332800117225E-01
 0.124800432451194661E-01
 0.182312213400827455E+00
 0.119955564586469540E+00
 0.480732871781790957E-01
 0.424936114142601268E-01
 0.172662212183652242E+00
 0.569081287974993050E-01
-0.184807360654976535E-01
-0.190529237467842102E-01
 0.290327430412283649E+00
-0.307135782340490745E-02
-0.163991558973076317E-02
-0.208959008274527559E-02
 0.305532587485751517E+00
 0.166851995924380964E+00
 0.112854214563072042E+00
 0.156584348082376618E+00
 0.236168062301682968E+00
 0.856456102477543280E-01
 0.252714488982792550E-01
 0.434397972769301130E-01
 0.330744222351073092E+00
 0.450528899200269950E+00
 0.951007305368495592E-01
 0.212431227556066360E+00
 0.153229380533936110E+01
 0.278290606552977882E+00
 0.687420408871034061E+00
