 0.162619588539360382E+01
 0.354548940489446140E+01
-0.107966460519791960E+00
-0.239689506295208549E+00
-0.144840535736007192E+00
 0.266479556082627234E+01
 0.197452984769050777E+01
 0.939576708175181796E+00
 0.447349733636626057E+00
 0.130940966946138711E-01
 0.137680393712279470E+01
 0.197575204300757951E+00
 0.125979952582561033E+00
 0.259358621692588442E+00
 0.123030527865039474E+01
-0.292868785798136744E+00
-0.219048367592161647E+00
 0.943231497524697482E+00
 0.178305710359452418E+00
 0.282685700987069410E+00
 0.283145111283704620E+00
 0.447423315956470002E+00
 0.223103850605185505E+00
 0.518217893975419508E-01
 0.690011483418544319E-01
 0.147015091507432061E+01
 0.818122756256008277E+00
 0.185956718565702284E+00
 0.289015578384354432E+00
-0.942216058843677984E+00
 0.176818418103263464E+01
 0.309015825550476242E+00
 0.555353057615351142E+00
 0.388078193301838859E+01
 0.310735787742208869E+01
 0.270332738161304487E+00
 0.547725890941525684E+00
 0.726815371118266018E+01
 0.706924644830649029E+01
 0.180126417056208932E+01
 0.438060478791859609E+01
 0.183146506232947708E+02
 0.688769707456767755E+01
-0.116890992714222719E+01
-0.649480939613599206E+00
 0.370300354628125294E+01
 0.374252942181013237E+01
 0.433193474509995902E+00
 0.242101278777005935E+00
-0.822988292785789111E+00
 0.204028320780778394E+01
 0.359278637112863536E-01
 0.209563006840346039E-01
 0.891658293348295272E+00
 0.111114243017208936E+01
-0.349446048315537883E-01
-0.233790300464857340E-01
 0.745164937866029886E+00
-0.299267245963048156E+00
 0.133871122266764064E+00
 0.914457023998128116E-01
 0.746820537263278017E+00
 0.287577668230475092E+00
 0.120942610907218737E+00
 0.110701687946255581E+00
 0.588032345875150464E-01
 0.684633233337264446E+00
 0.822598478874351502E-01
 0.934818136423593987E-01
 0.978510544443094155E+00
 0.444637444490642741E+00
 0.186765924002126910E+00
 0.254064215298589746E+00
 0.143237122652798110E+01
 0.451667249562058504E+00
 0.361732797195503053E+00
 0.525968306639627903E+00
 0.150510477692549061E+01
 0.825844885311976418E+00
 0.660386062047091382E+00
 0.129480454975922132E+01
-0.518992786693830754E+00
-0.296573248051356653E+00
 0.106137057193788342E+01
 0.270283582003191070E+01
 0.263512502901277745E+01
 0.268876621375089542E+01
-0.872492061269287356E+00
-0.440989829241823561E+00
 0.209170699014415229E+01
 0.290275098556899547E+01
-0.319653997533483392E+00
-0.103742640325591259E+00
 0.105269208439909123E+01
 0.104145167190295074E+01
-0.228850684820369826E+00
-0.924276998266811978E-01
 0.571434917651027718E+00
-0.410272277117898321E+00
-0.509158267825052455E-01
-0.273540389854062226E-01
 0.271255819247569308E+00
 0.277299830343742504E+00
-0.614762120279408047E-01
-0.433903788972065385E-01
 0.289767363129764366E+00
-0.365544593566460296E-01
-0.131198592819718012E-01
-0.115970892539868278E-01
-0.125377916849028659E+00
 0.207596022812158193E+00
 0.416179021669372661E-02
 0.429064466738505144E-02
 0.342403503314387958E+00
 0.911614698131536783E-01
-0.309881073191579544E-01
-0.394852284731250294E-01
 0.278574746370263082E+00
 0.251042674722159798E+00
 0.770421441237936211E-01
 0.106895377892605142E+00
 0.266296249156722065E+00
 0.232830726274894262E+00
-0.773906228948030659E-02
-0.133028896887447574E-01
 0.124500100870420649E+01
 0.382220532290613146E+00
 0.119064136678990365E+00
 0.265959478647965819E+00
 0.155830958999313829E+01
 0.114579144742871297E+01
-0.543824308100198037E-01
