     33 -    30 -    30 -     1 
rmse=  24.7014meV
   2.46130501390176     
 -0.743364004010428     
   2.47869816292610     
 -0.522265535361746     
  -1.44228090452480     
  0.145864704399863     
  0.162939449767012     
 -0.208344107463103     
  0.336758478574968     
   2.08528616242738     
  -1.64907195237450     
 -0.612765474660647     
  0.248701955985038     
   1.64499895675184     
 -0.496695482205871     
 -0.104319961223796     
 -0.212709610510974     
  -1.66656734857828     
 -0.576537199251831     
   1.07791389685919     
 -1.876090559992305E-002
   1.03504686429701     
   2.15166185406713     
  -1.18388394534361     
  0.850039634796709     
  0.692242134720897     
  0.162534880223331     
   1.12761358173551     
  0.482683209322020     
  -1.32324014626230     
 -0.385693894004163     
 -0.551159197134812     
  0.563691163348750     
 -0.337933271668766     
  3.522476535302119E-002
  0.182721730189765     
 -1.791869931543160E-002
   1.40741891950696     
 -0.652160312397939     
  0.268533793031847     
  0.635275932973995     
 -5.573953189717440E-002
  0.683857657070531     
 -0.716925781753114     
 -0.683346936972340     
  -1.41284432131802     
 -0.624198567107880     
  0.732641603292529     
  0.326191002996361     
 -0.329324592367846     
  0.293290434789451     
 -0.581567119202991     
 -0.580473799057062     
 -0.139990525737128     
  0.964475404034402     
  0.615535449649828     
 -0.166579735004393     
  -1.20993058894887     
 -0.687082007787353     
  0.463678454100827     
 -0.404187528233939     
 -0.365615638686166     
 -0.415028476885805     
  9.006057963237221E-002
  3.905344362866883E-002
 -7.451926949391263E-002
   1.21925095138279     
  -1.21444501599638     
  0.569307234922464     
 -0.134364039019466     
 -4.340097350743140E-002
  0.329119708743020     
  0.857115838516524     
  -2.48859274224698     
 -0.649484126886346     
  0.643036019623294     
 -0.275714814063995     
  0.655034338687299     
   1.13360205782690     
 -0.653720183597054     
  0.485287265663142     
  -1.12046508615851     
  0.683610503115518     
 -0.199444653918671     
  -1.23406211212700     
 -0.478179276197290     
 -0.287471535689468     
  0.921907300950125     
  0.167390629708913     
   1.41610984032381     
  -1.32078253444851     
  -1.49447957031408     
  0.350500688456040     
  1.916680583351667E-002
   1.20353071632287     
  0.881768417356965     
 -0.595121015627827     
  0.443406561002860     
 -0.589525071010330     
   1.85966133084643     
  -1.70446669094196     
  0.909087929111841     
  5.561225818656081E-002
 -7.603794206116207E-002
  0.404970750944968     
  0.814160788240736     
  -4.08293060611712     
  -1.25733372709808     
 -0.997064638358101     
  0.397122695530985     
  0.366636919529788     
  0.297393682500837     
  -2.30358361688864     
   2.11425604790743     
  -1.94027849544642     
  0.921071936832235     
 -0.827104886136092     
  -1.74210179503180     
 -0.178118193674830     
 -8.888037494929237E-002
  0.488945778093823     
   1.13923440166316     
   1.10301918996213     
 -0.943519623570633     
  -2.19290547536875     
  0.658819059257634     
  0.331787378542724     
   1.95439030434971     
   1.97020131114747     
 -0.180623979793905     
  0.522111227771843     
 -0.714100016987867     
 -0.650126736101966     
 -0.158444342864737     
  -1.74989187713562     
   1.47528620873686     
  0.773204871986997     
   1.78578186401196     
  0.808898650764097     
  0.378832719066979     
  0.918053826203470     
  0.414316339843916     
   2.24725428860161     
 -0.235618490150550     
  -1.37343739404108     
   2.91729756625290     
  -1.26230950837677     
 -0.804050198940438     
 -0.374871847314014     
  0.332340731245779     
  0.966952350366965     
 -0.629416537542827     
  -1.40551178417607     
  0.557151384413967     
  0.717860755319330     
  -3.60989860901026     
   2.65222238092235     
  0.134955850300520     
 -0.391373114700336     
 -0.309991063957696     
 -5.529153360160166E-002
 -3.770624298073490E-002
  -1.15742660919503     
 -0.143000485250024     
  0.776461086575371     
   1.24094755792987     
 -0.973750298429360     
 -0.827193665678810     
  0.783184659652529     
  0.314957551894973     
  0.700046193279345     
  0.167351061868758     
 -0.198790792838924     
 -0.211979978620684     
 -0.895343723428355     
 -0.120839814410815     
  0.406056885513750     
 -0.371920118644647     
  -1.05304290644141     
 -7.521250595885498E-002
 -0.547546473374240     
 -2.044406552420690E-002
 -0.158192662840705     
 -0.992371903411550     
 -0.170092258114772     
  6.636143651689254E-002
  0.166563595838747     
   1.04918718125037     
 -0.837483152970939     
 -0.191982047891974     
  0.347600392991802     
 -0.377114108712454     
 -0.601405611717041     
  0.270340462525569     
  0.383801128455662     
  0.492959777726518     
  5.785237401153924E-002
  0.339107092625702     
  -1.86063333538224     
   1.43846883296899     
 -0.310145269506798     
   3.51224705879227     
  0.838492625627100     
   2.80970739323769     
  -2.45540742299460     
   1.55770522294075     
  0.985109700233272     
   1.62402827487995     
  0.526537427954348     
  -2.75822003029796     
   1.04734110816868     
 -0.899433473861668     
  -1.69634246445332     
  -5.05176571288745     
  -1.81571676903278     
   1.15545855865890     
 -0.237070688386507     
  -2.77727232279382     
  0.537160183016349     
   1.43688505463846     
 -0.970476103352576     
  -4.25723671071585     
   2.08022721781631     
   3.30916460275116     
  -2.14838386301876     
   2.20458175227704     
  -1.12929878560322     
 -3.207147183720135E-002
 -0.612762210792720     
 -0.925578557772092     
 -0.317492617260608     
  0.255314558839317     
   1.03973503987674     
 -0.127417723715254     
 -0.747705919884006     
 -0.939365249510579     
  -1.55472747200030     
 -0.589509217985040     
 -0.453987953637788     
  0.506894254309611     
   1.38096544854673     
 -0.740993377614966     
  0.930499614382793     
  0.241353584384837     
  0.656187859690275     
  0.334099274727303     
   1.48601720738453     
  0.689650272210020     
  0.679495479624950     
   1.28372451526796     
 -0.836234797832482     
  -1.11861323529117     
   1.18552756086018     
   1.73241577354735     
  0.323208614473644     
   1.25706836876306     
  0.950142676427203     
  0.928660487949155     
 -0.490120224362681     
  0.190634674303519     
  0.769987960907442     
  -1.25498841996004     
   1.19243298946094     
  -1.22271079253298     
 -0.662603773808689     
 -3.920526981820747E-002
  -1.32533460288706     
   1.31398631313807     
   1.01455648762954     
 -0.222246576215814     
 -2.835225568822307E-002
  -1.47664322776692     
 -0.137868780415731     
 -0.835544294352284     
  0.400623408009745     
  0.879580919192782     
   1.03422859608466     
 -0.739777916460344     
 -0.123158992757087     
  0.159224335584381     
  0.553348549467196     
  -1.05146310157827     
  -1.03224053057765     
  0.756478632667678     
  0.817933204660857     
  -1.21529680878882     
  0.217193746016698     
  0.302238030706751     
   1.00702144554677     
  -2.54093815792136     
  0.625434171341767     
  0.659742617675813     
  0.607306343351963     
  0.568307253104816     
  0.150931912954444     
 -0.770132246942883     
  0.605993102755018     
 -2.639318166821628E-003
  0.574652421669663     
   1.33188201327415     
   1.43030693689086     
 -0.767243529331164     
  0.342939166993161     
  -1.71035552545774     
  -1.06477343690672     
   1.59686131768707     
 -0.652250184097877     
  0.269670936887161     
 -1.063467849610081E-002
  -1.52048934410492     
 -0.998998601548579     
  0.869610863909844     
 -0.871924717790034     
 -0.167672003537409     
 -0.688310434870208     
 -0.424786146355077     
 -0.536061244082189     
 -0.931681872087768     
 -1.087096592734538E-002
   1.09198589220811     
  -1.06930844226012     
  -1.05934308348197     
 -6.312709006534233E-002
  0.381558551161084     
  0.302463542925140     
  0.473563330017497     
  0.775875114805074     
   2.49488839382309     
 -0.638749512910880     
   1.23381197259966     
  -1.03386530122415     
   3.74014618029278     
   3.87876246092423     
  3.619564342606875E-002
  -2.12424616766925     
 -0.203443532075199     
 -0.228402335831166     
  -1.54981474561063     
  0.828407139160073     
  0.890877826108459     
 -0.807580225871616     
  -3.03716267442863     
   2.65075310450240     
   5.19924257164363     
  -3.30626678281292     
   3.43139975147879     
  6.757095179132011E-002
   1.63879732665958     
 -0.964687627864767     
 -0.384128765536438     
 -0.816807026472385     
  0.941525313139578     
  -1.49539352989057     
   2.47292035435141     
  -2.40854075433891     
  0.950118230545031     
  -2.99806495655258     
   1.99804809475062     
 -2.952892955703004E-002
   1.34545440679997     
 -0.800966440269321     
  5.366331542770305E-002
  -1.72392096263974     
   1.04617236519692     
  -1.10248485378126     
 -0.245079331314926     
 -0.152800331993403     
 -0.381836994180649     
  0.465319561743051     
 -0.484194905856054     
   1.21974970333431     
   1.13169319233383     
  -2.06154161261694     
   1.31395340100679     
  0.771277737157838     
 -0.920769584880825     
  -1.04408897572185     
 -0.354604153901499     
  0.471282730595721     
  -1.08392091739762     
  8.303070613431440E-002
  0.245210775715975     
   1.23736536984669     
  0.195717889857863     
 -0.247354844929506     
  0.626407295275332     
  -1.15319968360614     
 -1.752130947704785E-002
 -0.933237630072044     
  7.402790709387264E-003
  0.301998193154129     
 -0.674113119375826     
 -0.588396025820472     
  0.630579142117984     
 -0.344997948812626     
 -3.334092058719163E-003
 -0.362470149552089     
  0.564212516935696     
  -1.06659970189327     
 -0.519335702193703     
  0.665949474976416     
  -1.27495424266531     
  -1.41456299414426     
   1.42884688350573     
   1.14155604159846     
   1.69866838134005     
  -1.47527978100751     
  0.380572611533104     
  -2.65187309890055     
  0.849580554483844     
   1.20808156467810     
   1.43683532118988     
  -1.10086201176746     
  0.849491210399318     
 -0.986385765528710     
  -1.17866673111468     
 -0.144616627864360     
  0.993629247212817     
   2.80553392905711     
 -0.788235175719812     
 -0.805625742395857     
   1.61388607571482     
   1.22947094320667     
 -0.576106143083732     
 -0.588626057712908     
 -0.660410085424411     
 -4.889231372622995E-002
  0.261887236769611     
  0.350123498343395     
 -0.776554655050208     
  0.855921384591595     
  -1.11750257909615     
 -0.405886453701939     
   1.24115072591819     
  -1.27930507152878     
  3.979211717221790E-002
  1.222241576522322E-002
 -0.492494763061765     
 -0.290380064048056     
  0.574773741529446     
 -0.570657164026793     
   2.86229454624878     
 -5.311751059012949E-002
  0.617081109360919     
  0.227219330559478     
  0.493562149337683     
  0.663212046344044     
 -0.715883931473128     
 -0.462525340858500     
 -0.257583434348108     
 -0.201144003810417     
 -0.992369746811594     
   1.28462518946022     
 -0.479455920104087     
  -1.05931281299651     
   1.15634293684860     
 -0.274108376211815     
 -0.316127382967765     
  0.415983291542453     
 -0.351301843142620     
   1.09571299327384     
 -0.544790419527176     
  0.360799966567209     
 -0.522479261925583     
  0.134541626165394     
  0.711806782640656     
   1.80623867621383     
 -0.342948950654213     
  0.673361200936732     
 -0.525571541579179     
 -0.470353732053247     
  0.263847447054667     
 -0.120300192089957     
  -1.18784070305626     
  -2.46959172228137     
  -1.25297736740613     
  -1.32018970361003     
   1.08036959284916     
 -0.657905161288265     
 -0.134880549297929     
  0.784184989945033     
 -0.237849019018854     
 -7.417793451716252E-002
  0.436351933518421     
   1.10277702939258     
  -1.16194740236823     
 -0.415838017630497     
 -0.610713253469853     
 -0.277476419721045     
  0.548827353767512     
  0.237357177868569     
  0.267232344364723     
 -8.257590538692886E-002
 -0.291515511984209     
  0.383430240075686     
  0.255383738397804     
  -3.36017870572619     
  0.123180036336345     
  -1.28703560931680     
   1.08243965702034     
 -0.211938635811105     
 -0.210266929849861     
   3.67193727116500     
   1.03142396433974     
  0.431279316104907     
  0.513468334710312     
   3.81109618570408     
  -5.21937791484477     
   1.41689982197831     
   1.89797911700104     
  0.198819736228921     
  -2.56411613981766     
  -2.28436506535436     
 -0.644897043868935     
   1.35831675155251     
 -8.958348181074975E-002
  -1.27000438493788     
   2.26094304030240     
  -2.01560689801362     
 -0.447781308028666     
 -0.901696816379015     
 -0.879659101729270     
   1.56440213858149     
  -2.24266033888328     
  -1.31633447122616     
  0.594796095659263     
  -1.71868579234851     
   1.75209452796545     
 -0.279231950765644     
 -0.443070155244770     
  -2.10428273459552     
  0.720382676516460     
  0.769767744125395     
 -0.390597542504811     
 -3.709186224095828E-002
  0.949644467341310     
  0.518001856504597     
   1.31623305573450     
  -1.90945412283115     
   1.24953877758175     
   1.99761017954135     
 -0.743740084297459     
   1.02824855810507     
  0.204739414244124     
 -0.736528285444246     
  0.745309952202842     
  0.410957433112172     
 -0.278894547368968     
  0.424784437556034     
  0.646079904661533     
  -1.89271196790523     
 -0.151044529451333     
  0.128134939030954     
 -0.300564671154318     
 -0.532562834058203     
  0.342834761070726     
 -0.800051372711755     
 -0.335606403078575     
  0.144574905449175     
 -0.611747076863079     
  0.389897789028877     
  0.550806065820907     
  0.816263796208154     
   2.10576056136188     
 -1.868382162093717E-002
 -8.760576240985680E-002
  -2.54569701532633     
  0.417622922562568     
   1.13265460168769     
 -3.086030680421837E-003
  0.371387203812516     
  0.443579389864321     
   1.23298135918969     
   2.16829353150429     
  0.743448464011077     
 -0.880550277104460     
 -3.685904106837475E-002
 -0.424053116492574     
  0.126859619702175     
  0.759161029785567     
  0.157524652493850     
   1.47541618583888     
   1.85092767611017     
 -0.750625553989609     
   1.12308387909805     
  -1.04796678056280     
 -0.276607246102949     
   1.24098370626363     
  0.407135035528230     
  -1.19611364688453     
  0.140882575496738     
  6.968122482488709E-003
   1.10536679301439     
 -0.553647478071476     
   1.24814249792288     
 -0.403996054424435     
 -0.547272175982093     
  4.600389250738545E-002
 -0.818117361972795     
  0.316440429743079     
 -0.202250833571173     
 -0.464079011897256     
 -0.524059505283908     
  -1.26613800384440     
 -1.480073513039196E-002
   1.06253526245064     
 -0.832359097188921     
  -1.39704426253909     
   1.23664907554043     
  0.438430944929208     
  0.390913917060336     
 -0.944597327236992     
 -0.699036908699264     
   1.19994460101043     
   1.31629715353036     
  -1.28394158930061     
   3.24668310124841     
 -0.788020530571407     
   1.51955226746310     
   1.57157828698218     
 -3.203520633767529E-002
  8.198635199577570E-002
  0.718125309221681     
  0.344842878773829     
  0.341125923208119     
 -0.844450415419627     
   1.95883091907859     
  5.460509992972708E-002
 -0.405924837040664     
 -0.207630180407828     
  6.965890721330519E-002
  0.614186286848698     
   1.35831438225148     
  0.204694785512184     
 -0.251563011225147     
 -0.127536676420787     
  0.834491133393268     
   1.11871092112440     
  0.308855293990094     
 -0.790284984888767     
  0.997961046131719     
   1.44240392759605     
 -0.200531602463057     
 -0.181435985470914     
 -0.621351815826912     
  0.108549030793502     
  0.273942825980977     
  2.587142913058893E-002
 -0.371864746559850     
  0.759529138530146     
 -0.819772429462187     
 -0.442246021004573     
  0.440696086597755     
 -0.369100049622794     
  0.236951715116771     
  0.347800055947363     
 -0.656985684841300     
 -5.995392747767227E-002
  -1.01637975301548     
   1.39542158493113     
   1.19654157073226     
 -0.964194800230815     
 -0.391953187061573     
  0.578472406910380     
  0.478228955733452     
 -0.746533860878650     
  3.142024534641283E-002
  -1.32138214847507     
 -0.698805164421313     
  0.342788896473768     
 -0.272379481291317     
  0.555396236453555     
   1.81409846211484     
  0.772808575929659     
 -0.963541547217543     
  0.564068016107317     
  0.255005850118028     
 -0.293307646465599     
 -0.284724764883612     
 -0.487553521057417     
 -0.316469292343318     
 -3.591451817649789E-002
  0.130290284309674     
   1.11900094946948     
 -0.735276749643118     
 -0.879038157513601     
  0.553865479396929     
  0.127013210381974     
  0.568695099089426     
  0.565019972987637     
 -0.110490749513365     
  0.600480454762537     
 -0.615634008143662     
   1.24569669784550     
  -1.41345158008825     
   1.23958354188478     
  0.400449627299683     
 -0.290033757979553     
  0.313423473174033     
  0.301613313769634     
 -0.825583494422217     
  -1.34720666621768     
 -6.436726306848264E-002
 -0.182044510166267     
 -0.117359199226710     
 -0.177212183518642     
  0.241685465221810     
   1.44968172988725     
 -0.965770478617213     
   1.09740769029991     
  -1.80102269670472     
 -0.436231313381335     
  0.822745735926424     
   1.58891430810242     
 -0.196630910871078     
 -0.174276529108639     
  0.269127912244257     
  0.530317539163998     
  -1.46671204036430     
  0.254075919572786     
  0.582138228690230     
   1.91403691611437     
 -0.195537010155547     
  0.486973348515362     
 -0.977571926388659     
  0.708469677658195     
  6.135600654036084E-002
  -1.39067326039189     
  -1.05896276547827     
  0.818058449731397     
   2.47552141007512     
 -0.317980774249580     
 -7.389500155055961E-002
  0.744177177413870     
 -0.700075086757848     
 -0.402032240009016     
 -4.226311215604975E-002
   2.27634024809953     
  -1.26496169369542     
  -1.84927747318905     
   2.58105433605589     
  0.124573043801158     
  -1.04020940413041     
  0.445334414799682     
  -1.02322706052817     
 -0.397903507656147     
  0.301669840513443     
  0.254349724170161     
   1.47105599696971     
 -0.632715793164634     
  0.677250075890701     
  -2.33825452598161     
  0.827800450164986     
 -0.143692809286039     
 -0.374762865907367     
 -0.430512521689666     
  0.287937281291496     
  0.891284288501922     
 -0.155974862258760     
   1.34507469432349     
  -1.58077671420011     
 -0.293939073801901     
 -9.503626795490082E-002
  -1.22071946223714     
 -0.567168782044509     
 -0.816786425986873     
  0.997541908462273     
   1.39018389031758     
  0.699756298845959     
 -1.640512830105330E-002
  0.539797350668903     
  -1.42883410306975     
  0.512113851176856     
 -0.459527411436176     
   1.55861674248726     
 -0.885028897153644     
 -0.481682312580653     
  0.947803298297454     
  0.155408345680999     
  0.642872914941269     
  0.464168945637168     
  0.640534440581393     
 -0.486307454626689     
 -0.704590691222349     
  3.985370644113564E-002
  0.497950644767444     
  0.775085358151639     
 -0.828210190202639     
 -0.890687169659295     
  0.273169376167649     
  -1.49568443591810     
  0.726841571486688     
  -1.39206931030702     
   2.54686994590880     
  0.380751002644453     
 -0.198684531698142     
  0.926027108899312     
 -0.335236147023179     
 -0.140277236906793     
  5.228662043813655E-002
 -0.127094369309674     
 -0.621178498140656     
  0.447657612349976     
  -1.04128551322368     
  0.844011489099100     
   1.03953899225018     
  0.264880597260740     
 -8.271419594102677E-002
  0.601827627528868     
 -0.438790706959781     
  0.464556084103481     
  0.176149038535528     
 -5.209691153174678E-002
 -0.582980359443341     
 -0.716299933464248     
   1.03327295628481     
 -0.315690205206200     
 -4.201048010169454E-002
  0.119549317209688     
 -0.300455402621074     
  8.272569172945393E-002
  0.414398455568320     
  0.166472753826271     
  0.206190805691494     
  4.259046591458124E-002
 -0.647517880625023     
  0.862274170573323     
 -0.316851559729437     
 -0.426100238430015     
  0.800848184855507     
  0.121381665174689     
  -1.13562608279573     
 -0.275145930301934     
  0.958853361502879     
 -0.292266705494708     
  4.888609644805323E-002
 -8.261323973555440E-002
  -2.32821890612851     
 -0.872313114106681     
  0.301368594005315     
  0.390684767235491     
 -5.263195013407130E-002
  0.547047013300136     
  -1.00918021563903     
 -0.721914648225926     
 -0.641291180738042     
  0.128730054560338     
   1.39860025301630     
 -6.149638229481081E-002
  0.710157663043663     
  -1.13286363959349     
  0.993976941988010     
 -0.248959461838524     
  1.110814930717381E-002
  0.972846401841985     
 -0.147130547254415     
  0.517743767649560     
 -0.490506686840177     
 -0.579688782520779     
  0.562047111085352     
 -0.465600447658378     
  7.306337875453948E-002
 -0.827475477120280     
 -0.896853798960963     
 -0.431473612038300     
   1.23147639757657     
 -0.166000324454983     
 -0.853754755238898     
 -0.437826990289714     
  0.695687717969501     
 -0.138840272150362     
 -0.282257835441056     
 -0.454217697331806     
  0.127913159352660     
  0.425994089081345     
  0.590756432209495     
 -6.480179112452314E-002
 -0.505314918915624     
 -0.446337765955907     
  8.773163167278933E-002
  0.489469842587847     
 -8.099434306368584E-002
   1.10042268337068     
  0.619280394724879     
  0.525424919121347     
  -1.28745690755064     
 -0.573690901874815     
  0.118805879696119     
  0.136690238365597     
   1.26312052068665     
  -1.50981947982378     
 -0.191040774397223     
   1.67027818332581     
  0.307708640332197     
 -0.386657664360803     
 -0.803847264917123     
 -0.381860546067621     
  -1.09658451865923     
  0.997218473781513     
  0.783848041823231     
  -1.59384540328183     
  0.295928767311387     
  -2.09659420285054     
  0.594897984849964     
  8.549927402475881E-003
  -1.31385705874201     
  -1.09223618445081     
  0.262078841051742     
  0.512712272568042     
 -0.632302016549443     
  0.623657919695455     
   1.03998565437371     
  -1.74299066305080     
 -0.633421603869500     
 -0.178119224795304     
  0.373777490307885     
  0.624558951212263     
  0.492772456858225     
  0.312323821690672     
 -0.723065248042960     
  0.508991286660975     
  2.193811769035841E-002
 -2.830349646389414E-003
  0.321085129799026     
  -1.20441576438426     
  8.689269481024700E-002
  -3.27960905266163     
  0.832039920255241     
  -1.78057137477588     
  0.122524397201513     
  -1.50104878584116     
 -0.326035009146123     
  0.609305583296257     
 -0.576503729900413     
   1.18049519956910     
 -0.239013843121193     
   3.65834959482943     
   2.27091353334661     
  -1.02145924958461     
  0.644979393390089     
 -0.269406341060455     
   1.17147251673374     
   1.63508403483403     
  0.370613329769754     
  0.923280510356906     
 -0.129501437983987     
  -2.97322781872575     
  0.175274384346689     
  0.530971291231335     
   2.23252302428552     
  0.191275373993336     
  4.400534217571732E-002
  0.258056803929138     
 -0.590911965289591     
 -0.558550481080457     
 -0.307321867423079     
  -1.30088035004779     
  0.233154733731657     
 -0.733579610190349     
  0.404508141638228     
 -0.605643229863241     
 -0.943204902823790     
 -0.671772928174820     
  6.924810267143254E-002
  -1.32887409379582     
  0.299427286500481     
  0.956468393398411     
 -0.806639284925691     
 -5.727271364094158E-002
  0.669972924165438     
 -0.319588390557786     
 -0.477200864013934     
   1.51392915277954     
  0.251347615172727     
 -0.634885116359476     
  0.536916457360418     
  0.415596294162354     
  0.110014117529133     
  0.354254472508401     
  0.490927758368729     
  0.757845270809548     
  0.330594301672641     
  0.241027434231944     
  0.107842668459097     
  0.926344916388874     
  0.516701947815111     
  0.333446070578201     
 -0.306577372286702     
 -0.973455962981189     
  0.656967382387248     
 
  5.355787931589411E-002
   1.03466249281830     
 -0.486031347901830     
 -0.464011332320419     
  0.144937644558873     
 -0.613924281037555     
   5.39956542747950     
  -3.43548455169693     
  -1.72875650250451     
   1.89854035605369     
  -4.06777878248564     
   2.27185627363398     
 -8.163111654743138E-002
 -7.679418928547516E-002
   1.07312481147240     
   5.81571695541730     
 -0.767712256003180     
   1.71793296753165     
  -3.05361642029951     
 -0.669476735425640     
  -1.31110237659948     
  0.245514175819525     
 -0.297339108135111     
   1.77699736553745     
  -1.55207055141544     
  -1.19773124073457     
  0.104613479355914     
  0.136535751256026     
  -2.10899596768791     
 -0.381364053417474     
 
  0.755634039303135     
  -1.81360811971675     
 -0.554602353513468     
   1.13479118599261     
  0.142484913659414     
   1.50417057053853     
  -1.98190653269226     
  -3.16665083612037     
  -1.62907647560952     
   1.69201608250973     
  -1.69438159904178     
 -0.418930042217901     
 -0.127429224576258     
  0.656705921788241     
  0.215983969988331     
  -2.56655617031500     
   1.74711815468490     
  0.292355423141643     
 -0.868589933135514     
  0.599047133159380     
 -0.210373190393741     
  0.550017069827753     
  0.938582094198754     
  0.122129976204093     
   1.06468230247347     
   2.29248453016083     
  0.411288917681266     
  0.356833247746651     
  7.974361582999064E-002
   1.83968760857066     
 -0.185029907975630     
  -3.47888312584310     
  0.355755464173197     
 -9.154068385737359E-002
 -0.874493319462842     
   1.21670775557836     
   5.38754190838323     
  0.686980263028428     
   1.52486004195442     
  0.141646935291789     
  0.815300646485876     
  -1.82912016652941     
  0.797695974047538     
  0.435418945137781     
   1.42255424459776     
 -0.788538274778572     
  -1.07627026173105     
  -1.80095151087478     
  -1.54253107489362     
  0.986036323116119     
  -2.01055312225284     
 -0.401694070995286     
 -0.859622001493501     
  0.359980306385639     
  -2.13111378139932     
  -1.03340287907064     
  0.464941232105094     
 -0.922259539317577     
  0.482110189258722     
 -0.846461560586549     
  0.373160797822636     
  0.434352398025240     
 -0.282346248158852     
 -0.163653029703428     
  0.282383805453648     
 -0.128022788001370     
  -1.98625531563967     
  0.744436373485180     
 -0.512485595646460     
   1.00924645649295     
  0.358393728694037     
 -0.416728585401416     
 -0.517791563923404     
  0.217376493534029     
 -0.250115065191079     
  0.416955268876637     
   1.58324673727348     
   1.05628832716871     
  0.454635704669228     
 -0.454287371138486     
  0.413725003439638     
  0.260119099129200     
 -7.135992144779467E-002
 -0.701706378063295     
  -1.61473387687772     
  0.945084277675043     
 -0.650429164126538     
 -6.457584369495128E-002
  -1.21158082823547     
  0.432756233191557     
   1.58717298173053     
   1.22008504538364     
  -2.34567069789427     
   1.68047516359030     
  0.130640171168142     
  0.427045293449780     
 -0.513598552052913     
 -0.178941045824669     
 -0.626032098597242     
   1.72197468807973     
  0.707119983247287     
  0.293296262397338     
  0.232350637462954     
 -0.943407239549846     
 -0.134207578088545     
  -1.40531754585167     
   2.03388100317150     
   1.13252268682953     
 -5.606249632640682E-002
 -0.133236911147179     
  -1.08971980186225     
  -1.72630939292735     
  0.898891099520303     
  -2.20105261311249     
  -1.85217731806356     
   1.36627709533262     
  -1.94184592782914     
 -0.189326013249569     
  -2.89814699079219     
   1.91682889342552     
 -0.698747366871238     
  -2.56949314538936     
   1.37237684461269     
 -0.931357435749289     
  0.354674410068301     
   2.29662467775099     
  0.747142349676321     
  -6.49459372681350     
  0.294448936628913     
  -1.33428327457316     
 -0.792234355259925     
  0.591310644784027     
   1.57005187059344     
  -1.32449489410187     
 -0.174233564309973     
 -0.114106358865486     
   1.41812421648857     
  -1.93524986418470     
 -0.929292513648281     
  0.162435656418049     
 -0.917229233170949     
  -2.59544298197917     
   1.63280910601841     
  -1.41325271979819     
   3.68120025067013     
  -2.70273325364158     
  -1.68386802228882     
  0.953274661164243     
  -1.43668988438428     
   2.09389433635924     
  0.128649008192727     
 -0.349839901702569     
   1.77143447576953     
  -1.32991784461293     
  0.182849710600822     
  0.560170516118103     
 -0.647757607082279     
   1.24199354616550     
  0.255692974325762     
  0.452185465888137     
  0.574973088380616     
  2.961916242409883E-002
  0.186012496479951     
 -0.169085284678039     
  0.932768839671579     
   1.42462468090377     
  0.912680329842790     
   1.03205475928424     
 -0.691575856014976     
 -0.902880734588915     
 -0.453138886001565     
 -0.421191339307432     
   2.06398841139430     
  0.633862973703632     
   2.10052462097351     
   1.44048149380318     
 -0.378748870153223     
  0.800591841391242     
  0.624651601197239     
  0.444929443866395     
 -0.189214318561342     
 -0.961965741872573     
  9.961128029033472E-002
  -1.29558092953851     
 -0.281250373418226     
   1.19668086387789     
  -3.12495450534999     
   4.41639202313367     
  0.200947481548529     
  -1.31479392673951     
  -1.62805060697114     
  0.412611930336068     
 -0.562880024969344     
  -1.17616434263335     
  0.413111566412512     
   1.41261653082299     
  0.592277787439509     
 -0.136119598786808     
  -1.04759522317390     
  9.964304256104554E-002
  0.343102844637422     
   1.13023841201877     
   2.19018659620395     
  -1.52073549378815     
  -3.20639153198599     
   1.23141599582131     
 -0.713934883817646     
 -8.622906570942182E-003
  -4.70028141979935     
  0.418010444934537     
  -1.07716635170066     
 -0.347108586042626     
  -2.04316208650428     
   1.36115166586238     
 -0.193639884027390     
 -0.384851669024978     
   1.02856026727390     
  0.268216002779403     
  -1.25887306776282     
  4.369664510798187E-002
 -0.259427497717183     
  -2.14482050256368     
 -0.337554719148568     
   1.80000275385924     
  -1.37624840728043     
 -0.919379921492204     
  -1.25841181986141     
  5.766979891546750E-002
  0.976007825968692     
  -1.18752326630468     
 -0.400289891277764     
 -5.536394384804754E-002
  -2.21612694410042     
  0.852462745125621     
  -1.67903780733012     
   2.01607498760375     
  -1.69490789397622     
 -0.704468757224440     
  -1.32088561904436     
 -0.734786486542864     
  0.959521038294077     
  -2.46677463641699     
  -5.15298838667240     
   3.95178883596523     
  0.509095837220545     
  -3.45377936894553     
   7.00287338313689     
   2.52686515417963     
  8.610922921591825E-002
   1.90506166528011     
  0.899630767033305     
 -0.813699064409090     
   1.97835593188990     
 -0.315584372588021     
  0.185502684639820     
 -0.480669360392213     
  0.947908916378327     
  -1.89774957259432     
 -0.287256562959368     
  -2.68914130420422     
   1.16818010307406     
   2.03170960063439     
  -2.07718273195533     
  -1.19594121283285     
  -5.18223217967582     
   1.29193429059004     
  -3.28295919085852     
  -1.58962084347504     
   1.21117240784311     
  -2.22745157188099     
   1.41524371132408     
   2.70414628282578     
  -1.60396821404512     
  0.832117722431189     
   1.18615372796153     
  0.582968199026248     
 -0.947275531574038     
 -0.264902984807097     
 -0.463100970533894     
  0.880110510209946     
 -0.824844729024857     
 -0.987290319771304     
  3.446797704593015E-002
 -0.383999332878636     
  -1.77916191410231     
   1.44220113800699     
   1.77388086250851     
 -0.716253607021450     
   1.11447488007966     
  -2.20980065250925     
  -1.00903377961709     
   1.23088279790364     
 -0.140816804235844     
  -1.97766498470755     
  -2.14315656762946     
  0.748556009904289     
  -2.56987947294948     
  -1.20954125868045     
  -1.39755841131322     
   2.16015082381285     
  0.443813592557824     
   2.12412794498654     
 -0.430033932103644     
 -0.404869485091502     
  0.390988126727688     
 -0.372594810938092     
 -1.849213846484459E-002
 -0.443336248290594     
  0.366431940853044     
 -0.123230579405870     
   2.35210667177841     
  0.832483963239656     
 -0.370970572971057     
 -0.503736959269947     
  -1.19840348482696     
  0.113950974664872     
 -4.105375248521136E-002
 -0.149317589999753     
 -4.643027458620464E-002
  -1.33808775996835     
   2.02244038391222     
  0.903137493766307     
 -0.404053630544685     
 -0.279349603921670     
  0.521394564676719     
  0.502607917058693     
  -1.51693113213962     
 -8.148453107132199E-002
  0.296521457202808     
  7.203927662117063E-002
   1.06700821750720     
  0.185258774732877     
  0.805871769666631     
 -0.768464667126285     
  4.833219946074582E-002
  0.933794488100259     
  0.656980607559058     
 -0.453573144548345     
  0.507335321220779     
 -0.287654019585349     
   1.35110927105401     
 -0.104093204881920     
  0.557651580977160     
 -0.331022308163176     
 -0.669690635406919     
 -2.793977962923779E-002
  0.201879285433043     
  0.446950387808296     
  -2.06714822871395     
  0.282251149652393     
 -0.628288830543952     
  0.599709260457716     
 -0.708504924438370     
  0.496931273119547     
   1.08736863435344     
  0.342764349489501     
  0.320798535655839     
  0.278322049377822     
   1.89414775776171     
  0.130369657080126     
  3.477463661361036E-002
   1.98685728936847     
   3.04992973503416     
  -2.37645089708588     
  0.408151305363761     
 -0.706996895036622     
  -2.32112145392134     
  0.509944402121804     
  -1.38672292645410     
   1.37075569399634     
  3.286610488535589E-002
   1.99843768445604     
 -0.374157350272000     
 -0.145676176779038     
   1.22377538731561     
  -1.82331966795004     
  0.763291610784545     
  -1.40552621585661     
  0.510363839243905     
  0.536540821185573     
   1.70669534156222     
  0.869265778180557     
  -1.58245952209254     
  -1.40268612977750     
   1.54168240518187     
  0.707739160961706     
   2.55393189176743     
 -0.100762266473371     
  -3.62723470675363     
  0.329263504842849     
  0.437551649982330     
   2.25046618216536     
   1.57059860886322     
  -1.87326692396505     
 -0.160108154488641     
  9.599230955203490E-002
  -1.37771127136207     
  -2.69832417476506     
  0.651723604781172     
  -1.22467560656192     
  -1.16202897132475     
 -0.513620209990753     
 -9.108662467197032E-002
 -0.261728933907808     
  -1.15715366349352     
   1.26685209084868     
 -1.366608163587415E-002
 -0.369218954488962     
 -0.607138270604356     
  0.343137433324613     
 -0.235168886765743     
   1.16980622026479     
  -1.54570029804397     
  0.317785645235959     
 -0.255069171627394     
  0.944906719330452     
  0.317002574062680     
 -0.257617485196295     
  0.639645878469052     
 -0.594984354783948     
  0.154486384563997     
   1.22701106691046     
  0.228825892177446     
 -0.789457768274083     
  0.841757213584768     
 -0.876663662011400     
  0.575653745800222     
   2.03277791490700     
  0.233470992613210     
  -1.32077226524118     
   2.44487193866233     
  -1.29521895415705     
  -1.20861427863079     
 -0.384965151971545     
 -0.201751040140436     
   2.90721365492322     
  -1.37953762227921     
  0.995705098259858     
   1.81925304836156     
  -1.15386499065532     
  -1.20468765522343     
 -0.188335510609023     
   2.28100399190764     
  -1.00413230250746     
  -2.30550918335823     
  -3.75116050324153     
 -0.292326447529194     
  0.828149856985676     
   1.58143307394355     
   1.74025610270926     
  0.174064736453916     
  -2.15755284254783     
 -0.763918173062783     
  -1.82854363511570     
 -0.488255971122081     
   3.41753572152420     
 -0.575259087304690     
   3.81540777590347     
 -0.660760497544177     
   1.13723448410954     
  -1.37639609653738     
   1.31844629862327     
 -0.753485237900017     
  0.651193472502931     
   2.03129834569437     
  0.325725449792797     
  -1.09713250772367     
   1.55023777312482     
  -1.99989346820939     
  0.217052016557969     
  0.852580399346132     
   2.14751416536044     
  -2.67419122811610     
 -0.765677243937423     
   1.28902641135303     
 -0.837652815847756     
 -0.774268043523341     
 -0.460496983306924     
 -0.704809856229885     
  -1.35440192431415     
   1.40517420461883     
   1.19653281011351     
  -1.06515392275437     
  5.324198562528460E-002
  0.517264888347146     
   3.01430358950968     
   1.00712394121517     
  -1.30485630835252     
 -0.784413920978278     
  0.714325356752601     
   1.20952355367718     
  -2.71225380129673     
  -1.67193012224746     
 -6.016219168504772E-002
 -6.197229277541298E-002
   1.64952428166474     
   1.52424747314718     
  -1.71309119331329     
  -1.59187339730239     
   1.11360358337478     
  0.124447278969549     
 -0.680292438698569     
   1.44544825152634     
   1.20284895988749     
  0.116462187684823     
   3.62151102440447     
  0.626658393476042     
   1.69543826769325     
 -0.187969685220666     
   3.38796641153124     
  0.856658188987682     
 -0.409502084202192     
  0.208608334020197     
 -0.734887468711627     
  0.699818552947694     
 -0.344550220817284     
  -2.57915034162992     
   2.90587030907854     
 -0.142454925406804     
  0.987306351107773     
 -0.915913552153140     
  0.736438983429456     
 -0.333462052279625     
  0.133649549005783     
   1.04442350603034     
  0.610032223340457     
  0.803166856394154     
   1.05252201732567     
  0.488747757756691     
  7.802645923794456E-002
 -0.306015017115920     
 -0.144981657573672     
  0.404693181767933     
  -1.92298453905085     
  4.395239677649591E-002
  0.954445718476972     
  0.471321320637900     
   1.27158822565954     
  -2.29935491909336     
   2.10777571663938     
 -0.608173797925718     
  0.266278690234114     
 -0.322590792838483     
  0.619229416513128     
 -0.429445515273158     
 -2.885281600767742E-002
   1.58567580726723     
  -1.77520512784923     
  0.274528973660133     
 -0.869094239856638     
   3.08216191645632     
   1.04391946574077     
  8.011445572779848E-002
 -0.434232908444939     
  8.297629881289639E-002
  -2.40225912742157     
  -2.04891195584203     
   1.72775046306730     
 -0.101047274847777     
   1.53269235657793     
  0.262164015944616     
  6.063290918104660E-002
  0.300675379474789     
  0.651531922593596     
   1.47509059169665     
   1.10608177810942     
   1.24277125201479     
  0.297194473828446     
 -0.322014431310754     
  6.803023894726976E-002
 -0.183857782822732     
   2.27263593082549     
 -0.389603859646509     
  -1.25826473256706     
 -0.976912326176350     
   3.61558987513094     
  -2.28365118358535     
  0.571885974396327     
 -0.852338863645603     
  -1.76134456542063     
 -1.956165107167650E-002
   1.72022013332633     
  -1.76868261238466     
   1.72562872538229     
 -0.583595182542245     
  -2.21995780099369     
  -1.80132642367048     
   2.40758436252842     
 -0.846064392664022     
  0.573741979672498     
   3.18573432600048     
   1.44883471644236     
  0.409204161719718     
  0.407321323481351     
  -1.15609695712496     
   2.70870340088746     
  0.483051367817629     
  0.949628779671771     
   2.33410687179719     
  0.513495075804781     
 -0.187407545709737     
 -0.640477305890252     
 -0.169920096160578     
   1.00745096380940     
 -0.241937597185572     
 -0.469801932645761     
  0.319205680646898     
  -1.08347055263431     
 -0.130395393220504     
  7.236065648327036E-002
  0.478193516760798     
  -1.76059446773436     
 -2.684565624755249E-002
   1.19389729669394     
  8.745790953203571E-002
   1.09780431839706     
  3.703122153117817E-002
  0.468627986519546     
  0.388956835169547     
  6.608560075601831E-002
  -2.04588716866802     
  -2.93399397294530     
  0.112910991880197     
   1.23348922247153     
 -0.597092878351746     
  -1.63140344169239     
  0.953444043296746     
 -0.112452257392182     
  0.413899827171837     
 -0.605384871089572     
  0.310035409246812     
 -0.592835473019373     
  -1.48577777061079     
   1.47952424243015     
  0.389442549064134     
  -1.54534461655051     
   4.31963037408619     
  0.412136675047837     
 -0.214504237092632     
  0.590099239155053     
  7.364453842835581E-003
 -0.473476112379959     
  0.369911673772836     
 -0.224457158813863     
  0.283093310788643     
 -0.906788055754348     
  0.257007887659479     
 -0.183070073200300     
 -0.112868267931992     
 -0.286816652974672     
 -3.346824278054244E-002
  -2.32215678354917     
  0.589909931705590     
 -0.175517856726027     
  -2.63840075666030     
  -1.51893919672705     
  0.448702929854259     
  0.814881975370382     
 -0.442949739687665     
 -0.119169555690392     
   1.90210817005076     
  -1.47520315678077     
   1.72062239468483     
 -0.722289797807693     
 -0.220189383327526     
   1.64499940248435     
 -2.786915068410063E-002
   2.22958182102294     
   3.58564803314785     
  -1.77099521223466     
 -0.902339289196524     
   1.32168554349870     
  0.757605761461062     
   2.02241407358419     
  0.665023420553786     
 -4.144232896432253E-002
 -0.107289910133685     
  -2.19868211152195     
  -2.69699879019191     
 -0.240807445222881     
  -4.20254113364729     
   1.46122317548632     
 -4.003418313911811E-002
  -1.19525202270865     
   1.36768861961294     
  0.135790808926110     
   1.37845318910336     
  -1.00255216291348     
 -0.940972423889094     
  0.685829023596118     
 -0.311649354027026     
 -0.176302072187951     
 -0.835789787597942     
  0.225554050533829     
 -6.956786005282854E-002
   2.01128128717519     
  -1.34671237636503     
   1.56214152190640     
  0.362996737708117     
   2.28769263598002     
   2.58637169087838     
  0.328666469427440     
 -0.473850243432835     
  6.216500972768423E-002
 -0.916426937367471     
  -2.21312379582839     
 -0.222829121047708     
   1.80360430086628     
 -0.803188305644308     
 -6.260327952931126E-002
 -0.408270264307079     
  9.645015893597794E-002
   1.47938065495078     
 -0.940689599177935     
  5.734497835765415E-002
   1.01186846411641     
  0.233406833109239     
 -7.393830919287417E-002
 -0.611251386144638     
   2.35551022758063     
  -5.44203159307536     
  0.158972343406637     
  0.425099757549936     
 -0.326685412011985     
   2.23770906641992     
 -4.523594881731749E-002
  3.691544837883133E-002
  -2.87618522621644     
  -1.25804082531586     
 -0.860677214522022     
 -0.902667398294014     
   1.23797651703158     
   1.43750047478758     
  -1.77327414310457     
 -0.622776262983204     
  0.933792687878574     
   1.21447999866700     
   3.89819825884372     
  0.529208424856286     
 -0.332027081392320     
   2.29584875455221     
  -1.26917210572982     
 -0.642676311457487     
  0.727928772269022     
   3.08367284874256     
  -2.51877850315825     
  0.279063241286196     
   2.80540678906852     
  -1.44243407846955     
   2.49202759360911     
  0.185643345668629     
 -0.627826510720032     
   1.08595517469386     
  -1.98677550696027     
 -0.726239982994371     
  0.334936305503585     
 -0.623171942638033     
  -4.52271763487444     
  0.755504992813300     
   1.98427982006847     
 -0.584199069150049     
  -1.56989532050956     
 -0.750509285189587     
  -1.36588379739027     
  0.643815677948621     
  -2.32360952036165     
  0.841647975200916     
  0.122120470727903     
 -0.479693182562143     
  0.868547248439691     
 -0.522215625125300     
 -0.148499565688817     
  -1.35625400472889     
  0.110957194351662     
  -2.32725526881808     
  0.147285055641763     
 -0.713627517703308     
 -0.888829602773504     
   1.12070442244149     
 -0.261826502991481     
  0.365746865018285     
 -0.218046192361832     
  0.985332228388820     
  -2.83987633912069     
  -1.82137699480677     
   2.55221389357946     
   1.11409054682745     
   1.30516206466253     
 -0.895573147607861     
  -1.23405266007339     
 -0.870984645808977     
   1.53201057129927     
  -1.43899500304469     
   1.26446492675270     
 -0.721337918912517     
 -0.829608982842225     
  0.409371590446806     
  -2.28150304005154     
 -0.638973918065473     
   4.33551969857203     
  3.313242251359957E-002
  0.199489857147511     
  0.665554173600561     
  -2.70797095522670     
  -1.08341629311339     
  9.645656537026530E-003
  0.287132390819237     
   1.17362809164271     
 -0.521820869730290     
   1.80059656372579     
  4.459643999139687E-003
  0.767885787667001     
  -1.09294894402273     
 -4.490525317118316E-002
   1.00431542444194     
  -1.08339510247257     
  -2.31080800656018     
   2.06807895718057     
 -0.165972971335541     
   2.46376049247079     
   3.09549178777695     
  0.222254267806713     
 -0.903409123879977     
  0.202976023432193     
 -0.329981725016381     
  -3.54959065828812     
  -1.08140933466165     
   2.12921021778636     
   1.42576143176972     
  -1.54070056966655     
  0.100745509956622     
   1.11937369380322     
  0.282160102451426     
  -1.72123909941210     
  -2.39376986070440     
  -2.87687719462493     
 -0.690724986806748     
  0.486384760318381     
 -0.240958870287954     
   1.61853231843582     
   1.34451981059236     
   3.34963805779853     
   1.94812300446803     
  -1.80254360123423     
 -4.715130396647550E-003
   2.34144773209625     
  -1.17298293371131     
  -1.65853428855577     
   1.84272917339669     
 -0.853960826345606     
 -0.554870729447367     
 -0.995841044095415     
  -2.47954299099222     
  -1.59134356167731     
 -0.993557962788271     
   1.89040654103732     
 -8.168116518974148E-003
   1.43847202707087     
  -1.43771500023460     
  0.150413398071919     
  -2.03967561305958     
  -1.24627928643551     
   3.37982181374657     
   1.17905837859197     
  0.268942295764568     
 -0.148817777570588     
 -0.105123033420766     
  0.888804313609265     
   4.33520854271875     
  0.828393389300009     
  0.813185456384538     
   1.32238946245398     
 -0.294569134577164     
 -0.317542505770949     
  -1.66570176116960     
 -0.547827073136073     
 -0.818778142156296     
  -2.91707259521728     
  -1.39402694578941     
  0.346170479978370     
   2.66280052343044     
  -1.00601960471211     
  7.612324814949414E-002
 -0.255177552936583     
 -0.217086752554029     
   1.20706243853376     
  -1.41743213504134     
 -0.951240725444951     
 -0.456632053937992     
  -1.45699268249435     
  0.672706243695622     
  0.675985516380275     
   1.31567065673542     
 -0.195929827787497     
  7.541250479156102E-003
 -0.447074185558586     
 -0.427742954985374     
 -0.245372577730024     
   1.24951818934076     
   1.15621242435218     
 
 -0.108799544624768     
  -1.11311574652696     
  0.319855233296952     
  1.209285177901648E-002
  -3.16111708229189     
 -0.403803238012858     
  -1.49038588214653     
  0.229251319044730     
  -1.89947107751595     
  -1.24947620515046     
   1.04345890030378     
   1.67986441925043     
  -1.35919351715841     
  -1.09270988038041     
  -1.32994173186696     
   1.62727026655770     
  0.207852254187523     
  0.436207920002974     
   1.11495905147918     
   3.68950821016658     
   1.11941652157879     
  -2.60282218225550     
  -1.95631845086893     
   2.53609093945224     
   1.79139541253738     
 -0.380911442647875     
  -1.49413296321189     
   2.31385920536643     
   2.38945234700084     
  0.557769418716907     
 
 -0.152276941014044     
 -0.130362029245368     
  0.431775309378276     
 -6.545389384129956E-002
 -9.812760928629596E-002
 -0.447156993698485     
 -3.708390133306295E-002
  0.107318494966877     
  0.407508778999262     
  9.429583090002575E-002
 -0.253730784226769     
  0.233449232188436     
 -0.258796606986398     
 -0.264044386037411     
  6.914240729548518E-002
  0.311133402537459     
  0.438506147392059     
 -0.104789053858301     
  0.163268160449683     
  7.291312848971439E-002
 -0.897710506814295     
 -0.610204224719377     
  0.242832523561280     
 -0.151362696862924     
 -0.277338546241298     
  4.713539104927279E-002
  -3.51629259298506     
 -0.100671362454689     
  0.322364800415937     
  1.965484400815103E-002
 
 -3.939104761904762E-004
 
  tansig  tansig 
