     33 -    30 -    30 -     1 
rmse=  34.2765meV
  0.736521135222751     
 -0.566225399331313     
 -0.501796543388017     
 -0.270765303864276     
   1.46001681904551     
 -0.311852870958813     
 -0.414778267314773     
  0.438831561938568     
 -0.103286101019055     
 -0.164206392095391     
  3.846955708915850E-002
 -7.606565193666315E-002
  1.917948175214657E-002
  0.538330852926972     
 -0.296124840887716     
 -0.875258025011338     
 -0.507269045172281     
  0.284583371356691     
  5.377349771483365E-002
 -1.794722204500528E-002
 -0.427696193027686     
  0.237243104698438     
 -0.202958371439078     
  0.182722226057817     
 -1.485459794792508E-002
 -0.248119389780824     
 -1.365563158991317E-002
  0.675901893848072     
 -0.732480149161617     
  0.371212368721282     
  0.115039423387616     
  0.276451133941524     
 -0.196088589481224     
  0.128388361652008     
 -0.148632571429035     
 -0.640833301678137     
  0.129788734599887     
  0.817313550531269     
   1.46972597665602     
 -0.187625953354504     
 -0.233272857209287     
  0.212154234869361     
 -6.799913417905261E-002
 -0.146428572143210     
 -0.186473458517337     
  0.224654478395491     
  4.889878341766928E-002
 -0.252134963039614     
 -0.571376175887971     
 -0.748720287957932     
  3.654745048453584E-002
  0.642952440066568     
 -0.289927032283862     
 -0.173247930759453     
  8.590838280608432E-002
 -0.148536580565529     
  0.368289189887966     
 -0.259088616059107     
 -0.292139574958802     
  0.159105462248687     
 -0.913389760679888     
  0.478417025540612     
 -0.531787565699205     
  0.563356860614218     
 -0.341920585398924     
 -4.053429654528185E-002
 -0.143805564196301     
  0.542266015305191     
 -0.346079429805944     
  0.688589255214092     
 -0.429412731708602     
  0.399617043369014     
 -0.150274116603962     
  1.958389187093372E-002
 -0.155988037373152     
 -0.229675923569874     
  0.127231507522078     
  4.493042207223349E-002
 -0.167642669741387     
 -0.122724233329388     
 -0.558959797996392     
  0.311455212680285     
  0.247772844673139     
 -0.230499129592653     
  0.139619308046999     
  0.135836402417879     
 -3.898983644359599E-002
 -9.866234601064817E-002
  1.511627512136077E-002
 -3.924099750952759E-002
 -0.273480676946940     
  0.260040647378840     
  0.109557954395459     
 -0.519365282774550     
  0.321487091492700     
 -0.286470460883042     
  6.929591730314939E-002
 -8.969276656784715E-002
  5.945576530378630E-003
 -0.122187964559402     
  0.312483065374499     
  2.166561464014896E-002
  0.750842172086352     
 -0.186108243963530     
 -0.325453779086782     
 -0.109747541096640     
  2.148663072090372E-002
 -7.807725137276357E-002
 -2.718666864391693E-002
  2.662862543335522E-002
  7.214137169807634E-002
  6.950118437092638E-002
 -0.288997998453228     
 -0.134059692890886     
  0.144466732796270     
 -4.232207525881403E-002
 -8.991022034927262E-003
  7.224738630948339E-002
  4.221476969953752E-002
  2.643811157025843E-003
 -4.483081725449908E-003
  7.439757522529875E-002
 -0.146273299846601     
 -0.399894870619010     
  0.315932841757119     
 -1.166372063833080E-002
 -0.120080336842652     
  0.235301039009082     
 -0.322518344089648     
  1.917010290633018E-002
  0.281820174331974     
 -6.237098117903538E-002
  0.577437148052538     
 -6.944750623353144E-002
  0.873104855174560     
 -0.628861971198614     
  0.683256827153092     
  0.733630517264685     
 -7.278676027691419E-002
  5.275220304446696E-002
  0.224599063051425     
 -6.025592715205174E-003
 -0.281061243411591     
 -8.438576436962890E-002
  0.236088755629951     
  0.193672175779859     
  0.244510387733129     
 -0.495130707808173     
  0.233685414179041     
 -3.219929638263377E-002
 -0.129596920902299     
  0.132697302862758     
 -0.341011266597674     
  0.109046911543655     
  0.750621494148161     
  0.303321717048502     
 -0.175082865506287     
 -0.163240828800980     
 -0.252072317274776     
 -0.200275362664925     
  0.287563586012078     
 -0.517064980569359     
  0.346973818735075     
 -0.133949606050322     
  8.700785805363648E-002
 -0.248732716499621     
 -5.678271833106495E-002
   1.05622251496983     
  -1.17146473857330     
  0.303472498572935     
 -0.174602311042223     
  0.435758022307919     
 -0.817981181142500     
  0.275870219412472     
 -0.222005435397900     
 -1.840483866435326E-002
  0.343735890089405     
  0.430566794028519     
  2.024078468738752E-002
  0.462860042805693     
 -0.689070106387174     
 -0.527612226750966     
  0.426676977081231     
 -0.104721846155767     
  0.242696495664446     
 -9.525295554674762E-002
 -0.240818595764671     
 -3.645966842309720E-002
  0.175586835176611     
  0.579693798274803     
 -0.484143263176989     
  7.218893777292482E-002
  0.944623925580553     
  -1.26172586344003     
   1.13164578840101     
  4.318206484099573E-002
 -0.109052844344784     
  0.635984749142942     
 -0.241792223559503     
  0.437396113892462     
  0.252139308640770     
 -0.495558532405891     
  0.171449595822006     
  0.421576214692864     
  0.375240140637398     
 -0.478379327247263     
  0.265588564434383     
  0.456671890246774     
  0.195436751047437     
 -0.179054561588270     
  0.437800062455735     
  6.572605070054116E-002
 -0.154854010331213     
 -0.601610803560877     
  -1.36580598477875     
  0.510009973310821     
 -0.474654829750505     
  0.465170411206754     
  -1.25017828834628     
  0.417551088285777     
 -4.698786424251079E-003
 -0.305746409530114     
  0.394313896926928     
 -0.512887142846221     
  0.582144456836608     
  0.836147172745985     
  -1.17455729538529     
   1.10280836387960     
 -0.492273106352581     
  0.387682369208232     
 -0.538755347806868     
 -0.531902938860467     
  0.138702629519916     
 -0.102555476676722     
  0.303670823834564     
 -0.373355844544433     
  0.700559884200361     
 -0.174228842313406     
 -0.110488206409392     
 -0.513949075219884     
 -0.175127286887263     
  0.227550841884785     
 -5.678818794401775E-002
  0.336548506617356     
  3.908124370513087E-002
 -0.188908023950313     
 -0.409255496599841     
 -0.966031453056699     
  0.424680301701427     
  0.184079399094729     
 -0.347668152479187     
 -6.362722550137359E-002
  5.135885796057390E-002
 -0.232534188323093     
 -0.144043557858735     
 -0.145968130282767     
  0.177011916736939     
 -9.398914422419713E-002
 -0.107601445094995     
 -0.240196639910607     
  0.380928281716242     
  0.441873391423913     
 -0.741311171630728     
 -0.155374168841226     
 -0.581638201489712     
  0.491137046438369     
 -0.155318860345589     
   1.25749160113334     
 -0.814188202678681     
 -0.273675827759361     
 -0.473592972337888     
  0.487325735186187     
  0.129235985621401     
  2.597682499974530E-003
  1.776131012495162E-002
 -0.224309754074665     
 -0.645265316916713     
 -0.351719042204837     
 -0.169288842838049     
  0.492119110438569     
  0.411879297543220     
  0.272031391347750     
  -1.03795086320170     
  0.443261193162082     
 -0.193974121944564     
 -4.907196033556744E-002
 -4.875079570682127E-002
  0.290912368361546     
 -0.449812191232143     
  3.976332542577345E-002
  0.178523615641361     
 -0.272096960212089     
  0.630999445925856     
 -0.218220004004494     
 -0.485580553140031     
  8.330456503073096E-002
  9.433897621453169E-002
 -9.102401758944181E-002
  0.174833164203026     
 -8.938150188017137E-002
  0.131552979718252     
 -7.787684840414151E-002
 -0.408937407173014     
  0.230982544218845     
 -0.228195426016862     
 -0.151709312034419     
  0.274606243868881     
  1.576408283033632E-002
 -0.377391271529994     
  0.183523676040869     
 -0.468909965936412     
  0.241005197808109     
  0.312622227754797     
 -4.954727221040935E-002
 -5.651262316696197E-002
 -1.999685497080885E-002
  9.382936873428502E-002
 -3.592343328568930E-002
  4.043903579910075E-003
  0.341339344892181     
 -7.875954925362041E-002
 -2.815201697209253E-002
 -1.939855120067522E-002
  0.163396033198748     
  0.172242092930581     
  3.508010773653222E-002
  8.593181123774568E-002
 -0.269727772684871     
  0.115082631893965     
 -0.104688675550362     
  0.135636137288121     
  6.836124413382952E-003
  0.170678345000800     
 -0.574219633889104     
 -0.371282391570720     
 -0.446081485970498     
  0.589327299665381     
 -0.170947656103247     
 -3.316363621342881E-002
  0.306455038470322     
  0.163898930093397     
 -0.240228558482429     
  5.949911336813431E-002
  0.277295311440160     
 -0.349314724462721     
  0.173713357202776     
 -0.451673364584746     
 -3.402494827117911E-002
 -1.979015930030315E-002
 -5.106606788097272E-002
  0.127334473610197     
  1.823533024011394E-002
  0.229591813648728     
  4.435005966951950E-002
  0.267207960320721     
  0.334680305979058     
 -0.228425733547556     
  3.757131014683981E-002
 -0.453078608566598     
  0.588350907411041     
 -0.335630356838186     
  0.256338449992931     
 -0.124439710880732     
 -0.301198072091060     
  0.105508033649460     
  0.647812063737232     
 -0.669021555891245     
 -0.218399368413405     
 -0.437646825036686     
  0.329762313299724     
 -0.256919427948055     
  3.148954846753041E-002
 -3.990467048845710E-002
  6.035374641947396E-002
  0.100098133349335     
  0.491232255552494     
  1.448753300935306E-002
  0.251241043021551     
 -4.220072976398268E-002
 -0.289584452347395     
  0.127292346535944     
 -0.167060183465996     
  6.637098247365930E-002
 -0.268171511758939     
  8.551322535571507E-002
  0.283541080277450     
 -5.543909471376149E-002
  0.187257534818818     
  9.703755603872749E-002
 -1.903083194424349E-002
  0.689120539766360     
 -0.658767233193833     
  0.642383712795511     
  6.870520301454432E-002
  9.915677247321869E-002
 -2.476208806562735E-002
  0.138503172970935     
 -0.481182440947835     
 -0.329428436532679     
  0.742469747674640     
  5.489848483275010E-002
 -0.484541457469777     
 -5.660363714327150E-002
  0.149273293065572     
 -0.715264962383933     
 -2.908025345363222E-002
 -7.038411889009269E-002
  0.164833820724208     
 -0.416164531322368     
  0.131818535308224     
 -6.724059388337505E-002
  0.215914213262347     
  0.576918673089870     
 -0.174154375428876     
  0.218214388225988     
 -0.140189831966452     
  0.334425254746056     
 -0.170061227766816     
 -0.160324066852860     
  0.113503680860508     
 -0.247096552001837     
  0.286028780992548     
 -0.446301062526115     
 -0.240943008827795     
  0.498488979259921     
 -0.469621041619805     
  0.235551028958658     
 -0.117597780509770     
  0.173246119143743     
 -0.668312219167115     
  0.617769920039853     
  0.447923663671308     
   1.11254387363301     
  -1.06894751366191     
  0.354982076476820     
  0.183280511685896     
 -0.535509675372839     
 -9.895961031644754E-002
  0.163279226435814     
  0.129100097264219     
 -0.251135341563141     
  0.326510628142792     
 -0.887590913828419     
  0.402633391730089     
  0.407631361835011     
  3.700860987946417E-002
  8.179722969283580E-002
 -0.421423684185068     
  0.312942795941280     
 -0.139177499273486     
 -2.856787131556174E-002
 -2.579620709850500E-002
 -6.694399120188220E-002
 -0.440261892043685     
  6.912952217373984E-002
  0.486392158329224     
 -0.376776880045260     
  0.479088295406375     
 -2.379915063237290E-002
 -0.323528653969440     
 -6.411386103866028E-002
 -0.103491378079881     
  0.153627195678518     
  0.311437819108102     
  0.346926062537187     
   1.01212366982157     
  0.273279973288561     
 -0.464203483412433     
  5.033357219408806E-002
 -0.297379175293468     
 -0.212873039829495     
 -9.367813505468116E-002
  0.363435797458962     
 -0.654418522400950     
  0.556933589340839     
 -0.215552995303162     
 -0.859141768669938     
 -7.089519751329412E-002
  0.143408275090767     
  0.110990824826946     
  0.161678659046254     
  1.444154596305177E-002
  4.674096209982292E-002
 -0.101507323409596     
 -0.800389810533694     
  7.268999089877973E-002
 -0.435258513176725     
  0.393529343393218     
 -0.387282098831396     
 -3.346021860107516E-002
  0.158909881772989     
  0.153970397431333     
 -0.217352951338480     
  0.432244017584003     
 -0.114080599038081     
 -8.448289854333396E-002
  0.169409727195154     
   1.27947601991693     
 -0.870821547025147     
  0.682252211570484     
 -0.621371536123693     
 -0.144139500758874     
 -2.575103891530792E-002
 -0.276296114792001     
 -2.549948261616221E-003
 -4.609793007994493E-002
  0.385802847892604     
  0.391060572797191     
 -0.234459943233097     
  0.335197956327231     
 -2.662022220069492E-002
  0.497581869765579     
  0.105604286445434     
 -0.646496218866990     
  0.411083857178091     
 -0.352282327597062     
  9.628447682995036E-003
 -0.444142603859411     
 -0.231483359860430     
  0.673142781391446     
 -0.474436396139905     
  0.108758818836591     
  0.206719808623108     
  5.870899427016721E-002
  9.942729352955317E-002
 -7.555387761547744E-002
  9.089295666090844E-002
  0.114843721175263     
  0.382074643723866     
  0.153669478417050     
 -0.459118560909930     
  0.218041327534614     
 -0.389574932805156     
  0.356802386011152     
  0.177881021902329     
  7.491478351036018E-002
 -0.156455066109583     
  0.636352696858812     
 -0.277951324786461     
 -0.208163521949716     
 -2.673344115378451E-002
  0.102451503115357     
 -0.704005881650771     
  0.158632512806415     
 -0.181930196198557     
 -2.865272421858055E-002
 -7.218945303204882E-002
 -6.240994731373387E-002
  0.314409396145228     
 -3.618794966385688E-002
  0.399090470463461     
 -0.108112748848449     
  0.267311155280670     
  8.100222859422469E-002
  2.066358839439050E-002
 -0.135669801786078     
 -0.148049608313752     
  0.276947982868245     
 -0.408052399189372     
 -0.178049560432793     
  0.171795832194936     
  -1.04868720457815     
  6.128595992777507E-002
  0.102708631549553     
 -0.531955886029086     
  0.420562669838563     
  0.820452799478230     
  0.178445429218315     
  0.417191352121570     
 -0.313346532182579     
  0.176387230282240     
  5.761823121025912E-002
  0.165289457336038     
 -7.429632939559118E-002
  0.890671035131738     
  9.667709827140179E-002
 -0.460130638894036     
 -4.117146433873678E-003
 -9.366218471498687E-002
  0.426036179206390     
 -0.251659012241767     
 -0.481151258612723     
  0.500446200821997     
 -6.189515747286863E-002
 -8.625602398509434E-002
  4.228173245798488E-002
 -0.292418286874501     
 -0.397774088338510     
  0.158489013630337     
 -0.527624902268773     
  0.155626512291654     
  0.139063631295924     
 -0.729461114515330     
 -0.598009094851507     
  0.186667465140252     
 -0.347154801476508     
 -0.507228645317128     
  0.426659282721397     
 -0.441304022118727     
  0.970154708999396     
  0.166895220920982     
 -9.860930931900633E-004
 -1.930765307077005E-002
 -1.466692130384184E-002
 -0.198438928840511     
  0.250118479548581     
 -0.252664058788644     
  0.348774017389575     
  0.139391854109841     
 -0.391572176916550     
 -0.187939374974047     
 -5.827892049793061E-003
  0.105639957860105     
 -0.120943548113365     
  2.057855286389540E-002
  3.055239424140841E-002
 -0.381069844541060     
  0.388347427433400     
 -0.359189004901775     
 -0.154191679861968     
  0.156005675559773     
 -2.334965387101486E-002
 -0.378909439049910     
  0.394217699098367     
  7.922036206518906E-002
 -0.437316221677963     
  0.136338693624575     
  1.900201990927508E-002
 -0.356829397051362     
  7.224222641067043E-002
  0.342200697655079     
 -0.124627587135154     
 -0.975997999614627     
  0.135128380696222     
 -0.193106217430153     
 -0.793926429248367     
 -0.525056200717430     
  0.296764899988141     
  7.048818979415514E-002
  6.496897850933439E-002
 -0.205814299550075     
  0.378704536474445     
  7.835925290478007E-002
  0.342704921753176     
 -6.926531143646845E-002
  0.302432776304991     
 -0.179988660238034     
  0.418707512871851     
 -0.198198647250041     
  0.253585880510222     
  0.142270568109367     
 -0.214996488165904     
  5.296056240665859E-002
 -0.407499572413425     
  0.489815023116395     
 -0.112268171513037     
  0.211752486201394     
  0.274393013795573     
  1.305803916802356E-002
  3.085131226858490E-002
 -0.104150521250225     
  6.727786596530505E-002
  0.205076599765596     
 -0.644878504020411     
  0.148246843159495     
 -0.187306464063086     
 -5.433740280902159E-002
  0.270977545152085     
  0.426129308836659     
  1.947022635348213E-002
 -0.145640183347748     
 -2.298419908253558E-002
 -0.107286355631054     
  0.166891416142451     
  0.110715130561485     
  0.164656998270717     
  0.365858895952389     
 -0.279109967049561     
  0.351049538509655     
 -0.135596225022223     
  0.202908365672198     
 -5.665738789130124E-002
 -8.737008608702239E-002
  2.131901025451879E-002
  0.165169323483269     
 -5.125157524784425E-003
  2.990420508617289E-002
  0.112927648989028     
  0.145556048720465     
 -0.273796586060662     
 -4.350611718696750E-002
  0.249697994758862     
  0.199234744626922     
  0.160500521712368     
 -8.517830902640729E-002
  0.873925003508442     
  0.830875571166522     
  0.235036680199114     
  0.157806508285215     
 -1.987259156448293E-002
 -0.111930269909986     
   1.02968565208860     
 -1.109388093361389E-002
 -0.116541815004706     
 -0.478909287106805     
  0.376006287160605     
 -0.490977636982819     
 -0.231078194324163     
 -3.356509101225006E-003
  0.222876766806462     
 -5.459422130737132E-002
 -5.801018190636092E-002
  9.576550368797582E-003
  0.176887219528545     
 -1.939489449330332E-002
 -0.143058847175051     
  0.379877812938660     
 -0.498634357414575     
 -6.756666486026654E-002
  0.163015004952179     
 -0.451308218753870     
  0.658496041098850     
 -0.712181947262584     
 -2.694713178006723E-002
  0.718482561499367     
  0.107183702875690     
 -0.266163950302203     
  6.171808756420398E-002
 -0.294843566695106     
  0.710413784040258     
  0.120148555394785     
 -0.526939233325909     
  8.982798855024206E-003
 -0.241302213722582     
 -9.282865466218645E-003
 -0.397352400209976     
  0.248269190366538     
  0.380890029537259     
  0.160807882546280     
 -0.308960076072826     
  2.390757249204851E-002
 -0.104410500175752     
  2.301400526181739E-002
  0.172685984995471     
 -0.129079179409972     
  7.377556569897559E-002
 -0.233074812669579     
  2.095291471339533E-002
  1.217909711030228E-002
  1.302258524372431E-002
 -0.344264072091511     
  0.157312793360988     
 -0.232603771855002     
  0.187542099106135     
 -7.897822328524359E-002
 -2.914101163177703E-002
  0.308314915755081     
 -4.515600238614585E-003
 -0.181015399357632     
  0.215273844793201     
  2.051115951592313E-002
 -1.419803795331189E-002
 -0.130723127133607     
  0.503236006531103     
 -0.906139981222596     
 -6.375577659013003E-002
  0.325359949777264     
 -4.963751218027138E-002
  0.370982425993144     
  1.449819591343171E-002
 -0.162848960351101     
 -2.645666272342608E-002
 -0.181989077285400     
  0.508449072716320     
  2.542838828351311E-002
  1.489300634184145E-002
 -8.105450635133797E-002
 -0.376921538885717     
  0.262898006860170     
 -0.222927460605920     
  8.446465445281680E-002
  0.150274887886415     
  0.250126901939195     
  0.215075069659736     
 -0.270656936156774     
  0.298933974088534     
  0.413929632554034     
 -0.455033068386073     
  0.567455859493222     
 -0.522174875254244     
  0.245135233489983     
 -0.113540484700455     
  0.363345849820977     
 -0.536207547634362     
  0.416567785296478     
  0.437031745056123     
 -0.452125261438960     
 -0.629677292692217     
  0.492316670424646     
 -0.971186033153345     
  0.109384439639008     
  0.220215167303185     
  0.108576514428525     
 -8.151263667723531E-002
  0.390895025495842     
 -0.690453361973824     
  9.415253852275653E-002
  0.271688414585418     
  7.791094810189091E-002
  0.517660976509417     
 -0.518113733272543     
  3.289393489118247E-002
 -0.202061239393408     
  0.124308123525027     
  0.163797103208786     
  -1.25486859293779     
  0.231892501446011     
  0.326336127586844     
 -0.590879315994927     
  0.243794834872123     
 -9.058760672407559E-002
  0.295213250622606     
  3.149244350929094E-002
 -4.833223221727868E-002
 -0.339107471785075     
 -5.617359467664536E-002
  0.746233187278760     
 -0.440155001981441     
   1.81357217076065     
  0.295436190916275     
 -0.422825472655225     
 -0.323948125819355     
 -0.141455088993814     
 -0.529708719968121     
  0.130675674374574     
 -4.217331133517782E-002
  0.906076652868215     
 -0.536870874562527     
  0.185169110489928     
  -1.06616574029183     
  6.393974652910826E-002
  0.822933664557917     
 -0.179605785910984     
 -0.457755995575664     
  0.401313289124735     
  0.289129507732502     
 -3.979213306176131E-002
  -1.71719392669676     
  0.175090752176433     
  -1.70595397618766     
   1.29601773427478     
  0.356173295875701     
  0.632811755017979     
 -0.773607325116133     
  0.363684262175598     
  0.267920274217822     
  0.572688918770963     
 -0.144702130377982     
 -0.350670918767706     
 -0.286407711561874     
  0.351895873300017     
 -4.963343062245312E-002
 -0.189137819324119     
  0.313259353440768     
  0.232041606279164     
 -0.115404776198176     
 -9.355115348169432E-002
  4.407996663620645E-002
  2.334798656042058E-002
  0.252729192976221     
  0.259940636163502     
  0.230563926186172     
  0.235794504469970     
  6.071117037622063E-002
 -6.695697424161226E-002
 -0.197088310073720     
  0.340971231690127     
 -4.931041901625919E-002
 -0.100886391607370     
  7.081928715320281E-002
 -0.321177039720425     
 -9.349079462789088E-002
 -0.172524220414645     
 -4.335660027888266E-002
  3.777964996086218E-002
 -0.138705024499341     
  0.321030515069555     
 -0.346988504642498     
  1.134569335900153E-002
  5.998081409073246E-003
 -0.103776557753023     
 -0.144301795559016     
  0.470002266486795     
 -0.647291895736764     
 -0.275982571351626     
 -0.242150824535831     
 -0.131095617506440     
  0.263456769959282     
  9.774305561315068E-004
  2.672944349608551E-002
 -0.596451485209357     
  9.806787356503356E-002
 -0.134776647490475     
 -0.335225317172366     
  0.811880752105689     
  8.488868677887693E-002
 -0.222454268566848     
 -0.374252669506125     
 -1.147030221642870E-002
  0.732966365896900     
 -0.466924211004368     
  0.504013362092569     
 -0.143409952941384     
  3.790653652979991E-004
  0.241565058848438     
 -0.383656386191484     
  0.541118611179443     
 -0.668908387889027     
  6.260663226464935E-002
 -4.355513925015624E-002
 -0.297115595287777     
  0.512878383085341     
  1.991080570890906E-003
  0.186010164070415     
  0.619125912056510     
 -0.109230535315405     
 -7.984487737106266E-002
 -0.299983002598589     
  0.624848288190005     
  -1.59309233841731     
  4.642666979055077E-002
 -0.668822120749897     
 -0.342100306474453     
  2.194203264980746E-002
 -3.711444773015850E-002
 -0.125538321944438     
  4.934262479514315E-002
 -0.667908490227691     
  0.388661339976755     
 -5.944659246225080E-002
 -0.700956725564504     
  0.700493911505986     
 -0.890727358250204     
  0.240903348496506     
 -0.101281679269859     
 -0.178932757974297     
  0.175279465783308     
 -4.719736782048809E-002
  0.427011316769090     
 -0.491591036862535     
  0.524669088737753     
  0.915295517270602     
 -0.394801390113782     
  0.743747441474398     
  0.163974142210529     
  0.112663611206618     
  0.236612097410155     
 -0.180508985394627     
 -0.345213179276198     
  0.105167232069071     
   1.18451636997061     
 -0.373852160502138     
 -0.939396895905430     
  0.363970756043393     
 -0.268936553962870     
  0.306892983132362     
  0.223928880208544     
  0.122561970373529     
 -0.165385620829366     
  0.343508693855745     
 -0.355900763930801     
 -0.519579452490886     
  0.164148107231877     
  0.222632843924283     
  0.172992864812486     
 -0.608715991781644     
  0.142154204215841     
 -0.187426279134328     
 -3.609516397002024E-002
 -0.349548662359813     
 -5.303714844605726E-002
  2.297382061525354E-002
  0.238490154037575     
 -0.156421741332111     
  0.712893386726322     
 -0.437672359571781     
  0.403747615306535     
 -0.136040899826239     
 -0.182987590697737     
  5.447088391650317E-003
 
  0.500533575341364     
 -0.242304224080704     
 -0.705273195280318     
 -0.939690064764709     
 -0.198369922230245     
  0.908706533058270     
  0.975616123309998     
 -8.009502555159020E-002
  -1.22103418561687     
 -0.441522265925533     
  0.482024370707060     
  0.181350519008223     
 -0.244378138663649     
 -0.418280222503795     
   1.52212997085037     
  0.392119421171007     
  0.101952021238191     
  -1.03703690827991     
  0.471389812194379     
 -0.830898693697095     
  0.918810505638297     
  0.437793334491866     
  -1.18648550906495     
  0.179331720752558     
 -0.254020674112917     
   1.97370843960334     
 -0.550127653293455     
 -0.530681522250858     
   1.02207658981971     
 -0.857797168269670     
 
 -8.769929486583763E-002
 -0.137633581805120     
 -0.319898513651600     
 -0.677793396449735     
 -0.417872772794980     
  5.163498250518699E-003
 -0.770873446600996     
  8.258665258254473E-003
  7.289692490777294E-002
 -0.227557391786150     
 -0.675195656750880     
  0.394200965524163     
 -0.777069469944121     
 -8.542136619160201E-002
 -0.112488344083917     
  0.302940039669172     
  0.840773679528310     
  -1.00530126008155     
  0.550693134853658     
  0.319928297956402     
 -0.526764021286824     
 -0.447737955154506     
  0.141064494407484     
  0.639342802482863     
 -0.338905914093737     
 -0.230455628187672     
  0.878399418466869     
  0.181398299668421     
 -0.957584241863355     
 -0.681861165520448     
 -0.358919491552070     
 -0.375083330830815     
 -0.455348589255492     
  0.160722263807597     
 -0.336590235160338     
 -0.454383322895440     
 -0.509030868355543     
   1.22466664443248     
 -0.899091264850879     
 -0.632221082186862     
 -0.816793399758365     
 -0.665802423470951     
  -1.57295601823658     
 -0.335448963830185     
 -0.948961219391291     
  0.244829984256128     
  9.344426218200026E-002
 -0.297067788534654     
  0.160609303849507     
   1.06559997993547     
  1.960652482190278E-002
  0.381878513541119     
 -0.360342702322146     
  0.242760871008451     
  0.333110429941655     
  0.905799363959413     
 -0.663026477787449     
  0.373005348590732     
  -1.86562245964990     
  -1.11971272430544     
  -1.07758605361648     
  0.198274606713822     
  0.805625777550059     
  -1.06815766225878     
  0.257628563363000     
  0.243172843624751     
 -0.975538723259902     
  3.321969424791742E-002
  0.515012543392757     
 -0.555825378503744     
 -0.231604246620250     
  0.497052823236867     
   1.03950343212763     
  2.413652423404756E-002
  0.245189485807330     
  0.294080190024521     
 -0.588294149245629     
 -0.137526063989640     
  0.443166993212324     
  0.486316011081382     
   1.06293950399402     
  0.142258066376791     
  0.363541304309508     
 -0.104146833419675     
  -1.48715428648890     
  0.591482023417647     
 -8.535109784743304E-003
  0.533808941918949     
 -0.245557957259907     
  0.526984232290714     
  0.618855743697600     
  0.424944917083396     
  0.335757040454112     
  0.633758747981340     
 -0.860695285597138     
 -0.336674284994403     
  0.740183345796253     
 -0.481250313326395     
 -0.307327695720779     
  9.094632850473230E-002
 -0.240865168294416     
  0.657519211858228     
  0.725343047523430     
 -0.231135592332144     
  -1.04964922467903     
   1.22127222608100     
  1.575962845743304E-002
 -0.984181328112115     
 -0.382779302402296     
  0.169153240699915     
 -0.349196913958842     
 -9.066024545873448E-002
 -0.419825230272148     
  0.325037656707249     
 -0.566794389312112     
 -2.279935323930002E-002
  0.830295567551137     
 -0.636107880567356     
 -0.321376420684496     
  0.575203472191503     
 -0.264004898349262     
 -0.203647235782117     
 -0.281585835855013     
  0.637463493209633     
 -0.158785280257554     
 -0.319217690110813     
  0.222533620038539     
  9.187409929299019E-002
 -1.751836513388074E-002
  -1.08565302450969     
 -0.150939840754405     
 -0.667993113335366     
 -0.201473233168330     
 -0.298805065819255     
 -0.158989944384588     
  3.453840669720588E-002
 -0.321125450367006     
  0.190992725398567     
 -0.325254370906731     
 -0.162344847766947     
 -0.309992626691323     
  5.577661868243686E-002
 -0.249686296510442     
  0.130165581684632     
  0.263310080885650     
 -0.269541137951416     
  0.395936521786958     
 -0.205334600558601     
  0.668762201273047     
  0.409691022946956     
 -0.139715796998110     
  0.255869713817282     
 -0.635347562061600     
  0.132555750510965     
  0.608108710136213     
 -0.386677741719206     
 -0.397849143503826     
 -0.615867017688625     
   1.07789324905471     
 -0.721279914679757     
  0.212445868682369     
  0.494646311240556     
  8.800725196624971E-002
  8.739305975780966E-002
  0.178287787537950     
 -0.383639947263340     
 -0.107661770263072     
 -0.295500979066338     
  1.242099374534133E-002
 -0.319453966039586     
  0.550501813401857     
 -0.107199745157485     
  9.184151464205488E-002
 -0.269246790484118     
  0.134930100763495     
 -0.750412188847261     
 -0.110485215890728     
  0.366410320174935     
 -0.190954239639188     
  0.795429528223373     
 -0.734635742836017     
 -1.814989794981021E-002
  0.162815803285652     
  -1.86191748788074     
  0.111512211748278     
 -0.435503954210953     
 -0.145087430624476     
 -0.122177516119920     
 -0.277426118533030     
 -0.378185883692506     
 -0.271709221174424     
 -0.283035833819707     
  0.237400117253286     
  0.650762184613215     
 -0.337674439766186     
  -1.37354731238714     
 -3.747026980792559E-002
  7.319883350418910E-002
 -0.356562712251431     
  0.535390073412827     
  0.335525656367086     
 -6.388798298848371E-002
   1.09635122920674     
 -6.043372485388001E-002
  -2.24130619598926     
 -1.807497195486230E-002
 -0.396605106806734     
 -3.669389953207145E-002
 -0.223865090586042     
  0.343640473977722     
 -0.941857738969958     
  0.563251136969594     
  0.114600321217390     
  0.296483993344877     
  0.371038815622749     
 -0.374901337385176     
 -0.478746159524045     
  0.145864163311321     
  0.825857162164382     
 -0.406630115579709     
 -0.199645247320307     
 -0.172233525586339     
  -1.26417487521440     
 -0.511608318372327     
 -0.255923452484938     
  0.317265605404925     
  8.885428653510200E-002
  0.939683508665962     
 -0.868739309074723     
  7.242082883541194E-002
 -0.598037086804571     
 -0.179462118466968     
 -0.766547792951398     
 -0.683910509276350     
  0.248074192739286     
   1.01243647120776     
  0.287543707838371     
 -0.313667281690183     
  0.729045677614338     
  9.411801435548904E-002
 -4.681028023334756E-002
  0.745859257245392     
  0.280438734857896     
 -0.654430613966927     
  2.049514891732612E-002
 -5.064491172847723E-002
 -0.705468406230327     
 -0.531562488113425     
 -7.453532957078725E-002
  -1.30841323932730     
 -0.273030648904095     
 -0.265920255335616     
 -0.979811907221755     
  0.159119627211946     
  0.173415360052267     
 -0.105565933677664     
  8.050054489380723E-002
  0.479457060837001     
 -0.578984660086564     
  0.272487266595955     
  0.629719592125395     
  0.143887509093187     
  0.610108379281492     
 -0.278585431711248     
 -8.202406945845955E-002
  0.131331664441764     
  0.516811117402286     
 -0.206336637982067     
 -0.337887365212327     
  0.319152317877343     
  0.105344191834881     
 -1.160862467747100E-002
   1.17045704553108     
 -0.494723701297085     
 -0.134260707732659     
 -3.166138015863944E-002
  0.143497795586684     
  0.202989218717929     
  0.122884093326601     
  0.222020020212836     
 -0.292686988107633     
  0.798093089920477     
  0.477841591433384     
 -6.409048631195187E-002
  4.993742361238709E-002
 -1.230474959526552E-002
  0.561348803188452     
 -0.415753416303809     
 -4.213198785381914E-002
 -0.318796675815554     
 -0.257087756616799     
  0.316189536504151     
  0.245825817553183     
  0.231248094005656     
 -0.292619848997603     
  0.176880881871002     
  0.392518275490434     
 -0.368737439055329     
  -1.50602020664190     
 -0.781441312046144     
  0.715720565804627     
 -0.808138510293466     
 -0.110303136940456     
  -1.39499726079411     
  0.265138054658174     
 -0.119637993777642     
  0.343193001224201     
  0.498413048201717     
 -0.311335791452649     
  0.471569930835685     
  9.772919880067867E-002
 -0.903632804065824     
 -0.265814326698465     
 -0.477640917062709     
 -0.111822184870632     
  0.518328232119193     
  4.310400648603636E-002
 -0.463840093940250     
 -0.502091768491961     
  7.629937823435347E-002
 -0.964799448225092     
 -0.528855702516281     
   1.03233678602435     
  0.126839700945124     
 -0.843613408942482     
   1.03854556628237     
  0.229799935076814     
 -0.209430442514155     
 -0.607798956306014     
 -0.880417521033563     
 -0.289391487189597     
  0.124424985339594     
  -1.14180886510537     
 -6.956987613761653E-002
 -0.138654181856264     
  0.450992307423671     
 -2.493895408694514E-002
 -0.173862917392213     
  0.471373508955949     
  0.182289125059308     
 -0.178461936992654     
  8.832160794547619E-002
 -0.254603650803913     
 -0.539428981619118     
 -0.655504520942350     
 -0.281028554445210     
 -0.105892789015567     
  5.687375048443382E-002
 -0.641335984818889     
 -0.211514233561349     
  7.905059875068435E-002
  6.300632339489270E-002
  6.709518727449913E-002
 -0.256998194873382     
  0.585349984773904     
 -0.449703887998328     
  0.159949697623738     
 -0.573732707148488     
 -6.714728094320201E-003
  0.340806162623703     
  0.153716539146873     
  0.651465180509942     
  0.761047817105967     
 -0.951849995794396     
 -0.275499912573599     
 -3.391797987468987E-002
  0.962161551377624     
 -0.474660454438109     
 -0.970753839339966     
  0.904839689045945     
 -0.238872600509075     
  3.686941077054971E-002
 -5.298476754754526E-002
 -0.359116130179121     
 -0.407072155967514     
   1.72323499075747     
  0.133653667864650     
 -0.283784388860644     
 -0.141115450559428     
  0.127823563389285     
 -0.306603864217415     
 -0.436668662258914     
  0.618061997470530     
  0.619799475614628     
  0.416271177388452     
  0.251964129719216     
  3.572921161735441E-002
 -5.050581315924740E-002
 -0.388855579255616     
  0.400787233073899     
  4.452306945808783E-002
  3.881175842422799E-002
   1.28029657020987     
  0.219543014195523     
  0.539461933026777     
  0.309968448756166     
 -5.807318477652142E-002
 -0.182780649998844     
 -0.216512602229080     
  0.563845709106348     
  0.575463865084792     
  0.723540068979867     
  0.436227798321821     
  0.621628759634508     
  0.425465422047591     
 -2.571601966563406E-002
 -0.170929548572382     
 -0.138895302893229     
   1.22743074962213     
 -0.336851691210723     
 -2.555915992750197E-002
  0.128761498168374     
 -4.786193570376584E-002
 -0.206152912892031     
 -0.125100275055258     
 -0.109489490908830     
 -0.301921242552853     
  0.159245268382804     
 -0.131513933417004     
  0.329093631295581     
 -0.568582825927399     
  0.186417079446164     
 -0.532956440982942     
 -0.126098829994260     
  0.303462045920587     
 -0.260812739630234     
 -5.755317228889081E-002
 -0.217131629300394     
  0.476229779475024     
 -0.317580541158760     
  5.330832735782587E-002
  3.437921985098354E-002
 -0.681230422087940     
 -0.144794870427649     
  0.295901727048098     
  0.135890664926795     
 -3.544895500249077E-002
  0.154484746503912     
 -0.213334271657519     
 -0.310368585741254     
 -4.852136538386495E-002
 -2.398788711902968E-002
  0.663456307328404     
 -0.400730874253412     
  0.152491264627128     
  0.890631789849595     
  0.169423289060531     
 -0.280415809673257     
  5.477175361897635E-002
 -0.118268523429694     
 -0.151083423255250     
  4.354083478439682E-002
  0.155635582182269     
 -0.727584791651223     
 -0.312015175215761     
 -0.508039570457705     
 -0.688318352372026     
 -0.303371048141782     
 -0.719590317595740     
 -0.373858171488683     
 -0.125438124702460     
 -0.197719903916382     
 -0.847344282241923     
  0.293152483790319     
  0.174231925830038     
  0.176810028642517     
 -0.325080842916328     
  9.957231636243341E-002
 -0.188691867959252     
 -0.503316684618853     
  -1.50384184818793     
  0.205999717512309     
 -0.490354721134636     
 -0.793578612730388     
 -0.714195337068790     
 -6.574313175490495E-002
  0.273681934133014     
  5.668229169459919E-002
  6.456099543585128E-002
  0.287600937533093     
  0.571182827592984     
 -7.947392691494276E-002
  0.488543491694602     
 -0.661751689934848     
 -0.458706803276458     
  9.136231944070565E-002
 -0.881155112627559     
 -1.959737282280550E-002
 -0.118883166810821     
  0.769819439796084     
 -0.262247402152958     
 -0.419932404826622     
 -0.893078142035505     
 -5.758285976981253E-002
 -0.349397468549763     
  8.795342067807825E-002
  3.549788722477107E-002
 -0.263394608899909     
 -0.515993494542623     
  7.719125245829780E-002
 -0.589431301413163     
  0.363710710978534     
 -9.673219937990962E-002
 -2.156771527825185E-003
 -0.649043701049171     
 -8.986890455305832E-002
  0.559357050042217     
 -0.104971063654145     
  0.444821741222422     
 -0.100992261946700     
 -2.051723316008903E-002
 -7.682667162078351E-002
 -0.397925543385144     
  0.478854997823760     
  4.168092290229705E-002
 -0.199699146226992     
 -0.731502796454220     
  0.384953882282825     
  0.657691675322108     
  -1.07755976500757     
 -0.223063064864237     
  -1.01660118371454     
 -0.977378475907115     
 -0.195450334532595     
  0.225820189083112     
  0.305557732835048     
 -0.113422805285528     
 -2.011246467834774E-002
 -0.867152520964519     
 -0.403374892660878     
 -0.458426136699030     
  6.168906070998504E-002
 -0.379530569859805     
  0.110453107834360     
 -0.717332552764522     
  0.466705266812733     
  0.754899933658258     
 -0.354224588127913     
  2.295634150394832E-002
 -0.287002421605973     
 -0.426154584241094     
  9.004670672258888E-002
 -0.835249118651079     
  0.488191821923789     
 -0.449483393284280     
  0.315713819185038     
  0.418025777153539     
  0.224718858961432     
 -0.108876930200366     
  0.131539755677879     
 -0.510848688668905     
  0.368895366044247     
  0.454811295570612     
 -0.954620174603807     
 -3.610424180435826E-002
 -0.351907409683006     
 -0.102829678136921     
  0.369214962237129     
 -0.476171845661165     
 -0.273057355988556     
 -1.150219150119375E-002
 -0.358578865173399     
 -0.408089761978289     
  0.619759792655781     
  0.930334655184296     
  0.346113480154592     
  -1.25539817947630     
 -0.373080064470848     
 -9.826303661881410E-002
 -0.559153556230370     
 -1.366830885773481E-002
 -0.592605500735883     
 -0.780472250312093     
 -0.150263975142088     
  0.129127921345326     
  0.358031376735713     
  0.410491777210914     
  0.764406184607318     
  0.291540539709140     
 -1.168364091864483E-002
 -0.175502946884387     
  -1.32439441953176     
 -0.466035623021496     
 -0.762432729727678     
  2.333830283131771E-002
  4.315233605912235E-002
 -9.684625649106486E-002
 -0.125102725590761     
 -0.738220626580065     
  0.275612969803020     
 -0.129628307433390     
 -0.101627315165130     
  0.531255073302928     
  0.669579323842723     
 -0.358677674016699     
   1.04862967913727     
  0.130482873396583     
 -0.288816206812680     
 -0.197620962411204     
 -0.623729974101471     
  0.198910856127841     
  0.313528445720707     
 -0.133199831738201     
   1.08337163927842     
  0.100985557443065     
  0.443663233450729     
 -8.800869184356190E-002
  0.117097954922141     
  0.890485411499805     
  0.215829398465778     
  0.454505936963247     
 -0.446549322183700     
 -0.133045181556102     
 -0.181085695525766     
 -0.213563647298073     
  0.341713179053699     
 -0.164199240168055     
  0.399049803422477     
 -0.156815844288729     
  4.351545466660461E-002
   1.23845782583480     
  0.114608331193381     
  0.543992400522687     
  0.235600862446730     
  0.422452629856082     
  0.451861515301139     
  0.284323964865279     
 -0.133987764765081     
  0.635869013309763     
  0.282539297435366     
 -0.814129675681398     
 -0.146555636472665     
 -0.444811086698706     
  0.606074003406808     
 -7.672280453572851E-002
  1.748814017006598E-002
  0.860679116327046     
  0.420215629045009     
  0.230881383677793     
  -1.75056357222907     
 -0.691299244809688     
 -0.504443462000935     
  3.382300038300668E-002
 -0.544361724122967     
 -0.268643126394302     
 -0.501886159103924     
  9.175861107628064E-002
 -3.154554625056963E-002
 -0.787144882934114     
  1.692426143358238E-002
 -0.189562847852446     
 -0.121550888289304     
 -0.480263878084012     
  8.509513405988892E-002
  0.177463123519608     
 -0.242622290611620     
 -0.147584867828266     
 -0.692443649700366     
  -1.08340093818678     
 -0.354028961085852     
 -0.248560743239868     
 -0.145170368600072     
  0.451730240389540     
 -7.775152447445481E-002
  0.395099862564178     
  0.492939495869926     
  0.108363244133245     
  0.361419408933943     
  0.246958106175643     
 -0.237150995544336     
 -0.338307433183977     
  0.116010235471689     
 -6.278729227752838E-002
  0.498215618398778     
  0.230356385312836     
  2.679147337363447E-002
 -0.139562987389969     
 -0.317656069290603     
 -0.338155924221324     
  0.456222771215141     
  0.184119917916973     
  0.204364585422567     
  5.809379046440031E-002
  0.133687883333901     
 -5.160760886523223E-004
  2.765110187014172E-002
  0.291538229195990     
 -0.243449244556240     
 -0.386559915609224     
  7.702089682806010E-002
 -0.362067496563273     
 -0.595892419240639     
  0.101531744859469     
 -0.143026714908097     
  0.163186065126939     
 -0.298170527167708     
  0.365293723014609     
  7.285999423914649E-002
 -0.341067002472167     
  0.603698691542616     
 -0.357772208374344     
  0.108274368796964     
  0.168316499273352     
 -0.579583479933662     
 -0.487513133780195     
  0.477388767164688     
 -0.346615983297902     
 -0.213920111857739     
  0.598726835674701     
 -0.164181433333573     
  -1.19192122308605     
  0.297373488252470     
 -0.600729132434896     
 -4.596255094809300E-002
 -0.247442368677632     
  7.165678588214451E-002
 -0.315328654801440     
  0.275263102874194     
  0.828597418271123     
  0.210339696866400     
  3.890997992171603E-002
   1.31197995107644     
  0.798960582627190     
  0.528527031746271     
 -0.798956887143187     
  -1.13521978376617     
  -1.00098194379111     
 -0.599700164160118     
  0.361544512463269     
  -1.03015070638241     
 -0.563489465968774     
  0.755825322921802     
  -1.28122964236080     
  0.270067520977267     
  0.335845839867744     
 -0.169590494568265     
  4.854332905817286E-003
   1.13674437204802     
 -0.889316280306503     
   1.80406212473575     
   1.89875170818095     
  0.771407378122592     
  2.521019135569802E-003
 -0.114696929358977     
  -1.29791872401400     
 -0.141000515818551     
 -0.576721580365109     
 -0.809102165427199     
  0.196120570382852     
  0.222634966709733     
 -0.835866317102393     
 -0.360465263470384     
  -1.05723424193135     
 -0.193645969531117     
 -0.653240525524006     
  0.312219030273834     
  6.691409460599604E-002
  3.826384869767725E-002
 -0.274859724985725     
  5.929273231167087E-002
 -0.994879522080873     
 -0.377709288253425     
 -0.947170400071467     
 -0.328541662488253     
  6.248595545844155E-002
  0.512402605713881     
  3.456929100941176E-002
  3.446174396687181E-002
 -0.894348947794612     
  0.696607624364095     
  -1.49819610466596     
  4.550408557653375E-002
 -0.374252302114620     
 -0.625031722023924     
 -0.723755048932287     
  0.197555174978705     
 -0.494422451901946     
 -0.552947753226597     
 -0.741578576641481     
 -0.788592274104925     
  0.131468172057436     
  3.146953867508467E-002
 -0.832820933556726     
 -5.101115294559131E-004
  0.432233893180661     
  0.209761910520769     
 -0.388827560537413     
  5.893743114472660E-002
  0.373130488023209     
 -0.520672354724658     
 -9.564285284424376E-002
 -0.361073158709731     
 -0.665817312458545     
  0.365953269695988     
  0.309318240813073     
 -0.484835627526150     
 -0.419750771703648     
 -0.313860662633971     
 -0.648865363185120     
  0.648435515752778     
  5.772899499623646E-003
 -0.380184102845642     
 -0.989471976723534     
 -0.516552793224470     
 -0.741757095042964     
 -0.625520962699144     
 -0.739637548706023     
 -0.910295447192044     
  -1.43211852849064     
  0.401030501666890     
  7.160122549245812E-002
 -0.409888608757535     
 -0.324745790859995     
 -9.940166530503594E-002
 -0.427665485193890     
 -0.635231417868494     
 -6.760697518909026E-002
 -0.361391080406587     
 -0.524846600050202     
  0.672501913305184     
  0.595816472678593     
 -0.515400069009700     
 -4.257841882810039E-002
 -0.685142296181071     
 -0.563713469544223     
 -0.108302141089862     
  0.161731054073942     
 -0.121034851937943     
  0.423378160485058     
 -0.228316364452115     
 -0.446596105613688     
 -0.215742803356130     
  0.171371866970952     
  0.186077191455564     
 -1.866469260541815E-002
 -0.218096303021498     
 -2.699087187660899E-002
  0.298694816572184     
   1.92023269869576     
 -0.113128033011653     
  0.331516450650699     
  0.774975219707692     
  0.834494433177880     
  0.876760367393163     
  0.451738713125233     
 -0.246035950967507     
 -0.657035525501843     
 -0.117974068481531     
  0.892092733100738     
 -4.884686731593639E-002
  0.348916534195748     
  0.622632869712004     
  4.707635061395519E-002
  0.400747890757059     
  0.412401834085869     
 -9.970582088753219E-002
  0.514529329656850     
  0.304424051344921     
  0.102452988758554     
  0.157261567869178     
   1.70599080188944     
 -0.103512278132646     
 -0.174828212191783     
 -0.717922588220038     
 -4.282133098304461E-002
  0.474038300120278     
  0.554383745676520     
 -0.508507930597248     
 -0.800998636486119     
 -0.148342918304819     
 -0.312885358436691     
  0.162909734930848     
  0.303352084529699     
  3.944462334613975E-002
 -0.142776202476448     
 -0.853529441443836     
  -1.30994915679417     
 -0.369362306109935     
 -0.454270821504877     
 -0.704767002355662     
 -8.770734525434655E-002
  0.275631208378723     
  -1.58135608238480     
 -0.585579121669192     
  0.685883626069286     
  0.342456284030717     
  0.263148699505788     
  0.174904701293135     
  0.361712158907972     
 -0.802224461892189     
  -1.13364857189600     
  0.427237636015048     
 -0.167262850224308     
   1.13347304900121     
 -3.223080288726599E-002
  0.100645463503798     
  0.491697758016538     
  0.405502046065850     
  0.431777626783325     
 -0.808328569643232     
 
 -0.526404483233509     
 -0.109067520555013     
  0.768923062364548     
  0.442678808487239     
 -0.594648016154359     
 -3.701144142509830E-002
  0.252228051054798     
  0.696828305445596     
 -0.599420749233239     
   1.17307670479416     
 -0.532546779901853     
   1.04995245308371     
  1.518967759942827E-002
 -0.216141936089359     
  0.463223294150879     
  7.766796973396506E-002
 -0.372662547909089     
 -7.951408164183804E-002
  0.947612557790862     
 -0.443348679466110     
  0.246973996004418     
  0.518532274130888     
 -0.391495289962776     
  -1.06016518473471     
  -1.34600879194280     
  -1.03144421216321     
  0.608180799904498     
 -0.618761894080843     
  0.446546474198516     
 -0.650655777422495     
 
  -1.05718704332258     
  0.538560257681413     
  0.418105483666510     
   1.25729221688874     
   10.0128180628508     
  -2.79464950205584     
  0.431173335279074     
   1.11015864052282     
   4.21417192425648     
  -4.11954638970328     
   4.25772774445112     
   1.52814325062401     
  -1.42076354521930     
   3.10110318458687     
   4.75708078239950     
  -6.69732905448088     
   2.26772804460647     
   3.00099750295579     
  -11.0602700216955     
  -7.18209429466874     
  -5.57690770660189     
  -1.53360014912348     
  -2.62913670890861     
  -2.67214291955916     
  -3.08704047261919     
  0.974425865294773     
  -1.00544364260049     
  -1.04017544368003     
  -2.28440918929836     
 -0.521761904190323     
 
 -3.939104761904762E-004
 
  tansig  tansig 
