     33 -    30 -    30 -     1 
rmse=  28.3183meV
 -0.179058663534853     
 -0.201743297548549     
 -0.340550134375205     
 -5.133034037610444E-002
  5.583000634896791E-002
 -0.609011124375078     
  0.542054872214395     
  0.233856707071491     
  9.956781062202288E-002
 -0.107678470036024     
 -0.100912707828320     
  5.251297246132719E-002
 -0.279837504436659     
 -0.340678378250318     
 -0.222492241735916     
  0.352156319017830     
 -0.171043674724515     
  0.223231397646188     
  1.375345989371243E-002
  0.182892090680553     
 -0.108881276178013     
 -6.503891915206304E-003
  0.449585271809069     
  4.691818481092586E-002
  0.701262713266312     
 -3.290969344563903E-002
 -7.391427252432786E-002
  0.212181995330264     
 -0.282529366648036     
  0.371951447625116     
  3.940841746167631E-002
 -3.461599171323603E-002
  9.998761132490452E-002
 -0.762237249853392     
 -0.516033798716548     
  9.134912019080866E-003
 -5.311975962968583E-002
 -0.186783701732635     
  0.540467778558799     
  0.669305030915558     
  1.241456499994701E-002
  0.114615352340720     
  0.138905845058500     
 -0.199496887385896     
  0.420851745199859     
 -0.233571033821657     
 -0.459574257339008     
 -0.192328646066781     
  0.239345218504252     
 -3.132387639880506E-002
 -2.198212040802881E-002
 -0.309788793748350     
  0.136697599126180     
  0.466997334987872     
 -0.157487515125110     
  0.192550939308189     
  0.228069471143007     
  0.940576332796847     
 -0.207300949490047     
 -0.281567267695250     
  0.207703516420597     
 -0.262828448344329     
 -4.430152764241171E-002
 -0.107507583189864     
  2.906636907260819E-002
 -0.285799158813419     
 -0.410759261043602     
  0.611955846525153     
 -0.570855235056009     
  7.421211302514263E-002
 -0.208702144535938     
  0.626804052127902     
  0.306957742625383     
 -0.389378266138000     
  7.244067171284507E-004
 -0.120650170527197     
 -0.165458804918319     
 -0.413389227337083     
 -5.781107606453061E-002
 -1.468381954440754E-002
 -0.109359523490986     
  0.135905995005936     
 -3.171523705678771E-002
  0.152424287149432     
  7.855518621861091E-002
 -9.794083983736969E-002
 -4.758578340986795E-002
  2.446650245505369E-002
 -1.858916449805875E-003
 -6.678999432682527E-002
 -0.105804657945809     
 -1.544315367527203E-002
 -0.415188349013069     
  9.484438710921095E-002
 -0.324003018723346     
  0.450108893446025     
  0.284433623880768     
  0.114581623481027     
  6.091127681221899E-002
  0.449746766281780     
 -7.259436735236317E-002
  8.988267903136507E-002
 -0.197806493336578     
  0.611257083702384     
  0.145249901375161     
  7.599948020621450E-002
 -0.626045037721727     
 -0.331673116014156     
 -0.120957604959644     
  0.222800356383819     
 -0.214205290100719     
  0.320105380080343     
  0.109870906158372     
  8.133073504781228E-002
 -0.237220220298680     
  0.321824603823681     
  0.262208337251313     
  1.882612122641764E-003
 -0.105452880900095     
 -0.239241862459464     
  0.167528319522101     
 -0.379763660461266     
  7.867849589719771E-002
 -9.963222030652057E-002
 -2.446774858582103E-002
 -0.146890096501115     
 -0.151443524768223     
  0.252405565980543     
  5.845152741140893E-002
  0.460819810553797     
 -3.085947291218460E-002
 -0.463870463283380     
  0.511493122597859     
  0.348268217097070     
  0.948376465955587     
 -0.310388104160715     
  0.854126805763537     
  0.134700623923560     
  0.436462990874950     
 -0.198013839524496     
 -0.288025528088998     
  0.267539420063023     
  0.267766350061430     
 -0.168566809833804     
 -0.920665138905198     
  1.661786829698053E-002
 -4.343432798978915E-002
  0.105514101083976     
  0.218251441011242     
  1.538426747655167E-002
 -0.159898775829332     
  5.218233533830670E-002
 -0.592193956383057     
  0.219867981825306     
   1.32058430915184     
  0.106291811810951     
  8.952021073032944E-002
 -8.075759094482257E-002
 -0.177200561884885     
  3.857303069406304E-002
 -7.971902636658772E-002
 -0.340583751016978     
 -5.258866286562845E-002
 -1.577895410126538E-002
 -0.575554078535514     
  0.132564364718443     
 -0.349949369817214     
  0.753477537457684     
 -0.295028077638659     
  0.466179275346306     
  0.253447487316634     
  5.184057071955686E-002
  0.171243116280547     
 -2.707925309788474E-002
 -0.159366611791649     
 -0.188161132187013     
  7.374021418131937E-002
  9.438134220252652E-002
  1.358815971238801E-002
 -0.104063244930977     
 -0.368003743263895     
  0.528397144924772     
 -0.438658610576108     
 -0.990135763296236     
  0.577620142875597     
 -5.364645109627934E-002
 -2.299629543539959E-002
 -0.198703140253970     
 -3.180172937844081E-002
  0.279241873624524     
 -0.300305316588405     
 -0.685447479863392     
  0.668026835285947     
  0.150100254388253     
  0.156700289552666     
 -9.662438789755527E-002
 -0.597593848913712     
 -0.533480301623822     
  0.473753742177984     
 -0.318699017285930     
 -9.168137409240744E-002
 -1.623955957563572E-003
  0.361318636808452     
  0.196759420149544     
 -0.368116116818584     
 -3.498749723664595E-002
  0.117705825729248     
 -0.320021545332550     
 -0.125528074039085     
 -0.161060576062409     
  0.380149708696234     
  4.521828021248243E-002
 -1.683248311654832E-003
  7.303381324345960E-002
  1.726367253143373E-002
 -0.402644786285101     
  3.520042734242975E-002
  0.354947096061329     
  1.519717573768824E-002
  3.467902596437410E-002
 -0.259864813101238     
  0.155889356802732     
 -0.429888318291778     
 -3.986104333633881E-002
 -0.361827553944306     
 -0.336885037354459     
 -8.658394029264466E-003
 -0.332672861793249     
 -0.654092767895168     
 -4.271901714276664E-003
  9.885583321016889E-002
 -1.094847553917161E-002
  6.185100968749839E-002
 -8.523092445424134E-002
 -0.196980411644234     
  0.181859735232057     
  0.154815812733118     
 -6.466174880526807E-002
 -0.224329479451056     
  0.430412850217475     
  0.223021896106960     
 -0.123837476492580     
  0.141666517079946     
 -0.159237010607170     
 -0.164426330001297     
 -5.381119215029078E-002
 -0.197677654529051     
  6.562914699560082E-002
  5.810128695452824E-002
 -0.195956470929642     
  0.147270644818084     
 -6.279279027208867E-002
 -3.602473742703019E-002
  0.232814689323902     
  0.427082102685240     
  0.312159946972280     
 -4.645951976543743E-002
  0.548834321110487     
 -5.369717097790856E-002
  0.369830516940004     
  0.107070423496283     
  2.311394026316400E-002
  3.400280781001716E-002
  0.314235201117053     
 -0.147966665883653     
  5.784801948995501E-002
  0.709779770131311     
  8.534523486901245E-002
 -0.370491768137679     
  0.251875037244108     
 -0.327129585919157     
  0.113078246713923     
  0.116199506518937     
  0.104221659438844     
 -0.418344437809660     
  0.102397798674075     
 -0.286623137952666     
  0.181899798212330     
 -0.272052634930856     
  0.338890821567311     
 -0.732039800383258     
 -3.797164527533665E-003
  0.135201353828466     
 -0.528853273750675     
 -0.139948418020748     
  0.277146908490409     
 -2.036548960205555E-002
 -0.147010976602780     
 -4.319310286851733E-002
 -5.032966702470582E-002
  0.560369670586520     
  0.645699476656864     
 -2.111328805156591E-002
 -0.101200224567536     
  5.725681768942864E-005
 -6.982199926975860E-002
  6.575516597880889E-003
 -0.298188983635810     
  0.780572722671516     
 -0.288861186731934     
 -0.453044740589202     
  0.685738978363652     
  0.163974779805962     
 -0.833667066775581     
 -0.148186708985171     
  0.177248456030101     
  0.507109649341645     
 -7.194600337290805E-002
 -0.255213852481699     
  1.201931980189524E-002
  7.648603609576615E-002
  0.436662154624976     
 -0.655426408623645     
 -0.470999020234147     
  0.370867003308640     
  0.248289136819828     
  0.163164398397499     
  5.011478435819484E-002
 -0.112986852354659     
  0.392072453119365     
  9.935850589637148E-002
  0.107446879762936     
 -0.126165653277167     
 -0.262802087276467     
 -5.918838395416343E-002
  0.145746867749157     
  -1.08164762768546     
  0.395656179724729     
  0.286661350745084     
 -0.825676300128954     
  0.187848565946923     
 -4.934250544254542E-002
 -0.327603520755470     
  0.329262791283745     
 -0.839086710576243     
 -0.448686211595257     
  3.010680996277659E-002
  4.016735632631009E-002
 -0.113052864185785     
 -0.271737403121468     
  0.330391629795077     
 -2.760268322525424E-002
 -1.918482150134156E-002
  0.314690703108706     
  0.142061733471853     
 -6.529200151542579E-002
 -0.399193830268057     
 -0.163723720532425     
 -1.598661366599390E-002
  0.250044211374061     
 -3.403545674676166E-002
 -3.804188453093803E-002
  0.189342535214364     
 -0.335336460608562     
 -9.776525325232602E-002
  2.251250385630330E-002
 -0.625985944172253     
  0.480236513809539     
  0.164613260359807     
 -0.181117024435882     
  8.241369559571775E-002
 -0.140380732560762     
 -7.399233495348191E-002
  6.350372199022886E-002
 -0.299708039742732     
  0.411964138940962     
 -0.146608409311086     
  0.365237304697870     
  0.440975590595084     
 -0.350880409973820     
  0.244309203688652     
 -0.128545249630494     
 -0.277346294885707     
  2.383454953132100E-002
 -0.212445495169069     
 -0.147264047188987     
 -0.145895849403109     
 -0.301580236214225     
  0.122273525999389     
  0.151528358758025     
  8.716606244807965E-002
  0.738986552111255     
  0.130931708522419     
  4.545933946285927E-003
 -0.124807782138903     
  0.117034885769093     
 -0.159399585842602     
 -8.738816415572018E-002
 -2.770429272284823E-002
 -2.388706127758387E-002
 -0.338312651317986     
 -7.213349057168028E-002
  0.378070046537500     
  0.518152211878336     
  0.199003066075121     
  6.827485605558804E-002
 -0.311772813606441     
 -0.462673832227702     
  -1.00578882219019     
  0.745405071796182     
  0.512072853338765     
 -0.507964361520998     
 -0.768040348405508     
  0.403559815247943     
 -0.111885377193414     
  0.105086672933873     
  0.265886626186877     
  0.607419773806300     
 -0.240819387243541     
  0.408165605799599     
 -0.303620226839594     
  0.386170050262564     
 -0.478169259585807     
  0.286865333469950     
 -0.432553061010671     
  5.793855482283981E-002
  8.373608259398996E-003
  1.675705565611447E-002
  1.004048314487645E-002
 -0.365361692398174     
 -0.108634861076027     
 -9.014339296426700E-002
 -0.445231260209194     
  0.943712633486007     
  0.335656242592658     
  0.998743217532655     
  0.508819529991112     
 -0.490846060332559     
  0.570398210011146     
  0.393278625502869     
 -0.477154542909634     
  8.769054774640947E-003
  0.459870928698488     
 -9.504671017014006E-002
  0.533446315502665     
 -0.184860228210116     
  4.361242137746513E-002
  0.328084072860899     
  0.141333645832059     
  0.447320965399507     
 -6.730041187560193E-002
  0.382434161354198     
 -0.125291154992982     
 -4.510118710649557E-002
 -6.177006822903337E-002
 -0.245092678402617     
 -0.816066759743762     
 -0.377605118341082     
  0.650298216342957     
 -0.176876097426327     
 -1.640919737777891E-002
 -0.311163933516465     
 -0.123483671381511     
  8.863679450881784E-002
 -6.956705791761066E-002
 -0.609633385349862     
  0.841049796428496     
 -0.109842400371419     
 -0.232143345034876     
  0.102080455495790     
 -0.279391274866500     
  0.264278875611597     
 -0.603980092389702     
 -0.233518171463865     
  0.556719084139683     
  8.919401846176654E-002
 -0.359344512767277     
  0.237241505114092     
  0.286535745580763     
  0.163830305315218     
 -0.117130162853246     
  6.549813797725901E-003
  0.270916184988346     
  0.161588910054421     
 -0.113745764537690     
 -0.318077337616134     
 -1.012574707175037E-002
  9.151733261094894E-002
  0.241932365838924     
 -0.243792761669197     
 -0.237015480289575     
  0.166854191408140     
  0.317813311787962     
 -0.279601481154802     
 -0.116723305185032     
  0.414223851641550     
  0.334298168120799     
 -8.619076945740892E-002
  0.479267712491636     
 -3.060707286762748E-003
  0.130933163425760     
 -1.923279592010607E-003
  0.256913778491488     
 -0.138430541892210     
  0.132517243857602     
  0.774838991130455     
  -1.11307241771859     
 -0.124086937814810     
 -0.142986113614705     
 -0.519943986392984     
 -0.463106492483562     
 -0.558473649708643     
 -0.147608812220646     
 -1.491095387538311E-002
  0.276319222726307     
  1.397292609619698E-002
  0.220616200988401     
 -0.380294111862901     
  0.259198439447630     
  0.275968155531794     
 -8.471458593019164E-002
  0.393679479174004     
 -0.177346855835912     
  0.443420419029926     
  3.666340886378469E-003
 -0.137074884875702     
 -1.374789091597944E-002
  3.763233090426212E-002
 -6.837065901914351E-002
 -0.296619574563059     
  0.200203948905654     
  0.799984619438162     
 -5.667459796585741E-002
  0.287610783487546     
 -0.565104385054268     
 -4.319607209836450E-003
  3.527328156293306E-002
 -0.182697189681344     
 -1.331397979492681E-002
 -0.492354374795212     
 -0.220291682745496     
  0.329786507329637     
 -0.562542668384253     
 -0.340441237862566     
 -0.380324671339607     
 -0.138002278708595     
 -2.320966665803403E-003
  2.936888025722865E-002
  0.183136124127781     
  0.748398266084433     
 -0.392490719675927     
  2.689424266563196E-002
 -0.215670181430402     
 -0.343876674487798     
  0.553418960921411     
 -8.867748776942516E-002
 -0.119733674352337     
 -0.130663401069133     
 -0.389267987439723     
 -0.114836746386208     
 -0.152628281369122     
  0.303672495200227     
 -2.332822706778457E-002
   1.60275732625339     
 -0.194074457765381     
  -1.40636224545726     
 -0.890835685486109     
 -0.998256632489832     
 -0.213690679778299     
  0.114145140044658     
  0.178912665809912     
  1.587133234811082E-002
 -0.268124741506596     
  7.050526107824555E-002
 -0.118369360490692     
 -0.173446165957004     
  3.360051567021559E-002
 -0.429674103542612     
 -0.231589880047425     
 -0.169121527946845     
  3.533846592307352E-002
  4.641779174886864E-002
 -0.489158261142007     
  0.223677452912647     
  0.305273760966710     
  0.198516254612153     
 -0.130382504307882     
 -0.192668127763333     
  1.925135748607360E-002
  0.126682296603600     
  0.418549223731562     
 -0.342138028238341     
 -5.349697374080148E-002
  0.177332856547113     
 -4.665550186239951E-002
  2.430600414715477E-002
  2.548468948531634E-002
  0.105438394011892     
 -0.322708096573557     
  0.207835653330452     
 -0.868657988308685     
 -0.142047485312481     
  7.889332333024608E-002
 -0.357312099207472     
  1.723263509370789E-002
 -0.309590351503698     
  0.140146160197227     
 -3.419495650083985E-002
 -0.646192843280133     
 -0.116524215030782     
 -0.572537004427703     
 -0.526480646459571     
 -0.197325267139309     
 -2.728083141620905E-002
  4.056347620107299E-002
  0.564130278787309     
  0.139892638016755     
 -0.625117720430638     
 -4.640333822146438E-002
 -0.255777887103548     
  0.110562513071975     
   1.25957750950724     
  0.237331440841589     
 -0.639566692599971     
 -0.205681935860551     
 -9.592348334681432E-002
 -1.809479026591795E-002
 -0.239093901346539     
  0.155660724372964     
  0.537257899056318     
 -0.138550883284021     
 -0.506464500843872     
 -6.954439180200557E-002
  0.138043708077799     
 -0.141960147349840     
  0.597523150490978     
  0.645097135203644     
 -0.263198166466139     
  0.135107196599665     
  0.200918063581104     
  0.388035368327700     
 -0.423862946434810     
  3.443989957949049E-002
  0.176707843741615     
  4.784940385228618E-002
  0.408365198151497     
 -0.230323550150859     
  0.490932474795553     
  0.264832562521630     
  4.401111475134960E-002
 -0.537543639776464     
 -0.305904978985566     
  0.615784310480652     
 -0.147991857005928     
 -5.286190163209073E-002
 -5.770840291577606E-002
 -0.283818085307276     
 -7.313154893845451E-003
  0.118031452397779     
 -0.283740262629751     
 -0.116097322363288     
  0.189520049099888     
 -6.033532942456937E-002
  0.135867851149978     
  0.485328636488774     
  1.380841766330378E-003
  0.351007049593178     
 -8.391416844256700E-003
 -0.393932553138105     
  0.198396272103203     
 -0.364917363453493     
  0.462186465331418     
  0.607746957575052     
  4.557348311299527E-002
 -0.270146330959516     
  0.365934930711328     
 -1.082647630879496E-002
  1.398370065945501E-002
  8.568186441749382E-003
 -0.788551416667762     
  -1.02606548930415     
 -0.128605830184487     
  0.113797764604504     
 -6.179059564371996E-002
  3.433575987270897E-002
 -3.780562882376473E-002
  3.750575957124928E-002
  0.128346353810366     
 -0.305769712396192     
  0.122588216842784     
  0.550898847644287     
 -0.214906207463265     
 -0.421544925788867     
  2.210371829743092E-002
  0.680164636405988     
 -0.109129802277435     
 -0.533370205918525     
  0.130818604463894     
  5.740047482462955E-002
 -4.949164614102047E-002
  0.340154763430986     
  0.503734092063337     
  1.916310397763254E-002
 -0.515800675557842     
  5.074159088004827E-003
 -0.171332990270185     
 -0.323542275446016     
 -0.698836051604544     
 -0.621417591694899     
 -0.300907670098388     
 -0.140037564791628     
 -0.242149974465859     
  0.297837104094955     
  0.155970485537422     
  0.474652901329091     
 -7.982549348164751E-002
 -0.557765756501185     
 -0.480952155160233     
  0.397476893405675     
  0.920394590376720     
 -0.448973598381362     
  0.135973280582385     
  -1.03633452278530     
  0.547861620250936     
 -0.339888434499635     
  0.262517621792553     
  0.150854079196283     
 -0.476184684920401     
  0.759248084950221     
  0.256449398756972     
 -0.851269077922482     
 -4.299584510371633E-002
 -0.152579950028327     
  7.280696100557263E-002
  0.420368180740574     
  0.846900002872270     
  0.188782218814616     
 -0.360467211254059     
  0.393032407584853     
  0.360437556343664     
  0.169757285891974     
 -0.660579815464328     
 -0.300630032938308     
  0.136576983994577     
  0.185982946339122     
 -2.601096959330276E-003
 -0.313204108465749     
 -0.109155448803652     
  0.455442269257001     
  0.417197746764624     
  0.102423498284102     
 -0.338904442274399     
 -0.238088921864898     
 -0.245021508939475     
 -8.813494585149163E-003
 -0.213558535442817     
  0.812129071294881     
 -0.248449786575606     
 -0.563951194010039     
 -0.375740779986193     
 -0.674599134365624     
  0.106092581868780     
  0.144687823116343     
  0.272120441158088     
  3.348479161640633E-002
  0.269069485558339     
  0.341202960727238     
  0.119609296659204     
  0.426363530443007     
  0.163754583589052     
 -0.755126108164377     
 -6.619048544569088E-002
  0.419371039325338     
 -0.542478498239309     
  0.140883213264929     
 -0.537063155907721     
 -0.393056129555926     
 -0.357358831987153     
 -0.273299485573205     
 -6.071464596265048E-002
  0.402088911477225     
  0.443868073101138     
 -0.336953299659492     
 -0.216278740350416     
  0.355006733714165     
  4.508862887446330E-002
 -5.139224526104259E-002
 -0.540505389113101     
  0.220006248405690     
 -0.163377133721415     
  9.353251810962165E-002
 -0.286136374280567     
  0.161873549201502     
  6.164174101116335E-002
  2.467840988847854E-002
 -0.380966829565810     
 -1.995855763984158E-002
  0.726485519966311     
  0.413365401965560     
 -0.329796418782536     
 -0.169157905551280     
  0.631455526459968     
  0.691865504643785     
  0.306754090730343     
 -0.162982639615015     
  0.721396730470665     
  0.499523153620385     
 -0.265460986586181     
 -0.587656104149531     
  0.159461725484847     
  0.533195125397022     
  0.504084292876122     
  0.212968095777867     
 -0.787470085265925     
  0.378773494666206     
  5.757216876298499E-002
 -0.703553855603105     
  0.610195078604036     
 -0.173603668402884     
 -0.363967557765983     
 -0.189855252237334     
  0.291836754838773     
 -0.124652158870820     
 -1.549699988609140E-003
  0.107808213990715     
 -0.670872157045712     
  0.282838074785885     
 -0.164712114839416     
 -0.544398677822188     
  0.942601369412454     
  0.175543094668765     
 -0.694406135914220     
  0.699427673934372     
 -0.217738881279643     
 -0.310678623533929     
  6.770859343960643E-002
  4.342563666336090E-002
 -0.191901473960239     
  0.563361318506963     
  0.136836649619373     
 -0.456350732559753     
 -8.236226329443631E-002
  5.000128256517492E-002
 -6.837607385332682E-002
  0.301007454236699     
  1.425937675599908E-002
  0.356763930170124     
 -0.391763671602798     
  0.136978129015370     
 -0.253518364572004     
  0.430806852064444     
 -0.224586059986280     
  3.232217616250525E-002
 -0.226534388734396     
 -5.732634028831540E-002
  0.398091174752405     
  2.687065123779487E-002
  0.315384309499449     
 -0.172768632956737     
 -0.511076128923504     
 -0.106440133722735     
  0.119724933030370     
  0.411640430508289     
  9.962810549863366E-002
  0.350046008982740     
 -0.209641701164155     
 -8.081805263232814E-002
 -0.180021021200420     
 -0.220536484219519     
  0.111154516669800     
 -0.679620635366897     
  0.237201415160629     
  0.117219599811204     
 -0.119122726571144     
 -0.230811495829003     
 -0.363599923965157     
  0.380968959696474     
  0.359401115158248     
  0.129406709632893     
  5.636810800916514E-003
  2.770738538641541E-002
  0.781475284456130     
 -2.922594760850863E-002
 -0.205437355233000     
 -0.113594610726805     
 -5.494272643734933E-002
  5.685245223422378E-002
 -0.182513288140924     
  9.217007074622291E-002
 -0.135812703536339     
 -0.307841751186614     
 -0.259245613658399     
 -0.621397631283321     
  5.313065838317417E-002
  0.215539724732426     
  0.184990703716067     
 -0.337233399325817     
 -0.183300952011060     
  0.141000217995644     
 -0.197078431104586     
  0.132757920929128     
  0.234044730246636     
  0.522578425663542     
 -0.571838656744983     
  1.314689979451712E-002
 -0.370693876112793     
  0.273644570203562     
  0.418588437874691     
 -0.394892483123853     
  0.124431929561819     
  0.491573765179722     
  8.974343913356528E-002
 -0.519854399543890     
 -0.178471930961249     
  6.501887106396874E-002
  4.709437027379771E-002
 -4.849593484112966E-002
  3.795388712692973E-002
 -0.714045193261019     
 -8.082553707403597E-002
  0.528370548537115     
 -0.123544753988773     
 -6.420471453718002E-002
  0.303999487228317     
  9.274446442994691E-002
  3.949600176431796E-002
 -4.257225311675281E-002
 -0.236401507189627     
  2.278398177785938E-002
  2.106022022600204E-002
 -0.457697555189163     
 -0.759168152592543     
 -3.977313773901470E-002
  0.189006022124414     
 -7.623552357606100E-002
 -3.448332299767447E-002
 -0.350855871015772     
  0.336916166770672     
  0.378927555079734     
  0.443424914295036     
  0.125429269376859     
 -2.028390920686379E-002
 -2.077032782899069E-002
  0.262927170981907     
  0.424374255440821     
  0.416479991880723     
 -6.786268306340651E-002
  0.144375868830189     
 -0.184158726847048     
  0.428636442654878     
 -0.144325593474881     
  0.393404046436112     
 -0.508413742646832     
 -0.211283154014565     
 -0.355111404583245     
  5.158164572117603E-002
 -0.141413335433637     
 -3.860672983209524E-002
  0.144839895188991     
 -8.316442536821066E-002
  0.128624587103766     
  0.131005475414768     
 -2.673098474462188E-002
  0.210124699671918     
 -1.818949398988774E-002
 -0.195102218136141     
  4.532896508700802E-002
  0.421609815941422     
 -1.652920227494371E-002
 -7.622593512634901E-002
 -0.202159588622980     
  4.231917260530128E-002
  2.422711549277253E-003
 -0.133066479335332     
  0.320056643559724     
  0.346208906358767     
  0.237426717871030     
 -0.379502679943164     
 -3.089122246072173E-002
  0.165722029002867     
 -0.129591408167043     
 -0.121227886104152     
 -0.277843089722326     
 -0.534842865900536     
 -0.525844256225599     
  1.753922824784627E-002
  0.263172668565107     
 -0.582667145960865     
  0.149863186620405     
  0.359767116213608     
 -0.196187558011677     
 -0.284030124618579     
  5.217915171687609E-002
 -0.363405334411451     
  0.791272292327929     
 -0.391749963183803     
 -0.533952205638991     
  0.123486819994142     
  0.231015271353564     
 -4.011557651326339E-002
 
 -0.495366134374045     
 -0.393526406248029     
 -8.954422806226862E-002
  8.153439031570063E-002
  0.749083909779460     
  0.441297523095775     
  0.592476849181824     
 -0.136003872684426     
 -0.146122232405226     
 -0.693470488516104     
 -0.175325299261579     
 -0.567231566542607     
  -1.16873313255360     
 -0.398511278686243     
  0.452040075355198     
   1.05420037395224     
  -1.53085570570936     
  0.560842984898379     
  2.887895458096477E-002
 -0.351416980014167     
 -1.996201610266246E-002
  9.047658233193508E-003
  0.192958997080545     
  0.677377075948660     
  -1.15808048493866     
  9.086520539799081E-003
 -0.136503621292347     
  0.503891581251184     
  0.193419555703046     
 -0.201966719453244     
 
  0.223047182558501     
 -4.760669144999721E-002
  2.167358813260345E-002
  2.595878067600372E-002
  0.284024295644261     
  0.326224371934567     
 -0.213306956941798     
 -0.109625498820440     
 -0.113798853425201     
 -0.944986003612155     
 -0.258727118342251     
 -0.234462568164924     
  0.105531532265372     
  0.328482641113290     
 -9.979874973697020E-002
  0.427729983058912     
 -0.224450873615675     
 -0.298163197620232     
  0.565325357314082     
  0.132511745208432     
 -0.172649601162189     
  0.257237351184927     
  0.345013356294521     
  0.748337483669640     
 -0.432863587817287     
  0.705581475005541     
 -0.477576855928741     
  0.192792042867382     
 -6.150880010472694E-002
  0.235709066729216     
  0.140165911986987     
 -0.583115812245857     
  0.380930662682441     
  5.400691567391597E-002
 -0.339282044962241     
  0.210453152064928     
 -0.308005598112772     
 -0.102643441716854     
 -0.229052594778494     
  0.369519873461730     
 -0.115407174239965     
 -0.215436498344343     
 -0.138027272216400     
 -0.144553002671182     
  7.740040339505463E-002
 -0.254643879141127     
 -0.305320476982197     
  9.275528313412616E-002
 -0.300496486987209     
 -0.373250841092551     
 -1.466931077864728E-002
  0.325259257962734     
  4.332602124653866E-002
  0.192284777193627     
  0.357692190573400     
  3.088209713160349E-002
 -8.571555534689093E-002
  0.161586379153282     
 -0.316766716981802     
  0.517626690599133     
  0.367723891059533     
 -0.818211432166924     
  5.990676218616861E-002
  0.418679080145627     
  0.498660881081434     
  0.294149561614643     
  9.040981799811726E-002
  0.450302631103257     
 -0.436759081536618     
  0.193400330400204     
  6.146498082663220E-002
  6.745335149196629E-003
  0.603451046053808     
  0.352765768728123     
 -0.187733704255213     
  0.707041792555297     
 -0.147461967877172     
  0.287305543645803     
 -0.150231120330180     
  8.633821706960979E-002
  0.432111325115631     
 -0.272372087347617     
  0.315839111775303     
 -0.119040434262380     
  0.688110592965334     
  0.162362985820215     
  0.100841830080609     
 -0.692045576016783     
  0.482775041822722     
  0.103307951918740     
  0.337251481800823     
 -5.382206052982283E-002
 -0.115382972809014     
  0.730414883678093     
 -0.238021461541842     
  0.389960035408009     
 -0.255703629560058     
 -1.033965747000976E-002
  0.310175390107459     
 -9.114323933345957E-003
  0.194619776238140     
 -1.775157101921693E-002
 -0.790737722303369     
  0.338462318985717     
  0.256928802943755     
 -0.325781481051139     
 -0.489200283479891     
 -0.293672513029502     
 -0.220124583635112     
  0.269779866091167     
  0.240977518394399     
  0.151437699852747     
  0.600791578779746     
  5.982925428414643E-002
  0.385687710030982     
 -0.308279109853163     
 -8.740982235577885E-002
  0.473291737696832     
 -0.242894910675434     
 -0.189452809780463     
  0.346203919621588     
 -0.625399782304523     
 -0.177501615715278     
  0.569631876521595     
  -1.12338913154708     
  0.813926288695578     
 -0.308801454731721     
  9.845922690357262E-002
  0.178513235161467     
 -0.252196208914561     
 -9.441192521502757E-002
  0.476297904757565     
  0.809352790765602     
  0.567940725592939     
 -0.707585279853940     
 -0.328570545450101     
 -0.380871989624077     
  0.750100639754311     
 -0.235812776926241     
   1.49224862576202     
  0.649064568727732     
  0.116468067313048     
 -0.195784433457986     
  0.823626631248598     
 -0.706986647467580     
 -0.229453893650048     
  0.371834458041388     
 -0.249173722085019     
  0.284597179473625     
 -0.683084780335737     
  6.063457402852185E-002
  0.341526269589690     
  0.344726269734466     
  0.390232613192445     
 -2.722493150722205E-002
 -0.340396327249939     
 -0.407902505401835     
 -0.130234070225031     
  0.154545707085542     
 -0.193566284092346     
  0.446167709100346     
  3.243272000808082E-002
  0.314838231712365     
  5.424105998396092E-002
  0.149531043774771     
  0.462808274538315     
 -0.180666754426610     
  4.359608724249749E-003
  0.142103607796537     
  7.927717935218907E-003
 -0.424611765502390     
 -0.392423655256224     
 -0.444958467606195     
 -0.375996974800295     
  0.110733675872359     
  0.325208636584362     
 -8.536358796824267E-002
  0.544462064435399     
 -0.505222609783037     
  9.787626854346389E-002
  0.276729789019851     
  0.180459183725601     
 -0.477542073141262     
  0.314062712918993     
  0.202654486015767     
  6.005372445208674E-003
 -0.246265800731006     
 -0.383621308446301     
 -0.142867243006851     
 -0.572878687388686     
  0.651596676808832     
 -3.305992249612837E-002
  0.285531225625625     
  0.198292886188164     
  9.594486246436791E-002
  0.121817325372589     
 -0.216338275492262     
 -0.310303886080054     
  4.622442109733386E-002
 -0.195934018319300     
 -0.511203256249000     
  0.613911417515729     
  9.355080825160933E-002
  6.288117980747807E-002
 -0.375264020277460     
 -1.273471303793129E-002
  2.640775119765779E-002
 -4.989210253585302E-005
 -0.242589977148110     
 -0.372672357447424     
  0.321904634342724     
  0.350387325696081     
  0.344559551299403     
 -0.172227486304235     
  6.921388527318516E-002
  0.531384306291286     
 -0.462659565976406     
  0.210984350310403     
 -0.457328362309658     
 -0.163380337736136     
  0.858812355336268     
 -0.143215500527239     
  4.679862435967715E-002
 -0.431951715601186     
 -0.450624681477409     
  0.628319602647726     
 -0.624226319413527     
 -0.397708022580677     
 -0.211441206400312     
  0.215402714020936     
 -7.225116367193445E-002
 -0.893886326526608     
 -0.452669567471834     
  0.134106583297006     
 -0.371267118113702     
  0.115850649087808     
 -0.401007763697206     
  0.284006203985878     
 -4.451758401642303E-002
  0.425374551615158     
  0.355648092357130     
  0.161389721935819     
 -0.299140164762800     
 -1.996915459435440E-002
  0.435996630627729     
 -0.153743488534232     
  0.135319194224966     
 -0.174806174869061     
 -9.089163504855093E-002
 -0.665932131659082     
  0.272287529390660     
  0.317485624047569     
  0.548350970660149     
 -0.323854602826870     
 -0.286404185230128     
  0.198721815883787     
 -5.601611943255602E-002
 -0.240097117972989     
 -0.286081519181446     
  0.155451727534265     
 -0.307310279394592     
  0.839552761823218     
  0.273061683411271     
 -1.746037833277480E-002
 -2.542174373346424E-002
 -0.179465704394853     
  6.588187303672056E-002
 -0.201711539516279     
  0.132828731320016     
 -0.244406262970466     
 -0.368718004858342     
 -0.414627381045330     
  0.277206397046319     
  0.279804250148574     
 -0.434473445698515     
 -0.452787821225671     
  0.205190509572984     
  0.303626311193355     
  0.168097199936584     
 -0.245892492759291     
 -2.855831427527836E-003
 -0.111408129938088     
 -0.160828244928371     
  8.356458814224495E-002
  0.610680042626209     
 -0.286867016486223     
 -0.227867088880801     
  0.275949161283394     
 -0.665912587107272     
 -0.195187490057920     
  0.175008560426077     
 -0.234952178251122     
  0.100903782361721     
  0.199537058484992     
 -0.200759996231181     
  9.135673029234573E-002
  0.511071057173099     
  0.403623114537616     
 -8.275483886577538E-002
  3.306921514973575E-003
  0.135315219751751     
  6.613603585347694E-002
  0.222282815177306     
 -0.287494656997888     
  0.375106134305301     
 -0.197001950033322     
  0.157084999990457     
  0.212297662956018     
  0.803569956142987     
  0.108660715009947     
 -0.308540096756894     
  0.172632876391390     
 -0.264575725109504     
 -0.108069227762330     
 -0.375229058625907     
  0.274163864670138     
 -0.383893231494919     
 -0.267610274047983     
 -0.223451885603299     
  0.282891699090702     
  2.034906880419044E-002
 -0.260849985026106     
  0.356317335253307     
 -0.478112163972908     
  0.318777180186194     
  -1.04115961927151     
 -0.449522908248776     
 -0.718863833058283     
 -0.161983188399870     
 -0.262495054322677     
  0.658859259675354     
 -0.569190461474436     
  2.582592225850448E-002
  0.461738342903333     
 -0.413998398848070     
  0.175564173702124     
 -0.114284729260796     
 -0.634562496916643     
 -0.140821005943644     
  0.503185329879628     
 -7.973984883430825E-002
  2.951855108614197E-004
  0.181652363102514     
 -0.366350524075209     
  0.246853293678090     
 -0.395009571156036     
 -0.363097112769890     
  5.546086929469443E-003
  0.304048489615142     
 -0.544030372188524     
  0.232939795257068     
 -0.196263369667082     
  1.871443133774971E-002
 -0.152985206206444     
 -0.305801328641687     
 -0.322011487389758     
 -9.502326321105180E-002
 -4.047402808264365E-002
  2.075426755174450E-002
  0.610286296744038     
 -0.153401571590724     
  0.219167542671434     
 -0.594911359645660     
 -0.117308461522817     
 -3.493669462792594E-002
  0.124814549038857     
 -0.118399648604127     
 -0.298191712007211     
 -0.105575288588654     
 -0.256064275379467     
 -0.363795336010402     
  0.416484995113715     
   1.13663208575858     
  0.313910281296453     
 -0.110749087479360     
 -0.188301744188194     
 -4.230037366149374E-002
  7.654138980654805E-002
 -0.350802767123989     
  0.433835715730078     
 -9.530960506333244E-002
  2.867692181781809E-002
 -0.134965396927684     
  0.262575982341700     
  8.081887999856260E-003
 -0.299079909287916     
  6.928429429347613E-002
 -0.663678080241013     
 -0.209850601054941     
 -0.115326209722731     
 -0.184443974067871     
 -0.190510186671198     
  0.100980495254585     
  0.241491930977675     
 -0.110878772730636     
 -0.287322247870218     
 -0.141904323689009     
 -7.637507850631323E-002
 -3.777782028650978E-002
 -8.430867903392368E-002
  0.260542784897024     
 -0.169184296581064     
 -0.101840116643248     
  0.106774767625812     
  0.177714932086663     
 -0.138454465496816     
 -0.461974238770035     
 -8.374324054175168E-002
 -0.204211973251426     
 -0.285884123591785     
 -9.515331892458603E-002
  8.197088451245397E-003
  5.056940905044142E-002
  0.238986637959199     
  0.831751706941953     
  9.359301191966429E-002
 -7.262687402184875E-002
  0.511042186832240     
  0.169669372819713     
 -5.134652569747087E-003
 -6.819546523335035E-002
  0.356017847117783     
 -0.248905729127580     
  4.287171044411005E-002
  0.139155637514830     
  0.186038440808564     
 -0.145712943274077     
  0.127645375419708     
 -0.167092851782897     
 -0.568300179134088     
  0.507702777575087     
  0.270714363337077     
  0.189950274081053     
 -0.233124923296502     
 -0.471092933844946     
  0.166113889524703     
  6.704800854686958E-002
  6.595467207303708E-002
 -0.338222404768587     
 -0.361013268347574     
  0.244214084209002     
 -0.206693537897936     
  7.022845698288957E-002
 -0.427693462884587     
  0.618596850859919     
  0.126074181988179     
 -0.171270356183852     
 -0.618939357943285     
 -1.362032515393545E-002
 -0.123903048557200     
 -0.248209944960097     
 -3.095277348538981E-002
  0.312676678382668     
 -0.154217344130744     
  0.273893351285387     
  0.337227563937543     
 -0.441577989408070     
 -0.332078194796932     
 -0.237597256517541     
 -0.130751057749527     
  0.479034936744410     
 -0.284613752657455     
 -0.370432721698577     
  0.657173877228022     
  0.756998861224359     
 -0.716401733899813     
  0.101553445238151     
 -0.254125288392015     
 -0.160006207252720     
 -5.441620030045420E-002
 -1.848562864072227E-002
 -0.188587051641033     
 -8.252253241981453E-002
 -0.691423848678849     
 -0.338398935730924     
 -0.635338292898094     
 -0.418704064874592     
 -9.687120423640144E-002
 -0.157794893594575     
  0.230616208961679     
  0.244053757182683     
  9.181194330560111E-002
  0.434369107236061     
 -6.796567981432031E-002
 -0.139209352058153     
  0.180113390686962     
  0.131269554093722     
 -0.117569623344558     
 -4.805218581978155E-002
 -0.201390643852385     
 -5.942157535430335E-002
  0.226208613870538     
  0.135702097502986     
 -0.111438908721820     
 -6.400865782888958E-002
 -0.221790728471686     
 -0.172277758103059     
 -7.617706422564803E-002
  0.245455344106488     
  0.113199858962992     
 -8.322470625009366E-002
  0.403721878441146     
 -0.340888392500671     
 -5.250615299774704E-002
 -0.108596361346511     
  0.251369980799868     
 -3.971180914655644E-004
  0.406329694512415     
  0.326623889268519     
 -9.652152740487913E-002
 -0.762755852649435     
  0.305717063503708     
  9.639658984692382E-003
  0.178661018469874     
  0.362161284996392     
 -0.342532887184944     
 -0.318871232753798     
  0.308552509212911     
 -6.635912408610931E-003
  0.120243158622445     
  3.431559770892656E-002
 -8.712821351196937E-002
 -0.431575886581263     
  0.538816016280295     
  0.418803746213526     
 -0.612949799872818     
  0.296000397277975     
 -0.150417773515812     
 -0.236476310791837     
  0.384566823915241     
  0.132016009503037     
 -0.158761113851011     
  0.168653024585921     
 -0.210552096482019     
  0.509242678266986     
 -0.382497287102141     
 -5.236950841399587E-002
 -8.259711139624662E-002
  1.136230971353517E-002
  0.425797630833254     
 -0.390282785283095     
  0.438572730752692     
 -8.209671599096194E-002
  0.614708451373800     
 -9.349462463636102E-002
 -0.274725415405688     
 -0.539562203827575     
 -0.195660133031108     
  0.560496348097125     
  0.294154429979006     
 -0.164577143264972     
  0.342126737431496     
 -0.637691536400907     
 -0.126028886486088     
 -0.549499287846058     
 -6.512604518950317E-002
  8.350931426628382E-002
  9.705489303067490E-002
  0.313458160433194     
 -5.550918200513053E-002
  0.137498634155505     
  5.019130926496835E-002
 -0.208891503712671     
  0.654923353965093     
   1.26428067950963     
 -0.114027187690003     
 -0.606098440734230     
 -0.632154867406730     
 -3.254847260862398E-002
 -1.755183187933825E-002
  0.317607338812412     
 -0.124613082856799     
 -0.128537158163374     
  0.165131884716363     
  0.261667872112725     
  0.213816171663354     
 -0.188925245513797     
 -0.159905807989350     
 -0.163371247888212     
  4.563030841782983E-002
  0.312021307505199     
  4.515777314837857E-002
 -0.173925899904215     
  0.506295893152755     
  0.119012519229199     
 -0.354937097860926     
 -0.211989280247961     
 -0.255038832044161     
 -0.533776900745330     
 -4.473746287791645E-002
 -0.147678576716288     
 -1.883008311628244E-002
  0.279388883649246     
 -0.620371351390369     
  0.316675143950161     
 -0.538683211109450     
 -0.276245220645682     
 -0.350240491516260     
  0.118123514287610     
 -1.229572070035776E-003
 -0.165473348985428     
  5.387116136874867E-002
  0.258404956361087     
 -0.266050756091712     
  0.230042973683602     
 -0.158665450611276     
  0.620169638924310     
  7.722119586220716E-002
  0.206698034511747     
 -0.453056175320049     
  0.941436453285834     
  0.413708234350869     
 -0.738321401667088     
  6.408395643450446E-002
 -0.153288851241145     
  0.437097864167139     
  0.357920599573318     
 -0.396111173432146     
  0.266951346309381     
 -0.415382956499777     
 -0.588306347061186     
 -0.343589344293485     
 -0.114528450397071     
  0.316799723408918     
 -0.350285647057450     
 -8.536427918716114E-002
  7.532209127153608E-002
  0.110880730922383     
 -0.277221772201482     
 -0.476107935128377     
 -0.507703080190648     
  0.484836029247904     
 -0.342560516995368     
  0.312334534711940     
  0.493156741589993     
  8.913571152866850E-002
 -0.879599512233978     
 -0.372656543062427     
 -0.150637854920606     
 -0.281937329355443     
  0.146855374520708     
  7.306041021048148E-003
  2.271766985280037E-002
  0.202673620292362     
  0.129934824959738     
 -0.321176818411868     
  0.261251301642854     
  0.241624539719948     
 -0.248092546221492     
 -1.921129861183768E-002
  0.250225293633079     
  0.156541911179830     
 -4.560626375499757E-002
 -0.333405995994894     
  0.361154221537355     
  0.222482875934391     
  0.132501407838868     
 -0.268487687647287     
 -0.799035519489398     
  0.171958823557787     
  0.137335900019960     
  0.144760401858319     
 -0.292149142784737     
 -7.903167419057194E-002
 -0.252096413170268     
 -0.121403375071740     
 -0.268077173858867     
  7.160475737634009E-003
 -0.503856721942086     
 -0.148852721084673     
 -9.886820913910174E-002
 -0.136416431348255     
  0.305322701660827     
  0.139635831839137     
  0.108343992883803     
  0.236785323763764     
 -9.819307453553600E-002
 -0.309327270556593     
 -0.289809517273111     
  0.284262119957427     
 -0.208592322541065     
 -1.980055879131647E-003
 -0.398515113958517     
  0.338892268138310     
  0.347805976167522     
  1.442110632115257E-002
 -0.120900670345751     
  0.358734062477939     
 -0.213721832386212     
 -0.191518232284355     
  0.222983959840618     
  0.559783275986111     
  4.758568870228987E-002
 -0.157225124311385     
  7.490290582504111E-003
  0.186910235975951     
 -0.164157063974423     
 -4.998662241622107E-002
 -0.107756532126138     
  0.181623796628720     
  2.467512127716809E-002
 -0.160690905262849     
  0.945456717547327     
 -0.477318312067235     
  0.360255157521256     
  0.470512555829237     
 -0.148283874363296     
  0.170579172968854     
  0.137639560479545     
  0.238464488893404     
 -0.358171486636806     
 -0.164670822563193     
 -0.165050510064207     
  0.162270452061946     
 -0.519319214773213     
  0.237778605755925     
  0.508144319762757     
  0.367620108966792     
  6.184850129543980E-002
 -0.234180417244467     
  0.224545795445922     
 -0.125136738975881     
 -0.495505561516661     
 -0.259439435355359     
  0.158754035390436     
 -0.165058718219940     
 -1.272851558282843E-002
  0.103927998963014     
  7.345856794168870E-002
  0.221001455750497     
 -0.247905826944495     
  0.357154054951949     
  0.487113196734788     
  0.249384358521182     
 -0.270666938427305     
  0.585568029748702     
  0.805423344484038     
 -0.297731465071238     
 -0.213261037013387     
  3.407766922001904E-002
  0.263092730948456     
 -8.287980116734674E-002
  0.145033890386215     
  0.457236310870798     
 -0.180523875154717     
  1.274404427955292E-002
  0.251093230830841     
 -0.698660791844169     
 -0.336132768243699     
  0.140270014146941     
 -0.602848949335081     
  1.855256516092602E-002
  0.161813853277462     
 -6.836307751499887E-002
  1.245564210030514E-002
 -0.629984454283788     
 -7.546941002993954E-003
 -0.247033492497721     
  5.437164428208244E-002
  6.102793799496788E-002
 -0.392030664946406     
  4.535672630566658E-002
 -0.485291572041293     
  0.203994229715352     
 -8.507075341730935E-002
 -0.476229101968966     
   1.07910953582939     
  0.701871535960064     
  0.522773387539651     
 -0.758395713820453     
 -0.287061487517436     
  0.437973175673054     
  0.150050000524797     
  7.253464321997871E-002
 -0.307059285099573     
 -0.207972457137192     
  0.582621102327137     
  0.290764758289091     
  0.133539183306663     
 -6.848280866034383E-002
 -0.440763939735987     
  0.218007084482195     
 -3.055438601224893E-002
 -0.602095763723418     
 -3.887259545286116E-002
  0.734155049173233     
  0.200052753083671     
 -0.428932481517714     
  0.431036781144030     
 -0.684852275030581     
  0.219458241522300     
  0.503041104820025     
 -0.845565629559319     
  0.105086370111326     
  0.362838630776470     
 -0.438879556635697     
 -1.907646977896174E-003
 -7.977794813479193E-002
  0.140852034552025     
 -0.306307758211685     
 -0.158361245024255     
  0.195253283895130     
  8.549703409988169E-002
  0.180008134432911     
  0.141986504429074     
  0.141967606719417     
 -0.352403602774952     
 -0.207132984708864     
  0.264439573222608     
 -0.183837455780050     
 -0.149602126644082     
  0.190199633186182     
  0.299905584315319     
  0.736297682471055     
 -0.345148768019100     
 -0.830425782101848     
 -0.108593922738653     
  0.369176455016846     
 -0.510023350264277     
  0.143203433991177     
 -1.859335448834980E-003
 -0.596528157449171     
  0.100752872949298     
  0.129111280795348     
  2.577146783291146E-002
 -4.268427458448291E-002
 -0.149781568181085     
  1.115231906116443E-002
 -0.397244497472554     
 -3.082473142371064E-002
  6.240666181186507E-003
 -1.382872317651796E-002
 -0.381345735078693     
 -0.939124483795915     
 -0.736060637838000     
 -0.146248924120442     
  8.203672464799361E-002
  0.153069924697707     
 -0.567289702655148     
 -4.313383370618605E-002
  0.518692008976273     
  0.114397327659657     
  8.931740548875231E-002
  0.292972351474643     
  4.011082584827375E-002
  0.156844307519439     
 -0.428187430422283     
 -0.305208910773147     
 -8.630869693447724E-002
  0.467668958152689     
  1.466693734470547E-002
 -0.386421358130321     
 -0.351686312081069     
  0.423621507334896     
 -0.319663315274722     
  0.538578195264336     
 -8.674422190507214E-002
  0.567736952497161     
  0.361215689040543     
  0.113087987341414     
 -0.187681398308295     
  9.577535729509897E-003
  7.804296713357409E-002
 -9.591914317502034E-002
 -0.670572238402574     
  0.135334191566388     
 -0.201859373501335     
  0.106877123391953     
 -0.307755196653074     
 -0.257517942549914     
  0.248033433240895     
  3.497306728741375E-002
 -0.521094759388956     
 -3.481580040394561E-002
 -0.317681285881145     
  0.411956067094148     
  0.147305709534387     
  0.147958007923604     
  0.253149991385783     
  2.996607182668188E-002
  2.746487638226202E-002
  0.190132029210017     
 -0.659727584958940     
 -0.339016698844956     
 -7.513095631489897E-002
 -0.643657446077922     
 -6.322724301358057E-002
 -0.289865710136246     
  0.255148984272612     
  0.118452047412775     
 -0.145330320774253     
  0.209874248635040     
 -1.907376614158958E-002
  4.326607024275175E-003
 -0.501151458048657     
 -0.199884131228157     
 -3.341157079610349E-002
  0.239433708008041     
  0.130575375786008     
  0.132003797215148     
 
 -0.188263697514365     
 -1.799193401669676E-002
  0.251901168126357     
 -9.922131432206256E-002
 -0.458034281747858     
 -4.296543770019989E-002
 -0.224530773243570     
  0.459755563971541     
 -0.261976139395214     
  8.166558763507746E-003
 -0.314045333473552     
 -1.359096692064838E-002
  2.768809894623388E-002
  0.641729766827708     
  0.207431451175033     
 -0.102207196844154     
 -0.144675863963464     
 -0.182872204256508     
 -0.344535338967465     
  0.745066182967821     
  0.186433578267052     
 -0.571449117832277     
 -0.304637934011062     
 -0.231395835510529     
 -0.342694806264655     
  0.297897585461545     
 -0.228039943198436     
  3.938657054161333E-002
 -0.172881532816547     
  0.167831132793927     
 
 -0.265125786680019     
   1.45468325137464     
 -0.598947852372743     
  0.433999983309163     
   2.06063346194009     
  0.628682767530911     
   1.98725274618085     
 -0.484640638256640     
  -1.24148707354223     
  0.653764099656400     
 -0.588572918596148     
  -1.81147709298182     
  -3.69962309928343     
  -3.08231752577871     
  0.895195125189948     
  -1.23679478829416     
 -4.911711833247073E-002
  0.237668827726275     
  0.217328613666829     
   2.34121409874671     
  -1.77636240178678     
  -3.71030729312471     
  0.480759355457203     
 -0.910071406504238     
  -1.40272485239901     
  -1.37217145321537     
  -1.15737061309235     
  -1.19317829180624     
 -0.772186021623705     
  -1.22474200388287     
 
 -3.939104761904762E-004
 
  tansig  tansig 
