 0.117137001032370414E+01
-0.121165874630832726E+01
 0.333560474505146765E+01
 0.517233375677804030E+00
 0.288326178966569258E+00
-0.829278405840453869E+00
 0.245266271358819576E+01
 0.609923142990330791E+00
 0.432081460118454830E+00
 0.366866361076995662E+00
 0.421960079096303786E+00
 0.637635341350491075E-01
 0.492593169459331973E-01
 0.123501447917447438E+01
-0.787762373699221086E+00
 0.111144367755764806E+00
 0.105621432395192061E+00
 0.327762951404165004E+00
 0.104552266870708754E+01
-0.216334276661523051E+00
-0.220483291320961727E+00
-0.168977312797511936E+01
 0.110628132723138273E+01
 0.386428185134126967E+00
 0.471408785668435693E+00
-0.534846977829327885E+00
 0.417875207949119976E+00
 0.111564398553006573E-01
 0.165820029811824636E-01
 0.439038096467713856E+01
 0.496414939820634604E+01
-0.518103310170549225E+00
-0.895404373219423233E+00
 0.175255540141699284E+01
 0.489676246282136951E+01
 0.637848061739332284E+00
 0.138582908114806047E+01
 0.101495179709113703E+02
 0.143726614287198693E+02
 0.168196803416757912E+01
 0.463397532322652062E+01
 0.263980701249313690E+02
 0.231536866105539012E+02
 0.239413798113812337E+01
 0.494767503046083579E+00
 0.138808555485140794E+01
-0.172049094027936245E+01
-0.191103725470739477E+00
-0.100838877321777529E+00
 0.660586057766494816E+00
 0.248097727752456310E+00
 0.425999309102619683E+00
 0.253447717168603925E+00
 0.256140569283044683E+00
 0.387475281934415605E+00
 0.243095463255815249E-02
 0.147788445605766304E-02
 0.482169687887810894E+00
-0.163204434621280259E+00
-0.890512773539583330E-02
-0.723773888474857959E-02
 0.746841777115111127E+00
-0.536934511096356815E+00
 0.125883878495042859E-01
 0.129239346312057714E-01
 0.750881006873604928E+00
 0.262964308301716687E+00
 0.881078009802568479E-01
 0.105353701967853625E+00
 0.101158539683689130E+01
-0.984778309688642967E-01
 0.111061920012351184E+00
 0.145330182454644435E+00
-0.874795218754076509E+00
 0.910310092390741010E+00
 0.181887805084978788E+00
 0.288065531096730387E+00
 0.183389344203305615E+01
 0.192254714938883153E+01
-0.387864920703905880E+00
-0.749307638735591697E+00
 0.363710640352746850E+01
 0.242403540248343941E+01
 0.728617087859067425E+00
 0.180902971218426223E+01
 0.846980095372681241E+01
-0.379969298073911954E+01
 0.123522616376087871E+00
 0.472186243839373895E-01
 0.112626810770082408E+01
-0.121300400207775727E+01
-0.288668976592673765E+00
-0.134204975929236608E+00
 0.644441466177633426E+00
 0.956094852444356186E-01
-0.250960381363018625E+00
-0.139332477533079091E+00
 0.214995108684993330E+00
 0.254836253126443202E+00
 0.115962528120349975E+00
 0.693774652611788972E-01
 0.168315788903503488E+00
 0.118250877937565821E+00
-0.112524907294581492E+00
-0.874926266849402473E-01
-0.208499331777127900E+00
 0.659928156790699771E-01
 0.135710935988364052E-01
 0.126514469198406934E-01
 0.191536699311376235E+00
 0.194229529434144149E+00
-0.278883156154485085E-01
-0.293600917308862071E-01
 0.387181369276614673E+00
 0.302581131751149701E+00
 0.404164733720068711E-01
 0.462774029731511244E-01
 0.249178576107954713E+00
 0.359623772909285211E+00
 0.653889214445556033E-01
 0.955904399746243943E-01
-0.269475460698563374E+00
 0.630218768137166374E+00
-0.125277060868231732E+00
-0.225887798024984932E+00
 0.126352812669212100E+01
 0.860296657354840399E+00
-0.158887990713657917E+00
-0.368746531841861125E+00
 0.274882964685849984E+01
 0.201228285099498772E+01
 0.000000000000000000E+00
