 0.101161019843904842E+01
 0.198996819438483796E+01
-0.191060883049414953E+01
 0.222638439201333060E+01
 0.124107401967014819E+01
 0.106960816295072547E+01
 0.258367621464550334E+00
 0.171874926398782824E+00
 0.121759552838144006E+00
 0.105854678697930815E+01
 0.100721853651065874E+01
 0.125022509772436202E+00
 0.965837844121518047E-01
 0.143510335272163769E+01
-0.486072431624097606E-01
 0.277883096733942903E+00
 0.264074656305995581E+00
 0.126166580092678093E+01
-0.581845438343713828E-01
 0.941891820891088555E-01
 0.959956101007904544E-01
 0.123907229436218658E+01
 0.928258703891609582E+00
-0.342316706822369532E-01
-0.417596617651324192E-01
 0.754985338486167334E+00
 0.697575219670326541E+00
 0.792431440310532476E+00
 0.117780409127279317E+01
 0.901759221908606023E+00
 0.862709169197423242E+00
 0.763010760346323424E+00
 0.131866204715557322E+01
 0.217001881658468987E+01
 0.204043042719883783E+01
 0.160356644670339121E+01
 0.348400998403125950E+01
 0.376620501802404517E+01
 0.214049451963034354E+01
 0.462225855060574276E+01
 0.127347438393384600E+02
 0.110932638091944131E+02
 0.329662647449094326E+01
 0.105559161446066474E+01
 0.218146335523573209E+00
 0.294663437374894110E+01
 0.192051371504938628E+01
 0.452658725987357055E-01
 0.238852474623579003E-01
 0.941939160877460102E+00
 0.150750757761461474E+01
 0.365068487879954438E-02
 0.217197006864346641E-02
 0.114747519702187817E+01
-0.579255721855368721E-01
 0.634500261038491664E+00
 0.385740671830857251E+00
 0.515198997268023096E+00
 0.447859767678476128E+00
 0.273025968882806336E+00
 0.221904809256664309E+00
 0.915221914132344549E+00
-0.734517483311731695E-01
 0.333560739539235818E+00
 0.342451888588060693E+00
 0.502837884699532722E+00
 0.300594932460397035E+00
 0.198668009971353615E+00
 0.237554564751407626E+00
 0.763718241766817796E+00
-0.362736258191223904E+00
 0.408101770608092829E+00
 0.534021965187903902E+00
 0.835438549334521635E-01
 0.597457730370056894E+00
 0.348694473388808435E+00
 0.552246252135004889E+00
-0.987455587273277868E+00
 0.155973256262933635E+01
 0.936132125256189052E+00
 0.180849289244110412E+01
 0.110330771556946483E+01
 0.112080119454908611E+01
 0.147162150910113487E+01
 0.365378067494394587E+01
 0.495077425373878022E+01
-0.248148493040118456E+01
 0.214730023786528701E+01
 0.820842096337982774E+00
 0.879520734877452637E+00
 0.863629940222765069E+00
 0.859670210324117307E-01
 0.399668926136200614E-01
 0.835397236627767770E+00
-0.701428617632930185E+00
-0.253692346227657635E-01
-0.140849256520487690E-01
 0.301264321377261945E+00
 0.527468018531511706E+00
 0.166498795562165236E+00
 0.996120435831990281E-01
 0.287745622241825483E+00
 0.230314612980749123E+00
 0.322175809492035725E-01
 0.250504608308728359E-01
 0.351848294866924816E+00
 0.115386167535700107E+00
 0.492030038231596051E-01
 0.458687567536042243E-01
 0.235316503493095436E+00
-0.206116097603886522E+00
 0.117731586759015211E+00
 0.123944745696750278E+00
 0.647867607155796638E-01
 0.259649349488116743E+00
 0.857137401895003564E-01
 0.981433797693201659E-01
 0.138124196645659586E+00
 0.229433692820484425E+00
 0.672191067826045652E-01
 0.982659424578324753E-01
-0.112731079326314043E+00
 0.526082437449270857E+00
 0.264071815481367655E+00
 0.476149428364125216E+00
 0.341619551779962338E+00
 0.473098747831925626E+00
 0.398576598143012273E+00
 0.925014770332350800E+00
 0.746310460665237652E+00
 0.768776965435860937E+00
 0.000000000000000000E+00
