 0.859625438317542789E+00
 0.228308419829742126E+01
-0.128148373455163256E+01
 0.668931305779010499E+00
 0.372888557575455193E+00
 0.144366947452811578E+01
 0.290304288790903031E+00
 0.171122690897447305E+00
 0.121226654525454225E+00
 0.438830412519930074E-01
 0.142651204933063402E+01
 0.551519037564723535E+00
 0.426065641461732203E+00
 0.650131501978371329E+00
 0.817925646575525800E+00
-0.409239272603772672E-01
-0.388903540841231687E-01
 0.135663693845510025E+01
 0.130578981819255480E+00
 0.577088806308304947E+00
 0.588156631315607581E+00
 0.143459545492883561E+00
 0.555504508043286993E+00
 0.248719776209042120E+00
 0.303416500620246665E+00
 0.399640573584222225E+00
 0.107152332718162113E+01
 0.644796193093259418E+00
 0.958371356346938374E+00
 0.845383182475292982E+00
 0.722545610711931574E+00
 0.771982141624087514E+00
 0.133416670399184101E+01
 0.101471712482223930E+01
 0.174167488240637902E+01
 0.704926641863831582E+00
 0.153156825107696570E+01
 0.421446538552523986E+01
 0.222944126651916630E+01
 0.329326940133319646E+01
 0.907325753433107174E+01
 0.930144839482620256E+01
 0.408851654012131327E+01
-0.222510904129436859E+00
-0.459836339024674370E-01
 0.214508271182902854E+01
 0.165286201662908194E+01
-0.281198499062930207E+00
-0.148378797327090500E+00
 0.734161211137365433E+00
 0.188993084225938057E+01
 0.114301706944109294E+00
 0.680036471291101396E-01
 0.928378736943121896E+00
-0.432352000767653954E+00
 0.426674199639697438E+00
 0.259394049976483299E+00
 0.455372273078466672E+00
 0.188700360175302811E+00
 0.110177495973559941E+00
 0.895479515316148222E-01
 0.737293745527713318E+00
-0.106842367933681071E+00
 0.101248880122910695E+00
 0.103947695593349196E+00
 0.783024110352845470E+00
 0.164588872579203405E+00
 0.237989061364237725E+00
 0.284572175943824557E+00
 0.844790142094377638E-01
 0.512959996502313831E+00
 0.283756272020314226E+00
 0.371309543187942959E+00
 0.812112685660591138E+00
 0.256037499145739915E-01
 0.428266003649729554E+00
 0.678267978077998213E+00
 0.129937768830098638E+00
 0.113385196731863092E+01
 0.613943517979597009E+00
 0.118606386713043488E+01
 0.278508428687816867E+01
 0.177222581234776688E+00
 0.150143744640752996E+01
 0.372780847004051763E+01
 0.129540280978771571E+00
 0.167934670416209753E+01
 0.911544771014666799E+00
 0.348453517375592436E+00
 0.785283725356633822E+00
 0.202875541831605855E+01
 0.244010535800659040E+00
 0.113442838472441118E+00
 0.833606993449473310E+00
 0.626877232135415186E-01
 0.143273311238364190E-01
 0.795449278120634318E-02
 0.262752418620220252E+00
 0.559984862014165530E+00
 0.170420618567955290E+00
 0.101958371692416436E+00
-0.228211238924846571E+00
 0.365268741145687525E+00
 0.127371560529070671E+00
 0.990364947955383046E-01
 0.273430737296629089E+00
 0.736258792102325310E-01
 0.135155015347592500E+00
 0.125996220582173968E+00
 0.126350149256577171E+00
 0.953992699898271040E-01
 0.111848538861629571E+00
 0.117751226220487643E+00
 0.123470043799591284E+00
-0.104941370774154621E+00
 0.112244485868103497E+00
 0.128521438677282246E+00
 0.137526638212080665E+00
 0.178467560061552621E+00
 0.133921220415725517E+00
 0.195776105472737327E+00
 0.146406021378628876E+00
 0.153263756604929663E+00
 0.236968718033649106E+00
 0.427279675516385515E+00
 0.174069805856182286E+00
 0.373464568978239542E+00
 0.337422706329258082E+00
 0.783089094177294331E+00
 0.690588245175832505E+00
 0.121134591017503745E+01
 0.000000000000000000E+00
