     33 -    30 -    30 -     1 
rmse=  24.6991meV
 -0.503871317638691     
  7.468886359817659E-002
  0.334380367139395     
 -0.432010535849956     
 -0.106154993093634     
 -0.395816105444081     
   1.03789957572929     
  0.410766464049518     
  0.646855324968783     
 -0.561764958495423     
  0.209654262993956     
  0.190360061813626     
 -0.611747924846260     
  0.568608217504621     
 -0.250437563896082     
 -0.362630265885397     
 -0.897723062287472     
  0.894902204557147     
  -1.02651754334778     
 -0.300317439896215     
  0.170394019266633     
 -0.108170461872807     
 -0.155279446551257     
  0.486847155287620     
  0.707523290894639     
 -0.147749362043944     
 -3.807425199294663E-002
  6.563107577556929E-002
 -0.698734024467537     
 -0.657639927656182     
  0.105109594496032     
 -5.114642469050330E-002
  0.210570531749296     
  0.756689926927128     
  0.233575705016638     
 -0.445178318507642     
 -0.301036250449863     
 -0.245602150827767     
 -0.384563749298161     
 -0.378478224268259     
  0.123795438835162     
 -0.382229852934077     
  0.185807260561404     
 -1.982126997472181E-002
  0.136881689619958     
  1.276593204709160E-002
  3.147237169916003E-002
 -0.135452580558802     
 -0.524953615880367     
  0.786003172164648     
 -0.350462988393148     
 -0.388314092127530     
 -0.330645078900804     
  0.133897210007018     
  4.437419496202012E-002
 -0.272559440017194     
 -3.904331823388429E-002
  1.687609427014737E-002
  0.536411594162839     
  0.345621481208044     
 -0.745655899890155     
  0.734078234829956     
  0.804332028461080     
 -0.449350824650295     
  0.226920926254073     
 -0.136962935128624     
  0.110342453160533     
  0.655058351876003     
  7.497938982294572E-002
  0.906229305919388     
 -0.588364669071616     
 -0.411317504518692     
  0.314695442660657     
  0.652928614342183     
  0.259824598952233     
 -0.645309798900161     
  0.157605999399968     
 -0.250618183167723     
  0.166958990079200     
 -0.977828391464558     
  0.832339275980452     
  0.744876323769336     
 -0.345735074689908     
 -0.272871591337070     
  0.546258357640215     
  0.544629707162226     
 -0.296642921552182     
 -0.311676674499391     
  0.119821638061929     
 -0.532273831209919     
  0.466729034629097     
  0.115329418644412     
  3.506571948778935E-002
   1.08968211470952     
 -0.277141826036953     
 -0.226431465758110     
 -0.112671814916272     
  0.260512682581812     
 -6.758163976257479E-002
 -2.508150576750267E-002
 -0.122586449478186     
  2.167700218701234E-002
  0.377530033483269     
  0.253140282817644     
  0.202575049514221     
 -0.594843000383325     
  0.527217769299733     
  9.529033653084101E-002
 -0.319465034745640     
  0.382501721872746     
  5.108222103302984E-002
 -0.487247775768649     
 -0.747639352076010     
  0.492618375863277     
 -0.385834709205474     
  2.333012791778713E-002
  4.492963244969426E-002
 -0.109617673209331     
 -0.114431133619594     
  0.288908955782302     
 -3.163799350853880E-002
 -0.301067796629464     
  7.639645857755469E-002
 -0.395952829312163     
 -0.542248336543285     
  0.195251470833815     
 -0.459705105560339     
 -5.013730892329903E-002
 -0.270752295628573     
  0.319365290294949     
 -0.206791385417170     
 -6.758128985002469E-002
  0.125144923848366     
  0.243433693221058     
  0.405405366748430     
 -0.394784368837920     
  0.524306320259952     
  0.374216015540707     
  0.105982147683650     
 -7.180670281843139E-002
  1.782681537650018E-002
 -0.163435251961492     
  0.114896655780709     
 -0.108080779498312     
  0.295236566219406     
 -0.193265072129595     
  0.133619776004957     
  0.480068608857071     
 -0.759191696829040     
  0.538549204088148     
 -0.412554182147411     
 -0.208743478483916     
  8.671649336970400E-003
  2.514460446007707E-002
 -0.233679186164142     
 -0.542980891650654     
  0.415731043149827     
 -0.134338909020744     
 -0.560199092046356     
 -7.048446957269727E-002
  5.041872481534562E-002
 -0.223965159217751     
  0.228611655596197     
  6.447352487264648E-003
 -0.106776213117434     
  -1.18911927140412     
  9.451457658758012E-003
 -0.212108775651533     
  0.809990057575543     
 -0.952708166439134     
 -7.527753327009165E-002
  0.354878758416290     
 -0.143912977660788     
 -9.162803517772775E-002
 -6.337939880179170E-003
  0.303208572377218     
  0.911580395492829     
 -0.871055531618450     
  0.463846405787959     
 -2.693814921991438E-002
  0.891254810022210     
  0.228811066149576     
 -0.427725407584484     
  0.578924759242332     
  0.664082115574717     
 -4.271764867307218E-002
 -0.660168524636766     
 -0.688333020390154     
  0.784067016350030     
  0.575609361128507     
  1.584138778329077E-002
 -0.128072101159446     
   1.31153992218002     
  0.339819187986272     
  0.415180852255350     
 -0.821154712877203     
  0.143145924878973     
  4.775940408149461E-002
 -0.305065177483056     
  0.116216437127133     
  9.766462455015220E-003
 -0.113602025823922     
  0.177573084274894     
  0.143406797732613     
  0.371785670501806     
 -0.853070465375299     
 -4.307284501029083E-003
  9.395809418719639E-003
  0.174487565228533     
  0.236375538497018     
 -0.848311171034964     
  4.245044862218082E-002
  0.203782716853371     
 -5.667287781192488E-002
 -0.316321885015659     
 -0.205706434643033     
  8.910759866598421E-002
  0.250831857666729     
 -0.129734464223261     
 -0.217876878317917     
 -0.114854581920901     
  0.242843112196158     
 -0.264705753743611     
 -0.124764087368114     
 -5.838773684027107E-002
 -0.235637103113006     
 -2.675979440484320E-002
  1.091232711046283E-002
  0.154366990570509     
 -0.170862894617386     
  0.177737237332964     
  1.472975279047553E-002
  0.389817668112044     
  0.498643963571648     
 -0.127896421798942     
  0.708414887116007     
  0.175132868676432     
 -0.426217029854215     
 -0.234461472236571     
  0.258554919678753     
  0.162851103721708     
 -0.201898373403663     
 -2.276444302820289E-002
 -0.504724430129415     
  0.509162289185884     
 -0.355413740900167     
 -5.792402161443702E-002
  0.687027986432104     
  0.392283911062663     
  0.308966940313849     
 -0.730825469517980     
  0.453552075904715     
  0.257986641337034     
  0.201862905883284     
 -0.650766493277297     
  0.489353180863147     
 -0.482120204134010     
  6.805587770589424E-003
 -0.551210141676919     
 -0.882927761380776     
 -0.365149278007940     
 -1.631704800590212E-002
 -0.123022456459713     
  8.056074741164365E-002
 -4.729987340180235E-002
  0.625753219872167     
 -0.205046932701670     
 -0.304451543334782     
 -0.175615317945418     
   1.06465992455995     
  0.171594047075975     
  0.527744057044525     
  0.163092883061029     
  0.452875541555509     
  0.252217142545561     
   1.25204578969476     
  0.361570866940799     
 -0.115567581633730     
 -6.009134004382918E-002
 -0.789592679611494     
 -0.515122929890912     
 -0.144736316144168     
 -0.307245210340269     
 -0.609551662446772     
 -0.437035924819505     
  3.799348485418451E-002
 -0.516331349024522     
 -0.206856183756274     
 -1.582371462546527E-002
 -0.250159851128950     
  0.844962238162163     
 -0.499927690076534     
  0.253574328165837     
  0.130775033666703     
 -3.321948076936329E-002
  6.919737859356984E-002
 -1.538910863766131E-002
  0.850571868372174     
  -1.08155837212053     
 -0.397518473769094     
 -0.704466025953090     
   1.14601103771195     
  -1.30430466220137     
  0.263414564617476     
  0.470572821134009     
  0.219069244192165     
 -7.921735513503808E-002
  3.653017778317723E-002
 -0.263069155280098     
  0.612324046012558     
  0.616205608742439     
  -1.15895081417848     
  0.992647388273048     
  0.584952196767869     
 -0.439613878667464     
 -0.377679478427231     
 -0.536649823827585     
  0.371048959863629     
 -0.297228289831610     
   1.50772958231564     
  0.559384163856644     
 -0.149948875139631     
  0.210320813114317     
  0.522952431087379     
  -1.26337432996978     
  0.387737352801242     
  0.304521716570791     
 -0.318527299765158     
  5.016020341619557E-002
 -8.602519119127694E-002
  0.637266347210725     
  0.813277908677695     
 -0.553671411198210     
 -0.420070844434042     
 -0.218793501936317     
 -0.186174085115124     
 -0.140743683437189     
 -0.203684114648958     
  0.339486426918968     
 -0.730543271974143     
 -0.193402559390226     
  -1.90568283054064     
  0.525163560407961     
  0.883905502315968     
  6.388880226728132E-002
  0.333740381019014     
 -0.724284587733372     
  0.200096242976801     
   1.08135894163554     
 -0.400750831531175     
 -0.259153220759587     
 -0.319848633089658     
  0.674286189605613     
  0.629643757350763     
 -0.890269859562073     
   1.00982584030795     
 -7.005778997283876E-002
  0.685920735866844     
  0.626695859696265     
  0.290406925794094     
 -0.180164519228095     
  0.295254664904040     
  0.277120281411577     
 -0.115649169574409     
 -3.973152469065979E-002
  0.556889914915955     
 -0.342123519488561     
 -0.858110358277855     
 -0.480327998690944     
 -0.472746383249185     
  0.417615985136936     
  3.125978476163315E-002
  0.245180524775934     
 -0.230217790760567     
 -0.288781552551239     
  0.430863633247535     
  0.323592674746677     
 -5.769039295906673E-003
  5.485770791897755E-002
  0.478041184270761     
 -0.132589514536616     
 -0.263363381248216     
  2.690768434941955E-002
  0.168158471082627     
 -7.853652245293259E-002
  5.713902184307125E-003
 -0.142631960312680     
  0.354204717432731     
  0.251958289332549     
  0.451998361516175     
  8.697369075956050E-002
 -8.907642686106845E-002
 -7.607023536398069E-002
 -5.754670036670891E-002
 -0.161696613184350     
  0.213655420797560     
 -0.156478481495436     
  0.273530890720013     
  0.474626761571763     
 -0.246461209766217     
  0.707066851379098     
  0.635828091102653     
 -0.192667172261659     
 -0.511517215774009     
  0.242621494917131     
 -0.369409707652807     
  0.299217478614985     
  0.247908926085845     
 -0.495102111060287     
  0.117843673753990     
 -0.104362112776786     
 -1.919603122831778E-002
  0.188466361563310     
  0.105506891522912     
  0.126059782384606     
 -0.170061741530602     
  0.146328106154621     
 -0.152295355685895     
 -0.288374285682162     
 -0.275218471788592     
  0.399505657024573     
 -0.489654324943525     
 -0.500635700184755     
 -0.193072051100466     
 -0.114589254465423     
 -0.212446708722401     
  0.102667863623918     
 -7.626443908204897E-002
 -1.287042725123741E-002
  0.824466449833562     
  0.469561629941198     
 -0.457465112376104     
  0.298769589888387     
 -0.373973769308040     
  -1.49264217611932     
  0.657376555979872     
  0.212865849261312     
 -0.197747578191753     
  0.390286929593810     
 -0.164452240893965     
  -1.88100368615700     
   2.64210499489410     
 -0.454635428076977     
 -0.401288286173975     
   1.70800386427368     
  1.613634153709598E-002
  0.105713463717964     
  0.587591240356451     
  6.773695879243495E-002
 -2.012421641355872E-002
 -0.210695603843764     
 -0.134981706249602     
 -0.192426424533243     
 -0.481950852794547     
  0.290163651549373     
  0.691404339090811     
  0.514690774352975     
  0.341009164703962     
  0.293322617077405     
 -0.642589312539739     
  0.354843824731047     
 -0.331906288885821     
 -0.643695307089950     
  0.182558658802155     
  1.921674473599672E-002
 -1.656241419932196E-002
  9.369208714941801E-002
 -0.731010526668121     
  0.413353219147915     
  0.254396955776808     
 -0.173555378696192     
 -7.252495966191679E-002
 -0.121690610452923     
 -0.100162825190859     
  1.967319509848921E-002
  6.364937883331022E-002
  0.715888250894191     
  0.156670014048679     
 -0.340926160247424     
 -0.331515181121945     
  0.329853061478965     
  1.153177974287291E-002
 -0.476661653494170     
 -9.125839812849278E-002
 -0.818302261669633     
 -9.914612200819459E-002
  0.352295625566280     
 -0.134951461734341     
  0.349808727954961     
  0.971886624473627     
  0.292396477963061     
  0.445259460628435     
 -0.279528781348789     
  0.402476849985350     
 -0.173128457169436     
  0.217491518770427     
 -0.582509586747755     
  8.476728929458056E-002
  0.171601737680217     
  0.605941058781777     
 -6.738216216960501E-002
  0.621002435373610     
 -0.737984430814734     
 -0.232571293287286     
  0.140116538745468     
  0.135811989519756     
 -0.150446698183514     
 -1.580157998363784E-002
  0.453716315707747     
 -0.360407703906830     
  0.305148109794821     
 -9.543657753181511E-002
  0.276012239200298     
  0.170849282720127     
 -0.300286394534939     
  0.151528448098112     
 -0.356765689480063     
 -0.513938170028500     
  0.107145983207642     
 -0.245214467294993     
 -0.406868934747441     
 -0.205276292255220     
  0.352893951308731     
  0.138825397785521     
  0.264066567468790     
 -1.518592945860664E-002
 -7.234604791344287E-002
 -6.935642248739623E-003
 -0.275572979783792     
  0.573804273375898     
  0.285408089245409     
 -2.402881761279149E-002
 -0.992289014082727     
  0.222683201790466     
  0.772040877358884     
 -0.496593161081978     
 -7.572326357780183E-002
  0.384560490833712     
 -0.368036414528982     
  0.811637336070230     
 -0.305983050345993     
 -0.390343077655280     
  0.245773543856487     
  0.215801784461974     
  0.250238814496596     
 -0.724889600541438     
  0.462396094346337     
  0.197016954021175     
  0.373851930515515     
  0.271181121003848     
  5.596836536464384E-002
 -0.450453559706843     
  0.583476152718855     
 -0.163637482461460     
 -0.451695820064473     
  0.365841246332826     
 -0.291702617599875     
  0.124691297976984     
 -8.288302556376061E-003
 -0.374256871850946     
  0.276253315366955     
 -6.217029388266970E-002
 -0.147125299875597     
  0.138124792955012     
  0.963528023695211     
 -2.442799454224150E-002
  0.643434116669892     
 -0.681805693746655     
 -0.962279369667532     
 -2.413954414074781E-002
 -0.338927311967528     
  0.221857270165435     
 -5.813584938698697E-002
 -0.436458949587094     
 -0.101489938048199     
 -0.274454898805178     
  7.040925111727513E-002
 -5.745160136835904E-002
 -0.119656465457125     
  0.632835754478151     
 -4.001098951972397E-003
 -0.225237084355329     
  0.339011775577483     
 -0.543828449355463     
  0.128865524417696     
  8.602125372434169E-002
  3.930966922368601E-002
 -0.389182432405128     
  0.309005757916921     
  0.329571070820780     
  0.223984086883077     
  1.230385363048240E-002
  6.086709170412082E-002
 -0.135474393727479     
 -0.266893938271147     
  0.339696118782774     
  0.609534947789370     
 -0.662946033945378     
  0.143390304004944     
 -0.107155063239602     
  0.492771845415625     
 -0.219402230960414     
 -9.819880790527044E-002
  2.759556887429037E-002
 -6.575247504525606E-003
  7.217437126161846E-002
 -0.171538467102200     
   1.22014659302373     
 -0.699971793680878     
 -0.337450220336771     
  1.531370455298623E-002
  5.303033024488321E-002
  1.456271558348233E-002
  0.312514101212838     
 -0.411636515774217     
 -0.239471878248372     
  -1.40894159521442     
 -0.527846895239737     
  0.263221072157034     
  0.211052174891127     
 -0.449317455992599     
 -8.905345197313720E-002
  4.911554252691334E-002
 -0.131121355991516     
  0.429630156244068     
 -0.230836099537147     
  0.388952483712255     
 -0.239279336258262     
  0.181474842626229     
 -0.489195172377589     
  0.475712529759784     
  0.341561209342782     
 -0.150576965681366     
  2.770958099899675E-002
  0.193257769696319     
  0.274919790224996     
 -0.324792312231291     
  0.566855975757484     
  0.533656938339458     
 -0.468714899752815     
 -0.899831098214665     
  0.887044161621784     
 -0.170947777070721     
  0.460538984653218     
 -0.548675753967270     
 -0.163972925428131     
  0.264459583753596     
  0.281297265017788     
  0.488688638139867     
 -0.172896665125282     
  0.258676712571973     
  0.673691721164871     
 -0.320740000363606     
  0.170343063035978     
  6.986008311710463E-002
 -0.429785210408980     
  0.103364821823208     
 -0.399395314362391     
 -8.694269244055175E-002
 -0.156465490383180     
  0.662419567322513     
 -1.671768819558663E-003
  0.156719727727733     
 -0.974160968378002     
  0.452383058410731     
  0.266611177742028     
 -0.437928463710421     
  0.131477607609912     
  1.464323203975376E-002
 -0.173200274675558     
  5.375124206573189E-002
 -0.721424695137678     
  0.762629910254102     
  0.238164450102937     
 -0.101160013077471     
 -0.193648692470720     
 -0.352158418277329     
 -0.157065537116153     
 -0.272225883311838     
  0.560046914451908     
 -0.669295611292968     
 -1.967735635168488E-002
  8.693150260672519E-002
 -7.001268712655895E-002
  6.474051875733476E-002
 -5.504098708030360E-002
 -0.190830158913763     
  0.351154851374145     
 -0.497830523906710     
 -0.118459324156051     
  0.134642170470636     
  0.262149909383845     
 -0.211889102514252     
  0.387206936441598     
 -0.949897381115732     
  0.379170837461800     
  9.571315672089581E-002
  5.710498563672567E-003
 -4.861430806372001E-002
  0.168005176123418     
  0.677002946057703     
 -0.210371058017951     
 -7.361479164727157E-002
  5.748162726302111E-002
 -0.266303414389929     
 -0.127656552294633     
 -0.351965807358567     
  0.377147277283262     
  0.666422196644195     
 -0.317094842808007     
  0.176500702579726     
 -0.301585951883200     
 -0.292990016861401     
 -2.109011994402006E-002
 -0.597031716603918     
  0.458801645308589     
  0.173620146863456     
 -0.576822369241812     
 -0.511995169009200     
  7.525696679083278E-002
 -2.471278868478759E-002
  0.502444675962982     
  0.353365315068017     
 -0.286724864627089     
  0.299225025265766     
 -8.836704664714050E-002
  0.799175382977537     
 -0.768993166749836     
 -0.333208169977218     
  0.174966252407663     
  0.235132220392085     
 -3.570435271107259E-002
  0.106018762638940     
  4.912382434458597E-003
  2.265469470274990E-002
 -0.438030605870158     
  0.663462010051837     
  0.443889110320939     
 -5.387296751057685E-002
 -3.757551204614636E-003
  0.252558979816800     
 -0.102155114724793     
 -0.179393905781147     
 -0.395447218936357     
 -5.155845652587004E-002
 -1.959478167458560E-002
  0.316276938385483     
  0.729271727773849     
  0.517811181534569     
  0.826574491454342     
  8.780150317703724E-002
 -0.530791447667005     
 -0.406144190606442     
  0.181237702102242     
  0.270610147469162     
  0.433137322757450     
 -0.138572143427721     
 -3.902655302990000E-002
 -0.474901699567985     
  0.332175359018958     
  0.435821453436378     
  0.144471493761710     
 -0.124202893790431     
 -2.395818662080577E-002
 -2.432385921695332E-002
 -0.672361856105020     
 -0.309013976859245     
 -0.251157843182581     
  0.341210421394970     
 -0.260551825531460     
  3.030755393313535E-002
  0.449829703346631     
  0.882592270352777     
 -0.861949503164813     
  0.660460041432268     
  0.782738554325373     
 -0.479873824734020     
  0.298239093825526     
 -0.306150697882857     
  0.137106433982448     
  0.122104925139219     
 -0.694157319536211     
 -6.256526706767854E-002
  0.666131154835540     
  0.776912965907521     
  1.165564672196765E-002
 -0.671590490231621     
  0.323873448473194     
  0.762884592473974     
 -0.576630306962211     
  7.875647801484453E-002
  0.122044929937257     
  5.944260288319356E-002
 -2.295511073918220E-002
 -0.375125434356624     
 -0.231647750818986     
 -2.502309037846352E-002
  0.124381609941506     
 -4.855006749055710E-002
  0.103846431387832     
 -0.310718362503399     
  1.304089786476855E-002
  0.159368971871809     
 -0.836540518044598     
 -0.144132744118187     
 -0.166768956698600     
 -0.317785197245069     
  3.647405231629635E-003
 -9.900733820575607E-002
  0.102870294434079     
  5.116024387448861E-002
 -0.241947476076630     
 -0.178105863829301     
 -2.354676165323408E-002
 -0.430274252730512     
 -0.198252305966647     
 -0.355924668676603     
 -0.587798247364024     
 -0.316923063870398     
 -5.472291377736753E-002
 -6.982018757791558E-002
 -0.267567494537253     
 -0.155665955503360     
 -0.156939928034649     
 -0.151671542591174     
  0.455504221051419     
 -0.542612928701754     
  1.884644873483791E-002
 -0.254973401367262     
  0.311904206972102     
 -0.962595747729548     
  9.819506301478258E-002
  0.841392854592933     
  0.132361275719013     
  5.339708275593386E-002
  0.126759951921916     
 -0.722847112827005     
  0.919281137787588     
  0.255174060613747     
 -0.273514633598900     
  4.899895301669950E-002
  0.169343269706114     
 -0.429809923814743     
  0.304606562875524     
 -0.447081128809121     
  0.711329645577297     
  0.688018860847744     
 -0.529850792296949     
 -0.237608173974073     
  0.755121817393985     
  0.612457716849894     
  0.909777328007730     
 -0.259303778782000     
  2.052910731970637E-002
  0.391940001943571     
 -0.427313526323928     
 -0.480457048637504     
  0.231839680003307     
  0.109223012891481     
 -0.442491976666948     
 -0.459976215329908     
 -0.117318037822051     
  0.990529360029075     
  0.955120059621594     
  0.476689948404344     
 -0.299836041233231     
  0.128867369165940     
 -0.427766162013061     
 -8.958139415615951E-002
  0.928979843532207     
 -0.492344845589755     
 -9.434429608018821E-002
  0.299915185284300     
 -0.796918253970767     
 -0.741022774840262     
 -9.369129425888197E-002
 -0.483388426921891     
 -0.425935550016578     
 -3.344177171332180E-002
 -0.282433544502911     
  5.790979742055317E-002
  0.118399180641803     
  0.200353122041335     
 -0.552807396184191     
 -0.787063970505189     
  0.127524905525275     
  0.173148243850133     
  0.153249072100602     
 -0.149005432157027     
  0.533790517594342     
 -0.346718874995185     
 -0.195726594266157     
 -0.405659290548809     
  -1.20830593673953     
 -0.584363616546356     
 -0.278742487210064     
  8.637558313552988E-002
 -4.358227941208569E-002
  0.253397772031221     
  0.961455577685421     
 -0.362830670285935     
 -0.413911242075810     
  0.272505344881885     
  0.622081442548442     
  0.155421495349739     
  6.557212427069178E-002
 -0.559155456685784     
  0.615901534159379     
 -0.470336618355387     
   1.09209788436145     
 -0.714920241780241     
  0.625312879408266     
  3.250442404927188E-002
  0.138824735281343     
  0.986398566370100     
  0.468897458657461     
 -0.601861298563255     
 -0.294120186807357     
  0.622230714824244     
 -0.280367332301509     
 -0.315631411928943     
 -0.391124288881347     
  8.260430757781292E-003
  0.385296751203123     
 -0.255911907468001     
  0.237987993082089     
 -4.970130003844793E-002
  0.479277557229643     
  4.927899503928964E-002
  0.122568601276173     
  9.694127276847092E-002
 -0.134389329107617     
 -0.417088852051078     
  0.109086451037712     
  1.452811619303222E-002
 -0.270255030123225     
 -0.798232279471073     
 -0.123582185364274     
  0.696415375811984     
 -0.143510026040959     
 -6.880134602716635E-002
 -0.197063430292961     
  0.172852410231910     
 -0.598476001064670     
  0.123694326206480     
 -0.171979826250841     
 -0.712325172919224     
 -0.282621676564987     
  -1.03137248614232     
  0.386700296579529     
  0.244507833897879     
 -0.172887160962255     
 -5.627898847783781E-002
  0.288157956671149     
  0.211431091756298     
  0.268586645773779     
 -0.434928486350270     
 -0.593893640448085     
  0.255571958461820     
  0.257225075585817     
 -0.220646009311583     
 -6.156812320995911E-002
  5.740142173720003E-003
 -0.154312393248427     
 -8.146002798315474E-002
 -0.217575276049697     
  0.263850878564502     
  0.156575942291987     
  0.347086511201004     
 -0.842257148774572     
 -4.609808618349626E-002
  0.845527122339344     
  0.288892672170700     
 -0.281454003991144     
 -0.326859166022271     
 -5.415688869306438E-002
  0.502331822007660     
 -0.272924120333038     
 -0.351579597414890     
 -0.225151600429855     
 -0.208698969560372     
  5.846079669451203E-002
 -0.207279143986377     
  8.933326194046994E-002
  0.286906744057189     
  0.103755242252491     
  4.377002945385441E-002
  0.355175164311690     
 -0.348982683431399     
  0.357967316462520     
 
  0.584454988178256     
   1.03976808729767     
  -2.40802306440890     
  0.832309313549529     
  -1.54472621194756     
  -1.21520038347296     
  0.957883961193554     
  -1.10341364084145     
  0.621366886362965     
 -0.279286608971797     
  -2.12535271209877     
  0.453520529104996     
 -0.906171210040941     
  -2.18425124507456     
  -1.50469587250740     
  0.114477557438908     
  0.529138999779014     
   1.03422448050376     
  0.350402506507644     
 -0.722903915959597     
  0.744449589135353     
 -0.191700939242463     
 -1.349137922040742E-003
  -2.04877280677933     
 -0.722596867998271     
  9.126431244380398E-002
  0.376423501537617     
  0.729501767399438     
 -0.273207302939631     
  0.772495641785973     
 
 -0.156931371124133     
  0.256522339009300     
 -0.405281810494984     
 -0.608801075666026     
  1.063803411958604E-002
 -7.131697384879084E-002
  0.208673142514331     
 -9.058547718034246E-002
  0.665457192311166     
  0.279015939809407     
  0.498796265963539     
 -0.491075394208234     
  0.354228603041625     
 -0.700682644961310     
 -0.236008720368001     
 -0.818962734328596     
  0.146596576285976     
  0.292967554480486     
  0.339090669789422     
   1.19846723519180     
 -7.282800781927203E-002
  0.911650805827202     
  0.220659301473986     
 -0.452138317591670     
  0.381641002711634     
 -0.157875024989740     
 -2.809525352494223E-002
  4.157765260362658E-002
 -2.398042287316103E-002
 -0.120005632460129     
 -0.762152107820931     
  0.253415214040904     
  0.118930303964795     
 -0.271185080989865     
  0.147348145823473     
  0.366086077886610     
 -7.339813669753525E-002
 -0.155345475269303     
 -0.463837214941770     
 -1.936392219398757E-002
  0.630294410732117     
  0.620480111603667     
  0.515100320022472     
 -0.590695657807979     
  0.543467677394023     
  -1.49437123911710     
 -0.314326934753181     
 -2.933704848137950E-002
 -0.274626946440700     
  0.844604589013056     
 -0.434247689770959     
  0.423453049340764     
 -8.162827810338459E-002
 -0.117680264001630     
  0.202547125301241     
  0.602280001418175     
  0.780629182924197     
  0.282836068174066     
  6.646072426531632E-003
 -8.216780939445721E-002
 -0.531597749525396     
 -0.809423129150787     
  0.481000187311991     
 -0.935959701805833     
  0.514978251776421     
  0.495589650492864     
 -0.616465418125268     
  0.834770290090551     
  0.198193028525133     
  5.805846113609453E-002
  -1.57065403496296     
 -0.756532427760053     
  0.981404499137058     
  6.712392086916205E-002
 -8.962012690472677E-003
 -0.531877914162216     
  0.295766107677111     
  0.915445584925260     
 -0.315485335618231     
 -0.135012916222401     
  0.261247860851423     
  0.819440123759254     
 -0.283009408604537     
  0.652068986843512     
  0.668519756140328     
 -0.436744630886865     
  0.440397382380072     
  0.157744020433647     
 -5.991836780579701E-002
 -0.470173004204694     
 -5.272359452033198E-002
  -1.33805756780544     
 -0.491313059872538     
 -0.212220079729553     
  -1.52057182003480     
  0.412329983897783     
 -0.665462543730846     
   1.27226923944386     
 -6.067667431033188E-002
  0.148491990191581     
  -1.22314508376456     
 -0.330353905420442     
 -0.957021985183899     
 -0.915127323673284     
 -0.243605415544325     
  0.286080332806299     
  6.756444602042426E-002
  0.513149924006909     
  6.539831812218624E-002
  0.265914325668010     
 -0.151564192315728     
 -0.303420420976042     
 -0.890135313596244     
 -0.147702140316494     
  0.600129234770409     
 -0.635403856094139     
  0.586694965156790     
 -0.182996766709777     
 -0.307680917211611     
 -0.422531508590080     
  0.268449301367003     
  -2.03987292053410     
  -1.19517256397177     
 -0.164575481096811     
 -0.608406942549388     
 -0.393293536433374     
  0.310555525962644     
  0.472481065569549     
  0.957182577846963     
 -0.241823012790166     
 -8.236877852658123E-002
  -1.18102081448633     
  3.898717743304965E-003
 -0.769387762842853     
  0.331376026626563     
  -1.31126226774579     
  0.579405663979980     
 -6.513372752157301E-002
  0.624317128175243     
 -0.904368655057573     
 -6.670119553200012E-002
  0.466071411129733     
 -0.306955853993308     
  0.243810826397159     
 -0.925844034653262     
  0.271256456330975     
 -0.170122410669145     
 -4.919726548242143E-002
  0.365164760436916     
 -0.462503419336577     
 -0.411197124073322     
  -1.29711530918950     
 -0.159154468006043     
   1.38356522794069     
  0.627807147747038     
 -0.298333740106475     
  0.485388843136693     
  0.248906593300483     
 -4.997718221154963E-002
  0.142669123967774     
  -1.05230154248974     
 -0.294842751046821     
 -0.260980157115777     
 -0.587576826557354     
 -0.766362452453874     
 -0.878844093910387     
 -0.152487445416959     
 -0.460975036989391     
  0.632497823673545     
 -7.409614648203119E-002
 -0.132602053209619     
  0.286597461665130     
  0.203519125882711     
  0.258607439067737     
 -0.152515712261159     
  0.290326030199671     
  8.235194068991387E-003
  0.419652654988514     
 -1.293216482872921E-002
 -0.289719589777338     
 -7.448613590083200E-002
  0.679392705719465     
  0.605113702445510     
 -0.342016145876246     
 -0.775460005138981     
 -0.155997050572701     
 -0.617834864006738     
 -0.473354004524368     
 -0.501293393869500     
  8.459654093115131E-002
 -0.513588822734593     
 -1.626770691850560E-002
  0.304605039256557     
  0.838622483933699     
 -0.353634917965419     
 -0.342450371920161     
 -0.663616577708532     
  0.463708876991073     
  8.566530782163226E-002
  0.276792195180384     
 -0.858566097310759     
  0.750528741513929     
  0.553977948676934     
 -0.240489739186606     
 -0.347276676100809     
 -0.286401681266446     
 -0.320933375323091     
 -0.120696624076601     
 -0.326363517734663     
 -0.108502807043634     
 -0.423977483210867     
 -0.138999036433772     
  0.554294013444008     
  0.592352176395307     
  0.587232086119270     
  0.307781725477192     
 -0.428490426896559     
 -0.516226815774849     
  0.559376323511642     
  0.345463238691574     
  9.753526483216372E-002
 -0.474690610716484     
 -0.266867767115369     
   1.13352286248946     
 -0.302574970630980     
  -1.08416578435509     
 -0.711924748111247     
 -0.596743594031785     
 -0.263915477243708     
 -2.219385873309705E-002
 -0.810234589869301     
 -0.452055896395152     
 -7.394765804694674E-002
 -0.358212703991416     
  2.894680873054686E-002
  0.829709252285690     
  0.478193633888454     
 -4.544170064618856E-002
 -0.840333797886467     
 -0.975809050570766     
 -6.379177571664106E-003
  0.552542230911795     
   1.35022078367302     
 -0.565088436533859     
  0.621833856617041     
 -0.125869136139583     
 -7.584697163659573E-002
  3.827361174379938E-002
  0.398750461897183     
  7.527521748507165E-002
   1.09965402291927     
  0.114375971437373     
  0.162842738419828     
  0.228408189144159     
 -0.381162862441666     
  -1.10781008560565     
  5.665867840132872E-002
 -1.884004064494391E-003
 -0.333103298268909     
  0.281993006569775     
  0.306577080438022     
  0.184536526098691     
  0.171003529688737     
 -0.126075118997586     
 -0.874638565885514     
  0.427837144483257     
  0.167097536556726     
 -5.706440141809568E-002
  0.452708485245937     
  0.193947391426882     
  0.774081595030202     
  0.657551860142615     
   2.00738669201019     
  0.324388700836830     
 -0.134747690689423     
  0.687704225492084     
 -0.781999515103648     
  -1.05593654624641     
 -0.266302070005262     
 -5.772245910346946E-002
  0.431457314352509     
 -0.228823270471134     
  3.397579587944669E-002
   1.45483699731277     
  -1.73990069748010     
 -0.901118269442033     
  0.382549951038610     
 -0.639139600830117     
 -0.694992808633527     
  0.638318242404687     
  0.226099506862212     
  0.550154014386090     
 -0.226509580007380     
  0.587234782081189     
  0.142536021318040     
  0.506497127540327     
   1.02568994708276     
  0.135689511594329     
  0.475420855457970     
  0.233377417194913     
 -0.320113493662158     
 -5.997141516927072E-002
 -0.848932327847763     
  -1.03201209904994     
 -0.417753576044651     
 -0.756252040218361     
 -0.782610175447299     
  0.157010633267628     
 -0.536320865908081     
 -0.204003748809755     
  0.297582528238760     
 -0.932315098017583     
 -0.576688368314214     
   1.22608392205387     
  -1.61691263861468     
 -0.594354181287830     
  3.980764373194690E-002
 -0.300469931546577     
 -0.193386965571225     
  0.405125090355970     
 -0.670633520747181     
 -0.304967033855033     
 -0.129765931725960     
  0.835303648694338     
  0.681797441481788     
  0.507207128904398     
  2.038711448217189E-002
  0.147384781493243     
  0.101268447135756     
 -0.453648338904730     
  0.580108186885069     
  -1.06354707171740     
 -0.234636557665216     
  0.333994405385250     
  0.619892116200716     
  -1.05189032094388     
 -0.266629791277632     
 -0.156157470222595     
  3.866960540570251E-003
  -1.20433151641009     
 -0.837438941929208     
  0.244820160455955     
  8.686697607703291E-002
 -0.637162079955774     
 -0.511204649099786     
  0.282125864225549     
  0.443621555363836     
 -0.703664692801360     
  -1.47044721634794     
  -2.02394819552747     
  0.302629638015842     
  0.615181583930362     
 -0.606698711771874     
  0.992538890139043     
 -0.418585931834890     
 -0.153158121736388     
 -0.774539951525079     
  5.633841257400241E-002
  7.141929381972906E-002
 -0.990833888501927     
 -0.227397464752398     
 -0.572595779370492     
  0.643612728107827     
 -0.448558763379682     
  0.297312251440040     
 -0.320764216271755     
  0.390567974487097     
 -0.198404527939300     
  0.422252087516668     
  0.308468360916876     
  0.365532760450736     
  0.216102831915836     
  5.973004728698412E-002
 -0.713402645830329     
 -0.367602366307705     
 -0.362469455122284     
 -0.440112725892129     
 -7.455520048383618E-002
 -0.324963966126147     
 -7.398682032977368E-002
 -0.727821767164160     
  0.608320828134707     
  0.170458487057844     
  4.874923070068855E-003
 -0.437029869469864     
 -3.364820826493048E-002
 -0.442869038543178     
 -2.486822209208227E-002
 -0.175091686799555     
  9.236406578258648E-002
 -0.435979548577236     
  0.110162418480951     
 -0.420160703145816     
  0.842087695576009     
  0.272749384198114     
  0.643653178799504     
 -9.518695919775645E-002
  0.555660980878507     
  0.272888662707884     
  0.200940638622049     
  0.564021402453089     
  0.386969280345477     
 -0.556786399529790     
  0.713910621671764     
  0.503105465018136     
  1.002213073722798E-002
 -0.244502297296047     
 -7.769938226283271E-002
  0.428454600657113     
 -6.449848241468403E-003
 -0.313908074732777     
 -0.632888157128285     
  0.118792599177262     
  0.291979979793284     
 -0.341836256902553     
 -2.429858058370679E-002
  0.824324716084227     
  0.237398520742060     
 -8.380718359824026E-002
  0.359858902069823     
  0.192085353407096     
  0.507526598097076     
 -0.660683344664388     
   1.15567261036838     
  0.556169024708093     
  8.520014203613217E-002
  0.221501006066512     
  0.975999298090449     
  0.336372153749326     
  0.396624126820007     
 -0.483213950744956     
 -0.560235329993222     
 -0.121788919102601     
  -2.80362625643688     
  0.840154473516093     
  0.964264341838181     
  0.862277426016652     
 -0.116039187478251     
  3.000877819861893E-002
  0.741804083005513     
   1.23900191384307     
  0.945218243122591     
  0.327584490005136     
 -0.601112507177191     
 -0.251897964429871     
  0.569511731995595     
 -0.663055757108017     
 -0.772230398508837     
 -0.879769320889138     
  -2.12396773870645     
  -1.56996902211505     
  0.352008570673079     
   1.91804977242144     
   1.40894342865849     
  0.687702024543420     
  0.570156088435406     
 -2.460228839956284E-002
  -1.44833119751185     
  -1.51585876014900     
 -0.960948842956558     
  0.588303859549499     
 -0.721598007426258     
  0.163580667128147     
   2.20215734405681     
  -1.21543843844948     
  -1.29124175187955     
  -1.92208608107386     
  0.820283439652659     
 -0.282702586208464     
 -0.360348860408193     
  0.838891352192693     
 -0.178692451146923     
 -9.300862526221318E-002
   2.64960466406606     
  0.385043130807445     
  0.151488641868200     
 -0.228402735649041     
   1.69269960378303     
 -0.592265243155413     
  0.195584010196502     
 -5.920693826912452E-002
 -5.592485626856833E-002
  8.414438964560862E-002
  0.657979464251025     
 -0.426154251890124     
  0.528408890352913     
 -0.865757177097882     
 -0.316015848861772     
 -7.279855070595705E-002
  0.347370660929946     
 -0.442472279667324     
 -0.246394998469496     
 -0.167222132437537     
  0.538838883576987     
   1.20393925624044     
 -7.341485752426682E-002
  1.548204389791965E-002
  0.288783620694489     
 -0.295381969486645     
 -0.320212255786855     
  0.208852815016877     
 -0.783572372854321     
 -0.317211683445555     
  7.219506979200178E-002
 -0.566105137448579     
 -0.413981568959314     
  0.152242325233538     
 -0.121958433851955     
 -0.663098661260118     
  0.502559436331144     
 -0.198753400737354     
  0.145050513689062     
 -0.448092665855416     
  0.414788231249111     
  0.172340867903922     
 -0.246283112659047     
  0.152397487600243     
 -0.125542367984419     
 -0.171966417973442     
 -0.218222857828014     
 -0.532581726386026     
 -0.150641526491519     
 -0.258217298766377     
  0.211640181536041     
  0.141807466606405     
  0.119219452812423     
 -0.440710135181387     
 -0.218860943707523     
  0.411240021453646     
  1.653263701262768E-002
 -0.588813727807134     
  0.231144346733316     
  0.344711957905147     
  0.305308276819717     
 -0.270335334269557     
  3.338054360771976E-002
  5.753050140970445E-002
  7.997098587445081E-002
 -0.428119774733703     
 -0.614288584076505     
  5.419841900319011E-002
 -0.556493231383022     
  -1.10850190961966     
  1.852746653226238E-003
   1.61474398944663     
  0.349680869559466     
  0.279338527505158     
 -0.675857967695509     
 -0.768290715427191     
 -0.104407749456179     
  0.850372941156626     
  0.544183899533428     
 -0.861849079073843     
   1.10444322431573     
 -0.157528443416699     
  0.407055562556717     
 -0.386988898466515     
  0.235007778110709     
 -0.986324511798490     
  0.124650483156007     
  0.851784030328227     
 -0.311087275340428     
  9.774447719134176E-002
 -2.564884398880661E-002
  0.390267603318500     
 -0.200912445464531     
  0.282512279754764     
  0.514647171594802     
  0.405950117364561     
  0.278479552444293     
 -6.521414789093760E-002
  0.448750202202160     
  0.898934887655106     
 -0.274956541730680     
 -0.569857259820442     
 -0.471467746977840     
 -0.586459328468748     
 -0.643913562857435     
 -0.638208319854816     
 -0.104633668919516     
  0.321535409266579     
  0.724528276938640     
  0.864308827019210     
  0.584880731542715     
 -0.188154958017530     
  0.120931451428170     
 -0.831101422965108     
 -0.327613554681074     
  0.179699017702149     
  0.441915676783031     
 -3.508101061139392E-002
  0.411122156197917     
  0.800997863870035     
 -0.209503068795877     
  0.131672290920879     
  0.208278278230555     
 -6.739657720630178E-002
 -0.175717120630956     
  0.113291191978027     
 -7.499325602701459E-002
  7.003993076737682E-002
   1.01010245083835     
  0.407715310297707     
  0.253940120457164     
  0.114175545806581     
  6.019339057625701E-002
  4.515069309740203E-002
  0.425772643912174     
 -0.678195620852956     
 -0.294430702991545     
  0.647333766865234     
 -0.321604599663218     
 -0.270597057919479     
   1.12982895922498     
 -0.286742669059969     
 -7.340042242842512E-002
  0.177193502391313     
 -0.145466561612284     
 -0.274438078450424     
 -0.644581198501248     
  0.115193028808489     
 -4.588620725182804E-002
  0.221178666344196     
  0.150655933843819     
 -0.628736267329148     
  0.431842051977461     
  0.207634209789258     
  4.169576446909612E-002
 -0.230603413233586     
  0.236980831485351     
 -0.122853110603319     
  0.712801683717659     
 -0.192319137034749     
  0.940112545332275     
 -6.073551332192069E-002
 -7.405951798628939E-002
   1.00262803625911     
 -0.593243502906995     
 -8.274318419534214E-002
 -0.382499355402726     
  -1.06468917139921     
 -0.354820160778915     
  0.415835837659912     
 -0.263231954135956     
 -0.162685437237501     
 -0.267285070157181     
  0.235070687427599     
 -0.378577626725063     
 -1.582950231093421E-002
 -0.632253855351134     
 -0.190157736007105     
  0.397590046809780     
  -1.22488748510547     
  0.443975573298970     
 -0.437592899174275     
   1.06138888745067     
 -0.657961465478819     
  0.374795556654614     
 -0.530749302520150     
   1.06386322350214     
  5.042322905782323E-002
  0.322436477802897     
  0.564611436110347     
  -1.49186665155537     
   1.38907937786812     
  0.135728777714887     
   1.81456288978447     
  0.224434577731083     
 -0.223714911789088     
 -0.724882264395180     
  0.317544424857713     
  0.707203882180645     
  -1.04428133590284     
  0.131372132879932     
 -0.288066801808644     
  0.982242918137874     
  5.629204355837806E-002
  0.584824617171234     
 -0.660398915626870     
  0.150492843307636     
 -3.867293516204524E-002
  0.128793431003188     
  0.139490477513830     
 -0.125901886840934     
  0.638482693110955     
  0.164323739759318     
  0.449311530868249     
 -6.178414986998104E-003
  7.569468037527051E-002
 -0.766074621751653     
  2.947590786025567E-002
  0.891421237120669     
  0.518539075860785     
 -0.551476861439506     
  9.891007702788790E-002
 -0.244577104309928     
 -9.852579364742764E-002
 -0.133794825194963     
 -0.351198653380559     
 -0.234533322926121     
  0.545804057114700     
  0.633608813318680     
 -0.170759249590129     
  0.162555425579883     
  0.811368949863799     
   1.22108317430697     
 -0.203334964024166     
 -0.610032051694008     
 -0.328206089813357     
  0.302004451552311     
  0.476323610828355     
 -0.228753966628120     
  0.181209555766150     
  0.143125249368389     
  0.370048725758819     
  0.336139950321854     
  0.109961719165881     
 -0.317598798374761     
 -0.418916672544452     
  6.117147305255360E-002
 -0.189720233796216     
 -0.132029329005850     
 -0.562748338766435     
  0.370098289049723     
  0.913672783567490     
  0.396571559569298     
  0.290098773329407     
 -0.848363347230579     
 -8.907012674479904E-002
  5.558255942140580E-002
  0.238680610129456     
  0.598574113004936     
  0.626871434718914     
   1.03272809071770     
 -0.235317358631542     
  0.504293535168370     
 -0.542156750021663     
 -0.766052463092133     
 -0.849598791576299     
 -0.693394684572576     
 -0.810958239905097     
 -0.389318761646579     
 -0.232367488278795     
 -5.413941147831462E-003
 -0.818276659874165     
 -0.143522176446006     
  0.502206448029579     
  0.155908805196359     
 -0.515718179975939     
  0.261697547054395     
 -0.314225781388231     
  2.645522757286168E-002
 -9.901977108454627E-002
 -0.123712754636119     
  -1.25561323032825     
  0.352012541243056     
 -0.810323355505484     
  -1.14352296640428     
  0.289896295726658     
   1.01594038228126     
 -0.890844805203301     
  0.575267450005849     
  0.785201017157340     
  0.895512838896547     
 -0.981164781009471     
  3.111177222084627E-002
 -0.141752144929436     
  7.056050214213872E-003
 -0.310574274586128     
  0.434203572667923     
  0.709422211251375     
 -0.383583539665452     
 -0.471199723533119     
 -1.316874611621157E-002
  0.241059417989644     
 -0.590739019453499     
 -0.310116044873167     
  0.205700345961196     
 -0.262573682983563     
  0.546526494836039     
  0.242723615506061     
 -0.401569891626009     
  0.449847380489996     
 -0.424167348113114     
  -1.06501654149778     
 -0.303130368869135     
 -0.754468490723043     
  0.551746234225847     
 -8.280629790478512E-002
 -1.328978221388750E-002
 -0.386448305036989     
 -0.189519437274174     
 -0.468310538984891     
 -0.289446849903028     
 -0.304985562317977     
 -0.333701920709408     
  0.490596055236810     
  0.718032465648137     
  0.864941675096775     
  0.832818598982668     
  0.577651897581888     
  0.439996867790382     
  3.494593489756724E-002
  2.961686315314368E-002
  0.657002639365671     
 -0.107212297035385     
 -0.381805977560560     
 -0.166701128958111     
  0.705032063328625     
 -0.123315285825709     
   1.71307900895546     
  0.943494551513702     
 -0.251125750405158     
  0.721080506343735     
   1.20602880360650     
 -0.740203892169431     
 -9.185177365744913E-002
   1.26886696754403     
  0.532158460910717     
  0.160277810660015     
 -0.947974359772259     
 -0.282878696385488     
 -0.346023183973815     
 -0.178272571971270     
  0.136952930330446     
   1.08979062826412     
 -0.651981913945807     
  0.464192964049994     
  0.637511556711145     
 -0.616803709178187     
 -0.103712422754728     
 -0.765907213487662     
  -1.10613263945629     
  0.358465890617530     
  -1.22014025552650     
  0.960600843386087     
 -0.223173458447786     
  5.573109369567333E-003
 -0.143203152879509     
 -0.752685236567087     
  0.118694198590994     
 -0.896230064919336     
 -0.229119419137396     
  0.256709904141087     
  8.085037803844840E-002
  0.154917197583976     
 -0.528742317739035     
  -1.44257407929696     
  0.214807082065374     
  0.191779936211260     
   1.74481976772393     
   1.32919215444430     
  0.416898092904280     
  0.499904426608066     
  0.230039715395510     
  1.190470100177961E-003
 -0.563832253733684     
  -1.29134175990135     
  0.214926808794925     
  0.471706245174693     
 -0.346428363589077     
 -0.372969246346304     
 -0.467094826258019     
   1.30251145343753     
  0.245075833592280     
 -2.140078715996629E-002
  0.106288539184838     
 -5.877806724260948E-002
 -0.383284920477200     
 -0.282233332248430     
 -0.139185619367463     
   1.06937721972632     
  0.922747119390110     
  0.501476022555726     
  0.196503396187231     
  0.506962742101903     
 -0.213169661276006     
  0.265108567439918     
  0.239981337086470     
 -9.502667218355529E-002
  0.459878634037650     
  0.109104412332993     
 -0.767298368006367     
  0.799949018678165     
  0.570562457983466     
  0.831697223763231     
 -0.758546710708132     
 -0.244759196451980     
  0.193317455430887     
 -0.330176088238752     
  0.253790615679864     
  -1.10724693979309     
  0.282421205886930     
  0.108685486885718     
  0.214946521777073     
  0.366035240753972     
  0.656061691819884     
  0.138826715094270     
 -0.374844124903228     
  0.239702902634819     
 
 -0.151331848157649     
 -4.982695160902043E-002
 -0.945199255067067     
 -0.608173101296136     
  0.802942558796340     
  0.619317869087583     
  0.218045625751855     
 -0.428025107726738     
  0.405331300355638     
 -0.468337843725920     
 -0.340514191885476     
  0.593840145717608     
  0.442955298510023     
 -0.122471507004038     
  0.800163353210018     
 -0.205815489660550     
  0.915100703634838     
  0.380071377645136     
  0.369578564418059     
 -9.322098596089458E-002
  0.704995760979202     
  4.767387126058362E-002
 -0.696606846432275     
 -0.161736836780065     
  0.874417509240232     
 -0.528154705123199     
 -0.264624801407589     
  0.294180772230813     
 -0.355962487078912     
  0.294512583422414     
 
 -0.531317454750452     
 -0.161924249278850     
 -0.231861470536436     
 -0.110180976679678     
 -0.464139819572842     
  0.536842643972707     
  0.636210844422049     
 -9.993549713124082E-002
  0.379767707270718     
 -8.681797145801406E-002
 -3.923566646658770E-002
  6.042156506399837E-002
 -0.539156786996034     
  0.468326794270564     
  -2.27511528553007     
  -1.95679640809287     
 -0.840967388144948     
 -0.918550909811036     
 -0.536806199472552     
  -1.31426790906703     
 -0.691072826317382     
 -0.154667708093839     
   1.24597600363473     
  0.541741477120710     
 -0.516736449904172     
  0.225667390698655     
 -0.875729216413407     
  0.257528026579233     
   1.14092189385395     
 -0.397523937117638     
 
 -3.939104761904762E-004
 
  tansig  tansig 
