     33 -    30 -    30 -     1 
rmse=  25.2555meV
  0.525138483404327     
 -0.170926341726967     
  -1.14222549653239     
  0.985278979208133     
 -0.186981009610169     
 -3.448898517168691E-002
  0.395917389067471     
 -2.423633159988205E-002
 -0.394365309215775     
  8.609230669034633E-002
 -0.158437094947606     
  0.543462152346715     
 -0.358736766802622     
  0.683883216291667     
 -0.818834202903109     
  0.410667143697932     
  0.221332346684494     
 -0.353552895216655     
  0.504761334681967     
  0.143679041628505     
 -9.465347076054448E-002
 -1.116453894416664E-002
 -0.341355047420388     
  0.128129920468794     
 -4.994912180894068E-002
 -0.178267620039480     
 -0.201186800582709     
 -0.235021138312805     
  6.646476167089914E-002
 -6.626217617042765E-002
 -0.382389522870490     
  7.085826983147429E-002
  3.318744525881168E-002
  0.116776476280767     
 -0.857474838769250     
 -0.550837243762566     
  2.758095989475043E-002
 -0.424785097443149     
  0.684574396484214     
 -0.248164715878396     
 -0.203975385440684     
 -0.489520017572260     
 -4.601634445306444E-002
 -3.633282426468810E-003
 -0.202806576189219     
  0.762147231534267     
 -0.752329058043592     
 -0.458119548413854     
  0.694753383060477     
 -9.522298117934418E-003
 -0.260123655530503     
 -0.288407040248191     
  0.136768592573408     
  5.096506709370058E-002
  1.429890133786152E-002
 -0.468778665472871     
 -6.963525173163741E-002
  0.244875175990430     
 -0.500852456730990     
 -0.138132419954402     
  7.502828144702633E-002
  0.161726917041278     
  0.440683148501690     
  0.380289910529862     
 -0.535032274315608     
  0.177400718351088     
 -0.222704409181254     
  0.870057900984476     
 -0.119254663998653     
  3.433428116726728E-002
 -0.101602211910205     
 -0.245059337546442     
  0.789160385611499     
  0.462740601147125     
  0.472836932843115     
 -3.523858577606401E-002
 -0.792619671485665     
 -0.835518097444062     
  0.393999383079995     
 -0.846701756863079     
  0.467645260306252     
  0.780620077354880     
  0.751201620697372     
  0.217094124083826     
 -0.373622173629189     
 -0.858896759304467     
   1.01858553998159     
 -0.976253643929643     
 -4.134979629728337E-003
  0.762683947559498     
  -1.04664513065993     
 -0.498145130290320     
  0.286133431989650     
  -1.06418747853663     
  7.357442459278023E-002
 -6.128397836700514E-002
 -0.623418879817003     
 -0.305196339498022     
  0.851497432216896     
 -0.114309528987511     
  0.547504002117810     
 -0.628447808175142     
  0.135510357471202     
 -5.371649018068891E-002
 -0.211602840996794     
 -0.917906492961110     
  0.131787128602954     
  0.185818015983331     
  0.152015894081690     
 -0.234047140440331     
 -3.129633946837584E-002
 -2.629518442794560E-002
 -0.787684111229106     
  0.417253115021146     
  0.446129354094035     
  0.347188871122269     
 -5.764691567295273E-002
 -0.152085518452100     
  6.633732127725585E-003
  8.095393713984496E-002
  6.198655658811462E-002
 -0.562793951848920     
  0.106064655658528     
  0.388010250035883     
 -0.843091922210664     
 -9.465681145662309E-002
 -0.213485611413937     
  8.318285205947190E-002
  6.039994296527365E-002
 -0.367075100105895     
 -0.397772398217572     
  4.362594442619196E-002
 -0.641074885932663     
  0.751873598860527     
  0.873814989279250     
  -1.49316846217362     
 -0.331799232687392     
  0.497775676387727     
 -0.354620183721896     
 -0.428210197916253     
  0.108744501526885     
 -0.335559552787230     
  0.160081739588242     
 -0.852000937727607     
   1.17476191176121     
 -0.238189901199693     
  0.620436292705141     
  -1.04693955591553     
 -2.036611194599602E-002
  0.296382659434419     
 -0.138500546231687     
 -2.941349017719213E-002
 -6.039222380224108E-002
 -0.294789484564814     
 -6.804603946174016E-002
  0.353959910102548     
  0.653715861618821     
  0.624921269952169     
  7.845388384989770E-002
  0.703604744662801     
 -0.639014312145036     
  0.264555060787699     
  0.672198800011915     
  0.581280515158396     
  0.262413714960769     
  0.331108959711964     
 -0.377225033224876     
 -0.193196640681576     
  0.841732225208583     
 -0.177551878857495     
  0.506306868380682     
 -0.268023296011487     
 -6.259933969399602E-002
  0.675794567076371     
 -0.272153747513244     
  0.276880398010203     
  0.268276071117855     
  0.337757851567069     
 -3.018874708461203E-002
 -0.861963723010640     
  0.116354870192544     
  0.394919864803145     
  0.107986347993805     
 -0.448231106251554     
  0.183428759898723     
  0.122202005308246     
 -0.267982573509730     
 -0.384830797618800     
 -0.459642100184652     
  4.385351656941379E-003
  0.507348502069969     
 -0.271599751862414     
 -4.322006755512975E-002
  0.440703624854241     
 -0.135244935108840     
  4.844840886555144E-002
 -0.168451024468661     
  0.239226916929088     
  0.462535093055154     
  0.376631279278662     
  0.229054386392024     
 -0.644386098485774     
 -0.334656935436182     
  0.249748577522602     
 -0.591713550530850     
 -7.804273162134370E-002
 -0.483979810062592     
 -0.611874180013072     
  0.516526029182556     
  1.354645591062481E-002
  8.050215063570909E-002
 -0.574031149927363     
  0.169291398203948     
 -9.296536304311222E-002
 -0.595312058110498     
  0.135391273813124     
 -0.650157279833807     
  0.324992550022032     
 -8.480109513107856E-002
 -9.224367749654998E-003
  0.404308306134150     
 -1.221661390942586E-002
  0.578633760496246     
  0.190210540582085     
  0.181429390930463     
  0.426864015937995     
  0.276933737044385     
  0.571819960091616     
  0.462050818174677     
  0.165012272102389     
  5.002832087763961E-003
  0.273681956079899     
  2.289091365049361E-002
  8.629489434335988E-002
 -0.262094220053959     
 -0.783238810400635     
  0.402222842699472     
 -0.479409833769902     
  0.122942305331708     
 -0.167048833775846     
  0.163535297964679     
 -0.327285024794458     
 -0.448662520146952     
  0.407612869737221     
  0.518446224493346     
 -0.116588068573325     
  0.219384771239418     
  8.877772457948907E-002
 -0.189402575279369     
  0.222847136229737     
  0.174263493444352     
  4.290684863107014E-002
 -0.151260306274987     
 -0.224686613457029     
  0.154315874364262     
  0.210289078082830     
 -8.118198502633965E-002
  0.364953791703611     
 -0.125111471787667     
  0.304170403658524     
 -0.319945045498385     
 -0.106296341173987     
  3.341521487762066E-002
  0.102674004521677     
 -0.312719102069936     
  0.521453805319494     
  0.171085435917165     
  0.215299514098358     
 -0.175325530179482     
 -0.650245216092246     
  0.401167115288910     
 -0.259253071955633     
  0.106516458602271     
 -5.412397186333560E-002
 -0.457041006043800     
  0.128448837133686     
 -0.408699803312656     
 -0.666381368627987     
  0.420134963222894     
  0.258543849756669     
  -1.46548483773801     
  0.772234537665820     
 -0.485727781265240     
 -4.205117286676351E-002
  0.305013984535431     
  6.368137440862405E-002
  0.204339201689163     
 -0.327864286861162     
 -0.854885947268662     
  0.444427243122224     
   1.03636317596382     
 -0.891238247335849     
  0.554274833850227     
 -0.425802614931668     
 -0.284780295816517     
  0.234485051281938     
 -0.192453550239888     
  0.230339342955412     
 -0.307562244547020     
 -0.132127071207961     
 -0.393247620618225     
 -0.206713867804336     
  0.120469100245795     
  0.139477708539240     
  0.159012978071476     
  0.214585215316398     
  2.308881606784214E-002
  0.414443305994132     
 -0.320670451903155     
  0.133267842236114     
  0.173909631711490     
 -0.699689381173215     
  0.306748243003988     
 -0.609407425910247     
  0.978935815924564     
 -0.623486580193541     
 -0.172768547726018     
  0.230218655845977     
 -0.120371729030093     
 -0.117401927101325     
  0.695010484940308     
  0.683812121132612     
  9.697163817803606E-002
  0.540485359342540     
 -0.895655061720412     
  9.866032138597451E-002
 -0.124618539021611     
  0.644253482056424     
 -0.422387546134724     
 -8.283319649894029E-002
 -0.295911878449992     
 -0.103767689414786     
  -1.18921865908944     
 -0.216160637854791     
   1.37661161967964     
 -0.252415424040682     
  0.264075224875945     
 -0.161201014064477     
 -0.185738151523906     
  0.367408665721132     
 -0.166052910672140     
  0.370498407298591     
  -1.08103809751105     
 -0.780312645970475     
   1.28239025516035     
 -0.520847793919123     
 -0.110959782660019     
  -1.15751733933170     
 -0.462346709252807     
  0.800697355265828     
 -0.437969508879360     
  6.943432617351789E-002
 -0.357843578502552     
  0.662886085286275     
 -0.561266817111850     
  0.449050253475222     
 -0.361996675015449     
  6.730122797717898E-002
   1.06370092142303     
 -4.779564331341751E-002
 -0.175219998644460     
  0.168651564006293     
  0.156704135184902     
  0.327189702175992     
 -0.631031624891097     
  0.683452390573677     
  -1.03487146290867     
 -9.271279658858686E-002
  0.688817553213816     
  1.383930598758762E-002
  0.160423683911019     
  0.467442555693227     
  4.025789083117703E-002
  0.105673809248084     
 -1.890651678817794E-002
  1.477851128877690E-002
 -6.780703113955741E-002
  0.294798165949487     
  0.347893851407747     
 -0.564579151711635     
 -0.412224296265896     
 -0.437567629016131     
   1.14949814258271     
 -0.349831623387000     
  0.104429584428670     
   1.06708411292672     
 -0.652302160532813     
  0.649639617318631     
 -0.140469044637894     
  3.453501862146212E-002
  0.233908439445319     
  0.196537625233359     
 -0.622944943580252     
  6.875421968155351E-002
 -3.384859889164957E-002
 -6.939951009745510E-002
  0.274662818509745     
 -0.341217581295847     
 -0.143860086267894     
  0.142197260388483     
  8.134356279606882E-002
  0.378645471191648     
  4.872662359415710E-002
  0.420559480183309     
  1.891753502538827E-002
  0.127173947860973     
 -0.130858604845420     
 -0.111315351417460     
  9.967556196652032E-002
  0.287694574371590     
 -0.566571208920042     
  0.502443567202013     
  0.566964565880982     
  0.357214973629069     
 -0.285595331592534     
  2.176722355102228E-002
  0.101617003175813     
 -0.261428311440614     
 -0.103006454380730     
  0.720972633535852     
 -0.319915540641336     
 -0.125793278778673     
 -0.220352935483040     
 -0.438667741929762     
  0.151013844475621     
 -0.163049701725320     
  0.123059543398952     
 -8.372033261763585E-002
  0.289100157627724     
  -1.62468092555822     
  0.512854249979645     
  0.362837238154875     
  0.109913379115934     
  0.261855366546877     
  0.403129256597349     
  0.472902734108080     
  0.460755055431856     
  0.426559356448766     
  0.394183991398796     
 -0.234475329627208     
  0.247008580893536     
 -0.968677616821371     
  0.943342827018581     
 -0.894840604243603     
  0.724037224987682     
 -0.355117007842824     
 -8.690802154494515E-002
 -0.314546929721634     
  0.500377964024694     
 -0.429873162530534     
  0.371887233873565     
  -1.06592378017758     
 -0.205470134243296     
  0.794863033158237     
 -0.621585177497717     
  0.201205244879301     
 -0.277516061782536     
 -0.349749607385301     
 -0.296918225141362     
 -0.270172732400205     
 -0.233955303182163     
 -0.158278802882686     
  0.754338838922722     
 -0.610512986901909     
 -0.669322808122939     
   1.20892249465748     
  0.310585055718104     
 -3.385194469237046E-003
  0.364974498130247     
 -0.275574118470242     
 -0.563863901629986     
  0.171485043152440     
  0.112343462865543     
  0.523984290464959     
  0.205581005389418     
  6.828506508289164E-002
 -0.313114036906444     
  0.268002987538963     
 -0.253082026142836     
 -0.209922765063059     
 -0.242181969680991     
 -0.243217363228310     
  0.327418632429502     
 -0.303871413267601     
 -0.506314119586689     
  0.217284237479732     
 -0.191312764904263     
 -0.108111476791630     
  7.786519622908239E-002
  5.127620615993408E-002
  0.455478050636807     
  0.161153941283823     
  0.118849233445563     
 -0.435527783899678     
  0.121379938191740     
  8.508392780502387E-002
 -0.843314508813393     
  -1.19152625208036     
  4.835898288490124E-002
 -6.125618735676493E-002
  0.316634111523228     
  0.189488916815483     
  9.591842014208146E-002
 -0.317863804179865     
 -0.621248488392422     
  0.167361105251095     
   1.34736690205713     
  -1.22175592436147     
  0.388016209850053     
   1.03320348136352     
  -1.10221998371602     
  -1.02972647583795     
 -0.341059326254096     
  0.344991636985430     
 -0.111589209808256     
 -0.173919714133602     
  0.242813077778512     
 -0.246027249530328     
  0.698723931330460     
  0.471049162096176     
 -0.203458719833019     
 -0.251962006569042     
  0.945779749879428     
 -0.411042427444510     
  0.619519209015554     
 -0.617118645736497     
  0.604313520949120     
 -0.176746739123987     
  0.231927949240279     
  0.242207238066827     
 -0.235859471572124     
  7.312261054229158E-002
  0.272142731013985     
  0.605362497343845     
 -0.284709286487857     
 -5.430280931774146E-002
 -2.855939449141298E-002
  8.765928432293270E-002
  7.889872704075077E-002
 -0.286577515665000     
 -0.112035596685927     
  0.397393375779496     
 -0.652424046170109     
  3.452959368772762E-002
  0.273965944593764     
  6.897772708119525E-003
  0.124072295035456     
 -0.386409568586276     
  0.117218130946342     
  5.333747451525888E-002
 -0.111555096860008     
   1.35519816972013     
  0.103881043099443     
  0.211065412854626     
 -8.215155654906154E-003
  0.312654783193527     
  3.064625461148239E-004
  7.834545763734851E-002
  3.594693404782808E-002
 -5.340111928776167E-002
 -6.507874893420762E-002
 -0.628675736276123     
  0.868296365387587     
 -6.410207217587319E-002
 -0.604295387639561     
 -0.251444376978678     
  0.286061027770826     
 -0.308028699165062     
 -0.341879529822372     
  1.361353332019762E-002
  0.323914098890090     
 -0.126185374282483     
  0.290139506417940     
 -0.242862144355263     
  0.200925607130801     
  0.179008931635018     
  0.215483856920997     
  0.307200659286134     
  0.206972926280116     
 -0.216254600691389     
 -0.699494667587710     
  0.361450870975707     
 -0.266729312116325     
 -0.136906303493159     
 -0.510659842429978     
   1.09402101976155     
  6.491117335665303E-002
  0.164287632777035     
 -1.121139663718597E-002
 -0.319820394997749     
  3.224657799838615E-002
  0.756675322730714     
 -0.187722455438121     
  0.129648186741511     
 -0.184394585815550     
 -0.478573955807095     
   1.73640488646397     
 -0.927631226650323     
 -0.569675679228393     
  3.553090512039567E-002
 -0.803582669015323     
  0.177601966276583     
 -0.191495122130272     
 -0.162567961610491     
  0.533636067929070     
 -0.313975938743844     
  0.253667398995875     
 -0.274756248371072     
  0.141801096221900     
 -3.414935946468927E-002
 -0.412620658797772     
  0.218462180773692     
 -7.397208713104739E-002
 -0.571727264970015     
  0.424235448865134     
 -0.207902962083110     
 -0.309704813833022     
  0.227887198732225     
  9.605833824509263E-002
   1.03099093831793     
  0.597250892969612     
 -6.198988662545299E-002
  0.420520032158233     
  0.312436062720299     
   1.01813522033592     
 -0.548527440161336     
  8.609305598498422E-002
 -0.164904925597536     
  0.578495807294542     
 -0.718636259087888     
  0.985488010498570     
 -0.165336126861204     
 -0.440160296386547     
  7.163567766044319E-002
  0.750662542174033     
 -0.264817813369010     
 -0.148594617127013     
  3.341451404026059E-002
  0.103035320480804     
 -0.544234467755514     
 -0.162839947251436     
 -0.358028722991405     
  0.430073617139335     
 -0.814798912107612     
 -0.175690429070868     
  0.739615378600857     
 -0.575702303315137     
  0.136476847077364     
 -1.053128154303280E-002
 -6.183533675531411E-002
  0.318370802630635     
 -0.590649758611631     
 -7.423671906635662E-002
  0.470504641247117     
 -5.167888034239709E-002
 -0.380162467554833     
  0.306125163592357     
  0.137885981398128     
  0.203921578397772     
 -0.135654296964980     
 -0.901207673022422     
  0.473962826185429     
  0.132702959005785     
  0.126230867382787     
  0.952404241046889     
  -1.12977743460141     
 -0.759137158369546     
 -0.115915068665907     
  0.394454049485964     
 -0.542283253664442     
  0.603159372113196     
   1.04710546849165     
 -0.653842815511947     
 -0.207041166401943     
 -0.280129767048256     
  3.055845389242605E-002
 -0.261664482076340     
 -5.844625281441552E-002
  5.153553966115035E-002
 -0.449674355145272     
  0.418892743825237     
 -0.402031513388520     
 -0.251184337703827     
 -0.508378222818752     
 -0.714196098551474     
  0.543728361545586     
  0.403529649373590     
 -5.029676441594297E-002
  0.321007914432421     
  0.373201636888126     
  0.453925713323771     
 -0.343752908292173     
  0.329786728189324     
  0.413237338879263     
 -0.195709899302773     
  -1.17863518579103     
  0.682390649167136     
  0.352471283156157     
  0.677763105310512     
  0.519593629156423     
  0.153451201297786     
  5.155207277765535E-002
  0.166737190803729     
 -0.190485241433663     
  0.410054389183676     
 -0.447394100597482     
 -7.545464920372941E-002
  0.206231459630243     
 -0.281181113953518     
 -0.650629915643537     
 -0.152840980383458     
  0.146885894862863     
  9.571968670847638E-003
 -0.295260504117577     
  0.376988766190401     
 -0.505856302789416     
   1.01884544070357     
 -0.363885287890586     
 -0.564066470867013     
 -0.179152131967001     
  0.386672332024935     
 -0.284152404499690     
 -9.561634586101274E-002
  4.981436998640676E-002
  0.435286822879261     
 -0.407571401283928     
 -0.221628271221618     
  0.201473910710473     
 -0.597435991157720     
  0.613710870184015     
  0.190772730907455     
  0.117207755352337     
 -0.573148344911314     
 -0.130561665379475     
  0.517786608066204     
 -0.205833430875291     
 -6.551509838647729E-002
 -0.517739194686536     
  8.137687019661966E-002
 -0.584259591302250     
  0.218030735368073     
  0.250405041601151     
  0.138450213889082     
 -0.188505960565628     
 -0.365028760042658     
  0.183484474682748     
  8.343287756850762E-002
 -0.170472341846752     
  0.659419059480864     
  0.321100097009228     
 -0.707595066254954     
 -0.105279593757936     
  3.241822903671172E-003
  3.954615418261323E-003
  6.724339885813836E-002
 -2.893807963540407E-002
  0.123705253200596     
  3.090184422532721E-002
  0.207375100571010     
 -0.511439136201512     
  0.594229030100435     
 -0.686851289175760     
  0.846392761654056     
  5.563145457265078E-002
  -1.16725645504366     
  9.596666700133344E-002
  0.218803532612803     
  8.691178768556022E-002
 -0.380742330769701     
 -0.264448228387832     
 -0.277739874359318     
 -0.561818180938860     
 -0.133860082771536     
  0.413506118161013     
 -0.708211440547043     
 -0.762163135001282     
  7.483997945536894E-002
  0.361958230093644     
 -5.775055416744608E-002
 -6.963811987194168E-002
  0.333403692072538     
 -0.106403870691380     
 -0.206137895633135     
 -0.998362878668840     
 -5.848059567869090E-003
  0.642758450793224     
  5.433411598377005E-002
 -6.291356993253230E-002
  0.112571913544158     
 -0.632068829091850     
  0.554054547518386     
 -0.301598488698448     
  0.253458912374764     
 -0.329418615204336     
 -0.770326712465996     
   1.52578505643588     
  0.504077667937170     
  0.133159428175503     
  0.169159632295145     
  0.587796417810482     
  1.685074387095070E-002
  7.352271941927144E-002
 -0.289917396076754     
 -0.146539040943246     
  6.759382646559252E-002
 -0.134472025468886     
 -0.356316840269550     
  0.276443259838772     
  0.360117000067065     
 -0.504777529302828     
 -0.267959833725540     
  0.642711060774677     
 -0.128211858907619     
  3.638828507140403E-002
  0.348180578079174     
 -0.542636837999147     
 -1.395355283225245E-003
 -0.746392918886041     
 -0.415283410442138     
 -0.244217539229821     
  3.884175671269840E-002
 -0.118370345877903     
 -0.624848127176377     
 -6.964336167449615E-002
  8.717132045585653E-002
 -4.695505959629950E-002
 -0.362788940526183     
 -0.352041920000513     
 -0.872379125145927     
  3.730484786316381E-002
 -7.165925685874543E-002
 -0.430020434094114     
 -0.354428961319996     
  0.710310640640047     
  0.205246309106248     
 -4.142597001862675E-002
  0.267402268229484     
  0.311164195007735     
 -0.435429686912244     
  0.134509217965066     
  0.579927511450521     
 -4.265295599248402E-003
  0.346676232329946     
 -0.353299236369293     
 -2.504812289489352E-002
  7.147527600059686E-002
 -0.168967439550552     
 -0.510804629414815     
  0.234342279922250     
  0.604511730904788     
 -0.376393167630395     
  8.225606818436035E-002
 -0.316627860687539     
  2.658865126700326E-002
 -0.191633493076119     
  0.585787678553418     
 -0.460851846959146     
  0.230820111683851     
  0.171981746440957     
 -0.105564390911500     
  0.223403246432472     
  0.353968355310161     
 -3.868874728299101E-003
  7.992979596045177E-002
  0.398710012975400     
 -0.399057704162578     
 -0.935361404869373     
  0.135885971960708     
  2.704057843732282E-002
 -0.205319881400468     
 -0.452137440800993     
  7.157985065432659E-002
 -0.261451688613066     
 -1.210436625155047E-002
  -1.37082492110702     
 -5.422766772707615E-002
  0.279021722317691     
  3.096258052554544E-002
 -0.224816844981053     
  0.367958511067085     
 -0.246707997923970     
 -0.451715067155909     
  0.477360573980849     
 -0.494740854433713     
  3.142925824811563E-002
  0.315285897653392     
  7.202352618793609E-002
  0.258268694956365     
  0.286064692553374     
  9.617965195516630E-002
 -0.425514893860187     
 -0.901817994605165     
   1.26140437253182     
  0.613406411697334     
 -1.884759539245639E-002
  0.208985217329067     
  0.140123121415704     
  0.478033982063527     
 -3.487768528077092E-002
  0.164121498786037     
  0.193788704734439     
 -0.138161131122726     
 -0.853701008609388     
 -0.227426707250311     
 -1.672223321971899E-002
  -1.04594435818471     
  0.751487055641009     
  0.469049067229703     
  0.286627504432622     
  0.947575334597987     
 -0.453698419323221     
 -8.829825973880729E-006
 -5.351550600488061E-002
 -0.210616407812065     
 -0.198133720207307     
 -0.144718380654660     
  7.009037081137684E-002
 -0.345993816776876     
  -1.00915852844812     
 -0.405904011565625     
 -4.982558590681777E-002
 -0.977240643834927     
  3.209886704280158E-002
  0.157434111401595     
 -0.288550938019616     
 -1.191703035194600E-002
 -0.400066891227912     
  0.600667530966535     
  1.733104914357033E-002
  1.130651536576981E-002
   1.12838048560078     
  0.123003075644592     
  0.242196562929387     
 -0.527926812273382     
  3.541109168228708E-002
 -0.634382281172311     
  0.368608584428943     
  0.591506576847681     
 -0.572135640279358     
 -0.130426542851640     
  0.353223521573371     
 -0.317642785188990     
  0.100268675890024     
  1.089147553916037E-002
  0.522973169312326     
 -0.750300471491486     
  0.763316746429634     
 -0.856879565770784     
 -0.105681491405106     
  0.103803688524474     
 -0.195366317370460     
 -0.101264164400256     
 -6.093228220626513E-002
  1.133620413241404E-002
 -0.803261841220598     
 -6.249807279290345E-002
  0.710343563726016     
  0.556203593405961     
 -0.273054574903126     
 -0.242194986050814     
  0.485133314011554     
 -0.231628023738550     
  0.479914674368619     
  0.385927654590324     
 -0.350611806046181     
 -0.495283406716662     
  0.167126057553086     
  6.637311001515196E-002
  0.139386760197966     
 -2.198231544016641E-003
 -0.166379997089065     
 -0.202907028515312     
  0.715281754542750     
   1.00324455529926     
 -0.525597270229068     
  0.562429953548478     
  7.280845340440696E-002
 -7.108877635999196E-002
 -5.975079268873391E-002
  0.849859351652586     
  0.479161704605311     
 -0.237419107106700     
 -7.610060042919677E-002
 -0.457458055511368     
 -0.297603320508307     
  0.585662058196780     
 -0.280993003846442     
 -0.774359020388668     
  0.154811271581009     
 -7.679581985468927E-003
 
 -0.301554805426053     
 -0.301764772716611     
 -0.821859631499252     
 -7.364106730823651E-002
 -0.146296486965105     
 -0.871134283517496     
  0.453159621567444     
  6.639372327696270E-002
 -0.905194594256443     
 -0.965092412564925     
   2.87240852119760     
 -0.455003571719284     
  0.478108745262312     
 -0.251694893495644     
  -1.00299780072505     
   1.15213323142282     
  0.175824840198369     
 -0.306831438811042     
  -1.26429339196703     
 -0.577782283745763     
  0.856788280963933     
  -1.00333705008704     
 -0.176328695377922     
 -0.649651157022682     
  0.491496089182847     
 -0.180148873392179     
  0.539916748058748     
   2.29692023029605     
  3.053171019380508E-002
  -1.06030029892283     
 
  -1.21953027110225     
  0.498281170479897     
 -0.489673693623532     
  7.533474775056319E-002
 -0.274224283631004     
 -0.587589639106542     
  0.403926269155344     
  0.529707996516888     
 -0.259576519287295     
 -0.423025376533781     
 -0.215738049695854     
  0.766906601155604     
  1.267867433480215E-002
 -0.325836154443479     
  0.348201063285843     
 -0.755612913348802     
 -0.208171349622275     
 -0.233404599350625     
  0.673906651562627     
  0.636901721223306     
  0.154548120468790     
  0.203432530131368     
 -0.917214699472606     
  5.482175884986744E-002
 -0.412872996240819     
  0.356082600685521     
  -1.20161631763292     
  0.550826628057928     
  0.381629803649863     
  7.669607051039658E-002
 -6.018615091466522E-002
  0.184937160181508     
 -0.446787087807862     
 -0.198817839155985     
 -2.507770493393368E-002
  0.265191860460539     
 -0.160823170626971     
  0.304279954928907     
  0.753973889254517     
 -0.604769543676434     
  6.943891929882987E-002
 -0.225173611090281     
 -0.721978759437177     
  0.382891227960727     
 -0.685048098589519     
  0.773121620393501     
 -3.559454632030467E-002
  0.208243401915566     
   1.43719007285381     
 -0.976632001706103     
  0.123229111824143     
  0.310075148731408     
   1.07979086164205     
 -0.383017342711657     
 -0.320052262028844     
  0.296014164160044     
  0.684854732639285     
  0.376932560943500     
  9.101865848924676E-002
  0.182968999009817     
 -0.261288526365549     
 -0.581882731304302     
  0.112358393562353     
   1.03757199391416     
 -0.338647351797725     
  0.570726832245155     
  -1.52122546351894     
  0.226890001069253     
  0.669210399938663     
  0.633026960535377     
  0.427043265418243     
 -0.527730392047312     
  0.907387730130264     
  0.669813359847653     
 -0.491666317400333     
   1.29192620181198     
  0.672472128701582     
  0.718975467146108     
 -0.362929044584073     
 -0.877318175405321     
  0.559743324891580     
 -0.111271536532014     
  0.929825725710014     
  0.140147684517622     
  5.551899725570783E-002
  0.508951714555961     
  0.222461795528785     
  0.305627063638655     
   1.15042574173533     
 -0.249879265154420     
  0.105708858375019     
  0.242238721818234     
   1.35828290062586     
 -0.701916600996356     
  6.698690818774872E-002
  0.183132696424462     
  0.528783001575259     
 -0.344202315401790     
 -0.583363833227469     
  0.862839399892413     
  0.654906889729879     
  0.531248807181239     
 -0.197835684018581     
 -0.586208090226149     
  -1.20044035777670     
   1.06119067894602     
  0.780526058764000     
  0.357730292402814     
 -0.840685652946284     
 -0.457811225461398     
 -0.259100040539615     
 -0.182542366889869     
  0.790729452187179     
  0.209631065828818     
  0.369388612255986     
  0.336584802483648     
  0.787471376703770     
 -0.600503749370095     
 -0.799419524128506     
   1.11081468557046     
  0.510936695721527     
  0.261021965384766     
  0.111498641471727     
 -0.672944736623552     
 -0.122382333442855     
 -0.381233012052125     
  7.081429240256203E-002
  0.488429571315184     
 -0.136513245788737     
  0.655988373628764     
 -0.564130589448075     
 -0.201024888034745     
  0.647251475108125     
 -0.368751661272855     
 -0.604807301477097     
  0.669274541001151     
 -0.210323261763561     
  0.464105785725078     
  0.196195655320339     
 -0.119817211141650     
  0.456159202722478     
  0.418860959731270     
  0.534509030441663     
  0.545424245686073     
  0.871793748809176     
 -0.326628875422028     
  0.200399081157021     
 -0.411217813654089     
 -0.272520661547641     
  5.185685934839341E-002
 -0.769696606450527     
   1.58685135870546     
  -2.26103567306857     
   1.57684043610076     
 -0.835075147338965     
  0.437740640466824     
  0.610102003340630     
  0.398481529160256     
  0.141890344285011     
  0.208313836858284     
  0.108107634540868     
 -8.419359634224948E-003
  0.259762690275062     
  3.146051645020559E-002
   1.64212651786086     
  0.803544900981784     
 -0.398869541516001     
  0.859875956678494     
  -2.13402212538802     
 -0.280868907432870     
 -0.874492430098832     
 -0.520316031911313     
 -0.788190172077495     
   2.22878419256878     
 -0.729696685210300     
   1.22247335805566     
 -0.383999655392746     
  0.715704057157009     
  0.729598518607809     
  0.761000295230896     
  8.302928810849378E-002
 -0.181218134432736     
 -0.466466758322020     
   1.22639683395318     
 -0.431291789608716     
  0.133158341293939     
 -0.421679252621774     
  0.295823138094028     
 -0.340646855059845     
  0.312041525126381     
  0.286990584989577     
  0.265082908008101     
 -0.598046611545578     
 -8.330145534332095E-002
  0.810131642904298     
  0.175346014931912     
  0.145817897941184     
 -0.258733411532672     
 -0.811109672326202     
 -0.340103146759742     
   1.04146870878663     
  0.174326590218046     
  0.231101253069008     
  0.824076352444513     
 -0.774817426186247     
  0.225362408799150     
 -0.189110962059381     
  0.284154114703573     
  0.120700678032825     
  0.767073343665524     
  0.585009183168826     
  0.164007227240604     
 -0.253946282544182     
 -0.602462642923896     
  0.860085805576208     
 -0.216654323001223     
  -1.01805796208972     
  0.333337833821610     
  0.746592070686138     
 -7.526542144639115E-002
  0.450068057414612     
 -0.276406918814918     
  6.823261054953873E-002
  3.664013142469046E-002
 -0.457031962404986     
  0.419638766573055     
  9.066287729682265E-003
  0.298873139864047     
 -9.862784449427604E-003
 -0.694967094530531     
   1.16761239041533     
 -2.727757912602115E-002
  0.749629335719375     
  0.922173014307859     
  0.412480809203204     
 -0.114832813441398     
  0.835604969915013     
 -0.421033107082856     
 -0.463351725088453     
  0.335652922343694     
  0.155630527268948     
 -0.297086559618800     
  0.183056865017080     
 -0.184569712874029     
  0.423689098932836     
  0.167181921721847     
 -0.491302115498120     
  7.715231200397797E-002
 -0.559582418668413     
 -0.315540165314979     
 -0.816392912520987     
  -1.01002366078175     
  0.136965260587420     
  -1.47085943013292     
  -1.04389587272998     
 -6.108874393018101E-003
  0.118176830813224     
  0.135413348039165     
 -0.795898713489864     
 -0.239349604100101     
  0.487119826759106     
  0.739048271864052     
 -0.148741138318439     
  0.443897379283501     
  0.732542771718617     
 -0.287487746508793     
 -0.759858791493924     
  4.284929695785299E-002
 -0.425226782471551     
  4.444278973617852E-002
  0.460274517368764     
  0.741338785961610     
 -0.279830777131720     
   1.51453609287788     
 -0.862041407821218     
  -1.70814350519317     
  0.493762185867154     
   1.69120484443967     
 -0.427715505976355     
 -0.474205154615290     
  4.025829240094494E-002
 -4.586744164227220E-002
  0.707984363686791     
 -0.332064118004939     
 -3.930747898525000E-002
   1.27700572804030     
  0.495865056219574     
 -0.353768237402989     
   1.74991044953356     
 -0.717705039213243     
   1.60134930951758     
  -1.82248422603644     
  0.500451937941371     
 -0.176215903702752     
 -0.412982212407297     
  0.662657161991635     
   1.00136539646668     
  0.731982209268838     
 -1.581510946222502E-002
 -0.267782140730644     
   1.59956627706026     
  8.683674330440391E-003
  -2.06500478397331     
 -0.371407690038686     
 -0.234353220565209     
 -0.168125927605646     
   1.58936626775116     
  0.766920091702588     
 -0.411996363807192     
  -1.32580821875373     
  -1.38409342233220     
  0.146025415328967     
 -0.994333641017385     
  0.139512127797234     
  -1.06095824125052     
   1.09881329197139     
 -0.594972499310175     
   2.34359103505223     
  -1.30576810030278     
  -1.96442009866535     
  0.757789426128993     
 -0.467171744759421     
  0.456153508791303     
 -0.451012501021827     
  0.123527350092751     
   2.12224112874615     
   1.41663341029348     
 -0.395324320753043     
   1.51944720696892     
  0.993102374160785     
  0.990735321464007     
  0.180238901116946     
 -0.358503877388455     
  2.906110452817952E-002
  -1.51403393174510     
 -0.210091885380740     
  0.684023311422275     
  0.467154395511035     
 -0.393482395641795     
  0.604731831122053     
  0.579834782889656     
  0.361327828184605     
 -8.634610677704779E-002
  0.107616259835114     
 -0.380744359484937     
 -0.215144966728932     
 -6.764531014423113E-002
 -8.974614268125536E-002
  0.123673514250792     
  0.327829960262692     
  0.862960993703383     
  9.910816643148522E-002
 -0.492812217585309     
  0.135551645159533     
  0.196371031124692     
  0.554051022980957     
 -0.891405153758651     
 -0.330082217685537     
  0.617157799423545     
 -0.724824932109338     
   1.14361353507501     
  0.258932879149655     
 -0.429650500308311     
 -2.653167631416385E-002
  1.988442944553358E-002
 -0.634783893047479     
 -0.459784215241748     
 -0.483211866356686     
  0.481141970148500     
  0.595668091171582     
   1.21146022070928     
 -0.352295703515579     
   1.05878205354049     
 -4.557454253707005E-002
  0.251775545703670     
 -0.290129097506312     
 -0.170928975802381     
  8.231015194652465E-002
 -0.807800153185414     
 -0.834856800944665     
  0.502115346220872     
 -0.230074662523316     
  0.663373421088395     
 -0.282766280151792     
 -0.240693732467164     
 -0.278610809182939     
  0.676355066218576     
 -0.509786297378533     
  0.132151220363264     
 -5.187349427838066E-002
  3.334917052983148E-002
  0.218382442137159     
   1.22171315523541     
  -1.83668600205181     
  -1.09336379855650     
 -0.761385124225769     
  0.784283446289472     
  7.966838214141428E-002
 -0.309349587530394     
  2.185003841448831E-002
 -0.774868531277151     
  -1.72163808402292     
 -0.217788711723506     
  0.550681040535587     
  -1.12260557511212     
   2.68698401937613     
  0.341524663459260     
  0.220314444658832     
  0.593223674583715     
  0.387904167793545     
   2.00405835796710     
  0.382101562614007     
 -0.418094472858714     
 -0.152331829440306     
   1.09606913652712     
  0.826639467856333     
 -0.388720808390922     
 -0.731025973344348     
  0.106629001296011     
   1.30908444998300     
  0.707078171761200     
  9.205240794921302E-002
  0.688635177627234     
 -0.905012868773419     
 -0.233490667175943     
  3.811342682935833E-002
  0.562817935839543     
  0.972619873239508     
 -0.165745911289417     
  0.196663188497765     
 -0.109339029390672     
 -0.379234488549935     
 -0.881849071249934     
 -0.188647150968491     
 -0.761887399787309     
  0.445298732531756     
  0.812637462427555     
  0.875548157039790     
  -1.28601368935570     
  -1.57941199891651     
  0.776144520174095     
   1.46066993470791     
  0.500783543021799     
 -0.214470307397131     
 -0.449531895352457     
  0.474634373189746     
  0.972723426801964     
 -0.938927890956628     
 -0.101609713748595     
  0.529041529535028     
  0.968842334569692     
 -0.170055911814753     
  0.258904429815230     
 -0.721184284651914     
  0.109269730659509     
 -0.160970265433700     
 -0.574218807698701     
 -0.337809115235486     
 -5.459053214353541E-002
  0.787091485822600     
 -0.987554679024790     
  1.179450132237970E-002
  -1.98413251352590     
 -0.535504316164850     
  0.926413511403188     
 -0.588369238013149     
 -0.668644486343211     
 -1.503768643057816E-002
  -1.00510405162358     
  -1.29811126520425     
  0.802266611860028     
 -0.515257085654494     
  0.450075857390859     
 -0.417532950669475     
 -0.589615209603082     
  -1.16436266864973     
 -0.190068699278296     
   1.16439693352670     
 -0.664513695649418     
 -2.701129097057474E-002
 -0.115570003035918     
  -1.03341044604762     
   1.63338401966000     
  1.169080727073636E-002
 -2.942612652587430E-002
 -0.209039067360401     
  0.627064224523496     
  0.397795725865817     
 -0.131690660951477     
  0.309541129677400     
  0.406040955050458     
 -0.375003610932346     
  -1.25399801698611     
  0.150145406279987     
  0.602198737498299     
 -0.982425801754696     
 -0.636220129446026     
  -1.00801967784085     
 -0.852722250149608     
  0.279166910839474     
  0.323687224356961     
  0.736743476846421     
  0.504282042759005     
 -0.486594068122525     
 -0.647433694055739     
  0.170609139872531     
 -0.447533214902837     
  0.897576902563257     
  0.310912871302984     
  9.158327629464584E-002
 -0.376079666013451     
  2.020434344256249E-002
   1.25575351664361     
  0.997819579237676     
 -0.591971380436119     
   1.29281976986943     
 -0.329049932279572     
 -0.857484814236025     
 -0.534348969350819     
 -0.395080695221196     
 -0.454419638954218     
  0.726354158834548     
 -0.667018082413054     
 -0.313341927729094     
 -0.787011837465919     
   1.34027531882669     
 -1.914110007155552E-003
 -0.170214532851966     
  0.803497306729960     
 -0.589270886280360     
 -0.731922781529661     
  0.218717002656853     
  0.261851240726139     
 -0.386181511005445     
 -0.135399865316579     
  0.139089859084811     
 -0.276006406549076     
 -9.599997494374457E-003
  0.454399640194057     
 -9.834998050448646E-004
  -1.10416548595293     
 -0.793757008994218     
  0.352496422894006     
 -0.374038416785525     
 -2.796571089718357E-002
  0.803228749305898     
 -0.664018274890754     
 -3.117999026148839E-002
 -0.551684312733110     
 -0.144618623478267     
 -0.970713558878496     
  4.944671811376906E-002
 -0.870099766502298     
 -0.240279906746227     
  0.658065163629427     
  0.426520656344968     
 -4.045223577508833E-002
 -0.275574932994675     
 -0.918499689779882     
  0.583893911805605     
 -0.265610112284808     
 -0.484680100757604     
 -0.619859631194120     
   1.37037016297176     
  0.500414768441341     
  0.731721469884869     
 -0.144905607781161     
  0.478394289474386     
 -0.510139728483941     
  0.456180668981767     
 -0.115587249868744     
 -0.238061548683372     
 -0.521461235505399     
  0.919252533777759     
  0.307961111593082     
 -0.539654491067895     
  3.476459531973210E-002
  0.100524077955334     
 -0.379023985675501     
  0.103782061722995     
  0.495370902759264     
   1.26386856255523     
   1.39780425169054     
  0.229815447543200     
  0.214478620429210     
 -0.132543121117270     
  0.235588133619071     
 -0.414577827382852     
  0.672296054752030     
  0.958200421777313     
 -0.432842724566710     
 -0.835905328701460     
  0.182697248377481     
  0.278324695341080     
 -0.981915282531471     
 -0.354160640531361     
  -1.14588568657138     
  6.762917502392334E-002
 -0.274482131375169     
 -0.880441721775536     
 -0.874209051521651     
 -0.325437705162318     
  0.332647743709263     
  0.592822848489385     
 -0.341408142883406     
  0.891324479934766     
  0.431437289874678     
   1.29351831133052     
 -0.747814352453363     
 -0.110057829114429     
 -0.114612954226037     
  0.118372686400125     
 -9.940443566854046E-002
  0.217821287984766     
 -0.203528652351764     
  0.931548202986356     
  0.294784929753807     
  3.162232115452648E-002
 -0.560751719686021     
  0.688939458925280     
  0.240209597896710     
  0.256788070181857     
  0.336370582693918     
  0.320500232933893     
 -9.191128954026896E-002
 -0.345152217996498     
 -0.186862760870199     
 -0.495749221247785     
 -0.436454991777971     
  0.500676323067044     
  0.555222061425222     
 -0.644502226089574     
  0.759762286989956     
 -9.933560972415230E-002
  0.634562084228536     
 -5.630585481692391E-002
 -0.337573282764259     
  9.704922665464175E-002
  0.139683175718916     
 -0.123152191514238     
  0.202228831326125     
 -0.125914546092936     
   1.20454487046249     
  0.109948421059282     
  8.576072726242548E-002
 -0.868634702604221     
  4.431805443698908E-002
 -0.188160001403656     
 -0.571932204060289     
  7.375922045432490E-002
  0.405674671322545     
 -0.387216736585581     
  0.578765806252013     
  0.327380633848943     
  9.888648283321616E-002
  -1.20050161538480     
  0.546904236860849     
 -0.262319098513698     
 -0.678451820460339     
 -0.363555306221808     
 -0.764816686121702     
  0.133866845319465     
 -0.495682239794178     
 -0.680181407379497     
  0.505682376184850     
 -0.110244717212317     
 -0.156826126820433     
 -0.144065722170369     
  0.370240803138635     
 -0.611778828242302     
  0.454985980969183     
 -0.431671936385577     
  2.805101951009029E-002
 -0.385071096368306     
  0.323601803242068     
 -5.876379052509445E-002
 -0.385968884451751     
  0.163537369872130     
 -0.124997432310123     
 -0.462695674189852     
  0.285773710567849     
  7.647791863754956E-002
  0.510151038020640     
  0.698705720123543     
  9.883155043670447E-002
  0.426250050937230     
  0.613520442115174     
  8.759583553161912E-002
 -5.220699075612810E-002
  0.304151026590394     
   1.09491122713834     
 -0.642658267922356     
  0.892249686880874     
  0.102577232799215     
  4.493994770588211E-002
  0.500467283395620     
  0.910963228341606     
  0.125979197296786     
 -0.399197050179351     
 -0.116869308978011     
  0.750868682744546     
 -0.120478678616437     
  -1.49491047356478     
  0.211281791253307     
 -2.750293067244546E-002
 -0.274976423763460     
 -0.623882732094819     
 -0.160565900416240     
 -0.591528922621334     
 -0.715627477127754     
  0.665402670249551     
  0.422253802375054     
  0.564313559529496     
  0.199098136321122     
 -0.655410609044331     
  7.791338422031123E-002
  0.363220909938135     
  0.496339153839901     
 -0.154950458204484     
  0.736155792016218     
   1.25689081790363     
  0.324758612804849     
  0.159756282604476     
  0.342603051107533     
  0.145692052695752     
 -9.728271589039911E-002
  4.374200305390234E-002
  -1.34978879381350     
  0.685136563401794     
 -0.135586945379042     
 -0.257751030745937     
  0.316586711896585     
  0.224280051781601     
  0.847284871870581     
  0.744117868672413     
  4.219828166883659E-002
 -0.728780972515256     
  0.717827242451047     
 -3.950350833843509E-002
 -0.122774675204484     
 -0.633599703005924     
  2.407504371257248E-002
 -0.340277889310952     
 -8.873833185314711E-002
 -0.730109334281426     
  9.667270955885912E-002
 -8.612847816836276E-003
  0.278989019014369     
  0.317272622006452     
 -0.144297114901292     
  0.112921121807582     
  0.707251255263541     
  0.391488257958441     
   1.16756982388530     
  6.722893001128256E-002
  3.831635144282414E-002
  0.223668692329162     
 -0.137323786617343     
  0.261424684105827     
 -0.662538433667615     
  0.861925968277580     
  0.497810156440420     
 -0.163424867783597     
  0.970257841941101     
   1.13553947857190     
  -1.35298112821962     
 -0.199922241684844     
   1.45775146665786     
 -0.956266854969968     
  0.332948809700980     
  0.991895128178984     
  0.213548237281830     
 -0.517681944424843     
  0.368969620513546     
  0.272936509662760     
 -0.713805298555114     
  0.106747677875392     
 -0.754340963977714     
  0.355915560717728     
  0.316871620848281     
  -1.57266828512364     
  0.217876654729340     
  0.859989835488308     
  0.362569898233477     
   1.16102206589318     
 -0.153028193223594     
  -1.22218039316488     
 -0.739416315442707     
 -0.191036762156024     
  1.896024234417856E-002
 -0.301687087369690     
  0.389073242521463     
   1.81680113788647     
 -0.743336370344158     
  0.380244579074702     
  -1.13622105893176     
  0.103481472004115     
 -0.496980318960194     
 -0.403390310122864     
   1.48953032961840     
  0.207057079026348     
 -0.291449837845706     
  -1.16909535338351     
  0.390388750510607     
  0.415186374037389     
  -1.63070613223531     
 -0.185615046672111     
 -0.283301771174043     
 -0.446750113934433     
 -0.854357266184839     
  0.296703311774310     
  0.404550602926387     
 -0.996854733920650     
  0.408088088557799     
  0.458796779989639     
 -0.514422004432203     
  -1.56112079356905     
 -0.601816268964297     
  0.440318030694270     
  0.549318198765819     
  0.675670119549648     
  0.248927687334042     
 -0.558050231681569     
 -0.330224084813257     
  0.739553788827283     
 -3.994658630585120E-002
 -0.126133230081264     
 -0.254325141997590     
 -0.603716687971295     
 -9.622526503990171E-002
   1.17237937101028     
 -3.059934953677527E-002
 -0.844917715593188     
 -0.155714174820366     
 -0.353804203222456     
   1.17696219634246     
 -0.323346419591838     
 -7.494113155954055E-002
  0.689817009666332     
  0.849186739594771     
  0.965714460377259     
 -0.854212218421977     
 -7.822744340772847E-002
  3.700558495183710E-002
  0.547022883216124     
  8.482677572130660E-002
  0.902073648719247     
 -0.466862507015253     
 -4.023156929035594E-002
 -0.436960692351925     
 -0.371164648646329     
 -0.873880460156742     
 -0.463534952382313     
  0.166544783241473     
 -0.440731249874309     
  0.740020249685422     
 -0.896346648790233     
  0.569173063265861     
  0.558456556918685     
  0.173868107894343     
 -0.736406944521800     
  0.412610621106010     
  0.836897338011912     
 -3.530990738607184E-002
 -0.253555641015852     
 -0.268222269861935     
  0.731192096366556     
 -0.238368559472728     
  0.284301298657340     
  5.300443656802477E-002
 -0.398128457111882     
  0.580172033545757     
 -0.630121042721224     
  0.662918679799280     
  7.097756677018968E-002
 -0.125975184972724     
 -0.802465356826015     
 -0.327936767154879     
 -2.997192036538717E-003
  0.532534648512156     
  0.690584701916657     
  0.480920819480015     
  -1.16727303756215     
 -4.863241313766115E-002
  0.685535518795113     
  0.212722244888144     
 -0.289327548506615     
 -0.139694554903081     
 -0.970205616066947     
 -0.453816041285570     
  2.208352575995639E-002
 -6.958486552194965E-002
 -0.630902363510887     
  0.648608136252764     
 -0.888369774607224     
  0.749135424270282     
 -0.744485002521000     
  0.652313681381776     
  0.536546309368191     
  0.432256992861979     
 
 -0.507115844538160     
  0.329077262732412     
  0.185971394224579     
  0.127940278318118     
  8.869070604457430E-002
  -1.33625115539646     
  0.553945864823881     
 -0.718544712385229     
 -5.627199231141598E-002
  8.979051394580699E-002
 -0.229125408599851     
  7.017701854549022E-002
  -1.80377804418622     
  0.771938865309978     
  0.512991393779054     
  0.622758905785586     
   1.60202208127739     
 -0.130226505110557     
  0.539781448749042     
  0.306999055164778     
  4.359731863618362E-002
 -0.792733786045717     
  -1.27963797395290     
 -0.337764269835354     
 -0.320840233142572     
  -1.11016489557678     
 -0.523066935242787     
  0.433755528113606     
  4.632639140215943E-002
 -0.115337387447738     
 
 -0.581815135226286     
  0.464015335573369     
 -0.139503107021281     
  0.301569704072389     
  0.885173642821655     
  0.578182750187795     
  0.759832880758780     
  -1.17629297724574     
 -0.180408700163222     
 -0.866208384687717     
  0.385711068097771     
  0.240617971416134     
  -1.44589329344220     
  0.758753185007695     
  0.561176757775133     
 -0.391893309304889     
 -0.634164094793636     
  0.153690087853872     
 -0.592351680837533     
 -0.303760158254034     
 -0.570824241172586     
   1.91185036101978     
  0.778154367528799     
 -0.556170987861311     
  -6.46601119818144     
  0.105116625797345     
 -0.350257657493534     
  0.453088998592789     
  0.190127427137872     
  0.914903563969706     
 
 -3.939104761904762E-004
 
  tansig  tansig 
