     33 -    30 -    30 -     1 
rmse=  25.5779meV
 -0.427741268694601     
  0.323362773498522     
  -1.00454620899375     
 -0.861254965973230     
  -1.15939529357409     
  0.326940946543440     
  0.103358122389086     
 -0.329746204672375     
 -0.276280708921845     
 -0.111086645610414     
 -0.258765164555916     
  0.397537741199838     
 -5.658543574561489E-002
  0.417017704999979     
  -1.14433447811465     
  0.827685111301755     
  0.135756779596248     
  0.633124403925494     
 -0.313776759946089     
  0.285306629761565     
  0.638546679927365     
 -0.104123453815320     
 -0.350910905932651     
  0.455760609596928     
  8.116669103970610E-002
  0.718252504482516     
   1.25941260006713     
 -0.193890854415196     
 -0.170437848251384     
 -0.104742206168086     
  0.327459714893009     
 -0.531724667613779     
 -0.503747910335500     
   1.15212298961921     
  0.701792224322433     
 -0.641578787124387     
 -0.408469504089180     
  1.167439140142218E-002
  0.241513361649688     
  3.468339079246405E-002
 -4.381247940429352E-002
 -0.308892959749532     
  5.491155229405371E-002
 -0.146087532706116     
  0.253636817882425     
  0.325308813824556     
  0.210391092182592     
 -5.330633927791200E-002
 -0.485996176212684     
  0.195455655674081     
  9.222278903597270E-002
  0.191452658146553     
 -0.512775314745611     
  0.353997348716521     
 -7.550633142682579E-002
  0.123567579117154     
 -0.302141454212577     
  0.682332566073520     
  0.197824241526347     
 -8.980061957786424E-003
 -0.489437067267376     
  0.127807307191493     
 -0.481942367377218     
  0.284310336017687     
  0.399498966649409     
  0.146049189737707     
  -1.13850617216567     
  0.307780099225673     
  2.310223296463055E-002
 -1.721300718196200E-002
 -6.655554031422450E-002
 -0.272336641546348     
  0.609364745691147     
 -0.280408601313019     
  5.120556043796160E-002
  0.135443495878098     
  0.130815119353690     
 -0.975936100690990     
  0.531321114412709     
  0.404429888692603     
 -6.981809339300439E-002
  0.215877560059115     
 -9.862603877089815E-002
 -0.260375739295699     
  0.393647759362578     
 -0.572044481239397     
  0.168580677822498     
 -0.156519698145566     
  0.532285178052000     
  0.553650797123392     
 -0.730141264774318     
  0.259398829562975     
  0.555020716795444     
  0.442019514418028     
 -0.204318214639262     
  0.253640148146897     
 -3.603182795723597E-002
 -0.474546519827664     
 -0.232513225023370     
 -0.623528274299433     
  0.151189728898930     
 -0.456575265708538     
 -0.728506769946109     
  0.288475458018112     
 -0.529917918495328     
  0.491054258881181     
  0.604027525285363     
  0.582371265578319     
  0.254310179206382     
  9.611261166988230E-002
 -0.819868071030503     
  2.618300622688882E-002
  0.468622387738540     
  0.417540814623991     
  0.695187336661523     
 -0.365743589652287     
 -0.346800051485418     
  0.455178318059574     
 -0.243212406106015     
  0.272645542381562     
 -0.155058525374932     
  0.468218204351023     
  0.192783844368062     
 -0.395767809315451     
  0.680060179271125     
  0.152222864406950     
  0.351064993855094     
 -0.897518704951205     
  0.133856107133187     
 -0.560188694772602     
  0.506086826068970     
  0.776422504287722     
  0.386272338195190     
 -0.409025240425085     
 -0.141401376534422     
 -0.779464364981149     
  0.326484785322043     
 -0.822374113681945     
  0.950915752032506     
 -0.391962519437694     
 -3.586545419536936E-002
 -0.581478866528971     
  0.243313692813759     
 -0.222460095353545     
  0.522752610269033     
  5.476230886394878E-002
  6.312844175087212E-002
  0.615087868192350     
 -0.607203887734064     
 -0.258626463145101     
 -0.302330840936912     
  9.752014586687520E-002
 -1.130977093534414E-002
 -4.691963846348343E-002
  0.717844885366798     
  0.704195546419427     
 -0.425602450733507     
  0.508520700630092     
  0.500973311293793     
 -0.379464982067619     
  8.828013622374227E-002
  0.291548894189551     
  0.505083171922122     
 -0.354552684314030     
 -0.124157033220589     
  0.708258813452046     
  0.643246477515018     
 -0.784356556380180     
 -0.150995969859150     
 -0.722553315965749     
 -0.267306349188116     
   1.02885118307283     
 -5.235095410311780E-002
  0.114612544653414     
  0.145320360435595     
  0.146804370557205     
 -0.388913658380519     
   1.10955598865179     
 -6.957070753492081E-002
 -0.156561667138976     
  0.906266093587412     
  -1.18243567632206     
  0.464079371480927     
 -0.192724640685510     
  0.190418606171790     
  8.345709579865548E-002
  6.661596804700134E-002
 -0.119404942232516     
  0.365226184711752     
 -0.277879300292178     
  0.531355528971323     
  0.267389320653402     
  0.544954748293348     
 -0.535687932238858     
  0.197390623724431     
 -0.371943040288403     
 -0.187941420497124     
 -0.182766526562256     
 -4.948457551028811E-002
 -0.372928899941344     
  0.329225653297416     
  0.611950331943309     
  0.359643664847568     
 -0.425122266005746     
  0.410317106930492     
  2.116499574827939E-003
 -0.436948548046139     
 -1.816285327341086E-003
  0.191880007081651     
  0.140002065230842     
  -1.75458275759283     
  6.444318578836042E-002
  0.184950664502562     
  0.146273641232234     
 -0.882266034127713     
  0.942344720837278     
  0.448437713391676     
 -0.581307381602240     
  0.258540136391360     
  0.112017508508400     
  2.332067865640403E-002
  0.103559535955223     
 -0.933685306874291     
  0.142671526369633     
 -0.647401451033064     
 -9.277526001228216E-002
 -0.116670884818052     
 -0.197372811436222     
 -4.190305556482832E-002
 -0.155539242173777     
 -0.509691367461779     
  0.993953667541868     
  0.553083843806311     
  0.317635416266313     
  -1.15477104700230     
 -0.589107549424648     
  5.003699082585467E-002
 -0.352376102523375     
  0.225656667004520     
  0.488969491346073     
 -5.162621267028721E-002
  0.547406680216153     
  -2.13382710098700     
   1.06480599268048     
  0.510988398007008     
  0.250777548107851     
  0.203955724608659     
 -3.538921575603535E-002
   1.66502184714682     
 -0.667778077760283     
  0.190732855593078     
  4.236593523769433E-003
  0.221916849159191     
   1.29312855111705     
 -0.975203352976907     
  0.526470282494636     
  0.756114607148922     
  0.317101891429311     
  5.455021710115531E-002
 -0.306266133792204     
  0.615423924684332     
 -0.742372906840604     
  0.679179351928049     
 -0.248903932251310     
 -0.920736552918163     
 -0.364340928243879     
  0.536323457037022     
 -0.132722110719002     
  9.495468787743727E-002
  7.578437391860629E-002
 -6.182852408844084E-002
 -0.132271953761914     
  0.156133647443837     
  0.522194419698505     
 -0.510310945552767     
 -0.211931684092494     
  -1.06398449930020     
 -0.159596349999657     
  0.336387521781543     
 -0.472157822700861     
  0.632745090163989     
 -0.434802907323352     
 -9.482266344745692E-002
  0.292460004039541     
 -0.582156513178100     
  0.392478310687862     
  7.873544440763340E-002
  9.872993156728870E-002
 -0.317232503546329     
 -0.353529378486660     
 -9.993590961974397E-002
 -0.358646065793029     
  0.159133454139126     
  9.766077206140245E-002
 -0.176780612283187     
  0.245318113405242     
  0.265549795773287     
   1.04879912277837     
  0.167820247314570     
 -4.287067992503021E-002
  0.427103885590613     
  0.426073101463282     
 -0.267155315106792     
  0.828043194420841     
 -0.192907533033241     
  0.453910274452466     
  0.421232139739149     
 -0.166196351125179     
  -1.14409603568576     
  0.527651208574882     
  -1.07888665959130     
 -3.734109623629456E-002
  1.553697683618610E-002
 -0.477101452214048     
  0.239394985535647     
 -0.740059563054388     
  0.559376135612161     
 -6.642766129514169E-002
 -5.033385077334510E-002
 -0.565637402115251     
  7.559876163390589E-002
 -0.119352650653875     
 -0.533306852579358     
  2.124328925633961E-002
  -1.00807944903526     
 -0.185542196154096     
  0.236425514533564     
 -0.426605014079928     
 -0.188303980719539     
 -1.766929387038090E-002
 -0.411243460565668     
 -0.265669894506627     
  7.539868202677531E-002
  4.952012857088219E-002
  0.123935978327236     
 -0.277917074247018     
  0.144439730378635     
  0.250489509513806     
  0.199438724313532     
  0.239593197942223     
  0.375630917886813     
   1.14421892762281     
   1.15095999235444     
   1.42103369643131     
  0.344427789286630     
  0.309928378148268     
  0.135580435589570     
  0.370092831411539     
  0.179534755889269     
  0.149873481647540     
  0.190406630852659     
  0.137076499330685     
  0.248595344948109     
  0.105707523996571     
  0.720774029641050     
  0.167606351710581     
 -0.366951479302800     
  0.190150972210837     
  0.200725806819012     
  0.262854575168455     
  0.457121818205284     
  0.344443043274530     
 -0.135243688143084     
  0.807035961300575     
 -0.914023284406346     
  0.585206739745103     
  0.519616660492140     
  3.012109663608561E-002
 -0.321026201558322     
  5.455739732292713E-002
 -0.296978879293398     
 -0.557892403036505     
  0.266974729480716     
 -0.270034592523234     
  0.542640003323648     
 -0.897288515094573     
  0.267164931925049     
  0.326059519759606     
 -2.380717519004048E-002
 -0.175050843052529     
  6.517924989692260E-002
  0.525296426744768     
 -0.514565723116430     
 -0.133799743908154     
  0.168256013316886     
  6.509678187052115E-002
 -0.213299254817272     
 -4.595300819585925E-002
 -0.333160266383252     
 -0.327718066665204     
 -0.233514422612642     
  0.454862766297404     
 -0.164667108102250     
  0.251229441502298     
  0.482581665449562     
 -2.646002582514014E-002
 -0.288500462744455     
   1.16932271456599     
 -0.835395887793640     
  9.987161554489282E-002
  0.119771570384049     
  2.935754169778173E-002
 -0.592510206311549     
 -0.434832424527239     
  0.171110395854234     
  0.553517313131480     
 -0.245934435524291     
  9.949185893859996E-002
   1.22878076903547     
  0.214616508809229     
  0.456009408605349     
  -1.14538574304343     
   1.26306619993363     
  0.248566106100704     
 -0.383184023098368     
 -0.182860843585360     
 -0.679581406302915     
  0.854338285711753     
 -7.143074457426223E-002
 -0.495301238739439     
  0.127078268620132     
   1.81289046730013     
  0.906843710627172     
 -0.102339373265768     
  0.350707012690361     
 -0.103322966934347     
  0.112345886600016     
 -0.371532020540543     
 -0.193923224144560     
 -0.528557030229526     
 -0.134784785804817     
  0.803297748259856     
 -0.719372646139948     
  0.111961468122250     
  0.260065717374685     
 -0.187629533365083     
 -0.137789607377168     
  0.466197841016890     
 -0.481921982230979     
  0.515854063495071     
 -0.161825857531083     
 -0.602629428692731     
  0.796840450431598     
 -0.256488798970210     
  0.284762971245424     
 -0.226623972852289     
  0.664227149062566     
 -0.119116792126863     
 -0.299617659981853     
  0.415007962840989     
 -0.121821373201916     
  0.348884292815413     
 -0.240359164726097     
  3.496474183199987E-002
  0.888200998576334     
 -4.754894099720985E-002
 -7.321453604973509E-002
 -1.780963826636346E-002
  0.263892222915340     
 -4.432582962350124E-002
  5.344088746470030E-002
 -0.474012984057239     
  0.388315261682467     
  0.374859062840732     
  0.343718646956804     
 -0.332783883401971     
 -0.568910242448215     
 -5.003332301137469E-002
 -5.849113020274870E-002
  0.264570129717631     
 -0.185432989888965     
  2.417684774287263E-002
 -0.173449325609178     
 -5.064179258969748E-002
  0.463858583658554     
  1.749384932012939E-002
 -0.241225683587113     
  0.622512330955466     
  0.176321369266615     
  0.627046527400897     
 -0.310981999109806     
  0.298252127105994     
  0.436159983396255     
  0.174012185054220     
 -0.392895099964035     
  -1.12739891575026     
 -0.142943225506578     
 -7.752996191490291E-002
 -0.285831181462698     
  6.853465802056702E-002
 -0.152538798228412     
 -0.638394465243811     
 -2.146004907597292E-002
 -9.439247350640421E-002
 -0.106770594355714     
 -0.563893502986776     
 -0.841262371516590     
  3.371655216919289E-002
 -0.114481136704202     
  1.896345351749119E-002
 -0.687266962631958     
  0.226657171474619     
  0.627310646158383     
 -0.197874335651671     
 -6.985368974398859E-002
  5.891102047712448E-002
  0.406522046898746     
  8.330211097022859E-002
 -0.485749380819008     
  0.673420258520633     
 -5.236276167008602E-002
 -0.150851910051680     
   1.20673080695253     
 -0.882967212728314     
 -0.330844495701453     
  0.821163692295763     
  1.725864042734818E-002
  0.163740081480912     
   1.04457654400439     
 -0.767487234634259     
  3.963015286949517E-002
 -1.805707507174367E-002
 -1.678163314441979E-002
 -0.705384272809999     
 -0.253287060080397     
 -0.167812053070850     
  1.037378895754888E-002
 -0.323773831732299     
 -0.919185558139610     
  0.500188520313995     
  0.186223407294248     
 -0.301728443825947     
 -0.150409697122649     
  0.366346743433296     
 -0.507165442109369     
 -0.480980448935983     
 -5.158740478680394E-002
  0.370297825920447     
 -0.567447220766355     
  0.420669412372432     
 -3.721951738589237E-002
  0.502866169278332     
 -0.170062399215793     
 -0.800379611061720     
  0.806370831337805     
  0.385747708325853     
  0.225061365891038     
 -0.442540691853101     
  7.465178544662827E-002
  8.655447946312608E-002
 -0.317831215912934     
 -0.709423700209223     
  0.457587282875336     
  0.357325362606533     
  0.435652524031372     
  0.290271963471452     
  9.748643098038325E-002
  0.787179213900479     
 -4.079279852905680E-002
 -1.914075350091178E-003
  0.418774144664464     
  -1.07857049397334     
 -0.141355970328537     
 -0.157610548756760     
  0.705788375329475     
 -0.191878598048608     
  3.696204836391688E-002
 -0.228452645180740     
  0.193884725739746     
 -0.271937084639044     
 -5.045215793201170E-002
  0.467568858721143     
 -0.946997262200275     
  0.694655341325206     
 -0.667866710854049     
  0.114421246093930     
 -7.322809705658981E-002
  0.440740326509938     
 -0.404636972052441     
  0.458783768210291     
 -0.590115306401464     
  0.843940367417133     
 -0.720435877199318     
 -0.319468975537449     
  5.907440301388450E-002
 -0.301973993927323     
 -0.172383199707417     
  0.710165920036435     
  0.837239761560799     
 -0.253790503719535     
  0.594188723121121     
 -0.336300708940695     
 -0.176249091215645     
 -0.324840729717216     
 -0.130050373024845     
  0.272441396402378     
 -0.634190346262985     
 -0.379224670796875     
  0.338102896791036     
 -4.062484622425271E-002
 -4.909338174113154E-002
 -0.409030107175553     
  0.348828876363319     
 -0.331523027117527     
 -9.855725595988619E-003
   1.03747565325321     
 -0.175693059537211     
 -0.546855541516103     
  0.545668937457670     
  0.158816614765479     
 -1.215898763290216E-004
 -0.127702182208566     
 -0.684800691206714     
  7.513081849677160E-003
  0.416223274398357     
 -0.419198637114693     
 -8.978252595810673E-002
 -0.112758163765887     
  0.793825913990154     
 -0.723787659799428     
 -0.818519230452114     
 -0.653552817109737     
  0.345635213197365     
  0.192097027274014     
  0.258725293425194     
  8.964656985814334E-002
  3.891457195190275E-003
 -0.403524490956592     
  -1.34358042266097     
 -0.219339974125083     
  0.341525954266299     
 -0.367800180948923     
 -0.128258935852780     
  0.115983596961390     
 -0.227921173275207     
  0.606386106561694     
  0.174771024511146     
 -0.136685122591350     
   1.34620056301224     
 -0.207729157702942     
  7.030171448411064E-002
 -0.100168389972593     
  0.353634225278551     
 -0.343173282226305     
  0.250245195251669     
  5.947880074883279E-003
 -5.331458157906089E-002
  0.131725212637872     
 -0.125288035890337     
 -0.106808945768141     
  0.570052698883065     
 -6.260137295685493E-002
 -0.350145628535929     
 -0.206473187018142     
  0.475615238428127     
 -8.935678377280913E-002
  0.352466014766192     
 -0.524624399623709     
 -0.628157329965480     
  0.351125376857004     
   1.06580282234343     
  0.123020048440717     
 -0.429276496264072     
  -1.32502349708217     
  -1.37340053182211     
  -1.13647224584494     
  0.470469159464016     
  0.654614828274615     
 -0.187755321086051     
  -1.01430205123957     
  0.186441277086930     
  0.367303223952185     
  2.023099411963026E-002
   1.99497143962463     
 -0.812193586710400     
  0.893016144679332     
 -0.332644958623986     
  0.360593748462850     
 -0.500230102055701     
  0.314154375878269     
  0.363912927102473     
  0.314468027460004     
  -1.57687528670395     
   1.65255262804831     
 -0.678260888715564     
  0.681031272352869     
  8.042799340782059E-002
  0.547180146503923     
 -0.481904683041807     
  1.943276927789735E-002
  0.361746610392624     
 -0.431021406679902     
  0.264704403439211     
  0.440741049004773     
 -0.504344645197813     
  0.910798888772131     
 -0.229998705858414     
 -0.709319568880448     
  0.483062259347469     
  0.507998199598765     
  -1.01614807136785     
  0.353621766637687     
 -0.122441838282901     
  0.374562155607167     
 -0.165202371944568     
  0.372634709338842     
   1.51689550416797     
 -0.297323954770799     
  0.825277542555391     
 -0.639444623882168     
 -0.362979564238056     
  0.468376850295133     
  0.559099050802437     
 -0.754463230498647     
  0.142931744525968     
 -0.805550903808909     
 -0.297689082042958     
 -0.700819709537930     
   1.30896104913285     
  1.153239635645822E-002
  0.325970515877551     
  0.118534215995863     
  0.202355970642043     
  0.413899381992331     
 -0.182709783482149     
 -0.499471367938260     
  0.411295196984858     
  0.393837887396381     
 -0.367822006906155     
  0.278158330094202     
 -6.921574899068754E-002
  0.181874642540978     
  8.234370609922656E-002
 -0.299134155577331     
  0.198854788823556     
 -0.213007242018093     
 -9.260190836934241E-002
  1.711043974534697E-002
 -0.312850814454048     
  0.443590572603240     
  0.576844998018018     
 -0.595703444036540     
  0.671799640487374     
  -1.06500055837505     
  0.348511903960129     
 -0.380758497315771     
 -0.144786159379279     
  0.205215220891218     
  0.314831733850979     
 -0.520232609953336     
  0.449954998008867     
 -0.239695532702665     
 -0.432342682258283     
 -0.541853220071177     
  0.353898422544216     
 -0.472388960463145     
  0.574926440691562     
  0.523265544380292     
 -4.491044953769322E-002
  0.742235762720082     
  0.251274623956218     
 -0.126854982059783     
  0.358180002475331     
  0.317717808265881     
 -0.518680411973340     
  0.804723114369849     
 -2.134335385053212E-002
 -0.157292019132322     
  0.233904338548300     
 -0.243526513749873     
 -0.439938645192066     
  0.201960810299005     
 -0.435316670050477     
  0.286223748676040     
 -8.839715444888741E-002
 -0.742118405591679     
  0.140699976144922     
  0.707309008751206     
 -0.708979679198141     
 -0.475321874127511     
  0.340897289268666     
  2.975436223371010E-002
  1.104491427570244E-002
 -0.336277636189425     
 -0.277404087136240     
 -0.427974534264647     
 -0.928180579661451     
 -5.332399586037320E-002
  -1.09913197264290     
  0.564872452972738     
 -0.331227430572019     
  8.740209967834960E-002
 -0.541858467646664     
 -0.958996020356865     
 -0.335788591215545     
  0.861595432885383     
 -0.530447337257154     
  0.375842491869876     
 -0.379033389250987     
 -0.392849889103166     
  0.178849882087459     
  0.499312373689063     
  9.515785662856711E-002
 -0.443729141769069     
  0.371346241496252     
 -0.509958061681211     
  0.206261325427244     
 -9.428885796664158E-002
  5.551799946340302E-002
  0.218330215613332     
   1.05320443523384     
 -0.542568820219224     
 -0.331295692620775     
 -0.129986871256703     
 -0.338132776090443     
  0.660447490767631     
 -0.626198803885282     
 -7.980284796463810E-002
  0.755872533859634     
  0.810364359640373     
 -0.183620303353445     
  0.526464278953861     
 -0.354661566851142     
  0.319153301990839     
 -3.051501775065102E-002
 -0.142847342398229     
 -0.421583620841782     
 -0.313164150413715     
  0.728917356655133     
 -0.289881285933442     
 -4.416977457126975E-002
  0.262799639583346     
 -0.653941924718377     
 -0.323491266651336     
  8.102541070372540E-002
 -0.187742623130601     
  0.576026127133920     
  0.188290200836840     
 -0.644207537070249     
 -0.122921805705487     
  0.198221871893244     
 -0.484329580376682     
 -7.510132778927740E-002
 -7.486732809012081E-002
 -0.360114988621245     
  0.671139565155127     
  0.129084871813486     
  0.183262011218585     
 -0.294773322543371     
  0.334111684719302     
 -0.478995969021820     
 -0.491544726122392     
  8.205169172502548E-002
  0.477022883592036     
 -4.945536805260584E-002
  0.168761965203436     
 -0.587871839268731     
 -0.475957283301886     
 -0.622930883185616     
 -0.320153771733379     
  0.784386904182147     
  0.153478087693378     
  6.007642114555394E-002
 -0.243271165171512     
  0.601219850015063     
 -0.151989193314387     
  0.292275478129774     
 -0.331246470463122     
  0.525180315740173     
  0.394919880855524     
  -1.01721115948061     
  7.372278825316488E-002
 -0.135351641804626     
  0.742924773515275     
 -0.778569730800604     
  2.898536509568297E-002
 -4.817119436065145E-002
  0.199450892828681     
  7.071759552946463E-002
 -0.114943444805453     
 -0.373604414910950     
  9.980573947164159E-002
 -0.433889059055508     
  0.370810337512861     
 -0.101271041392207     
  0.224672867253450     
 -0.289120927458387     
  0.172660392097574     
 -7.600797919150035E-002
 -0.426308972893283     
 -0.446922702058312     
 -0.332719517691869     
  4.822019727103981E-002
  0.132951692245870     
  9.169300304395193E-002
 -0.481507029654701     
  0.339247478679231     
 -0.109873624123202     
 -0.519692165557270     
  0.513708535876213     
 -0.156839946440169     
  0.248987558409129     
 -1.542905282063053E-002
  0.192922444752655     
 -0.665096216533032     
  1.087139693920003E-002
 -0.272599289439680     
  0.369702090466656     
  0.640516008339519     
 -0.510041902127295     
  0.352210013581432     
  0.265295991535699     
 -0.348908971483060     
  0.460969220517219     
  6.958531643588299E-002
  0.220356610490718     
 -0.218543452548216     
  0.432086066256222     
 -0.117796874012365     
  0.115645894889820     
  0.553851275080066     
 -0.254853677462303     
 -0.308528443620408     
 -0.259241533299533     
  -1.47472690701695     
 -0.712660163991601     
 -0.541736738138635     
  0.668587559001946     
 -0.193316268445588     
 -0.275434490480777     
  -1.07922991795599     
  0.679917717865056     
 -0.628739920745426     
 -0.158913080995727     
 -0.511842788294824     
  0.771082156011883     
  0.410111472539750     
 -0.808932655566572     
  0.921405601259671     
  -1.07413413296118     
  0.205702518714679     
  0.424837231988775     
 -0.339858210560564     
 -0.527385819638426     
  0.457923161355635     
 -9.858248313808125E-002
  0.163364848734629     
  6.502649260302601E-002
  0.440839666222873     
  0.433808191622389     
  0.416461450742177     
 -9.955383866351493E-002
  0.954475297780953     
 -0.153794354017249     
  0.144693191729697     
  0.288873254926450     
  0.595503070591352     
 -0.518158769849926     
  0.404193972874618     
 -0.506920493525310     
  -1.08917165220255     
  0.882410694422593     
  0.102494168571420     
 -0.520932136828590     
  0.313384471755850     
 -0.169877127640773     
 -0.142189227669296     
 -4.898244483286691E-002
  -1.14376242319652     
 -0.437561047041635     
  0.873606567379456     
 -0.926586674968637     
  0.506731017599514     
 -9.456451008690268E-004
 -0.408281886880017     
 -0.446818363838981     
 -0.301636746937118     
  0.351566023303944     
  0.201864486241375     
 -0.519654537267426     
 -0.254189017802257     
  0.950896575464462     
 -0.299834453330533     
  0.714133734684316     
  0.506034302958451     
 -7.073848787075722E-002
  0.157687707682098     
  7.609496654095939E-002
 -0.459640675087762     
 -3.910803105159507E-002
 
  -1.48817181964505     
 -0.256624305299464     
  -2.58675330423777     
  0.400549397843116     
  -1.36103056841928     
 -0.641169009211652     
 -0.342039523678840     
 -0.748380411719454     
  0.994235127098296     
 -0.654637248108281     
  8.151584306666866E-004
  0.234639044854101     
  0.251729999247861     
  -1.67775245895762     
  -1.02672027739376     
 -0.497825246400945     
 -0.716451776556810     
 -0.595625579878476     
   2.93187953585784     
  -1.15476286473230     
  -1.43877889703903     
  -2.69294335925838     
 -0.264105474310551     
 -0.455328823647339     
 -0.656196182559600     
  0.247030422001200     
 -0.941113595455813     
 -0.697989143413395     
   1.09897798156044     
 -0.828720114301164     
 
 -0.525522973335515     
  0.520623447124104     
 -8.156968901333245E-003
   1.24670757174299     
 -0.315753877241162     
 -0.620986937156474     
 -0.293461549516564     
  0.553214505754308     
  0.172052470644961     
 -0.559211024461166     
  0.450094197869898     
   1.82857127494090     
  0.172712414553243     
  8.403630983152507E-002
 -0.579489340776097     
 -0.536331130237581     
   1.20356018635734     
 -0.373490321851949     
 -0.184269030650615     
 -0.178488956112714     
  0.172661821995707     
  0.388024625350578     
  -2.39645458577741     
 -1.434292994835868E-002
 -0.594515411451271     
  0.311036897843326     
  0.374382666917415     
 -0.203165954076742     
 -0.547058475378403     
 -0.245006570032867     
 -0.414304542750691     
 -0.443868745315473     
  0.627548162933022     
  0.754619788237604     
  0.351093450346709     
 -0.318283168628502     
  0.686147554405626     
 -0.734803958715315     
 -0.727870163051257     
  0.933762784751075     
 -3.125727245200546E-002
 -0.180114670680716     
 -0.767257485958729     
  0.869324635751904     
  0.418611851586897     
  -1.23772222264518     
  0.594876411146860     
 -0.870135520022943     
 -8.651773022084101E-002
  0.458552066690430     
   1.02626221938604     
  -1.15415555948254     
 -6.876121626569498E-002
  -1.00163066550676     
  0.280026583549728     
 -0.645324230990635     
  0.177243242965236     
  0.684819757035570     
 -0.218540290535705     
  0.325172543272155     
 -0.295713739619794     
   1.43244144427691     
   1.27690198243773     
  6.968984473161431E-002
 -0.562744685823123     
 -0.176994124098546     
  0.135332581170937     
  8.379771896097790E-002
  0.224704772131007     
  2.851674102841647E-002
  0.290292370319379     
  0.805568887490494     
  -1.12528799637386     
  0.723381888069515     
  1.552801235155316E-002
 -0.128041333446655     
 -0.181835996163537     
  0.165412588417854     
 -0.567650349351979     
  0.559425750340987     
  -1.40044497819972     
 -0.283734547967219     
 -0.453036084457054     
 -0.239357479622913     
 -0.257397877780047     
 -0.169732709688285     
   1.18616079620631     
  0.820392408267505     
  0.214686729299798     
  -1.17478163184162     
  0.406718768156955     
 -1.724606565472465E-002
  0.825599266660813     
  0.750857389044693     
  -1.10981065835721     
 -8.516061151141138E-002
 -0.236218738774768     
 -0.600787183584771     
  0.552056218545607     
 -7.852175506887880E-002
 -0.263103183048741     
 -0.320745340699275     
  0.118128285992160     
  0.586648048252450     
  9.059397080562523E-002
  0.473878819806875     
 -0.282060639457504     
 -7.941134194960460E-002
 -0.444098789335856     
  -1.01373670163550     
  0.563434940135767     
  8.328346852814748E-003
 -0.532126388180690     
  0.333761073218116     
  0.720623179290388     
   1.00339300011193     
 -0.353960343275580     
 -0.507086420260549     
  0.636381481819071     
 -0.505687840468966     
 -7.364817669872216E-002
 -0.676573307354656     
 -0.389026316310096     
  -1.44174521373876     
  -1.60235201708323     
 -0.568205644065059     
  7.250327669789318E-002
   1.07196973311730     
  0.263417939870441     
 -0.421139490012924     
  0.628119931355176     
 -0.147444869282283     
  0.925886076673185     
  0.402943329323707     
 -0.690137558768835     
 -0.422870797268462     
  0.319104237861067     
 -0.359817223132118     
  0.471225656817215     
 -0.261797818164401     
  0.823162733669132     
  0.655417011137729     
  0.692383329221575     
 -1.106788036925362E-002
 -3.717159112272846E-003
  -1.12166395361654     
   1.01397190363225     
  0.466970073350182     
  0.643391878402300     
  8.158424206114362E-002
  0.573234309969878     
 -0.776824716722892     
  0.543890511701648     
  0.257073658065967     
 -0.331044341521277     
   1.09515688193109     
 -0.346437427445943     
 -0.318821638377856     
 -0.727786974133481     
 -0.332154806189047     
  0.403972963196507     
  0.555425258686509     
 -0.641132687230388     
  0.937111912200098     
 -0.401964919423698     
  9.394065835502406E-002
  0.318564810449498     
 -0.171816724003788     
 -0.532029135757894     
 -0.477816583683286     
  0.701409439784962     
  0.584401073254892     
  0.978452624771094     
  0.128590998910171     
 -3.972718906990051E-002
 -0.434530577750492     
 -0.828656959997777     
  0.594061609442582     
 -9.082478392001500E-002
  0.444165540516548     
 -9.364935345743468E-002
 -0.377166083098003     
  0.200224501085512     
 -0.369123558878020     
  0.382740693555418     
 -0.899414413455187     
 -0.398703051337072     
  0.424348339609339     
 -0.376682312725344     
 -0.240202406760866     
 -0.508600720654395     
  0.176535620174870     
  6.707644284811891E-002
  0.242540169919698     
  0.380803415639379     
  0.580619719827532     
 -0.407000923875707     
 -0.313610398067751     
 -0.584035859679561     
 -0.647134174101372     
  0.152377932754405     
 -0.789656734758213     
 -0.185033528315765     
  0.398841018194825     
 -0.380692731638376     
 -0.424995525386762     
  0.449999593709680     
 -0.520776328823971     
  0.436576722991822     
  0.767177218160229     
 -0.495696779041335     
 -0.199080132752096     
 -0.621603507169062     
  1.888321261852546E-002
  0.493552304038082     
 -0.252982021744592     
 -0.741739159735767     
   1.00255176829522     
 -0.507313861700830     
  0.176964271260806     
 -0.470136934274583     
  0.119773457942788     
  0.738833802298465     
 -0.514787662440934     
  2.811671771149991E-002
 -0.226701328202909     
  1.821818339263866E-002
  0.145877817870834     
 -0.162903205851177     
  4.829969993778429E-002
  0.402463787561712     
  0.614969411363221     
 -0.824144247401422     
 -0.470336454229834     
 -0.220875417190246     
  0.363107748733924     
 -0.184350329644868     
  0.316035786453499     
  0.908860225055041     
  0.264182685133840     
  0.585072820532895     
 -0.750535022019237     
 -0.182663517414461     
 -5.160145333955458E-003
 -0.345296746972407     
  0.135758128168808     
  3.567118821199678E-002
  0.505444764944334     
 -0.210688065313358     
  0.805610590434488     
 -7.744896271921788E-002
 -0.514071864494132     
 -0.354370873382107     
  9.912801787009073E-002
  0.443036093495899     
  1.092086218551081E-002
 -0.273625426968322     
 -0.692891648526148     
  0.859704470486057     
 -0.934031311290153     
  -1.70710277643863     
 -0.426364784048199     
  0.720255174052363     
 -0.369323780929967     
   1.21222003646579     
  0.750103599482218     
 -0.751844256981253     
 -0.463722993779590     
 -2.425417685233610E-002
 -0.601920039042181     
  0.122623666172617     
  4.016589905956690E-002
  6.190187982516151E-002
 -0.793266415188829     
   1.05583814846991     
  -1.35957088623009     
 -9.029638678540351E-002
  0.127730850185436     
 -0.682811015654365     
   1.22443113704827     
 -0.168676058595466     
  0.485105681690590     
  0.146420496737556     
  0.427787970999736     
 -6.433721074854198E-002
  7.228535231991470E-002
  -1.27729559723573     
  0.475838195108327     
 -0.184407146911429     
  0.915861717402116     
   1.90535954009905     
  -1.16152137873367     
  0.119938979749254     
 -0.240176124831995     
 -0.709097479590765     
 -0.911296828482801     
   1.40007160995718     
 -0.877404741783062     
 -2.629345162526037E-002
 -0.104589813117143     
 -0.130516957352553     
 -0.176163453208812     
   1.02323287616724     
  9.469643003567606E-002
 -0.184163112237630     
 -0.244984476494486     
 -0.247644998616950     
 -0.329340251800048     
 -0.829034001156310     
 -0.158631022010234     
 -0.180920894849142     
  0.839733732681197     
   1.00469190692878     
   1.14580289162885     
  0.303354810275442     
  -1.17811154134331     
 -7.567695537403306E-002
 -0.404368885123801     
  0.160367673634578     
  0.576805187814748     
  0.575471311088400     
 -2.654899033018105E-002
  4.905997177282435E-002
 -0.284570180237022     
  0.180171295883711     
 -0.256441211370419     
 -0.738970149958086     
  0.603499689367116     
  -1.72739362494835     
  2.978306882619555E-002
  0.181562811606234     
 -0.925786313221736     
 -0.196982727584599     
  -1.19483358106950     
  -1.15917911086551     
 -0.143978327636260     
 -1.290952196605213E-002
  0.162542871557859     
 -0.523773803304085     
  0.429281582814242     
  0.593089689158003     
  7.882136169640893E-003
 -0.527451461653091     
 -0.206713652781309     
 -0.417838463260057     
 -0.317398890610992     
  0.537472386091527     
 -0.489592524228723     
  0.380940737693852     
  0.540133934241994     
 -0.451682957475233     
 -0.278112364997164     
  5.946737356814742E-002
 -0.732269037100754     
  0.136006226348024     
 -0.656416427042705     
 -0.601813368678541     
  0.557663083605642     
 -0.678657420320479     
 -3.169956066730267E-002
  0.522939980509201     
  0.618986975513770     
 -0.248531560198116     
  5.078474900539252E-002
 -0.548053125726739     
  0.823751555618293     
 -0.358264772187320     
 -0.411259103672851     
  0.520900684537711     
 -0.698816084139423     
 -0.521399802615874     
 -0.131126637641683     
  -2.07513395488339     
 -0.267256446976462     
  0.374756330964397     
  0.847187921833139     
  0.195824638153819     
  0.144191784632959     
 -0.414692509842576     
  -1.33190418159056     
 -0.286665100855530     
 -0.967177211631871     
 -0.182898777926062     
  0.267080168567983     
  2.700919925112301E-002
  0.324361774665827     
  0.802203192987337     
  8.014685450432046E-002
  0.990907633607528     
  -1.31224337439261     
 -0.521177433497433     
 -0.214623962059189     
  0.325858769280840     
  0.917803464302189     
 -9.477305715971526E-002
 -0.140020953727148     
  0.574029847778104     
 -0.587057108922417     
  0.643585526276680     
  0.410082371374688     
  0.111238398865666     
  0.356437009274038     
  0.493383825075074     
 -0.157482361305938     
  0.340481249535206     
 -0.269429550007553     
  2.880258548307575E-003
  0.149652494532927     
 -0.464411472239558     
  0.339935492936177     
  0.998710288721471     
 -0.931222602996154     
 -0.766519840266461     
 -0.932236415114796     
  0.608654878932538     
 -8.068902399731907E-003
  0.235357325701656     
  0.391349540989772     
 -0.107316774545762     
  0.654948349826317     
  -1.05758181467248     
  0.597746210380067     
  0.520057193949252     
  0.300703640067235     
   1.24835950636519     
  -1.07349393807428     
  0.412299618164815     
 -9.843181786535682E-002
  -1.32833955444822     
 -0.845945542996665     
 -0.480615769699071     
  -1.58679545490640     
 -0.126679325927047     
  0.642621891844267     
  0.223411454377787     
   1.35741753163500     
 -0.896344884412471     
 -0.337229177683171     
  -1.15691473482378     
  -1.97333473636062     
  0.427439835185779     
 -0.351583264724291     
   1.69382537912978     
  -2.39608615981330     
  0.266131952352569     
 -0.445300964880541     
  -1.66963072203172     
 -0.113530077419120     
  0.187283195323513     
 -0.849024990575452     
  3.812178154205705E-002
 -0.752517174100161     
  0.312047864361381     
  0.332312798034447     
 -0.149119046049209     
   1.27215807576870     
 -0.446462936374697     
 -0.363464986840632     
 -0.596026789549080     
 -0.703438260210016     
  0.328034050324314     
  0.289911447575107     
  0.134273989482832     
  0.134163443765793     
  1.591355334600072E-002
  4.034100544535478E-002
  0.882883961213653     
  0.372905301732678     
  -1.14944561993249     
  0.255206096901496     
   1.06417469688587     
  0.890233513520720     
   1.20135848008262     
  0.326224257260486     
 -0.324261847807930     
 -0.483288877800660     
 -0.582540386630824     
  0.430797609417746     
  0.551662630997268     
  0.471116212031687     
 -0.106477070957485     
 -0.229821457559749     
  0.204240550342034     
  0.269327292329365     
 -0.282644522501155     
 -0.800689971679837     
 -0.322408274708678     
  0.324920782041153     
 -0.277121669380539     
 -0.648490818947288     
 -0.817339914763204     
 -0.301068395871908     
  4.189118942060262E-004
  0.221171810901549     
   1.27965088950041     
  0.468315761653056     
 -0.128233964877481     
  -1.24839424243620     
  0.548794364077572     
 -3.391569979276707E-002
  0.524093579727393     
 -0.850860126667256     
 -0.344277194030632     
   1.42977621843632     
  0.206849997605688     
  0.179849672051416     
 -0.837514453130139     
   1.45360846968761     
 -9.411823155451852E-002
  0.590240948160456     
 -7.903353746841138E-002
 -0.218551754492605     
  7.650684929055201E-002
  0.225045265829420     
 -8.878693100388174E-002
   1.01496878097068     
  0.168776386833451     
 -0.585023418049312     
 -0.395918951416374     
  -1.57766668587636     
  6.353153746688200E-002
  -1.06745477634483     
 -0.977195835299261     
  -1.61495401793819     
 -0.329170914495618     
 -7.001256028985655E-004
 -7.509194276142112E-002
  0.947931569483810     
 -0.994498682885281     
 -0.543140891545995     
 -7.563630028898553E-002
 -0.448697946772296     
  0.318682798704263     
 -0.384760902001692     
  -1.02267152782632     
 -9.015823797481458E-002
 -0.511381532597080     
 -0.879875558081267     
  0.239227520116239     
  0.752504919482992     
 -0.635734967496836     
 -7.876011878912902E-002
  0.295560976725208     
 -0.274548736171023     
  0.140644123876285     
 -0.378781412209402     
  0.376378654873586     
  0.105332148456455     
  0.887979799449603     
  2.375312206414917E-002
  5.318764718441924E-002
 -0.318571918157378     
  0.426457797533407     
 -0.633350587270083     
 -0.586004412229837     
  5.848458955676438E-003
  0.103751831757473     
 -0.222742115617337     
  9.341557277425563E-002
 -0.568796535855502     
 -0.538145977149284     
 -0.609186346660067     
 -0.686033097070665     
  0.939815179064388     
  0.638330772651967     
  0.729479106760869     
  0.257557952823666     
 -0.221319768274687     
 -9.050718348241506E-002
 -0.488198144953224     
  0.151793640920359     
 -0.351318731283868     
  9.750478531524528E-002
  0.351785924148905     
 -0.336079281556970     
 -2.744586266153684E-002
 -0.401859305552158     
  0.389363554607391     
 -0.292647073191443     
  6.769880333674073E-002
  0.260413701020423     
 -0.417273056992253     
 -0.754271006166327     
 -0.858412418093527     
  9.077169696815184E-002
 -3.855223604766939E-002
 -0.235209812536509     
 -0.325015813761174     
   1.37477983294267     
 -0.484896712110435     
  -1.50519418422526     
   2.53875349736966     
  0.354222882225533     
  0.291995185522917     
   1.10071289941196     
  0.878642322643166     
 -0.641601770387721     
 -0.401688692126373     
  0.608609026332680     
 -2.122989458622805E-002
 -0.225182951652965     
  0.725243984365709     
 -0.376310709416354     
  0.213948904040264     
   1.12702641728893     
 -0.946726563361340     
  8.111510743251350E-003
  0.899502724499716     
  0.536639810152546     
 -0.301253519456166     
  0.980953829074963     
  0.459861735864319     
 -0.149441109641073     
  -1.47514077934333     
  0.327084824987807     
 -0.640214439231512     
  0.113967652436347     
  0.181960240960001     
  0.283207942528008     
  0.388658970285970     
  -1.64415155892389     
  0.830862589516217     
  -1.46594425711003     
  0.938342582872316     
 -0.417404003702355     
  0.203937961125592     
 -0.259769734986568     
 -0.366211722993938     
  7.099085613274385E-002
   1.70858884851405     
  2.175646301069964E-002
 -0.257654527219085     
 -0.652743800879192     
 -0.463856656150471     
 -0.189164338514362     
   1.08289382456945     
 -0.287062871065071     
 -0.139149259861172     
   1.33007988652010     
  5.052386656357172E-002
  0.352712881885716     
  0.484977870716589     
  0.987292508675349     
 -9.659398973199740E-002
 -0.154308101746110     
  -1.01614381679671     
 -2.244431254242045E-002
  -1.19623409608983     
 -0.124872866189423     
   1.10350664946353     
 -0.259722480878414     
 -0.224300682699278     
  -1.35910486383741     
 -0.177384869417057     
 -0.329070225786005     
 -0.204139094704022     
  0.572060034005755     
 -0.771593482513048     
  0.966437037064201     
  0.140573299011189     
  0.875372787836339     
 -0.749257448153635     
 -0.965351250342677     
  0.150523196943603     
  8.948371194519099E-003
  0.119799109199213     
 -6.202420544260651E-002
 -0.530628212070930     
  0.742085367130749     
 -2.582494075680506E-002
  0.367236743045160     
 -0.802101283938998     
 -0.664611504416091     
  0.305444580136858     
 -0.457069967137760     
  0.470874767635202     
  0.565262130958093     
 -0.140366723949815     
 -3.716823131894043E-003
 -6.758236835917590E-002
 -8.524946232445213E-002
 -0.706982111340865     
 -0.260012100738379     
   1.62221230964843     
  0.162260482226281     
  0.740016128674555     
 -0.462690499849395     
 -0.407833644779107     
  8.710197366931448E-002
 -0.856368168984705     
  0.460182976210346     
   1.10239908288573     
  0.624544241749611     
 -6.759633886908044E-002
 -0.972993859465238     
   1.00676839212196     
 -0.170548309264964     
   1.22559179747047     
  2.100052840548626E-002
   1.37336476209284     
  0.192680831803997     
  0.762083401375677     
 -0.898441764784956     
 -0.531975370852638     
 -0.345196581892957     
  0.398260561199610     
 -0.295351419576106     
  0.199077831855897     
  5.142630584859612E-002
 -0.613862672970563     
  -1.14264135110649     
 -0.430972720494763     
  0.295800227424692     
 -0.932967150477320     
  1.565694897877988E-002
  0.154495030919944     
  0.970775593831631     
  0.595914422978560     
 -0.276937937240986     
 -0.169382901188668     
  0.380812633856705     
 -0.910843478163608     
  0.156872404105383     
  0.784656149550453     
 -0.712937217586858     
 -0.926397640018292     
 -0.229572522205840     
  0.476628503564894     
 -0.776918315792255     
  0.882445668940891     
 -0.584226532180184     
  0.378894866469769     
 -0.372791758507275     
 -0.739696261788212     
   1.01346102938434     
 -0.396906184498971     
  0.137624862712411     
  -1.85492298645323     
  -1.15597986155717     
  0.446934311548734     
 -2.194180317358078E-002
 -0.374817374771320     
  0.371419628687517     
  0.474894461851765     
  0.882585434218266     
  0.265350222066387     
  0.591476550559697     
  0.431127102510380     
  0.180744469372296     
  0.236294104455712     
  0.523660236044991     
  0.194197315502542     
  0.108984388896060     
 -0.181334313009735     
   1.04717758842545     
 -0.373278484351785     
  0.359775829955023     
  0.593615660777822     
 -0.337999405304695     
  0.920878481228985     
  0.379622475900895     
 -0.175010044155441     
   1.11738740846174     
 -9.181533615584088E-002
 -0.972262355841778     
  -1.18186413720328     
 -0.216308196005891     
  0.356208476547699     
  4.415247285156440E-002
   1.82160450470592     
 -0.712925665522328     
  0.505559941048971     
  0.597998214127327     
  5.917909252370388E-002
 -5.853997721900142E-002
 -0.409111586111689     
  0.649998181112918     
  0.330333633560824     
 -0.467256205202872     
 -0.161773068804209     
 -0.570180338519793     
  0.473290443273336     
 -0.801881318241177     
 -5.575297575874820E-002
  0.431899446231054     
 -0.690669116920341     
  0.465334722669267     
 -0.118405488100160     
  0.300217481730765     
 -0.724996800253841     
   1.10607850756938     
 -0.356886973880659     
   1.21154785115264     
 -4.427441428390412E-002
 -0.373581143849575     
 -0.105148807599725     
 -0.215655214489885     
 -0.151291308722512     
 -0.927190399065368     
  1.264147039214807E-002
 -0.568630787350785     
 -0.181728307911999     
 -8.366341853866041E-002
  0.363925636700576     
  0.233735118686802     
 -0.311147214694265     
  0.870867090096608     
  0.668801438194578     
 -0.358784277410648     
  0.530963041809065     
  0.151244831829935     
  -1.34994885575538     
 -0.123348632141089     
  0.411204325401499     
   1.08390718633225     
 -8.149911117288440E-002
 -0.493782109365247     
 -0.483999314198206     
 -0.157214301862956     
  0.660345844665065     
 -0.402152200466353     
 -4.486523928094954E-002
  0.249428616105987     
 -9.683625596945904E-002
  0.565498624005264     
 -5.035595165423896E-002
 -0.415253214478987     
 -3.290405885773440E-002
  -1.76227507810147     
 -0.440883508066755     
   1.05706818628808     
 -0.783273552939245     
 -0.460342927774649     
 -0.764549203925267     
  0.522439809122535     
 -5.325066453162552E-002
 -0.256858378699182     
  0.861425913794991     
   1.90004857588795     
 -0.169009523321500     
  0.231316726943342     
  0.367219710959502     
  0.341602158456655     
  0.280286686744540     
 -0.297648054503947     
 -7.662991752962234E-002
  0.308098640908972     
 -0.303883508117039     
  0.186000642457748     
  0.532759077948247     
 -0.603605314616535     
 -0.101046811570910     
 -0.178102572758538     
 -0.494647083524492     
  0.275025460756452     
  0.367386652213300     
 -0.175305917543241     
  0.471286976942613     
  0.675215967550120     
 -0.114204485154722     
 -0.321391208251543     
 -0.285712879378321     
  0.282520486872516     
  0.454073124061979     
 -2.731361507196482E-002
 -6.641926944975238E-002
 -0.402868247442740     
 -0.459792350765913     
 -0.377411618845432     
 -0.472170123824647     
 -0.384866720015172     
  0.105965100782552     
  0.410533970862694     
 -0.102694806409070     
 -0.135505588610204     
 -0.419034953564557     
 -0.130511047615425     
 -0.115369366416443     
  0.325771231452698     
  -1.15214269065559     
 -0.733726971913547     
 -0.355258575927114     
  0.483024702369984     
  0.874675393305861     
  0.310277550222326     
  0.985971044308958     
 -0.266037509625730     
  0.204877242925283     
  0.909446791480558     
 -0.424476647380038     
 -0.510571388564125     
 -3.291285081528428E-002
  0.143878160094914     
  0.351772205799866     
 -0.276809245977102     
 -0.577974744046082     
  0.323100342983664     
 -0.208575525702870     
  0.129350401170628     
  3.338493853479208E-003
 
  0.569555004908693     
  0.225757202453299     
 -0.792205707508502     
  0.334450662601234     
 -0.327715884501183     
  0.451210026804427     
 -0.289626077563695     
 -0.331885624664135     
 -0.685039882867389     
 -0.769205815530016     
  0.419465885329656     
  0.442716126317515     
 -0.144281605108079     
 -0.500811895786572     
 -0.620950661327641     
  0.104014649351116     
 -0.542654751298295     
  0.231495295322494     
  8.201008348086657E-002
  0.379072834830826     
   1.18060901450900     
  0.254534890400029     
   1.12834294307712     
 -0.167267227270421     
  0.228962148587173     
  0.364404640657259     
   1.18835282763067     
 -0.575564289598962     
  8.960662302313388E-002
 -0.696887300203393     
 
 -0.140055735540938     
 -0.254975027111414     
 -0.170592873003473     
  0.135345452636945     
 -0.146771731685569     
  -1.41040413290473     
  0.251588407939167     
 -0.176443521093398     
 -0.459828112007190     
  0.252918367957981     
  0.249260785706364     
  0.291261946656833     
  0.215049464359365     
  0.135632935042685     
 -0.158266359060665     
  0.509952438805425     
 -0.255019931707245     
 -0.226407520247108     
 -0.844323402542714     
  0.353252731119625     
  0.688619146237446     
  0.622228699840388     
  0.372095583940238     
  0.273020015638658     
  0.603437103784534     
  0.387127432416560     
  -20.1655954807994     
 -5.372502482665834E-002
 -0.407128077572692     
  0.254197099680280     
 
 -3.939104761904762E-004
 
  tansig  tansig 
