-0.135078666728133756E+01
 0.232625431414577744E+01
 0.145224131606353413E+01
 0.163273926029487426E+00
 0.102982053475476204E+00
 0.101524234454218432E+01
 0.115128898380263389E+01
 0.851459265694259337E-01
 0.565105626093150987E-01
 0.172485227563256305E+01
 0.366470562355845797E+00
-0.882713622783359159E-01
-0.689821929669137135E-01
 0.141825790519463713E+01
 0.737580311468669314E+00
 0.336608673663407243E+00
 0.298855260718554394E+00
 0.614988578731049507E+00
 0.473883956143014540E+00
 0.278177913424348944E+00
 0.281465194444531941E+00
 0.101006328451866212E+01
 0.410832782775883421E-01
 0.875641773000593177E-01
 0.114606403155824960E+00
 0.576667948035766598E+00
 0.127715627128122855E+01
 0.417034661401331774E-01
 0.597793857073057391E-01
 0.898705924738125272E+00
 0.958957936348968198E+00
 0.583693348420712965E+00
 0.105410169783978680E+01
 0.227788736105467660E+01
 0.215673231775138463E+01
 0.188141401705706302E+01
 0.435845566785027305E+01
 0.163956042566400506E+01
 0.102932792704206411E+01
 0.306147910929977352E+01
 0.807296959306444073E+01
 0.988877172746819788E+01
 0.896741672289137881E+01
-0.829446148445312059E+00
-0.187477300476322856E+00
-0.288711924563317446E+01
 0.197015440178162793E+01
 0.535303758407344038E-01
 0.305629626789062046E-01
-0.100377266532609077E+01
 0.123190490151388921E+01
 0.674253175365444934E+00
 0.407703000564143825E+00
 0.688915040409433077E+00
 0.651966919260412281E+00
 0.187909835018695043E+00
 0.131958130205784924E+00
 0.768533337348533685E+00
 0.720212393803735251E+00
 0.230337193062515350E+00
 0.185730885769854526E+00
 0.571265064448769677E+00
 0.509046789501105934E+00
 0.745677111449353086E-01
 0.695535034773676758E-01
 0.867625565824612366E+00
-0.733994093646756829E+00
 0.216595348894209477E+00
 0.233045987621401801E+00
 0.379199673582236829E+00
 0.604908009649707590E+00
 0.244580815290646542E+00
 0.326075658054410078E+00
 0.776303814631338462E+00
 0.681267761331955546E+00
 0.438517204365874824E+00
 0.693844044144514394E+00
-0.761245740327523679E+00
 0.141089738949527654E+01
 0.967396756866992558E+00
 0.189525867412369853E+01
 0.161346725655468859E+01
 0.173947701690098443E-02
 0.167737050794559828E+01
 0.417863249049293195E+01
-0.337911145777841426E+01
 0.323798743427875513E+01
 0.377661403284175545E+01
 0.135964471570338197E+01
-0.748506372099889683E-01
 0.820150862051361451E+00
 0.376074872599091892E+00
 0.182945434050409028E+00
 0.741590000603071897E+00
 0.492668628377524620E+00
 0.176154483006953994E+00
 0.893721776565264414E-01
 0.617546048084651189E+00
 0.209042505100456771E+00
-0.142584577662963036E+00
-0.838251791838545979E-01
 0.374040328397880706E+00
 0.136569037274022836E+00
 0.111042108740153897E+00
 0.771053122109423700E-01
 0.175683861671423386E+00
 0.129036895640078503E+00
-0.471422218535606993E-01
-0.438872933504272159E-01
 0.258007777791503523E+00
 0.186264507923811606E+00
 0.415957280642604843E-01
 0.404988305131130100E-01
 0.157996105002967457E+00
 0.184903486150042012E+00
 0.116337153200647192E+00
 0.142766552325694435E+00
 0.661940413816722723E-01
 0.103120026427573383E+00
-0.280672089670088998E-01
-0.430176707016036788E-01
 0.426988393908787622E+00
 0.503484445103198563E+00
 0.171102394838869298E+00
 0.335638849132090578E+00
 0.563261897243984788E+00
 0.126328773914827608E+00
 0.395893584789103581E+00
 0.866583323454275689E+00
 0.495496745832130769E+00
-0.336564568475872128E+00
 0.584634572549571629E+00
