-0.726437699950607363E+00
 0.199161529761120848E+01
 0.100557865570317051E+01
 0.232108605852555688E+00
 0.129386444451745242E+00
 0.149710445568552702E+00
 0.241327102701756768E+01
 0.463977423881024975E+00
 0.328690663859086740E+00
 0.148341735207837200E+01
-0.610824540270489380E+00
 0.247332426024553825E+00
 0.191072005807362721E+00
 0.156303262672052168E+01
-0.640333025047534199E+00
 0.402891193355954941E-01
 0.382870907459519697E-01
 0.689731408446817018E+00
 0.110796166826159848E+01
 0.395794536930410668E+00
 0.403385369789594328E+00
 0.104206165351736324E+01
 0.156645620405781560E+00
 0.565042678932812861E-01
 0.689302937450338854E-01
 0.116155651173136110E+01
 0.236725324022241468E+01
 0.757719738754597749E+00
 0.112621150921724178E+01
 0.174966822460735139E+01
 0.603446015667448044E+00
 0.806583032490096774E+00
 0.139396518122703594E+01
 0.264101753628258251E+01
 0.207135813341614572E+01
 0.219908988971259589E+01
 0.477788191895115588E+01
 0.459851636158417065E+01
 0.347420598955952098E+01
 0.437317673575616528E+01
 0.120485007241126318E+02
 0.580715134062719773E+01
 0.599225007157930722E+01
 0.296727102950959587E+01
 0.613209969390960508E+00
 0.324403546520267083E+01
 0.104286929015724961E+01
 0.915795348694804084E-01
 0.483233775748811850E-01
 0.185604093388879110E+01
 0.515465094631744725E+00
 0.340371091422872973E+00
 0.202503323991383544E+00
 0.112507561811653267E+01
-0.356515265603744858E+00
 0.392906348749005929E+00
 0.238865085232575408E+00
 0.177889241075400689E+00
 0.815323421419793637E+00
 0.340180050414780000E+00
 0.276485015359899666E+00
 0.594233444015171863E+00
 0.471445117250243184E-01
 0.624723494374555821E-02
 0.641375663063411747E-02
 0.922896763964529909E+00
-0.579416202008856573E+00
 0.252552149685760841E+00
 0.301985790285431821E+00
 0.232787500653223511E+00
 0.619271292216925562E+00
 0.294498636001065850E+00
 0.385366473926608499E+00
 0.938825095428432288E+00
-0.491483343472992718E+00
 0.619021544595209194E+00
 0.980377820936516375E+00
-0.382955299218472434E+00
 0.953742891752113686E+00
 0.103574452248302062E+01
 0.200093187356723945E+01
-0.598076326431368432E+00
 0.217730225999457405E+00
 0.125311777202439267E+01
 0.311127383674091229E+01
 0.327056714345889121E+01
-0.324343097839489092E+01
-0.235100838180299088E+00
-0.898713004635918883E-01
 0.125321082957004815E+01
 0.196314364271361352E+01
 0.716711451600436145E+00
 0.333206028044947533E+00
 0.833992386572800726E+00
 0.683198452111293958E-01
 0.433238942328718294E-02
 0.240533007124949872E-02
 0.555083716128330962E+00
-0.319246133818446132E+00
 0.155986536703818290E+00
 0.933228233878219682E-01
 0.443814808027792884E+00
 0.742804378504781648E-01
 0.138339975779425223E+00
 0.107564877390090213E+00
-0.181477836265376245E-02
-0.765892288227483231E-01
 0.209121774896571279E-01
 0.194950614378909676E-01
 0.190508257057774050E+00
 0.276154520699109174E+00
 0.124131402053349396E+00
 0.130682304418234863E+00
 0.174199916466423604E+00
-0.252719209867295000E-01
 0.130853586910139263E+00
 0.149829108447570608E+00
 0.308791982433507806E+00
 0.332727075162227576E-01
 0.227781828304876810E+00
 0.332988596613416843E+00
-0.148313323583692397E+00
 0.272008381954921006E-02
 0.224521582832906214E+00
 0.404836173547797384E+00
 0.533071524740130864E+00
 0.520783435174274278E+00
-0.585766544642145684E-01
-0.135944435344423270E+00
 0.169615940105432994E+01
 0.168935692834481843E+00
 0.000000000000000000E+00
