 0.220751665674053443E+01
 0.616210840619232769E+01
 0.556572577499224841E+00
 0.278331208459710266E+01
 0.934126914974321210E+00
 0.485685117912187214E+00
 0.144836206147896807E+01
 0.926216368726628603E+00
 0.440988630555204431E+00
 0.706914659790808364E+00
 0.100952237465632955E+01
 0.376068291823518808E+00
 0.245452037254031363E+00
 0.622638542146112028E+00
 0.729367818350761477E+00
 0.714040911234217091E+00
 0.525224178173072875E+00
 0.936164186368504264E-01
 0.298688508938040553E+00
 0.245026565024118514E+00
 0.243799491285461384E+00
 0.560201661069285373E+00
 0.119317767916130770E-01
 0.276264697324673514E+00
 0.372185940522000991E+00
 0.576240611600741581E+00
 0.723018106959857243E+00
 0.472656518564806172E+00
 0.750089678197870757E+00
-0.358167576660213371E+00
 0.976673696969028504E+00
 0.602850239693312862E+00
 0.106603190197802800E+01
 0.156458546570504775E+01
 0.154250356123580379E+01
 0.180030925635336625E+01
 0.358610381390299038E+01
 0.101328630039350914E+00
 0.111219576478628102E+01
 0.103786510448437252E+01
 0.252560438116677100E+01
 0.805959747963046169E+01
 0.876386253696994721E+01
 0.309272571231180349E+01
 0.251368191904831573E+01
 0.660666382133956187E+01
 0.445360445001191252E+01
 0.173820827069067629E+01
 0.829030192949537725E+00
 0.243087054285275039E+01
 0.193986901787424060E+01
-0.392735952062381044E+00
-0.214637722795307379E+00
 0.162849074016572226E+01
 0.830267161422816091E+00
 0.884045577813680983E+00
 0.501219165903196817E+00
 0.169977317517956944E+00
 0.463025849757958963E+00
 0.394690434765034459E+00
 0.270755475681051572E+00
 0.947522836388124845E+00
-0.198656760979843111E+00
 0.481615596418698777E+00
 0.441658698835780739E+00
 0.202047621083537771E+00
-0.330025724402283505E+00
 0.253259645410131073E+00
 0.285409217774360513E+00
 0.804832164424527652E+00
 0.971074711458741330E-01
 0.473625308869423667E+00
 0.657616357610233737E+00
 0.953224649896989407E+00
-0.688041245774516450E-02
 0.951741074309404245E+00
 0.159609839157125388E+01
 0.192286180465886836E+01
 0.108336685854280190E+00
 0.804653564613850514E+00
 0.147112840235313502E+01
-0.170602359076171695E+01
-0.164298882262956547E+01
 0.150737862147025270E+01
 0.358027788241388967E+01
 0.927126722580474549E+01
 0.219275929896586819E+01
-0.325586885313643659E+01
-0.162521866515671110E+01
 0.526285452448669311E+01
 0.304306339846752483E+01
 0.194951979519178287E+01
 0.632710156859578099E+00
-0.387461908887738904E+00
 0.137827355871133195E+01
 0.179579723957632043E+01
 0.765542225348269212E+00
 0.818161441807920553E-01
-0.740250847209822233E-01
 0.299494089716894563E+00
 0.152438615538839500E+00
 0.296005435243570203E+00
 0.190101698104662181E+00
 0.156619267674198120E+00
 0.110543072561103892E+00
 0.132286243909429918E+00
 0.128313916143753121E+00
 0.123702171348616274E+00
 0.109328102723274978E+00
-0.143051476585046689E+00
-0.410002767643915939E-01
 0.132766079363713013E+00
 0.136427166217775370E+00
 0.303454671992986758E+00
 0.109190391076215851E+00
 0.130246235023951079E+00
 0.166532404641799303E+00
 0.689095165178630897E-01
-0.475423467188379537E-01
 0.184613462241802195E+00
 0.256149748100077956E+00
 0.130775691048760051E+00
 0.423132135870830095E-01
 0.226773254615211917E+00
 0.389806862596834280E+00
 0.314388334036135170E-01
-0.499639457830159464E-01
 0.135296582099704854E+00
 0.302218698608669400E+00
 0.155258217594178749E+01
 0.297263910242606344E+00
 0.611067576395042278E+00
