     33 -    30 -    30 -     1 
rmse=  20.2145meV
  7.656869661608580E-002
 -0.147238362287704     
 -0.211706399453204     
  0.412219239212792     
  0.414638460668712     
  0.124327697730679     
 -0.157672611746146     
 -0.312942811915053     
 -4.460552894788915E-002
 -0.325983888941212     
  0.218237450403808     
 -9.357509069659140E-002
  1.906376913498312E-002
 -0.167865419702108     
 -2.350588921095473E-002
 -4.730577140852244E-002
  0.524981218432125     
  0.171077945252399     
 -0.113410451470193     
  0.203946576651847     
 -0.269118036208690     
  5.321661128056079E-002
 -4.047222951604670E-002
  8.072635686277194E-002
  0.141837602233431     
  6.214967455153741E-002
 -0.146599578614481     
 -9.104488816452812E-002
  0.193563990297824     
  0.165366392661524     
 -0.225197756165731     
 -0.103109337591210     
 -3.189401200214478E-003
 -0.181041306705884     
  9.479610337761485E-002
  0.121599727725841     
 -0.143270037321489     
 -0.214732727492666     
  0.302696768468946     
  0.185821594007717     
  0.294545447101821     
 -5.404247149140508E-002
 -0.182119036195510     
 -0.234370034423981     
  0.452805858938792     
 -0.241231766033113     
 -3.502771641073897E-002
 -5.353302768239306E-002
  0.157132684432505     
 -6.341460150653067E-002
 -6.246082362882532E-002
  0.161411345495144     
  1.487997390415201E-003
 -0.142340891300521     
 -0.294241200893886     
 -0.139476198098984     
  0.299654082916623     
  0.208761435550076     
  0.233840741097934     
 -4.310355006443750E-002
 -0.211286289252898     
  0.321541808296517     
  0.174303612961244     
  8.390322500231100E-002
 -0.205553087602366     
 -3.186953294007289E-002
 -0.642572436761176     
 -0.399527856713902     
 -0.269323126289913     
  9.004146475255670E-002
  0.166114420873661     
 -5.609031271424557E-002
  0.244514811958116     
 -0.101126818430536     
 -8.413273422444939E-002
 -7.141982841600174E-002
 -0.274906206172515     
  0.914069035327378     
  0.371360808669026     
  0.218010558756484     
  0.577352012225974     
  0.280431874412070     
  7.519422578481053E-002
  0.437721342121148     
  0.115378059505308     
 -0.278901712667943     
 -0.184318728386566     
 -4.421191894826193E-002
 -0.523638563165764     
 -0.213963995193971     
  0.584646239069025     
  0.242432432207508     
  0.622669140279810     
  0.543518286365324     
  0.246321380828542     
 -0.123166826030278     
  4.517225795108828E-002
 -0.257126335465445     
 -7.784169272762168E-002
 -6.463483750693157E-002
 -0.140030947625736     
 -0.121276114556859     
 -0.268144075573768     
 -0.113704808315015     
  0.167702805185293     
 -0.110831195125674     
 -1.786347410116445E-002
  0.180041585847186     
  7.788806225191808E-002
 -0.107500684971459     
 -0.104623537657760     
  4.530155900692329E-002
  4.982006716890474E-002
  0.318902140171650     
 -0.307058949940472     
 -0.232448868823601     
  0.282490685638061     
  0.215746692516151     
 -0.251607382791342     
 -0.486756446596049     
  1.122640187686996E-002
 -0.266014392510468     
 -8.110875672537468E-002
 -8.152183051669346E-002
  1.656822566530776E-002
  0.155772305853436     
  6.863943380557741E-002
 -3.771089235931338E-002
  0.206462413783602     
 -0.172425730436536     
  7.172124984621737E-002
  0.141985707096231     
 -0.147350212774963     
 -0.176003225731804     
 -2.691311499598765E-002
 -6.167838682178318E-002
  0.162239814099180     
 -7.992666387437407E-002
 -0.192167179966673     
 -0.344650866717811     
  9.582123700851136E-002
  5.935982451825721E-002
 -7.995149120697011E-002
 -0.306492987713622     
  0.237057716587081     
 -0.419708809532669     
 -0.244119881272406     
 -0.213118497982912     
 -4.743492355399301E-002
 -8.688153206882453E-003
 -7.158310522488395E-002
  7.346961634481569E-002
 -1.249319678625898E-002
  0.111934934605523     
 -0.447954153950375     
 -0.194173905017697     
 -0.169865637700581     
 -2.813037450310105E-002
 -0.429826895083955     
 -0.428102060468737     
 -5.320644274219485E-002
 -6.221110823817066E-002
 -8.183440424757112E-002
  8.772041552833953E-002
  0.137361360447187     
 -0.440025787805780     
 -0.117774486862867     
 -0.166594629829920     
 -0.218396826814148     
 -3.224803875205639E-002
  0.106328907292060     
 -0.317696003742822     
 -0.289214332539186     
 -2.987707468398398E-002
  8.992635336950121E-002
 -0.200144783553406     
 -4.090019002664980E-002
 -2.894614294347473E-002
  0.308232093165761     
  0.196100022739667     
  2.258670354258428E-002
 -0.204510429107195     
  3.650227965455814E-002
 -0.143260633268828     
 -0.129660711041465     
 -0.214934910213523     
  7.529770465975584E-002
  0.130082346443386     
  0.166626541949584     
  0.196127010941094     
  2.879085143936138E-002
  3.323625590446904E-002
 -8.248590728276017E-002
 -0.280972601150792     
 -0.107870276669426     
 -9.076825151255558E-002
 -6.523000853077954E-002
  0.221883317791494     
 -0.452831839342284     
  5.668052878929794E-002
 -6.632650843068551E-002
  8.337582365462587E-002
  0.119049237363032     
 -6.013862610453750E-002
  2.175091403253324E-002
  0.107503860471391     
  0.104200102744131     
  8.721924075594882E-002
  4.085453185187683E-002
  0.216410388892926     
 -0.285862007354261     
 -0.232663946566215     
  0.263876914807148     
  0.161145475856557     
  0.485379900611431     
  4.190590870219758E-002
  1.204385053456356E-005
  0.130477663141178     
 -0.326581481832505     
 -0.308166515435728     
 -6.723113103508430E-002
 -0.324985054874344     
 -4.324307382449149E-002
  7.696147829139177E-002
 -0.353736051013524     
  0.249428316836260     
  3.055463202936560E-002
  0.209431102606881     
  1.924966701068781E-002
 -0.147909571234509     
  0.153273070067612     
  0.206692972114906     
  1.091657038613108E-002
  0.357686708973617     
  0.333824440044096     
  0.412765224406702     
  0.294892518885688     
 -5.720192451465972E-002
  0.243230568672589     
 -0.102488955508896     
  7.821710013242322E-002
 -3.549472740841100E-002
  0.219927828166474     
 -0.115072134568388     
  0.204204704354523     
 -0.477494131747199     
  0.169090425476316     
 -0.180239074581578     
  2.256092874145785E-002
  0.340456485475198     
  0.163076575195070     
 -9.444336688097041E-002
 -0.140464177762122     
  0.349428114109100     
 -0.150653856795455     
  0.126892575576709     
 -0.112712785158772     
 -0.203744355342338     
  0.202049015919106     
  7.799813514333603E-002
  2.212873838231210E-002
 -0.115763481531244     
 -4.377044964132610E-002
  0.195833026803323     
 -1.395175678917512E-002
  2.631046638099144E-002
 -0.129787809737334     
  8.706594430901540E-002
  0.438969481151917     
  0.227419106378457     
 -0.272387099185930     
 -0.152599678771716     
  0.108254547947307     
  0.122580161253183     
 -0.168943491302418     
 -2.441539184867658E-002
 -0.115845257840631     
  0.359454403265698     
 -0.146853733148015     
  0.163135712875017     
  5.911721660087542E-002
 -0.128410151527129     
 -0.341973453673230     
  0.137456572191824     
 -0.233341616913945     
  3.101323773117830E-002
 -0.212997683358927     
 -6.744784566131001E-002
  0.192148732702889     
  1.471663595382177E-002
 -0.308507676285894     
  0.127452396671767     
  4.798142086699422E-002
 -9.641735032109133E-002
  0.340735776847774     
  0.405091244286678     
 -0.158539216684131     
  0.726697205150024     
  0.142357462520253     
 -8.590619022499649E-002
  0.298839721422433     
  0.201575054692154     
 -1.057894678741787E-002
  0.187053146377340     
  0.180098861174630     
  6.427479949411720E-002
  0.135524099374625     
 -0.210878223223339     
  0.221069143579315     
  0.168540079622710     
  0.306199242340863     
 -8.494415094364538E-002
 -7.110037770436944E-002
 -2.850812937774203E-002
 -0.133847289415270     
 -0.141978485975093     
  0.210522770941954     
  8.105797334887445E-002
  0.128401355769419     
 -5.684954809457814E-002
 -0.392045626366101     
  0.313405144757957     
 -0.301249375286226     
  4.861466662359248E-002
 -0.119744485756917     
 -8.645946572885180E-002
 -4.555038279153947E-002
 -0.147606337518467     
 -0.151047512863357     
  7.969851796371662E-002
  0.100054525469903     
  0.209115398144256     
 -0.112314254665374     
 -0.142829783223772     
  0.415936018454035     
  0.233997504607467     
 -0.181138603371139     
 -0.142237396142402     
 -0.101796266330543     
  6.348498124757365E-002
  1.839714569587427E-002
 -0.152907760559699     
  0.193420145747524     
  0.276340369052762     
  0.110158314503562     
  0.243683321863358     
  8.615891421588683E-002
  0.144348780988404     
  7.144462685531040E-002
  0.216789430309996     
  6.000198843965016E-002
 -0.159987134635391     
  0.145214843637150     
  0.265591455662290     
 -0.378508709818702     
  7.191014984909744E-002
 -0.150125575504026     
 -0.159066388496349     
 -0.312109439995090     
 -0.306574880789815     
 -0.206506850096346     
  0.325621694159412     
  0.149845863401079     
  4.787536401259458E-003
  5.016110157229666E-002
  0.167757124771410     
  4.116451084062822E-002
 -0.293355790186310     
 -0.114797385766180     
  0.132359264994988     
  5.131207731226869E-002
  0.267553379640661     
  0.165774421281018     
  0.210102775546658     
 -0.452070733893839     
  0.193030020570974     
  7.659800638907957E-002
  0.293087049551323     
  0.133368316497683     
  0.214949905479128     
 -7.005115652516603E-002
 -7.882037290128638E-002
  0.129630813201609     
 -4.833706597525488E-002
  0.118691356693342     
  0.100970875824859     
  0.166721739236630     
  9.460673625430972E-002
  6.954218739633303E-002
  0.177729387567058     
  8.302079698478983E-002
  0.162933895402968     
 -0.239891589750912     
 -0.293334176275456     
 -0.109442968353027     
  1.373972943107289E-002
 -0.486856543609525     
  0.214138684805395     
  0.390150850070635     
 -0.128302672250495     
 -0.308038451345569     
  0.272309108296453     
  0.292526114299613     
  0.204267834243965     
  0.153243382062221     
  0.195045572390963     
 -6.269875091619423E-002
  3.056770953874325E-002
  0.188720776679050     
  9.827072658261327E-002
  0.203217503912879     
 -0.194874412312930     
 -0.217802838754721     
  0.119603691689573     
 -0.153599506787519     
 -0.357000167522355     
  3.892479244023338E-002
  3.924226639173137E-002
 -0.236038773306217     
  0.218851588354533     
 -0.292993066632133     
  0.194742880197567     
 -5.104116599148514E-002
 -0.243088059803162     
  5.959786057519655E-002
  5.756129330272040E-002
  6.583277319660158E-002
 -1.381215308355719E-002
  0.150438873026961     
 -0.147041930859776     
  5.162167929965544E-003
  0.541750635198481     
  0.215784824184857     
  0.185107207320716     
 -0.190467301353343     
 -0.335867026449830     
 -0.287357229011642     
 -0.207307212383134     
 -3.024178094164889E-002
 -7.892577503753001E-002
  0.147474416032130     
  0.616274534916612     
 -0.147057503531131     
 -6.045316420424350E-002
  2.358995058574265E-002
 -0.228591043698565     
  0.216905856690279     
 -7.294599588853908E-003
 -0.352389575234403     
  0.165214960830695     
 -9.609668330099601E-002
 -0.299291773937353     
  0.240913711912209     
 -3.926486525018637E-002
  9.409976516260801E-002
  0.104699486446782     
 -0.139589030732826     
  7.874229923194057E-002
 -0.221343481900499     
  0.212187954664714     
  5.443300808265740E-002
 -0.135341516121597     
 -3.728805691068892E-002
 -1.988477351583563E-003
  2.011434407703148E-002
  0.310694595067715     
  0.263407606055720     
 -5.603320801723500E-002
  0.114744937099812     
  0.115894021039189     
  0.165654469040862     
  0.208540363145193     
  9.183100996143649E-002
  0.162256437502942     
  0.401222552988970     
  0.447088825722078     
 -0.189075034568593     
 -0.269113709752066     
 -0.146531651994827     
 -0.317205609443714     
 -9.696483648186324E-002
 -0.270248686773327     
  6.440577396798115E-002
 -7.799186796005901E-002
 -0.128001099991843     
 -2.887595285562403E-002
  7.970552664209443E-003
  0.218674230745293     
  0.100644645529782     
  3.030263445284337E-002
  4.173734982861541E-002
  0.216323057305958     
 -0.166708730065898     
 -0.100852608021065     
 -0.225219379858703     
 -0.166401785367355     
  8.265186115024945E-004
  0.295962710483311     
 -0.408742697716150     
 -0.145256528591365     
  0.143288554940787     
  0.250322739339213     
  0.213113478045237     
 -0.196292672233626     
  0.128811640404349     
 -5.819372594499454E-002
 -0.377174907420637     
 -0.256299493571525     
  8.096987642088409E-002
 -0.115905740490265     
  0.111319146390802     
 -7.969495459345945E-002
  0.281571843005711     
 -0.189964004147925     
 -0.491610172636740     
  4.187447139346746E-003
  0.114220786034667     
  3.650189978878107E-002
 -0.221242720885442     
 -2.031777398913255E-002
 -2.027368230610690E-003
  0.141935458670429     
  7.538410425902226E-002
 -2.903851551365829E-003
  0.137027421481415     
 -8.831957702924628E-003
  0.203796103914350     
  2.766078060286218E-002
 -0.153579850179592     
  0.271498132374330     
 -0.324586436594296     
 -0.474669140367824     
 -7.042848038355130E-002
  4.281731268017282E-002
  0.109221139421013     
 -0.133507590790491     
  0.379244821522962     
  0.196987081517011     
  9.690551408012042E-002
 -1.312586658471493E-002
 -0.150093126716716     
  7.903904817006702E-002
 -0.137707826237306     
  2.917043385927891E-003
  0.121610029702354     
  2.233389774772384E-002
 -0.137388132508776     
 -4.856193973976231E-002
 -6.665236329284935E-002
  0.261493563820661     
 -0.127118703339893     
  0.257687137769174     
 -0.205409095455559     
 -4.350000900544188E-002
  0.433868752584819     
 -0.102936922668986     
 -2.093307722087023E-002
  0.161648170980971     
 -1.779575552334250E-002
  0.160207853083232     
 -0.381523554154020     
 -6.257741136710870E-002
 -7.478077282517083E-002
  0.211059095073335     
  7.222135977812265E-002
  0.396117505806281     
 -2.231187036215661E-002
  3.230179638103570E-002
  9.994174802833744E-002
 -0.233702914629630     
 -7.836605041568542E-002
 -0.145067563991167     
  7.567135811863649E-003
  0.154820727113802     
 -3.611494618632925E-002
 -0.451073072940422     
  7.431715798118382E-002
 -8.031790884731341E-002
  0.388791052137174     
  0.405481925512311     
  3.752885982935816E-002
  0.204199363112444     
  0.145123244787661     
 -0.346638455307611     
  1.209657849265354E-002
  0.190760833071936     
 -0.127467240079155     
 -0.201158875953745     
  0.355998570743786     
  0.183419678605113     
  3.180423963711754E-002
  6.601522990919816E-002
  2.513068017339120E-002
 -0.188934055492118     
 -0.385001094525272     
  8.038505922441128E-002
  8.730223822944309E-002
  0.128963594929794     
  0.178808573080644     
  0.204871036874724     
  4.068419000429172E-002
 -0.138305416928738     
  4.502143450728097E-002
 -9.014382749946738E-004
 -9.729954344993690E-002
  2.942470065303505E-002
 -9.611421914657592E-002
  0.344569050733242     
  0.113783732812684     
 -0.337589046858808     
  5.872014863817147E-002
 -0.122539388350791     
 -6.521309226595952E-002
  1.131827406187590E-003
 -0.108845215455965     
 -0.186098973734722     
  0.315377687555482     
  0.226198303915468     
  3.319620708743802E-002
 -0.258961391641717     
 -6.809121636617610E-002
  0.273994884233759     
 -0.216322006710188     
 -0.102480895478975     
 -2.161045200252351E-002
  9.939586882062497E-002
  0.219626495434658     
  5.093383381684594E-002
  0.292237461393375     
  0.170765887790905     
  3.853394484269022E-002
  0.234208319560695     
  0.266588038562366     
  1.039817534938932E-002
 -3.438217660352487E-002
  0.164527547819556     
 -0.317320480611065     
  1.658433218723730E-002
 -2.484924789535554E-002
  2.219119463222128E-002
 -0.181376879516031     
  0.115492843480535     
 -0.341364082531741     
 -0.257789176837166     
 -3.923603778794926E-002
 -0.105496689344910     
  0.290975332701458     
 -0.193336954324246     
 -0.448193927855161     
 -9.952768974679232E-002
 -9.539405618113578E-002
 -0.260844172851749     
 -0.110000031387542     
 -0.122640112084435     
  0.140726189971307     
 -0.215030025592928     
  9.817256948182898E-002
  0.140523756647462     
 -0.129540778375029     
  0.318064877081115     
  0.300418280427839     
  3.947979755579138E-002
  6.433545308814915E-003
  6.922054921130247E-002
 -0.284644146507311     
 -4.513225641941014E-002
 -0.122381844086234     
 -0.103313458436388     
  0.232752964605488     
 -9.275433086978313E-002
 -0.204735088039370     
 -2.288551684480581E-003
  3.672575127266402E-002
  1.588634948677438E-002
  0.203693288805241     
 -0.323037291576557     
 -0.358901936991999     
 -0.105573876616382     
  0.278016779253422     
  0.181363604279079     
  3.502285291277089E-002
 -8.628266092796615E-002
 -0.178430466416990     
 -0.316562450651059     
 -0.466262619194597     
 -0.111384321026154     
 -0.121457000991282     
 -0.145192508610022     
 -7.066011149532589E-003
 -0.211297157591864     
  0.174576603849882     
 -0.241184913204489     
 -4.455292733965926E-003
  2.694319206927998E-002
 -0.200373486930452     
 -0.203642607914258     
  0.235090498307891     
  5.404992921158223E-002
 -2.570984628315935E-002
  0.152216519747373     
 -0.209893068094744     
  4.943876263458057E-002
 -4.604629039970654E-002
 -0.359844145535913     
 -0.109822070558653     
  0.125896046929675     
 -0.155432585472459     
 -5.290033275956191E-002
  5.899832256006730E-002
  0.184620451951744     
 -0.110304580885553     
  4.758930954170448E-002
  4.477303435516811E-002
  0.107584044318100     
  0.203676364161378     
  0.309909270244433     
 -5.332887854637141E-002
 -4.502639610458916E-002
  4.424236978100907E-002
  0.459286050111195     
  0.137823506449251     
 -0.149672958907283     
 -0.150557127314176     
 -4.382197812371322E-002
  7.595701715776615E-002
  0.160140996035961     
 -0.347068114486155     
  9.131912747999842E-002
  0.499597548723877     
  4.776590218939782E-002
  0.281960073717706     
  0.161587112731038     
  0.181027645648169     
  3.241323924829358E-003
  6.419727513986574E-002
  0.135253113351867     
 -0.162448514031314     
 -0.100964653542597     
  0.113571579018303     
 -0.437112128149755     
 -2.935009179229542E-004
 -3.640212336406740E-002
  2.533447504472072E-002
  0.152042748492979     
  0.223772758112723     
 -0.351219933848280     
 -4.921770752476785E-002
  0.464015021967898     
 -0.274203926368940     
  0.200823205587579     
  0.132428464227870     
  6.707626161170874E-002
  6.056689321901314E-002
 -0.192296309253553     
 -0.456049683828427     
  0.122419622498210     
  0.246756896170431     
  6.948667563316349E-002
 -0.281629848503707     
 -0.131978134767988     
  0.169846790911520     
  9.067222851503941E-002
  0.394796778518332     
  0.300683853642405     
  0.242953326091918     
 -0.222204694831070     
  0.106291221002942     
  0.177011835803873     
  0.228301759009944     
  0.137422027586227     
 -0.104212344964521     
 -1.352550047109345E-002
 -0.359898994704883     
 -0.137879047166507     
  9.229178178740239E-003
  0.118736916795321     
  8.651204613968430E-002
  4.034899089235768E-002
 -0.129602445512589     
 -5.658850071252725E-002
 -9.047326870678962E-002
 -5.889049331914822E-002
  0.264412911137892     
  0.128062471824732     
  0.587209559954781     
  0.113940756578462     
 -8.415685321392672E-003
 -0.107878138359145     
 -0.167593609863709     
  0.119644260268229     
  0.151039502586319     
 -1.963956572182450E-002
  0.156042521544715     
  0.176631315391224     
 -0.244775411755932     
  2.812605370840136E-002
  0.119832338484694     
 -4.046464105320405E-002
  5.252165447179642E-002
  5.822298178574145E-002
 -0.253014505526838     
  1.767988426478912E-002
  0.164056837777750     
  0.104700131378465     
  0.274516168323291     
 -2.586524103473223E-002
  6.830022032360679E-002
  0.128029913696137     
 -4.487159465622678E-002
  0.174301442308207     
  0.196798344624854     
  0.228219709372684     
 -0.377950558226568     
 -0.124190791200186     
  0.285194268962543     
  0.264761751339417     
  0.160814986292174     
  0.253180253466228     
  0.205904877290021     
  4.543379517950582E-002
 -1.450496054175898E-002
  0.178042776294073     
  0.160927189168600     
  5.987887305162067E-002
 -6.774103172274734E-002
  0.261086954181387     
 -0.152186588765958     
  0.253845991003230     
 -5.305993937034427E-002
 -7.161284711407051E-002
 -0.462810271939499     
 -0.107115014169329     
  6.703194458798678E-002
 -6.303116322184341E-003
  8.430238811170901E-002
 -7.291677261140832E-002
 -9.154236905430625E-002
 -0.321241557084593     
  0.180037329838077     
  0.184515392498177     
  0.211010134489865     
  0.114966021853171     
  3.360656272493771E-002
 -5.037519360637884E-002
 -0.291505778616057     
 -0.137434445429988     
  0.312084475258555     
  2.135757396822596E-002
 -8.524520159260295E-002
 -0.227667359981347     
 -0.272067576228003     
 -2.717246284198277E-002
 -4.186012886670454E-002
 -0.269996092057851     
 -0.129763718016521     
  0.350878840987570     
  1.500141614006636E-002
 -0.197104450081045     
  0.193730121063470     
  0.219003088015336     
  0.309455436923465     
  0.511689770328627     
  0.168799587223884     
  0.231422767814914     
  0.374226924038623     
  5.043762644075662E-002
 -0.155090634415678     
 -1.030962563934738E-002
  7.273387455347846E-003
 -0.136609744125666     
  0.205276512935638     
 -0.334056492193942     
  0.350853716189097     
 -0.357911384808377     
 -0.355934539879569     
  0.122654074943619     
 -7.684820872371143E-004
  0.172161424082318     
  0.185544356663224     
  0.153509504682044     
  0.145317253764724     
  0.308976927154434     
  9.158635128771488E-002
 -0.142914870655780     
  0.202334569736882     
 -0.100538222656390     
 -0.145083053066574     
  1.391579167539445E-002
 -0.393249387508345     
 -0.183017969307282     
  4.466522270499745E-002
  5.727754269996368E-002
 -0.368293548634525     
  5.392999244323848E-002
 -0.219221260139745     
 -0.209267335268263     
  2.120135416435495E-002
 -7.243269991938166E-002
 -0.139101963437936     
  1.798610459717984E-002
 -0.224580299352072     
 -0.174742433440428     
 -7.475166179911312E-002
  0.283788563204900     
  4.767224233478180E-002
  2.952956704173320E-002
  0.190271367961295     
  0.330755775773638     
  0.115936494267546     
 -0.412553304698632     
 -0.201395127810827     
  0.106791392276777     
  0.581351897032232     
 -0.113766049980707     
 -1.392159179385597E-003
  1.932674427202059E-002
  3.772680963268439E-002
  1.305276645445089E-002
  0.125563517876279     
  0.219392575945877     
  0.148725277504080     
  0.327595388406332     
  0.290928983649685     
 -0.423654290877036     
 -0.153079122474364     
 -5.082224248675117E-002
 -5.542946690168352E-003
  2.955076999256310E-002
 -0.119896929401995     
  6.553513880722739E-002
  5.864262314328963E-002
  8.533361749448090E-002
 -0.215254362382392     
 -0.107245442749544     
  0.225246641520273     
 -7.303640636350504E-002
  5.298707170046196E-002
 -4.264931532395490E-003
  0.136861758580447     
  6.452139053261958E-003
 -0.125021749527394     
  0.155716521525966     
 -3.516688282712870E-002
  5.685201878378653E-002
 -3.360083494184242E-002
  0.132823583716778     
 -7.443219682147653E-002
  3.801763904744584E-002
  0.151600054123770     
  0.405406156252730     
 -0.191270118181120     
 -1.258225570420107E-002
 -0.206726987445354     
 -0.158501737651207     
  0.238121107590603     
  0.185999280972792     
 -0.225611549204726     
  0.306856498723253     
 -0.334422024139356     
  0.140161770786473     
 -0.157590706248017     
  5.186065876547630E-002
  0.235187575170244     
  0.113825138504644     
  0.238735214228041     
  0.231905791848062     
 -0.198756403165063     
 -0.225475045753562     
  0.312821131593510     
 -0.353617943495798     
  0.100929615758201     
  8.002184339757845E-002
 -3.813496194762683E-002
  9.892249050978555E-002
 -4.112680038874548E-002
  8.543730052867410E-002
  0.106935739874741     
 -5.702360952486787E-003
 -0.274501774934494     
 -0.236424692736514     
  0.115094476529341     
 -0.101467166139319     
 -0.404013380947209     
 -3.290574657324916E-002
 -0.184171348810187     
 -0.266099116166224     
 -9.588531181151780E-002
  4.812184476432850E-002
 -0.105139799634173     
  0.436906602060171     
 
 -0.278511187076778     
 -0.295976441207985     
  0.457482216095992     
  8.236225642520632E-002
 -0.337568586557262     
  9.654376209536043E-002
  0.148642408613472     
 -3.855143864179945E-002
 -0.281604843814000     
  0.367452831745859     
 -0.184979495335489     
  0.152248936995740     
  5.430803370888197E-002
  1.357092716122268E-002
  0.409256769065526     
 -7.352619465566006E-002
 -4.590596280331204E-002
 -4.858073445423058E-002
  7.389251391065796E-002
 -8.725546317066465E-002
 -3.425611253059997E-002
  0.101053305736151     
 -0.358576121617361     
 -9.343482823251285E-002
 -2.437094105901911E-002
  0.162348253013201     
  0.342756792614987     
 -7.263124298306346E-002
  0.120622083401615     
  0.108330291923399     
 
  0.112038476481030     
  0.302096510270240     
  0.628354701484623     
 -0.164412758064194     
  0.125990223807427     
  0.260901681012569     
  2.129877391901712E-002
 -0.257708792737231     
  0.279035902673830     
 -6.887200503415983E-002
 -5.198891048494285E-002
  0.211016449473792     
 -0.153569342353722     
 -6.040632831219520E-002
 -0.120963850094570     
 -7.232752639281016E-002
  2.835992559359356E-002
  0.152685904286800     
  0.349652386026156     
 -7.933868796226423E-002
 -0.107042500649716     
 -0.187207379534636     
 -0.379323969187519     
  0.261951378577257     
  2.367772600291950E-002
  0.246237353457222     
  7.477699338906188E-002
  8.330712147974058E-002
  0.230786123622016     
  0.180079944575147     
 -0.450907424542027     
  8.361943765418763E-002
 -3.458074598250943E-002
 -0.189899141027626     
  7.517926349961351E-002
  0.201841522212706     
  0.267753384038845     
 -7.241641427351653E-003
  0.128624926200800     
 -0.250100885411700     
 -0.116649411112124     
 -5.337502442034229E-002
 -0.199534281396142     
  2.168758505394310E-003
  0.121525926364101     
 -7.128979081519017E-002
 -0.104630510588047     
  0.284615733341760     
 -0.188231689904345     
 -0.207043093391825     
 -0.272851841033123     
  9.099973481779429E-002
  0.180963580296307     
 -5.898057752671883E-002
  7.916004434526192E-003
  0.189551834398839     
 -6.113934318824440E-002
  0.374143434563328     
 -0.269290000485714     
 -0.151107824512508     
 -0.133697135960999     
 -0.172629382785577     
 -0.132171785533860     
 -0.285044330124497     
  0.103769538860499     
 -0.154307739554176     
  2.761801433212167E-002
 -3.351162972862558E-002
  0.216006214166755     
  4.603324647473961E-003
  7.291614006785720E-002
  8.129593640228105E-002
  2.130060125421139E-002
 -6.420158869562878E-002
 -9.745889829884722E-003
  0.180203292895163     
  6.857836002760577E-002
 -3.966951341525681E-002
 -0.314607157326720     
  5.857632882101790E-002
 -0.100658246808899     
 -7.755429886761475E-002
  8.547577301494656E-002
  0.202158802998694     
  3.406704316944532E-002
 -0.199644994729225     
  7.210000536029323E-002
 -0.105796740074989     
  0.258500901631351     
 -0.191652989953062     
  0.112472891337193     
 -0.125254138449704     
 -0.233608157993437     
 -0.250872735556976     
  0.195989139043092     
  7.062639871507748E-002
  0.410090378262017     
  0.150116863822622     
  4.746145103653909E-002
 -9.758659162260282E-002
  0.319807717021637     
  0.113270838024285     
 -0.184403996361035     
  5.848659496298215E-002
 -9.761110210552056E-002
 -4.942217282430168E-002
 -1.429069378594532E-002
  0.151723841948966     
  0.556730749974508     
  0.516362339499765     
  8.012015020467788E-003
 -0.142631170090558     
 -4.867015148454460E-002
  3.950709629086039E-002
 -0.266307019460294     
  0.230519303777440     
 -0.107518566848654     
 -0.660436935885234     
 -0.160277752619974     
  4.991206211488380E-002
 -1.985343438982744E-002
 -0.178460392724143     
 -0.114416104841743     
  6.034166806664943E-002
  0.360862917130964     
 -0.247401007254705     
 -0.250358550971613     
  0.329781892704116     
  0.214790175041484     
  6.740752517359559E-002
  1.119818986354961E-002
 -8.719047794639474E-002
  4.708132603892889E-002
  0.286645419219384     
  0.296959735045896     
  2.566926510414893E-002
  7.410501217122430E-002
 -6.584306547484224E-003
 -5.081436235900644E-002
  5.041527930082140E-002
 -9.242886629376856E-002
 -0.195170110217014     
  0.247447513797406     
  0.435094189237107     
  0.106626892748085     
  8.700533656087871E-002
 -0.102323996107986     
  1.420234031091069E-002
  9.350172450770915E-002
  8.623359778903095E-002
  0.340764570245323     
 -0.277584834130626     
  6.729480328283619E-002
 -0.305370707171215     
 -0.129897349101310     
  0.182705343504195     
 -0.162549695694763     
  0.322784384110925     
  0.148461795910544     
  0.198585463740519     
  0.488716838266520     
 -0.147713241368328     
  6.594756517583778E-005
  6.946900723927435E-002
  0.173549400719241     
  0.248789624784714     
  8.270705938553891E-002
 -6.606002268057312E-002
  1.891994080546654E-002
  0.167948294034399     
  9.323715595475841E-002
 -0.255978883802017     
  0.300249653668905     
  0.280164664254867     
 -7.667758023990595E-002
  0.285622053020919     
  9.099389278880420E-002
 -0.207179012263626     
 -5.829710730447629E-002
 -0.152738144025913     
 -0.128512820437205     
 -0.343148525174134     
  0.193617552958391     
 -0.185219929061815     
 -2.678134545700293E-002
  0.183815746364439     
 -5.677854237994485E-002
 -0.172121819691678     
  2.357055577236197E-002
  0.182452883173495     
 -2.824912174440200E-002
 -0.134213760825285     
 -0.343052305550408     
  0.203325394084624     
 -5.160371765043598E-002
 -0.128759631678464     
  4.283842293892490E-002
 -0.318996875828274     
  0.119101717218413     
 -0.207420144413630     
 -6.837755696322445E-003
 -0.165791520708819     
 -0.196750754551182     
  0.241075884003802     
  8.361430851327929E-002
  6.487427556277460E-002
 -4.795058626127099E-003
 -0.133274002331072     
  0.221354188197767     
 -0.104434444923788     
 -0.127247771025916     
  7.336047623115094E-002
  5.771348096072715E-002
  0.232454977801499     
  0.196408776132361     
 -8.480765287894958E-002
  0.197445622712757     
  0.112542690540609     
 -0.183983439699420     
  0.108861727557333     
  0.130304238241338     
 -2.509230709272217E-002
 -0.266626612823635     
  9.615431648908035E-002
 -0.103691763647125     
 -0.136109493404015     
 -1.174390905181490E-003
  7.270061855237420E-002
 -7.843049133551347E-002
  0.224174718168560     
  8.534868792392222E-002
  0.158553784759950     
 -0.244049964737218     
 -6.001208217795463E-002
 -0.196302261730068     
  0.102346805925935     
 -0.268232555809198     
  0.291842023650583     
 -0.229295340755210     
  0.383618688074449     
  0.187970872449937     
  9.344386444430995E-003
  0.217180693337795     
 -0.309115658746235     
 -0.106651591186073     
 -0.144409280087350     
  5.162353915054721E-002
  0.177221330853757     
  0.217780088703876     
  0.246179499586197     
 -0.186471260904612     
 -5.828731255021117E-002
 -0.299333609824455     
  2.118155002016596E-002
 -5.944440342667797E-002
 -0.352022830333489     
 -0.142909493584996     
 -0.189543803492167     
  0.298162132755503     
 -6.148798675844455E-002
  3.894936127686408E-002
  2.138293111992319E-002
  0.176571736379862     
  1.317096784658586E-003
  7.945837765225701E-002
 -3.499676819316859E-002
  0.159584568532593     
 -0.404456115000170     
  0.148533536408287     
 -0.270150369540349     
  0.187488132621256     
  7.670653961535816E-002
 -4.401175060059970E-002
 -0.155961360948348     
  8.594818792986395E-002
 -6.598819381330411E-003
  0.192108757797791     
 -4.149315040301831E-002
 -2.994247615282895E-002
  0.221414320865812     
  4.796905521703052E-002
 -2.642711993910262E-002
 -0.338285945406546     
  0.278015438839049     
  0.104212805899035     
  7.631794441483851E-002
  6.824831139396363E-003
 -0.173722212195965     
 -0.184786018902787     
 -1.823573623427082E-002
 -0.107653151829407     
  8.745174724861850E-002
 -0.363994322401597     
 -5.747945127263533E-002
  2.116867855744183E-002
  0.135653895944092     
  0.142406693547405     
  6.217782816760055E-002
 -0.121427053884935     
 -1.825142584449454E-002
 -1.270265820495579E-002
  0.182580112541208     
 -0.151913223450201     
  0.217841377634509     
 -5.403592617723087E-002
 -0.146677724830234     
 -7.106053366776673E-002
 -4.255798128590297E-002
  0.165433522747394     
 -0.119229731112623     
 -2.074144901021250E-002
 -3.955458886797805E-002
  8.040677484158714E-003
 -0.170695851357263     
  0.153783807633444     
 -0.168088971845153     
 -6.497980077924974E-002
 -0.198899319808125     
  3.412174555930863E-002
  0.156176093322739     
 -1.693231211163594E-004
 -9.003832326247743E-002
  8.830977514516347E-002
  0.125429559460957     
 -0.204116077063913     
  0.256971392742920     
  9.411854213815504E-002
  7.987441192509149E-003
  0.168294187588328     
 -0.256544185669700     
 -0.239631835370009     
 -7.133860187683794E-002
  0.113527888287176     
 -0.122088765309825     
  0.150033945852584     
 -0.452254574042895     
  0.127293641423127     
  0.305928670228525     
  1.304590966772376E-002
  5.675011463992553E-002
 -0.162124514128157     
  0.134117220560950     
  2.705416714830217E-002
 -0.540842082095930     
 -0.134280436642965     
 -9.526458312259695E-002
 -8.189065086996838E-002
 -0.205222510758723     
 -0.127297334632413     
 -0.107806862971191     
 -0.108324899507263     
 -4.561346137099232E-003
 -0.204855595503704     
 -2.351485341726189E-002
 -4.110063926277541E-002
 -0.174727676389093     
 -2.924275185125288E-002
  0.165881846746057     
 -0.170383064679777     
  7.559290343471087E-002
  0.160066615117360     
 -0.237062454164893     
  0.221146583883601     
 -0.257899414199493     
 -2.984157731165027E-002
 -0.178811985481277     
  0.135115371239664     
  2.299891491953963E-003
  0.123501885603776     
 -0.183889990631651     
 -0.127889503563526     
 -0.170454684395954     
 -2.902614959172811E-002
  2.078244511795540E-003
  0.147968595613642     
 -0.189035960349402     
  0.121290088024818     
  1.922335501254441E-002
 -6.387904868560296E-002
  1.211958222159379E-002
  0.128545173300891     
 -3.439252262388253E-002
  0.261783702882125     
 -0.261006803125709     
 -9.933285483081861E-002
  0.200200985918990     
 -3.234350428857523E-002
  0.142738010982116     
  0.210041449591306     
  6.976881128208096E-002
  0.282908213649298     
 -0.220726474219207     
  0.197374258233432     
 -6.938395073178434E-002
  0.198908531973034     
 -7.443254570961817E-002
 -0.154191704919996     
  0.124284599623111     
  0.114412903143963     
 -0.226281409991692     
  0.104427743133310     
  0.339207302146570     
  3.052820810835850E-002
  0.121842939881745     
  0.275926807935202     
 -0.140993214653853     
 -0.269878214670660     
  0.145666193653217     
  5.931387247993596E-002
  2.744910683127996E-002
  9.742312205782416E-002
 -0.111933107111382     
  0.189047965154426     
  0.145349382881191     
  0.172043705292535     
  8.371431548382784E-002
 -7.573359370620175E-002
  0.249738335313384     
  0.271387955848635     
  0.509710648174958     
  0.125993165868642     
 -0.249178543479045     
 -0.101093959017898     
  0.113593555699780     
  3.325868938693647E-002
  0.103656399024111     
  0.152780321060122     
  0.215843168502816     
  3.875256032694110E-002
  5.686710840163506E-002
  0.217326594314181     
 -0.111059585710823     
 -7.659612531725866E-003
 -4.281277042075667E-002
 -0.114075490546691     
 -2.248340616288292E-002
  5.000089657965575E-002
  9.234788216227792E-002
  3.063161039385309E-002
 -0.134876823692113     
  0.256874002360848     
 -9.576561801999163E-002
 -0.238901539526907     
 -3.383073252638895E-002
  0.292573532005844     
 -0.178231985757369     
  0.137676360529915     
 -5.281030633073359E-002
  0.107329724746817     
 -7.566809039538752E-002
  4.918836264795984E-002
  0.389903324050875     
  4.197153212275624E-002
 -0.283963512995874     
 -0.233496287262152     
 -0.156716884851602     
 -2.965345615779647E-002
 -5.476728944282001E-002
  4.289394628227150E-002
 -0.306093061569683     
  0.262828405365750     
  0.124166537803592     
  0.123335447934917     
 -0.188559957642510     
  0.191322443517022     
 -0.203036678773705     
  0.194591035761407     
  3.256960152327739E-002
  0.158055704425301     
 -2.971814462633867E-002
 -1.770488172411206E-002
  0.107601581007257     
 -0.118980599228251     
 -5.899980505750430E-002
  1.514171747666971E-002
 -1.209129887481667E-002
  0.206262468768161     
 -0.187861141412081     
  0.283781813221226     
  1.294708488910471E-002
 -0.332931758766571     
 -7.116506221927213E-002
  0.402731057903748     
 -5.823937199141861E-003
  2.651266797641993E-002
 -0.170649405231038     
 -0.175811940986129     
  1.209160965061081E-002
 -0.174648129148432     
  3.920968110909235E-002
 -0.115117792253537     
 -4.242862143604906E-002
 -0.142586234636740     
  0.161915240070296     
  0.166014158969431     
 -5.449699388633763E-002
 -0.312239425494359     
 -0.324623184208683     
 -0.250665153353265     
 -5.642226509947380E-002
  0.115704967094478     
 -9.679487115728705E-002
 -0.101422047384306     
  3.351986928667933E-002
 -8.454849598250318E-003
 -0.168166062483622     
  3.847112721539579E-002
  0.112464163466782     
 -5.446702498766921E-002
 -0.366568267846981     
  4.428443611275802E-002
  3.990190697591083E-002
 -7.376582390645336E-002
  7.010451242254146E-004
 -0.155439043250672     
  0.186020169196192     
 -0.286847609060245     
 -0.109940316147659     
  0.374850883691026     
  0.260527058586627     
 -0.150961418470932     
  2.193418467546851E-002
 -0.194742497389279     
 -0.230199704460800     
  0.240672155251785     
 -3.445208554102788E-002
 -3.177510463711577E-002
  5.486407490138984E-003
 -0.114641262358726     
 -0.169123278756814     
  0.127932110166480     
 -1.311635797245889E-002
 -0.208313082906584     
  5.267149724770236E-002
 -0.102815205606420     
  0.155460441900967     
 -9.057806963891281E-002
  0.269554446841758     
 -7.726609692518517E-002
  0.112937790764249     
  0.123811439583213     
  0.196821347233256     
  0.159324972696048     
  0.148007305302379     
  0.145171790061355     
 -0.168232703900747     
 -0.100176258653485     
 -4.689123366487354E-002
 -0.144890104520316     
 -4.066317781378787E-002
 -0.130656382204651     
  6.856087628463865E-003
  0.247596221180061     
 -0.382484662389522     
 -0.160303006117141     
  0.165223395441573     
 -0.281755512280913     
  0.110498526603709     
 -4.978281727229829E-002
  0.138703781080617     
  9.095311894949419E-002
 -8.407773930782292E-002
  0.407583067666293     
  0.104999163436850     
  0.198663545127864     
 -0.139905045936328     
  0.140366450860566     
 -0.233723549655756     
 -0.352754093358251     
 -0.128751835557481     
  0.270814581235556     
  1.386603014584386E-002
 -0.158904390662991     
  0.107254062635405     
 -3.000123243807325E-002
 -1.372411274747062E-002
  0.167592003886119     
 -0.192548714903718     
 -8.668076774717452E-002
  0.108577458422477     
 -2.111123363556616E-002
  0.221054456334706     
 -0.199602545874911     
  1.459504901999628E-002
 -1.694064470545614E-002
  0.315460405926105     
 -4.214768685011746E-002
 -0.107210554085334     
  0.115274386865217     
  0.141298310285881     
 -0.166092381126458     
 -0.283958521530688     
 -0.156804867429241     
  3.778995852983437E-002
  8.161695137900750E-002
 -0.185763205303539     
 -0.211175204748168     
  4.849764477338771E-002
  0.162278800143997     
  8.217071169774472E-002
  0.206746902168587     
 -7.768538150301475E-002
  8.019107236685327E-002
 -0.158480871665109     
  0.296346067821375     
  7.380170285200774E-002
 -0.193167789957549     
 -0.152832152236289     
 -7.995232635799319E-002
 -0.250468938165581     
  6.017107428814735E-002
 -0.151224587775422     
  0.341145165736813     
  2.444358919071797E-002
 -0.187759367157474     
  0.109292302057798     
  3.019747819623529E-002
  0.132788459817785     
  0.148735780259859     
  0.130793628739330     
 -8.297796355383343E-002
 -0.174801007803686     
  0.245406816089042     
 -1.169811775551961E-002
  5.716676600440435E-002
  4.244033895505770E-002
 -8.893618664494547E-002
  0.122723238050247     
  0.174168912160259     
 -0.324397169099454     
 -0.229418035592620     
 -4.736194724503325E-002
  0.356236227907687     
 -8.352077893126855E-002
  0.116879054760833     
 -0.301234596203522     
  0.131293503432993     
  7.005062779369689E-002
  2.805783338282403E-002
  0.152297166683111     
  1.266508451683420E-002
  6.497941892572691E-002
 -0.223519392781911     
 -0.186263864652147     
 -0.103749849249505     
  0.355174176879683     
  0.153509033912310     
 -0.268518509438076     
  5.328199931948843E-002
  0.293027599464308     
 -0.189908529442948     
 -7.384467051035912E-002
  0.325154871766360     
 -0.116439780335756     
  0.196958458102485     
  0.324479977683062     
  0.117018353065893     
  0.113675180883567     
 -0.293279175160687     
 -0.236919116634684     
  8.516460288740020E-002
 -0.203283382229642     
  8.325195546094573E-002
 -0.179212822759629     
  0.132687323235501     
 -0.365471002608273     
  8.330422125274427E-004
  0.169794980233732     
  0.240111044105027     
  0.147680114646225     
 -2.857635160660377E-002
  0.249503248345462     
  3.137155379163963E-002
  0.369958641103410     
 -0.192319324372184     
  0.128572027832537     
  0.179553622831638     
  8.072557583525054E-002
  7.218320317074135E-002
  3.044652818988834E-002
 -3.192556650567668E-002
 -9.446118978843138E-002
  0.186453132635440     
 -6.253774186302241E-002
  6.910616833487344E-002
 -0.223159500280785     
  5.420999350078196E-002
 -4.900247767471106E-002
 -7.106578036221915E-002
 -0.163564628232981     
  9.822179836598055E-002
 -0.164533204912369     
  4.408572444132275E-002
 -1.340829078244749E-002
  0.292906521948340     
  0.191330781505161     
 -0.149431777494254     
  0.106679140224043     
 -0.168982228776934     
 -0.245582260004079     
 -0.162476020157190     
 -0.230285580332716     
 -0.160609173901787     
 -5.939057141583591E-002
  0.193019653843396     
 -0.357382644940040     
  0.280617445324672     
 -4.403075602676350E-002
  6.868002133660997E-002
 -3.516121429562877E-002
  1.703963303153522E-002
  0.138990508253581     
  0.124662419905679     
  0.229862505727474     
 -7.237659677513038E-002
 -9.000443775341682E-002
 -0.514842240059958     
  0.106991012562718     
  0.150714295594554     
  0.144550437828951     
 -0.403841422982931     
 -3.462338207024347E-002
 -1.823619829680970E-002
 -0.189538984279601     
  0.248753213480942     
 -0.103558841393415     
 -4.187966496316897E-003
 -7.690843461689031E-002
  5.922772209175611E-002
  0.266994184014642     
  9.319084673704082E-002
 -7.541126695645792E-002
 -0.301311268861080     
 -0.405630011758755     
  0.108964632936722     
  0.230123201283899     
  0.188287192834076     
  7.332103865417773E-002
 -0.122743386440945     
 -0.192142990653933     
  0.192683652992593     
 -0.266261476205125     
 -4.881840313135521E-002
 -0.350592240776776     
 -7.328562309088539E-002
  0.114148358268591     
  0.187236699500680     
  6.819635300710629E-003
  0.201323201796330     
  0.128198435953094     
  0.230993597136847     
  0.179759658853761     
  0.191701710774173     
 -0.123091558722092     
 -4.751575719697165E-002
 -0.164075034919157     
 -4.576377886542506E-002
  7.767676604551911E-002
 -4.401448990654235E-003
 -0.317117496370762     
  0.486321786300417     
  7.610510046854002E-002
 -6.368607307467618E-002
  2.479995336164154E-003
 -9.538128049554355E-002
 -2.836988351793765E-002
  0.111153545479624     
 -0.268795227038826     
 -1.295464485705690E-002
 -1.749049179840164E-002
  0.279792774214580     
 -0.187875770407100     
 -9.799869162772894E-002
  2.051355426563732E-002
 -0.186998969282625     
 -7.375379286524907E-002
 -0.396020069339626     
  0.440018649723458     
 -1.956683760382408E-002
  0.194972454617246     
 -0.122777921844271     
 -0.171532642927993     
  0.177231722407748     
  0.166563733964898     
 -0.119890972255018     
  0.173123685770106     
 -0.110024514246007     
  0.144201228658663     
 -1.401636712396938E-002
 -0.142647494500795     
  0.196597312202494     
 -0.227677984405975     
  0.120652834762733     
 -0.240083448377656     
  0.278572727473333     
 -4.044556852074765E-002
  4.225751069380665E-002
  8.817231991709237E-002
  0.381141526712781     
 -0.374594964130835     
  0.235665068079540     
 -1.502440789071254E-002
 -0.276709856694478     
 -0.302713514329079     
 -0.185343397624292     
 -1.396514450617071E-002
 -0.223095104698057     
  0.269907569801043     
 -0.110667612470981     
  6.892810532935373E-002
 -0.105999589337796     
 -0.162231127680482     
 -5.420976203095296E-002
  5.986282500640122E-002
  0.252992095765445     
 -2.266903217007737E-002
  6.569065211598110E-002
 -0.165133385365000     
 -0.349007062002515     
  0.132847532346623     
  6.875982981300592E-002
  0.183514304262802     
 -7.796979810516098E-002
 -9.833063247852403E-002
  7.070624397263447E-002
  0.119556699297667     
 -2.460932412823824E-002
 -2.598054253564964E-002
 -2.248018145591804E-002
 -0.156386676248025     
  0.156754150773635     
 -0.210454262259321     
  9.865560496274176E-002
  0.114599295461146     
 -0.183966083630553     
 -4.444577601580994E-002
 -0.262998923835028     
 -3.914073782361434E-002
 -0.210849054986942     
 -0.268972095910746     
  0.245718441277199     
 -0.111909325701741     
  0.743203401874827     
  0.216335355212619     
 -0.240514219625049     
 -8.592855825263346E-002
  4.241256456051762E-002
 -0.244785024414242     
  0.409205528244774     
  2.686895009686736E-002
  3.191021131270170E-003
 -6.398423472475313E-003
  6.400602594584520E-002
  0.417238860072844     
 -0.220692981260721     
  0.160811953612692     
  0.306435175750159     
  7.845384147922693E-002
  8.482594831661520E-002
  0.152047801051811     
  0.167458819355046     
  8.357145581149146E-002
  8.134088766843314E-002
 -0.162761185850109     
 -0.274641947629802     
  0.215080853946899     
  5.358744631291313E-002
  0.211159405829954     
  0.369052279804213     
 -0.434416084389618     
  0.135617911157501     
  1.544447362568221E-002
 -9.973643989014850E-003
  1.043062658093525E-002
 -2.163589634440071E-002
  0.141730828256389     
  6.377734532522111E-002
 -8.354314980429497E-002
 -0.221925241682729     
  0.215030333926719     
  0.157014295772326     
 -7.984514408200108E-002
 -5.005973953286161E-002
 -0.347678611497803     
  0.227012406576396     
 -6.589128260872912E-004
 -3.757164947534877E-003
 -0.190417513481995     
 -0.154822785667055     
  0.270448636326976     
 -0.231890503539145     
 -0.204199959576754     
 -0.236402206416153     
 -3.133113773013726E-003
  0.254886166523611     
 -0.207562447998722     
  1.417667747556764E-002
 -0.126328373592192     
  9.156682038150191E-003
 -1.230027464063373E-002
 
  0.107681651653102     
  0.152959076245183     
 -0.145456293639233     
 -0.204083462966859     
 -5.102513974585434E-002
 -0.119935339086891     
 -0.136303321521327     
 -0.155770408689211     
 -0.143847844685227     
  7.432376070103388E-003
  5.267137859683019E-002
 -0.182277061589118     
 -0.220456493878589     
  5.317726803454330E-002
 -0.207943426456542     
  1.284031889059909E-003
  0.123562443700264     
  0.201021816806599     
 -9.222503246314072E-002
 -0.247221142209876     
  7.453409758243205E-002
 -0.107924531124837     
  0.338283987360676     
  0.121766024748317     
 -8.883483462966195E-002
 -0.149195398944972     
 -0.193125882851846     
 -0.146918316354508     
  0.248890262631243     
  0.138651191982764     
 
  -10.9393333422136     
  -11.7399743089967     
   3.82258377231367     
   4.17691027336378     
  -9.85641697262383     
  -2.40219259279814     
  -4.80991417466373     
 -0.812531599274406     
  -8.76165693251258     
   1.04519561560897     
  -1.45647358978515     
  -1.84815872707640     
 -0.866371726614867     
   6.57649983903803     
  0.730307267043047     
   7.75142385577506     
  -4.61600970455033     
   20.8347464787749     
   1.03376333844780     
   1.81482137727058     
  -6.50586561122658     
  -4.27176200585125     
   9.54759058791717     
   11.3241512519870     
  -12.6376661891020     
   13.9879633299486     
  -6.51141883630758     
   5.45077962258886     
   10.3967307703030     
  0.728957824110882     
 
 -1.366165487804878E-003
 
  tansig  tansig 
