 0.113636865115043423E+00
 0.398707947947663177E+01
 0.388529483339083503E+01
 0.164942604758515854E+01
 0.553575459193267672E+00
 0.647263453544978273E+00
 0.146656298104212501E+01
 0.143787861819998875E+01
 0.684600428317168830E+00
 0.247869850127427793E+00
 0.239926702605281372E+00
 0.297910609544092264E+00
 0.194440125961225008E+00
 0.527786282468223789E+00
 0.289104909000381549E+00
 0.350239586014397586E+00
 0.257624312324240490E+00
 0.184627498621555475E+00
 0.141204756783290947E+00
 0.144366076104596008E+00
 0.143643102166143705E+00
 0.241603993608870998E+00
 0.194063438567407792E+00
 0.288379600142892378E+00
 0.388507231455646140E+00
 0.185760433497355715E+00
 0.160453666588059096E+00
 0.204051343156516463E+00
 0.323822480622636411E+00
 0.507585919379639039E+00
 0.539255675001240053E+00
 0.408858803591154840E+00
 0.722993040949062915E+00
 0.546319585165439658E+00
 0.799555971172720481E+00
 0.983526649737538672E+00
 0.195912377679111938E+01
 0.110736768834543220E+01
 0.133954386249953572E+01
 0.621079886279870430E+00
 0.151137375663314777E+01
 0.402667661258140264E+01
 0.452670490974641648E+01
 0.428278886863054886E+01
 0.348093233723296169E+01
 0.189437060608667540E+01
 0.116999724896386748E+01
 0.170985169348063581E+01
 0.815505657902602654E+00
 0.203317848520352396E+01
 0.886911673151283941E+00
 0.110140326307170877E+01
 0.601937986638623079E+00
 0.939878679879231571E+00
 0.460088021456840801E+00
 0.402327629803815479E+00
 0.228103984784117836E+00
 0.632967341353921853E+00
 0.215454055671832623E+00
 0.376678490152688838E+00
 0.258399380367113574E+00
 0.563450397240999323E+00
 0.335039347471111693E+00
 0.261116200755332373E+00
 0.239452879699277810E+00
 0.241059239851142804E+00
 0.173525520849179299E+00
 0.160842820808147352E+00
 0.181260712093055026E+00
 0.351177974531088455E+00
 0.337567775205018350E+00
 0.243415593009073228E+00
 0.337976186370339271E+00
 0.415027835701359316E+00
 0.447097160473428457E+00
 0.351585942578836297E+00
 0.589620194606325088E+00
 0.929878591060631421E+00
 0.604991796578590368E+00
 0.598436925489407745E+00
 0.109410757227782085E+01
 0.123099851234752578E+01
 0.103808172418524181E+01
 0.651777687482793633E+00
 0.154808168664979928E+01
 0.306099998403367080E+01
 0.360654857011817098E+01
-0.146582083723910594E+01
-0.731687758910110841E+00
 0.315388207841597090E+01
 0.116383260888797468E+01
 0.907789826454400650E+00
 0.294620164877571755E+00
 0.955716877134775822E+00
 0.178520521347291627E+00
 0.182062704202176850E+00
 0.776127085264598643E-01
 0.456488118405909971E+00
 0.186423891122573238E+00
 0.588763498337075836E-01
 0.299673000729819838E-01
 0.149086636977517506E+00
 0.151772710508881525E+00
 0.154357772366953888E+00
 0.108946891940687934E+00
 0.332187373430916158E-01
 0.503183451564429909E-01
 0.740026141221845624E-01
 0.654035843537484896E-01
 0.105293556283238388E+00
 0.624960092439400816E-01
 0.419835140337164320E-01
 0.431412291071208709E-01
 0.106227941236917853E+00
 0.972306589276998173E-01
 0.599940552209312430E-01
 0.767082002663442009E-01
 0.649248894763190670E-01
 0.110690483094374376E+00
 0.737227273528102550E-01
 0.102289712848455186E+00
 0.100422884918957997E+00
 0.170273012090939813E+00
 0.675415634732934450E-01
 0.116099074368725713E+00
 0.357827119383043402E+00
 0.182873268902212865E+00
 0.134778795102446086E+00
 0.301062092062964304E+00
 0.603305468921941479E+00
 0.387216308871025094E+00
 0.661509918863532942E+00
