     33 -    30 -    30 -     1 
rmse=  16.7483meV
  0.124241286295222     
  9.662161518564523E-002
 -0.212151983498721     
 -0.109278158748736     
  5.182967436399944E-002
 -0.339211124317665     
 -0.134899709507258     
 -5.135651453259485E-002
  0.169808495991286     
  0.225570305116282     
  2.494058407938446E-002
 -0.181709028424682     
  0.151150630822727     
 -8.584856567267771E-004
 -7.165209466288705E-002
 -8.100808838206182E-002
  0.122208932085870     
 -0.237642021431873     
 -9.090001628815594E-002
 -0.220639698638560     
  9.088686577924422E-002
  0.343076414537536     
 -2.682624353612163E-002
  0.221620911229333     
 -2.390973574333050E-002
 -9.958897890913830E-003
  0.260551205780630     
 -4.126031498000437E-002
 -7.334138222704395E-002
  1.731727949605479E-003
  0.201816704671220     
  6.536723482276424E-002
 -0.271920783651063     
 -0.251656849014980     
  0.371011660445155     
  5.963366283964062E-002
  0.383913129157176     
  0.258402035195675     
  0.234112095127294     
 -0.285639282642742     
 -9.599900129301503E-002
  0.107614199577839     
  0.205920228907436     
 -0.198894330851871     
 -2.164186528471881E-002
  8.307297885296003E-002
  0.102164883275519     
  0.121355680487421     
  9.390967803207227E-002
  0.195475310035085     
 -0.193021761842088     
 -0.225842816247627     
 -0.120272540881130     
  2.293041584816130E-002
 -5.163147860111619E-002
  0.191972742106365     
 -0.136607152946139     
 -2.937027627641378E-002
  0.152740344332869     
 -0.457929602126202     
  3.676726330338288E-002
  4.150156015355192E-002
  0.182875326535549     
  0.232921599090866     
  0.143462713995784     
 -0.152998133877980     
  0.262966581676587     
  0.147459702578093     
 -0.238855259478128     
 -6.347634180361725E-002
  0.208676229695489     
  0.461711252984310     
 -6.095359844894003E-002
 -0.292822683987869     
 -8.444330824773781E-002
  8.472977247836531E-002
  0.242960985869154     
 -0.235159106760530     
  0.375230743592165     
 -4.749929841742241E-002
  0.398070683501688     
 -0.417105884653185     
 -0.133340894116976     
  0.139287427739241     
 -0.389292524351483     
  0.236938333905626     
 -0.129660759493479     
 -7.903665103770816E-003
 -9.024184260194712E-002
  6.981541623968314E-002
 -4.038601914282317E-002
 -0.136176695605570     
 -0.492396024525731     
  0.131901225166823     
 -0.263255394967114     
  0.188528747491625     
 -1.222235393329243E-002
  0.265153815554827     
 -0.243868263300275     
 -0.275461315247380     
 -0.280344468094760     
  5.182949847575859E-002
 -0.225059018024541     
  1.566866615030365E-002
 -0.248609591616237     
  0.195538867336191     
  4.854779337478086E-002
  0.112779337824625     
 -0.198968167586814     
  0.143901242166902     
 -0.167501381623677     
  0.116122273905444     
 -7.286749636638927E-002
 -9.040588475547096E-002
 -8.308033057341090E-003
 -3.551681748425554E-002
  6.404416364136692E-002
  0.288836192541231     
  9.998136628820897E-002
 -0.102008479186915     
  0.190642782998083     
 -0.589117026957678     
 -0.222692671753614     
 -0.189034022621696     
 -0.111426918786071     
  0.255794184645444     
  0.337866601982702     
  0.191875494835490     
  8.388646267546575E-002
 -2.142385571550823E-002
  1.116294975727934E-002
 -0.161126741833274     
  0.212067724865157     
 -5.706195556092070E-002
 -0.383340168411728     
 -0.266899351650801     
  7.133436932865450E-002
  0.137617834555970     
  7.970515045933639E-002
 -6.147101830271597E-002
  0.405820117435185     
  4.282888034155573E-003
 -0.166083130906962     
  0.599949803167104     
  6.515614240738486E-002
 -0.138155178895159     
  0.105688148061758     
  0.554138377976207     
 -0.133534188782628     
 -5.067222152601392E-002
  0.255905523441386     
  0.174019176526608     
 -0.152436463230768     
  5.713344409624536E-003
 -0.301263099546234     
  0.686393664716404     
 -0.740119251091046     
  0.436743610101010     
 -5.750968268093373E-002
 -0.249766645992970     
 -0.310800853120475     
 -0.169955032776217     
  1.115792135616209E-002
 -0.177415912761015     
  6.837796838315695E-002
 -0.142755686847650     
  0.106646323683930     
  4.719574893707129E-002
 -1.594459873121971E-002
 -0.309637823799042     
 -0.438763620964152     
  8.589672900100453E-002
 -0.133718009563903     
  0.348895589680152     
  0.154326213498967     
 -0.226031030019290     
 -0.174056543435572     
 -0.654918520818007     
  3.974452787250009E-002
  0.171887264401430     
  0.295532200630039     
  0.206412091075679     
 -9.391193393798321E-002
 -0.224949800666767     
 -0.120274591910723     
 -0.255942895958261     
  0.103633537964735     
  0.308733879745527     
  0.250005906625618     
 -0.253345275984472     
  0.253394543250937     
  3.757961172770631E-002
 -0.180544753918771     
 -8.295696367149647E-003
  0.447380402288816     
 -0.312725776183147     
 -0.174289875028805     
 -0.290713500774458     
 -1.368954330824830E-002
  3.770242275704128E-002
  9.211112649576041E-002
  0.145144445363768     
  0.170224821222939     
  0.195219225933281     
 -7.663709788614111E-002
  0.180085435269248     
 -0.274711748931908     
  8.311219874224576E-003
 -3.053175997489171E-002
 -0.367995304681369     
 -0.109049650749286     
  0.135335183803151     
 -8.678631329272021E-002
 -0.413073507553443     
  0.364435733705327     
  0.606619634855118     
 -0.115871568161215     
  5.622716843346562E-002
  0.138944220266512     
  5.303738520490004E-002
 -0.257076220696583     
 -0.171183483880267     
  4.429454638036422E-002
  0.439023290462835     
  0.110871582326486     
 -0.430760437010320     
 -0.196652914951200     
 -8.306200467242306E-002
 -0.166565641188145     
 -0.313252660559766     
  0.251285309314121     
  3.008970783555031E-002
  5.123469809154954E-002
 -8.557396253206494E-002
 -1.959364130759748E-002
 -0.162246247856230     
 -0.175544895211116     
 -4.880417592797805E-002
 -0.185329376633924     
 -0.266816255337456     
  0.160950412982528     
  0.137261893674297     
  2.694881279030261E-002
  0.127811802007193     
 -0.119561985568562     
 -1.136258901985441E-002
 -0.473937332035608     
 -0.107615477735371     
 -0.205416944951676     
  7.866524621040871E-002
  4.713996473046456E-002
 -0.111526717361499     
 -0.299522553647627     
 -0.490984401651060     
  0.277727170340648     
  6.661051373598603E-002
 -0.149273893078092     
 -3.084182507561490E-002
  0.132965708716638     
  0.151306609958144     
 -6.780347337390141E-002
 -0.271999728355809     
  0.157355645163586     
 -0.192689421088516     
 -0.106018399481182     
 -0.184595089792325     
  6.798430440187034E-002
 -0.123610335824291     
 -0.139711310089485     
 -0.181717980762090     
 -9.975413505096421E-002
  3.069313530539278E-002
 -0.380989993796185     
  9.906975508411420E-002
  9.895250643071883E-002
  0.173465218383702     
  0.178729305817863     
 -0.123591810144227     
  8.618763341936066E-002
 -0.110537693963032     
 -0.186830941567555     
 -2.716984066735354E-002
  0.309292539444385     
 -0.100348976820669     
 -2.351698005870823E-002
 -0.390553013260442     
  0.127622590207988     
  8.507432645390586E-002
 -0.111844735188498     
 -2.231851940339379E-002
 -0.111138869189652     
 -0.246159977788065     
  0.166374705183641     
 -0.139261341629539     
 -0.134215743824476     
  0.164344709436484     
 -0.436545539772081     
  0.325628876572873     
 -5.342851832432907E-002
  0.500871675570846     
  0.381352683104778     
  7.210155712748424E-002
 -0.296675561038220     
  0.342385881679996     
  0.305068375354697     
 -0.295663170667024     
 -0.248674139748035     
 -9.222505409525154E-002
 -4.957781753556069E-002
  6.869298504991664E-002
  7.636073371922017E-002
 -0.232770726335819     
 -0.196815377435215     
  9.431005544925408E-002
 -8.625139585970973E-002
 -5.167715232013967E-002
  0.221429965184883     
  0.300631867465371     
 -0.284275583808073     
 -0.390423820442975     
 -0.217612529011686     
  0.115851480845267     
 -3.558919934110836E-002
  0.209180173802019     
  1.063702614486532E-002
  0.406913233182407     
  2.481735097261647E-002
 -0.133650125364565     
 -1.541421311769499E-002
 -4.558369235316531E-002
 -0.242567496495505     
 -6.042941430543405E-002
 -0.640377190694698     
 -0.111747496460696     
 -0.329225696807570     
 -0.245223955272565     
 -0.202384273332887     
  0.203756365225907     
  0.170054851094572     
 -0.102068706902548     
  0.105889081385562     
  0.362506371275641     
  8.933657608527079E-002
 -7.341129278263882E-002
 -2.005541212674692E-002
  3.015372902444212E-003
 -3.738035134754091E-002
  0.335574779745503     
  0.215410208054202     
  3.410528980804425E-002
 -0.158966324756233     
 -0.174559906932206     
 -0.161075635515339     
 -1.904768027614781E-002
  0.118189811958051     
  0.266107934661720     
 -2.406874818397134E-002
 -4.367289696468871E-002
  0.201861442530144     
 -8.089170941350851E-002
 -0.225013793098129     
 -0.194063213773323     
  6.105484318344794E-002
  0.401032541590166     
 -0.257096547500920     
  0.591620671602261     
  0.300958667743026     
 -3.443344219276971E-002
 -3.723338219626795E-002
 -0.157521772969930     
 -0.123012354391083     
  8.578766345357514E-002
  0.184021421074339     
 -5.817130747015917E-002
  1.744944465086094E-002
  5.767302210555445E-002
  0.258593557694298     
  0.508888823592798     
  0.190376278931862     
 -0.623047218506008     
  0.243714485582071     
  0.148588449600926     
 -0.184617840254192     
 -6.601340762026317E-002
  0.227355957635101     
  3.438946473734452E-003
 -0.305472708921472     
  0.435589866914205     
 -0.353269257281728     
  0.139947873969665     
  8.652941030880927E-002
 -0.108936125358653     
 -3.650847359498021E-002
  4.305582347196213E-002
 -0.268338435231411     
 -0.200549633320514     
 -5.519223658883789E-002
 -1.419321729253757E-002
 -0.200799079439098     
  0.153762895193353     
 -0.152651033256677     
 -4.530008501215994E-002
  0.124545923184343     
  0.141240640205099     
  3.688681645844143E-002
  9.466813297449428E-002
  0.168337080849664     
 -0.265211789816258     
 -7.876857165259610E-002
  5.045397620212592E-002
  1.373762519712894E-002
  0.251687872306325     
  0.105489689120886     
 -0.206904707892531     
  0.204235148673608     
  0.191867067850542     
 -4.651994844060348E-002
  7.538184002234849E-003
 -6.276834119910900E-002
 -0.305110296891792     
  0.178067279443225     
  0.427145913655808     
  0.278418014506727     
 -0.144165904568598     
  0.154001904916298     
 -0.195032375584585     
 -3.949485588935478E-003
  0.239822904837910     
  5.786964243112735E-002
  0.351361068645467     
 -0.520677274805906     
  0.146329963933896     
 -0.185659374470067     
 -0.101874188453354     
  0.425784192060093     
  0.324689026813578     
 -1.044725065919188E-002
 -0.249285737213091     
 -5.707798282708812E-002
 -0.126061617434209     
  0.222213626329566     
 -9.630797473622653E-002
  0.338698259887441     
  0.234753078439647     
  0.443935198018491     
  0.328073482655123     
 -0.197371806477656     
  8.776809181110987E-002
  3.025013734286360E-003
  4.360900191558224E-003
 -0.187544066032655     
  7.254543485343459E-002
 -0.267119972757450     
 -0.472064125709684     
 -0.107549439408212     
  4.011657550009280E-002
 -0.249110752201054     
 -0.177301813002977     
 -0.181299452807385     
  0.226149996060353     
  0.246849378234284     
  0.325861342644982     
 -4.000274956736083E-002
 -4.931617349094446E-002
  0.311640542863720     
 -6.454921675695027E-002
  1.470575515712414E-002
 -1.473724812183673E-002
 -8.642721627917160E-002
  3.561448177172354E-002
  0.151001543144259     
 -0.158963684804427     
 -2.500161652768959E-002
 -0.185515642667272     
  8.151441412832164E-002
  0.380132571298836     
  0.173395390711636     
  1.753020140537245E-002
 -0.130134669866546     
 -0.176661455831293     
 -0.107862423988740     
 -7.274894235606036E-002
 -0.205674175963952     
 -0.155330998952296     
 -0.248795127952484     
  0.144136671994432     
 -0.210795164414377     
  4.067727971994414E-002
 -7.031816227535863E-002
 -0.295601832659958     
 -0.334069110795592     
 -0.187489962037927     
  3.865620243305706E-002
 -0.134538928689196     
 -0.257601095944622     
 -4.991944235234012E-002
 -0.195562349429566     
  0.321953068340893     
  0.526134534540292     
  0.268094095261810     
  0.384645518065342     
 -7.757866889815605E-002
 -3.945663014246274E-003
  0.177440189968593     
  0.280739522134131     
  0.348247879153978     
 -0.127440955455129     
 -0.222505202658521     
 -0.218063296747053     
 -0.162401622132964     
 -4.400944215353216E-002
 -0.155637515003356     
  3.688295260571371E-002
 -7.088131222254762E-002
 -0.211499949973652     
  5.464918585851526E-002
  0.154021475024994     
 -6.246399173573141E-002
  0.151472177210957     
 -8.356255477934754E-002
 -0.125152809503562     
 -0.305827300296140     
  2.701557832735393E-002
 -7.830349228521412E-002
 -0.276443360706851     
 -3.244986311527337E-002
 -1.587157582973305E-002
 -0.214379018297840     
  0.103781733454359     
 -0.265660288367680     
 -4.050683600673576E-003
 -2.926351748616908E-002
  0.205717552471377     
 -7.379345734230987E-002
 -0.194747784551043     
  0.168376331995315     
  0.212056045885114     
 -9.081650055158290E-002
 -0.160673893275518     
 -5.847633446006573E-002
 -0.321472862392164     
  3.428701577622469E-002
 -4.625633805227812E-002
  0.155533058495160     
 -0.203326772854895     
 -0.218701888007506     
 -7.890959965717990E-002
  0.172298660138586     
 -0.184733945685481     
 -4.030989598507791E-002
  0.235951589390378     
 -0.187158249590972     
  7.069780571027443E-002
  0.226209002115728     
 -1.039031034897558E-002
  0.175425988694205     
 -6.525338229162528E-002
  2.665416485023475E-002
  5.990427123250674E-002
  2.528095784778626E-002
  8.923294074873850E-002
  0.572434363976887     
 -6.725669242728544E-002
  0.217045225549316     
  0.299111065276841     
  0.148158590370647     
 -0.330752598639933     
 -0.202010853919728     
 -0.236723835885367     
  3.049825327191880E-002
  6.382790053205180E-002
  0.321349538549339     
 -5.703524386005428E-002
 -0.149243614442900     
 -0.255735278205490     
 -0.310057761719015     
  9.523710820619713E-002
  0.174325552473319     
  0.255005202462918     
 -0.119344525143398     
  0.200872783478517     
  0.207824152829223     
  6.268689883394396E-003
  0.152972649883841     
 -9.807161085882579E-003
  0.118776751296237     
  0.251770182481505     
 -4.046854973977412E-002
 -9.646182785924534E-002
 -0.204995294119226     
  0.286001253136709     
  0.222988452850545     
 -0.148961969436964     
 -5.332769042929579E-002
  1.487094746324882E-002
 -0.442589829037480     
  0.222252607904044     
 -0.377166885111232     
 -4.219470751805193E-002
 -0.303930927296125     
  7.829874358813486E-002
  0.195907781405384     
 -9.037714834470402E-002
  0.150526462906946     
 -0.126028753902656     
  0.359799342002780     
 -4.893099781684411E-002
 -0.267000559638906     
  0.486226604318081     
  7.550387340314893E-003
  5.837374331049159E-002
  0.114774117660912     
 -0.277184520373294     
  0.124187629869946     
 -0.138656006426162     
  0.338501939158149     
  9.652198582978615E-002
 -5.394976990866000E-003
  7.201869765853303E-002
 -2.965545008699941E-003
  0.457818937450783     
 -0.126307179226515     
  0.282512814035934     
 -1.767493218375551E-002
 -0.146039025444797     
  0.156837464364787     
 -5.774070856660257E-002
  4.167253519875793E-002
  4.547138027099780E-002
 -1.445013256074333E-003
 -0.140496161854439     
 -5.312332401870869E-002
  0.115610939459471     
  0.372005165283668     
  4.808385263615211E-002
 -0.272923994337913     
 -0.385906867858435     
 -0.485322925774086     
 -0.155791499439517     
  0.339918900090020     
 -5.480067400525115E-002
  5.125254114844685E-002
  0.153071053013674     
  0.122078573161148     
 -0.210696709749742     
 -0.221269037775808     
 -0.172198954118524     
  0.100928768886786     
 -0.279641396847432     
 -0.375502991867079     
  0.202863983014044     
  0.291127172672102     
  0.114002804871604     
  0.219799004779941     
  0.150636662438320     
  7.275833185716835E-002
  0.229066800001499     
  8.353677989286021E-002
  0.217385043934280     
  0.371078281607123     
 -2.082724497378553E-002
  5.173748382150024E-002
  0.331125974956919     
  0.367280849181713     
  0.199930395814751     
  0.494671621695708     
  1.890988602112051E-002
 -1.331491036171379E-002
  2.349783800871050E-002
  0.203484615481369     
  0.243182771939934     
 -0.161093949439819     
  1.685277541145552E-002
  0.237646067560295     
  0.109841995299772     
 -0.166315019643036     
 -0.280858693659429     
  2.891976615668337E-002
 -5.350524456766779E-002
  0.345459462212115     
  0.119193604210161     
 -0.322651492356944     
 -1.345372590565134E-002
 -4.117885168849044E-002
 -8.124585183775682E-003
  6.428759039601241E-002
  0.251254430541961     
  5.391213660213737E-002
  9.002112043432306E-002
 -1.071127153645855E-002
  0.163569737724057     
  0.163874789788477     
 -1.830066119681076E-002
  0.219458207709760     
 -0.513352720083650     
  6.219571326234748E-002
  7.176050879543268E-002
  0.101857733488111     
 -4.047602682345365E-003
 -0.101881395804910     
  0.133023629052024     
 -8.031861982137548E-002
  3.305370991455065E-002
 -9.469647911519975E-002
 -0.371060068328445     
  3.142314614467469E-002
  0.894469760792572     
  0.145454049965307     
  0.589932700829467     
 -0.276568055099692     
  3.178268574539102E-002
 -0.142649170286031     
 -0.118743927085800     
  0.241462763402658     
 -0.355035841606760     
 -0.249911383029904     
 -0.179429937268935     
  0.368119967932396     
 -0.193261011009114     
  4.391700203905841E-002
  7.784880704211358E-002
  1.975980615538522E-002
 -7.923416177627407E-003
  0.187250786778651     
  6.826050814206606E-002
  0.123974796891800     
  7.721167468544025E-002
 -2.858271410338426E-002
  0.123107163097456     
 -0.146088098596921     
  0.104193346641503     
  0.220060767007937     
 -0.299624983251693     
  6.887910121012063E-002
  6.049856944051416E-002
 -0.117388702018366     
  9.769191598908276E-002
  0.234134221910670     
  0.397690503972028     
 -0.111408455143962     
 -0.103964825759954     
 -0.268347059979882     
  9.758617007267700E-002
  0.455979394123450     
  0.279537859152684     
 -7.321653262675433E-002
  8.611067935022662E-002
 -1.462003156877344E-002
 -0.394229698754218     
 -3.192083315241752E-002
  0.401630347985356     
  5.442205296967105E-002
 -9.545164024252610E-002
 -7.401535375828650E-002
 -2.295162485553385E-002
 -0.311906345256803     
 -1.572905556232276E-002
 -0.443028260721023     
 -0.240011871384145     
 -0.410213775086194     
 -0.357510867216629     
  0.231102515429310     
  0.117406368509976     
  0.225961906249112     
 -7.100880892570939E-002
  3.715307986858830E-002
 -0.203252208436576     
  0.126333793835415     
  7.531467644061883E-002
 -0.160360327080881     
 -2.399573528842368E-002
 -0.510120754367743     
 -0.391712141157831     
  2.952486514525997E-002
  8.287184495942942E-002
  0.138046155105997     
 -0.120930629859905     
 -0.221277869357090     
 -0.141830048315335     
  8.439998211178168E-002
  0.266465177306215     
 -0.118475332321489     
 -1.810409062917260E-002
 -9.987900410965903E-003
  7.662480136100945E-002
 -0.115140913554006     
  0.137199468922500     
  1.575654980661693E-002
 -0.137912165498423     
  0.279874536994947     
  0.156269386459972     
 -0.247862961574375     
 -0.110800835530526     
  4.835395472076972E-002
  0.168044217487374     
  8.969629367045366E-002
 -0.113312414427644     
  0.325735302419153     
  1.186545195725653E-002
 -8.501534066406891E-002
  2.301660478509966E-002
 -0.112782037025595     
  5.180773175108529E-003
 -0.270135488498954     
 -0.267171294431732     
 -0.134108745165925     
  0.399130550740051     
  0.314150391852271     
 -0.303617643224083     
 -9.816425501622321E-002
  0.105250909974302     
  4.150315908551946E-002
 -6.941794769531466E-002
 -2.019093811071375E-002
 -0.270497247859918     
 -0.230721476907415     
  0.175234216716755     
  6.012952588225683E-002
 -0.158971553178573     
 -2.554869432912349E-002
 -9.059260048744855E-002
  0.165139143652290     
  3.863833705074091E-002
  0.113794682107461     
 -9.715464778034882E-002
  0.322059026427051     
  0.326393444531935     
 -0.575606549751221     
 -4.506921688709811E-002
 -0.172712992641464     
  6.740484755721673E-002
 -0.200134373602396     
  0.248097329800406     
 -1.037468865706064E-002
 -0.101704924559746     
 -6.898130318082643E-002
  1.353496552381096E-003
 -0.455199634473280     
 -6.259874297779044E-002
 -0.324087593353119     
  9.917131061917317E-002
  0.223360203061416     
 -7.044893522229986E-002
  0.142541895424039     
  0.108726065264439     
  8.753842058073111E-002
 -7.214150922261828E-002
  0.398543621913558     
  0.194714856935547     
 -0.108082781281769     
  2.455186974278490E-002
 -6.050627070070715E-002
  0.104075056812622     
 -0.112043674087472     
 -0.142563698260692     
  3.727643207459691E-004
  7.625825787267967E-002
  9.618386027591680E-002
  0.118625765149031     
  0.189369128500530     
  0.136842175999704     
  0.188998027117011     
  0.353523070609826     
  0.231449900268951     
 -0.197595707477933     
 -0.229364303320841     
 -6.764324095132333E-002
 -9.317158115391808E-002
 -0.240219171063275     
 -0.534311257752064     
  0.291493063501573     
 -0.150240989898653     
  0.196424182662255     
 -0.237884044607587     
  0.156414225928724     
  0.193167107520539     
  0.135498667012930     
 -0.142201897593190     
 -0.290490916753680     
  7.624807730967950E-002
  9.257381615720651E-002
  0.503663083748565     
 -0.375705119407938     
 -9.222239537814841E-002
 -6.414420791636818E-002
 -0.288134820897679     
  2.224916025691177E-002
  6.771366526983942E-002
  1.020114408970136E-002
  0.133994760118270     
 -8.893486801304237E-002
 -9.194999286773717E-002
  5.182219367057863E-002
  0.361476518262218     
  0.386346446063879     
  0.272368594361940     
  0.519455733686786     
 -8.603752135073650E-002
  0.131877912602900     
  5.206013533555563E-002
  0.294910635444457     
  0.221724427840744     
 -9.797262562824745E-002
  0.230612220495397     
 -0.122740550123116     
  0.119840925181313     
 -0.326644939455717     
 -0.301134155661226     
 -1.041428263824787E-004
  0.122412522740371     
 -4.497251093053645E-002
 -0.322049505101146     
 -5.768675169790442E-002
 -0.453140609050989     
 -1.207220279162531E-002
 -0.303242791074151     
 -0.459738875821452     
  0.579848002194388     
 -1.328454434624246E-002
 -7.691355742671155E-002
 -2.326173666886156E-002
 -0.190243336759088     
 -1.604487431681807E-002
  0.557251618858269     
 -0.593978422306839     
  0.453431536290266     
  8.252044280893908E-002
 -6.449871752399286E-002
  7.717174379837813E-003
 -0.185110520314022     
 -0.259696509732578     
 -8.325605112448425E-002
  0.166706754653708     
  0.186529847365952     
  0.150867375333454     
 -0.119539642274461     
 -8.584828314477151E-002
  0.251000744263437     
 -4.746528914481260E-002
  0.433672006361529     
  0.242537179746482     
  0.122737453227660     
  5.743191642461810E-002
  0.242998763594466     
 -0.126700557087407     
 -0.113970769301854     
  0.255713057277260     
  0.182510442254589     
  0.138350988877246     
 -5.902858319013980E-002
 -0.173120075891488     
 -1.074772889604801E-002
  0.105412914814119     
 -0.203969814746034     
 -0.152972456083867     
 -0.275016476752847     
 -0.156023304439509     
  0.113265839649794     
  7.654371925432835E-002
  5.648364775512917E-002
  0.300044330341589     
  0.281911013616008     
 -0.235779004002951     
 -2.441201135027213E-002
  1.918122751458447E-002
 -0.111889442949972     
 -0.106530245863644     
  0.143788954616329     
 -0.444426206436123     
  6.207900567602520E-002
  0.363085708290813     
 -0.223441944018125     
  0.204311504669210     
 -1.168695146091792E-002
 -0.237616915038618     
 -0.390229364727691     
 -0.294608817759641     
 -7.791291625205070E-002
 -2.413044482456505E-002
 -0.134295331439764     
 -8.761333306246979E-002
 -0.193213953272190     
  0.198878124604347     
  0.311109202889538     
  0.358678181418855     
  0.152218241383823     
  0.122806448977348     
 -0.200467865507156     
 -5.271790432001799E-002
 -6.029632300264857E-002
 
  0.302830434788665     
 -0.344660494032829     
 -0.584708078284997     
 -4.390121076296781E-002
  5.939492980622572E-002
  0.100304117130333     
  0.557359712439660     
  0.203739389893212     
  0.325286371846024     
  0.340855629195409     
 -0.277459041823327     
  0.117747760112231     
 -0.317809790319624     
  0.341673054636666     
  0.194932468774268     
  0.195835163021605     
  0.299874444718503     
 -0.318206757027487     
  0.268641614269480     
 -4.112967932589741E-002
 -0.286132026263024     
  0.228872252394154     
 -0.118686471344932     
 -1.772839391692958E-002
  0.141378023267541     
  0.183475072972144     
 -0.304675434624004     
  0.179580122958823     
 -0.399045839297622     
 -7.803954426653650E-002
 
 -0.197714514332981     
  0.117578375433128     
 -0.208897116243993     
  0.137326036552668     
  0.317363124982412     
 -4.023775362845831E-002
  8.439524539633353E-002
  0.109979351290240     
  2.453374164528781E-002
  0.270486895501821     
  0.203647292252990     
 -0.249400624965453     
  4.588767595359922E-002
 -0.186251718254553     
  1.431497814766257E-002
  0.259477132203428     
  4.519705199672666E-002
  0.145734610885470     
 -9.320433738697878E-002
  3.500001914708060E-002
  0.161385079979938     
  5.093396107352647E-002
 -0.210667655926627     
  0.165711374338690     
 -0.193989332873412     
 -0.144933000377028     
  0.224622458836667     
  0.240333793824728     
  0.430960232992464     
  4.139270821303797E-002
  0.279470782350136     
  0.197944594204085     
  0.149151442465431     
 -0.149440901341307     
 -1.564257555649441E-002
  0.106032207143993     
  2.304465722876694E-002
  4.019752276942886E-002
 -2.373010175787795E-002
 -0.131995958962188     
 -0.339810536090675     
 -8.884573051634759E-003
  0.206447269600014     
  0.121758687728679     
  1.116210426438978E-002
 -0.251000819611885     
  9.821837825949704E-002
  0.113712470860846     
  0.331812593047630     
 -5.252381543208579E-002
 -0.150107317672248     
  1.341224111052792E-002
 -0.139921864117502     
 -0.113316773611787     
  0.369070828448071     
 -0.104940028099772     
 -1.759048775662320E-002
 -2.401481485313528E-002
 -0.271793068706933     
  0.321436444983032     
  0.295971385036671     
  8.152626293561321E-002
 -5.722520433392866E-002
  0.155769775411437     
 -6.586429626772772E-002
  0.183224129368339     
  6.934203836303658E-002
  6.656315111373595E-002
  0.225409007917328     
 -7.979440526446800E-002
 -3.568414729015203E-002
 -4.943028900823866E-002
  7.496019500527339E-002
 -9.903070365746834E-002
  1.375940358907641E-002
 -0.101682051144669     
 -2.814684351411963E-002
 -8.319254422731150E-002
  1.479918607569677E-002
  0.170726706383494     
 -0.297368378020154     
  9.298384295910929E-002
 -3.870648488036596E-002
 -2.049450473141125E-002
  6.776056157296795E-002
 -0.138004382162337     
 -0.172986463273883     
 -0.106382838962610     
  0.341778008282552     
 -4.259689078816321E-002
 -0.117368558083199     
 -0.108577946767833     
 -1.889947036333468E-002
 -5.299889445891984E-002
 -0.219818702158601     
  4.731063776055368E-003
 -0.197691998219939     
 -4.932774568951042E-003
  0.235511400057381     
  0.327162362615798     
 -0.123848978862990     
 -1.012878011807868E-002
 -0.285940177372247     
  0.179123595295234     
  0.137114894286237     
 -0.253814167523426     
 -0.190850288707373     
 -0.116737265282681     
  0.264043132057967     
  6.693821995142735E-002
 -0.156626659455418     
 -3.657736242670415E-002
 -8.337438182111076E-002
  3.401067441972713E-002
 -0.328962808196171     
  9.667728853185847E-002
  0.263036927026151     
 -6.779896130294637E-002
 -0.186037539471311     
 -0.468296237593060     
 -0.242284985187886     
  0.234432882877385     
 -0.332957672607946     
  0.309860012732718     
 -7.850159289094744E-002
 -0.132980740588018     
 -0.165426691406420     
 -0.260780981009475     
  7.229069758363943E-002
  0.154826384420639     
 -0.138501688881837     
 -0.403678898317482     
  0.298039205912338     
  0.375016459653546     
 -0.100781227410537     
  0.184475017488735     
 -0.121766976516958     
 -0.447541113503411     
 -1.371899493356383E-002
 -0.340080611331843     
 -0.355108634398714     
 -7.575361231351886E-002
  2.204634218061876E-002
 -0.360764700903302     
 -0.111500933961817     
  0.120619248191072     
 -6.275144857883207E-002
 -0.304559910391775     
 -2.606455035501319E-003
 -8.910925462045877E-002
 -0.378267299207007     
  0.231372423608241     
 -7.112922854603342E-002
 -0.105588145484949     
  0.184294969427806     
  2.555961556521060E-002
  6.276530261687686E-003
  2.782158663581317E-002
  0.361081654670165     
 -6.962193071280207E-002
  1.292262685007256E-002
 -0.223030957350964     
  8.352381744871622E-002
  7.919603642441285E-002
 -7.377542538620954E-002
  0.247620306915146     
 -0.304095434646056     
  0.243918103955945     
 -0.279259173177429     
 -1.909551894597649E-002
  0.172845062889509     
 -0.367419673866862     
  0.592121620264775     
 -4.566591705399784E-002
 -0.349855755114636     
 -3.448608134563198E-002
  9.001256483079357E-003
  0.212319082908094     
 -0.158440584457883     
 -0.127655939778506     
 -0.136340117448334     
 -0.443359623239147     
  0.118427963138467     
  0.413966036052747     
  0.116969659291823     
 -1.061123779506324E-002
 -2.577052344421414E-002
  0.317240889249571     
  2.157198453896575E-002
  5.298575522130380E-002
  0.276741720332282     
  9.812568067329543E-002
 -3.301126390699962E-002
  0.532986409703482     
 -3.767452168778271E-002
 -0.440298257148619     
  0.193462320372531     
 -3.404714870174316E-002
  0.142323655630236     
 -0.148369518134479     
 -0.223244155531990     
 -0.608830053861744     
 -0.118978207733289     
 -0.103285760122950     
 -0.110587881211700     
  0.295916397430382     
 -0.296806131378955     
 -4.675928035153482E-002
  0.437497215128799     
 -0.366380296738900     
 -0.238233396625054     
  7.470625106592185E-002
 -0.264919181080035     
  9.307439136362626E-002
 -0.514385070663487     
 -0.627369575400424     
  4.713817671551354E-003
  0.192222464654466     
 -0.142713656290575     
  0.150454859912140     
 -0.209430450540614     
  0.263041238042873     
 -4.050871074143081E-002
  7.798062510433121E-002
  0.205589591104512     
 -0.146948517725789     
  3.734300873002130E-002
 -0.543920673927885     
  0.357923205293416     
  0.363225491472915     
  9.581423541951359E-002
  9.600546646220408E-002
 -9.907872024816172E-002
 -0.503427615310199     
 -0.256899697984535     
 -9.320524455347426E-002
 -0.428846752242249     
 -0.368646138415001     
 -2.959323363684938E-002
  0.328010184418511     
  0.190236749922659     
  0.181052467226834     
  8.230413280047447E-002
 -5.296262188330376E-002
 -9.931711680223233E-002
  0.176037966939078     
  0.111324672104208     
  3.724853395046506E-002
 -0.114442318899618     
 -8.770300894013862E-002
 -1.963070952381755E-002
  6.335613605081973E-002
 -4.049369085719362E-002
 -0.249141871808855     
 -0.393085743788742     
 -7.927050767555906E-002
 -0.239347889430754     
  0.134925678488221     
 -0.523878439140270     
  0.208976183588696     
 -0.237741783705394     
 -0.326847855188364     
  0.332333686233742     
 -0.319567433835160     
  0.122772739290049     
  0.159337989327332     
  0.295698049339603     
 -0.255472787466377     
  8.423646207823515E-002
 -0.150462644572415     
  0.157345979910482     
  0.274965164660262     
  3.563849550710641E-002
  0.197334724151901     
  0.121401056355812     
 -6.721070971126733E-002
  0.127947019083086     
 -3.895753183595708E-002
  0.207529089457855     
 -1.800326582822865E-002
  6.338484657288146E-002
  0.149551104906696     
  0.115863859145761     
  0.116533222364028     
 -2.436635065987739E-002
 -1.035548866370613E-002
 -8.362621060830804E-002
  0.154216735819129     
  0.250290078167724     
  9.299611308152646E-002
 -0.104190461851418     
 -0.115319383908626     
 -0.163099555332537     
 -1.376730729147742E-003
  2.806219318102562E-002
  3.880898213257808E-002
 -0.173599019869503     
  4.392097144267623E-002
  8.251761800164992E-002
 -4.046429784665728E-002
  0.324940235463603     
 -0.150359723135894     
 -0.246262739898884     
  5.085001838018319E-003
 -5.300437159727739E-002
  7.429921503844150E-002
 -4.125621493676955E-002
 -1.428090713827073E-002
 -0.358241318965423     
  0.191025549033738     
  0.371456029463342     
  0.182905002549119     
  7.814354045509962E-002
  3.515816500191785E-002
 -0.204361302802334     
 -5.187340669263282E-002
 -0.169539411087482     
 -0.233914356599377     
  0.323150994678966     
 -0.184085758545978     
 -0.207379897833145     
 -0.147411223821781     
  0.160498451797404     
  0.225891304290704     
  0.149696009486687     
 -0.262126837485900     
 -8.817250522576109E-002
 -1.669366833221599E-002
 -0.136913236201674     
  0.167900807985117     
 -0.305618120939387     
 -0.132506959802465     
  8.975808540102638E-002
  0.247429721559564     
 -1.873799344746794E-002
 -0.192739204166507     
 -0.199637301759773     
  0.187965557563152     
 -8.644050459280871E-002
 -2.377974945997878E-002
  0.120289232562575     
  8.832615162028001E-002
 -0.107812018086394     
 -0.272410158822141     
  0.149000809895427     
  0.328799443009060     
 -0.243214440511544     
  0.230910716405958     
 -0.325194885691443     
 -0.176396128892792     
 -0.103630760400324     
 -3.686932966245385E-002
 -1.564951158969952E-002
 -7.326901385535879E-002
 -7.374693713257785E-002
  0.193961145688028     
 -1.222593295806839E-002
 -0.591477681532568     
  3.869028017198862E-003
  0.279748784256606     
  0.105199839796243     
  2.903615756744486E-002
  0.111192237772917     
 -0.234260156543066     
  0.288514196715933     
 -0.156561976470157     
  0.156489516834460     
 -0.195098701127035     
 -0.261769040522800     
  0.617069094998592     
 -0.183496054249380     
 -0.140406800173465     
 -0.282085437128454     
 -0.274727772030442     
  0.487062735201174     
 -0.130872935403874     
 -0.246555495927472     
  0.177025050191338     
  0.345696123229037     
  0.105785103611972     
  0.222538271625343     
 -1.199884132915808E-002
  0.120825479875289     
 -0.217471639618923     
  0.220836797333546     
 -0.627183564745698     
  0.152896757067390     
  0.386663932250639     
  0.276425222699074     
 -0.198300821146095     
  6.694477899068448E-002
  0.170470534391668     
  2.142478928990760E-002
 -0.280195458321736     
 -0.332599248848646     
 -0.237103182368495     
  8.744900521085122E-002
  0.277979999010399     
  0.212842960328022     
 -0.164535921569725     
 -0.112822597860716     
 -0.114358271656454     
 -0.172551528036850     
  0.219625469719210     
 -0.277521341180364     
  6.146993553579971E-002
  0.211543598003681     
 -0.192879798067934     
 -0.224223086502028     
 -0.236366444292419     
  0.247234438337736     
 -6.130468987094082E-002
  2.576085315316257E-002
  0.232245475587433     
  0.132743059838321     
 -4.315101103966120E-002
  7.350349637514617E-002
 -6.559132062343639E-004
  0.110924858464854     
  0.311284987559452     
 -9.561469508916844E-002
  1.879793305258055E-002
  0.283854295798598     
  7.886320643403300E-002
 -0.227611967883169     
  0.332993788549034     
  0.208435090458377     
 -8.217959949592524E-002
  0.261212200052592     
 -6.732087222092840E-002
  0.100399130848735     
 -0.316425063531529     
  9.832862728465588E-002
 -0.134160831169140     
  8.203545132129794E-002
  0.112205995607399     
  0.373351151321325     
 -2.311722110865407E-002
  0.253522629293103     
 -0.485847052880421     
  0.416297067710191     
 -0.144884956282185     
  0.196642004539384     
 -3.375114818171598E-002
 -9.348659534838170E-002
 -0.162647807349146     
  0.378517003780358     
  0.387510124333152     
  0.107760842210777     
 -0.122141192007580     
 -0.119024908075468     
  0.314880610884533     
  0.403992282651166     
 -1.256048849375888E-002
 -0.469816248242379     
  8.951888200908441E-002
 -0.156501151745279     
 -4.550315751300874E-002
  9.282278725878855E-002
 -0.227345267524178     
 -0.192898516996406     
 -0.313314621193980     
 -8.719356732696090E-002
 -0.299687536459821     
  4.075886295395272E-002
 -0.147837502719857     
  0.223781660433107     
  0.215627580956151     
  0.424856801923521     
 -0.418907357561628     
  1.332661738139246E-002
  0.248615111967435     
  0.117824088976054     
 -4.954513495978023E-002
  4.021378611295703E-002
  0.218814823215470     
 -0.374517251468938     
  0.116428761122918     
  0.445466263395302     
  3.792001648030281E-002
  0.163459934532993     
  0.115099713450133     
  0.362219699951520     
 -0.383818764701593     
 -0.105953210759548     
 -0.106986971120307     
  7.569382632996748E-003
 -0.293569873148298     
  6.186913410578761E-002
 -0.342431835563572     
  0.277094673105959     
 -5.476467288933585E-002
 -1.631766598838881E-002
  1.408467651778809E-002
  0.102444967335407     
 -7.630705466159951E-002
  7.855352918325711E-002
 -0.126433725393584     
 -0.236006837692883     
 -5.891637490687738E-002
  0.174311717154119     
  0.492380395655334     
  5.516241742876250E-002
 -0.220882898452363     
  0.367745038589115     
 -0.579288366246212     
  0.451155911181646     
  5.550415198080108E-002
  0.588553788175163     
 -2.886406738972910E-002
  3.800240633478980E-002
  0.110372249551830     
  0.306196702569111     
  1.017738340340480E-002
 -4.216002641700789E-002
  1.834427428540986E-002
 -0.261112715991665     
 -3.178382636125884E-002
  4.873214559983591E-002
  0.144405964394510     
 -0.296484240252005     
 -0.223426234414533     
 -0.224620421187002     
 -1.958033319152682E-003
  0.218957162558491     
  2.473718939511133E-002
  0.193593273242161     
  0.152709510226641     
 -0.136151045029923     
  0.167391715473548     
  0.448810008260011     
 -0.231161947431405     
  0.243534920242999     
  2.585138578550817E-002
 -2.668538297556990E-003
 -8.324392961650925E-003
  0.312477196533121     
 -0.100979361182886     
 -5.331021136001707E-002
  0.108817984451873     
 -3.802030671041088E-002
  0.301452532691759     
 -0.269703732888971     
  4.082332910989159E-002
  0.138834457617344     
 -0.278530899622239     
  0.111949646168808     
  0.283639504414092     
 -4.541088155190492E-002
  0.417195321347916     
 -0.210651071746564     
 -5.649532263034164E-002
  0.219069240238934     
 -0.123025006203844     
  0.349161040942795     
  0.193510019154974     
  0.253182620036160     
 -8.975596531405951E-002
  0.208107608724938     
 -3.522533906007395E-002
  8.050367248547463E-002
  0.241772809597949     
 -0.256145409886808     
 -0.276224060924673     
  8.556778830037834E-002
  0.102469358947057     
  2.605399105763346E-002
  0.228330884220334     
  9.445578221606503E-002
  9.575363069086081E-003
  0.141595069226971     
 -7.129578212333315E-002
  0.391217004958586     
 -0.182610333128071     
 -3.573613520846020E-002
 -0.495315827096978     
  0.276071331887310     
  0.303036584463588     
  0.138818900857120     
 -0.300925909767046     
 -0.157903890377029     
  0.228429729188525     
 -0.382216170068569     
  0.278335385268990     
 -4.861539090734925E-002
  0.171808703970991     
  0.189378451919488     
 -0.136864725401683     
  0.271490979569890     
  5.715844971372638E-002
  6.714958402456550E-002
 -0.424877409502033     
  0.348836376396019     
  0.226366612157781     
 -7.805876794672184E-002
 -0.621458200684522     
 -0.398764859226244     
 -0.333338760364572     
  0.270365793312103     
 -0.143253639117012     
 -0.273730805450697     
 -4.497370387434497E-002
  0.430023021431791     
  9.559458283175773E-002
  0.209869555205215     
  9.051162016073297E-002
 -0.192143994912828     
  0.146488748057511     
  0.278014368730781     
  0.123741229737970     
 -0.102985010503627     
 -0.156621908009148     
  0.116636071333345     
 -0.126655234775510     
 -9.455618530882360E-004
 -0.225463596692269     
 -2.940657595027178E-002
 -0.193580501997832     
 -0.122932776316381     
 -0.180685886997490     
 -0.411002767460448     
 -0.275111098122474     
  4.839288380045487E-003
  0.259961840977254     
 -8.288239675994194E-002
  0.263414051644819     
 -0.128663119176732     
 -2.314111171722564E-002
  0.321603073410977     
  0.169235222969584     
  0.191075667525237     
  0.106939150542595     
 -5.860404582169515E-002
  0.450361952976065     
  0.304688525276264     
 -0.225230119997857     
 -0.138744451145056     
 -1.348823299835266E-002
  0.110897212114922     
 -0.235134624565938     
  0.144675720762367     
 -1.023992735940418E-002
  8.647951004535886E-002
 -0.596138264471575     
  4.975107093579824E-002
  0.237401834724372     
 -0.165153629956224     
  0.135755146525392     
 -0.146833629050092     
 -0.154021311653721     
  0.160194846718283     
  0.100034008546317     
  8.594732393755153E-002
  8.953784033665833E-002
 -0.119161273040713     
  7.203218227482816E-002
 -0.299241930012266     
 -6.753411316987668E-002
  5.222027470361703E-002
  0.111485029565721     
 -0.190368231058844     
 -0.324150437382485     
  7.385608289048502E-002
 -0.118936184107125     
 -4.299905650761383E-002
  0.275966623518573     
 -7.894569975896699E-002
  1.293277367365348E-003
 -3.864935601878958E-002
  8.700570060102823E-002
  1.671349690676799E-002
  0.296030344332770     
  7.740802608634473E-002
 -0.169414831154830     
  0.276245328573078     
  0.324335973117772     
  6.200631487255138E-002
 -0.500360523430207     
 -0.109663718643981     
 -0.192560820283264     
 -6.694545861063657E-002
 -9.405562811777707E-002
 -0.193477132096202     
  4.563345751052997E-002
  0.348955090851042     
 -1.858476125741676E-002
 -0.417209600430989     
  0.380434408941283     
  0.102189764321508     
 -0.245852554381775     
 -0.189361937199499     
  0.367719098947126     
 -0.135930329197467     
  7.194138368172284E-002
 -0.489298427482082     
  7.264492996245042E-002
  0.596939505652530     
 -0.336391232814738     
 -0.250112738179718     
  0.235118016737872     
 -0.167561244829618     
  5.093817212360821E-002
 -2.415415551881381E-002
 -0.227026324395703     
  4.191032031294277E-002
  3.252657803206453E-002
 -0.118430996976471     
 -2.079957445980379E-002
  0.112695393123345     
 -4.259181457371213E-002
 -0.125883460742122     
 -0.211261250531807     
  0.297716121009388     
 -4.017789100369859E-002
 -0.244433305737014     
 -0.327830014085061     
 -4.779253764410783E-002
  0.205946499274116     
  0.234934556768437     
  0.312901741783656     
  0.404559668237944     
  0.106969186136255     
  0.142016554030371     
  0.160760622330752     
  0.319903529252969     
 -0.285559732525011     
 -0.184341599817299     
 -1.549598955590997E-002
  7.136673576956885E-002
 -5.965061514869929E-003
  0.165489843728145     
  0.140166952598279     
  5.134590713502385E-002
 -5.912597477439486E-002
 -0.340515905747446     
 -0.277111855294675     
  0.261534637200695     
 -7.358902011579760E-002
  0.103247297894163     
  9.293539774325227E-002
 -0.152843832834471     
  0.458402909151645     
  0.204671141740276     
 -2.321455160561845E-002
 -0.284976430385366     
 -4.981790672297593E-002
 -0.281466994176996     
  0.115889079260427     
 -1.007254302546247E-002
  0.213926236198778     
  0.235246453368280     
  0.201291682543251     
  0.117914595867832     
 -0.131254394766451     
 -3.904014730300254E-002
  4.225415419660756E-003
  0.179122890362028     
 -0.128178917738223     
 -2.063102704953519E-002
 -4.736780021067958E-002
 -5.411918981978252E-002
 -1.725790302388519E-002
  0.322893960195559     
  0.109136296155939     
  0.163934290735515     
 -0.177259850519858     
 -0.296918368716644     
 -0.133087983215302     
 -0.375537113977404     
 -0.135101317820365     
  5.036612998578670E-002
 -0.144527305429159     
 -8.772978771668696E-002
  0.183073285509565     
 -0.102016810749496     
  0.215004141407239     
 -0.206261554339204     
 -0.479413411436986     
  0.191744079275606     
 -7.324454862939224E-002
  1.619945919485147E-002
  1.047235613223684E-003
 -0.170445926385623     
  5.961759041455049E-003
  0.148966331233125     
  3.956933917239647E-002
 -0.222170659475676     
 -0.225384845447283     
  0.246071486809794     
 -0.242538872195734     
  0.296438092297696     
  6.855566283641815E-002
  0.163738415027122     
  0.116016832846730     
  0.132940892989805     
  0.152034928490488     
 -3.909527197090741E-003
  7.187307150155044E-002
  0.205739838148504     
 -0.126919043533577     
 -9.340307186177473E-002
 -1.877978697367669E-002
  7.658439099973668E-002
 -0.212454163741843     
 -0.229734237876688     
  0.339181229024724     
 -0.105230049434415     
 -5.108045098562033E-002
  0.156437338513083     
  2.789893369813395E-002
  0.256982627995052     
  0.318029771770966     
 -0.177398778590767     
  0.102193957830020     
  8.516981966746599E-003
  0.234036911403365     
  0.156012066366456     
 -7.294575340063131E-002
 -0.446698083704754     
 -0.153558769002610     
 -8.562728116681263E-002
  1.903570797313059E-002
  0.346199331648762     
  0.165850544945740     
  0.187334012580744     
  0.281409419023391     
 -0.547408036072155     
 -0.472211342908262     
 -3.611627322630781E-002
  0.233752701063911     
  0.117003332038442     
 -0.411298033532290     
  0.581138374850934     
 -0.428699179463064     
 -3.304051815587246E-003
 -4.810606803161838E-002
  0.140511640176575     
 -0.132384927584823     
 -5.713928996148216E-002
 -0.317415528972026     
 -0.213039208432268     
  7.903820430573708E-002
 -0.108270693689719     
 -6.777291134699208E-002
  0.118713974638016     
  0.337312515515008     
  0.247734965038008     
  0.194731026950565     
  0.225813059435834     
 -0.228420425840314     
 -1.834662921394448E-003
  9.653693856127271E-002
  0.247455285735490     
  0.246339085604298     
  0.253757435164179     
 -0.245589152253831     
 -0.446105895638109     
  0.288256918473201     
  0.177506252707445     
  6.516912931162076E-002
  9.825753862692625E-003
 -0.384856267387066     
  0.119540556840521     
 -0.461595293790373     
 -8.804105876175446E-002
 -0.476513951690971     
  1.108191467998199E-002
 -0.240723600037716     
 -0.105408447533761     
 -0.224067965660529     
 -0.281823838544346     
  5.047142176538928E-002
  0.229146732143130     
  4.143579363286851E-002
  0.382674642811334     
 -0.380030425951961     
  0.220229394675025     
 -2.518687093061376E-002
 -2.944611806330881E-002
 -0.124299238836530     
  0.386595608855432     
 -3.334098528280589E-002
 -0.202148980421749     
  4.563868335827822E-003
 -0.100003699517495     
  0.103837758001188     
  0.416914264271964     
  0.172702630561725     
  0.623909060719128     
  0.582085879161851     
 -0.192813287216739     
 -0.384061235726220     
  0.157324492740296     
 -6.865546162276411E-002
 -0.130345052672676     
  0.281001691211239     
 -0.112332461094261     
 -4.325836622120122E-003
 -0.188769914319274     
 -0.138001750803727     
 
  2.169539539937972E-002
  0.322047971449094     
  1.113599915497183E-002
  0.114887758299067     
 -0.211089889279886     
 -0.375447875215998     
 -9.602996625780205E-002
 -8.374723909660728E-002
  0.313522732465599     
 -0.193054128014545     
 -1.748622132058861E-002
 -0.322869960851371     
  3.498192765172671E-002
  0.268615025418691     
 -7.254461718006282E-002
 -0.157668212236092     
  1.856264175809648E-002
  0.252407119911697     
  0.303205941466730     
 -0.239570257433180     
  1.088745884967049E-002
 -5.198575525464651E-002
  0.265557007799186     
 -0.166232348018268     
  0.285260205924433     
  1.200326787283648E-003
  9.865357358727357E-002
 -0.200885569470659     
  0.142110913791101     
  0.347447650016872     
 
  -11.9121810804777     
  -7.06398874842285     
  -7.11346029307564     
   2.98672769947292     
  -8.43429891679626     
   1.74504742794454     
   3.79982537982722     
   2.76864567161038     
   4.01442079018306     
   1.74740914272254     
   2.72088335499063     
  -10.6804681394271     
  -17.4784616161695     
   16.5405655844981     
  -12.9683387721943     
  -6.11408207389945     
   4.03786594931534     
  -2.16846798314771     
   6.27427336987131     
  -10.6366633875833     
  -1.65310799805308     
   18.2816671899049     
  0.335020694295630     
   3.26537351171992     
  -7.18336742924204     
  -4.41624090645757     
 -0.504499514458273     
   7.08800010000040     
   10.6373251895561     
  -11.4564462549084     
 
 -1.366165487804878E-003
 
  tansig  tansig 
