 0.532834002096333137E+00
 0.411471319122168122E+01
 0.321261977310410216E-01
 0.249154441014276751E+01
 0.836204716764661016E+00
 0.162845513749640247E+01
 0.772280148276097589E+00
 0.106734145646798217E+01
 0.508180877724840663E+00
 0.326317183051204829E+00
 0.496756349835373368E+00
 0.167793803050967721E+00
 0.109515563244532113E+00
 0.470591902901276948E+00
 0.547823340358663757E+00
 0.207277274540235340E+00
 0.152466104478766101E+00
 0.364496555704343916E+00
 0.132806464589608625E+00
 0.833383370089221809E-01
 0.829209851811440746E-01
 0.300726656246415536E+00
 0.259716440275748250E+00
 0.297650072476248362E+00
 0.400996483603626441E+00
 0.882537925686000813E-01
 0.341575482044670753E+00
 0.405947072286800215E+00
 0.644224075744390889E+00
 0.545950622388932216E+00
 0.419445986257641901E+00
 0.146067806579209314E+00
 0.258294567062972047E+00
 0.145382490915000329E+01
 0.101457933520230204E+01
 0.775339898361792512E+00
 0.154442874565803612E+01
 0.890778298173835914E+00
 0.224518236797354742E+01
 0.204019749850802734E+01
 0.496474129288441368E+01
 0.234897349355032015E+01
 0.141368777915783883E+01
 0.896588165665395564E+00
 0.728722062837295237E+00
 0.313938817743046439E+01
 0.394955566938449243E+01
-0.495179185364672050E-01
-0.236173364555646512E-01
 0.215177323680918109E+01
 0.159778120436214510E+01
 0.780467297449152997E+00
 0.426540332151933932E+00
 0.103922289095210751E+01
 0.463958375424440739E+00
 0.304891141017489875E+00
 0.172861317591780972E+00
 0.715005966299301798E+00
 0.512034805148860905E+00
 0.111670149342865191E+00
 0.766051105918011260E-01
 0.416750468308007271E+00
 0.310657614567768192E+00
 0.144256973301012975E+00
 0.132288795462354974E+00
 0.533241954027241838E+00
 0.207487643678981870E+00
 0.134925552718116709E+00
 0.152053424842671231E+00
 0.522664027465996051E+00
 0.396850294065377640E+00
 0.352831144837037980E+00
 0.489896819224140578E+00
 0.550082789498698266E+00
 0.149273729524103921E+00
 0.496981468401576754E+00
 0.833452862094930191E+00
 0.857168622951500425E+00
 0.477228115295093180E+00
 0.800815402163470913E+00
 0.146411118396013840E+01
 0.652480459062069862E+00
 0.135533577793456900E+00
 0.121663066200865910E+01
 0.288970255263908227E+01
 0.360798489692301771E+01
 0.178684726224739787E+01
 0.155068861358536103E+01
 0.774050857797036196E+00
 0.286540663849426247E+01
 0.229212221099786229E+01
 0.124882364050431049E+01
 0.405301553450346908E+00
 0.257771117084805712E+00
 0.697166710445617399E+00
 0.131147478555872277E+00
 0.559077218573761914E-01
 0.447174220100557407E+00
 0.262495882473665620E+00
-0.104648957441337467E+00
-0.532649649447841239E-01
 0.270509158024717367E+00
 0.136302299324837006E+00
 0.105881149877161282E+00
 0.747317223961989907E-01
 0.661951208581634948E-01
 0.768093189614095090E-01
 0.299378764806222629E-01
 0.264591251673837423E-01
 0.614586634805507834E-01
 0.121367361745223321E+00
 0.282120017392338829E-01
 0.289899609076396877E-01
 0.149281024434049892E+00
 0.110843440303574431E+00
 0.537381116666286393E-01
 0.687093715615467310E-01
 0.122916040958152978E+00
 0.677264546794466432E-01
 0.927861409980855756E-01
 0.128740051539190048E+00
 0.112018798315164980E+00
 0.110761600793093717E+00
 0.876905988880671700E-01
 0.150733812458596517E+00
 0.189398795307048090E+00
 0.324137916992440878E+00
 0.208106349617180997E+00
 0.464857494383388414E+00
-0.497569751170992391E+00
 0.191345353293771669E+00
 0.567293478528037798E+00
