 0.243547748627289939E+01
 0.182053604803433000E+01
 0.176447214243185480E+01
 0.427515466203388872E+01
 0.183746619569776515E+01
 0.782468404247352090E+00
 0.762796479776782221E+00
 0.193461933152360488E+01
 0.113337737389399407E+01
 0.458401283761837364E+00
 0.522440371487348343E+00
 0.109712714901643471E+01
 0.843216049872158480E+00
 0.352312236641400267E+00
 0.245898257694207228E+00
 0.763300375542122933E+00
 0.705809013990470024E+00
 0.325776274096594154E+00
 0.549416123395553124E+00
 0.328217955605922151E+00
 0.347514465094063696E+00
 0.344929232844725819E+00
 0.487799474976359282E+00
 0.676006094113409284E+00
 0.805689460735762086E+00
 0.411099618809123879E+00
 0.520943912406389154E+00
 0.651792741445599955E+00
 0.921360808491187733E+00
 0.581121962659976177E+00
 0.698954954752507795E+00
 0.742691719544067208E+00
 0.134123954754864738E+01
 0.104945798876972907E+01
 0.117943888776222505E+01
 0.224140676015337181E+01
 0.521966534600903653E+01
 0.244392030641455982E+01
 0.245090073799812158E+01
 0.420255749586065530E+01
 0.123477066010066121E+02
 0.718058252137467878E+01
 0.710672755978475035E+01
 0.541415219129637393E+01
 0.144590457109508752E+01
 0.191764780965552206E+01
 0.237711543332517028E+01
 0.344728926997386464E+01
 0.193569832393298147E+01
 0.107678449945457855E+01
 0.963439768452489798E+00
 0.231390506901312376E+01
 0.119083993488050699E+01
 0.554161880010798691E+00
 0.497386289586911334E+00
 0.108672934900429552E+01
 0.716996280668506292E+00
 0.365621860880136429E+00
-0.133268975522247674E+00
 0.560333356376258696E+00
 0.462326238571570070E+00
 0.301671456387016979E+00
 0.445730052464068882E+00
 0.423837071246099872E+00
 0.381367118945830474E+00
 0.271442924641453420E+00
 0.589142522223800591E+00
 0.552550469644700115E+00
 0.597535319796581255E+00
 0.293541936334694609E+00
 0.460460698310028171E-01
 0.607608535279439366E+00
 0.784528996418509927E+00
 0.379014031811604923E+00
 0.404968251673661572E+00
 0.799773242085493941E+00
 0.129586966910855494E+01
 0.614115054300229612E+00
 0.526782312438641709E+00
 0.133750123839823498E+01
 0.256441239944636967E+01
 0.117745256207776805E+01
 0.121632739069287732E+01
 0.187638297097993623E+01
 0.470220483056515182E+01
 0.295068928400682884E+01
 0.294044066134348681E+01
 0.606780252472976489E+01
 0.276307679024495290E+01
 0.134364640949268010E+01
 0.145230540258068141E+01
 0.312741445828567954E+01
 0.119308145309215141E+01
 0.512589435158626650E+00
 0.392444708972129519E+00
 0.699252754885829719E+00
 0.354766681890263669E+00
 0.260062833950395922E+00
 0.440713409376546850E+00
 0.502575103374413690E+00
 0.339817839960611656E+00
 0.175842356483028928E+00
 0.162230662247099339E+00
 0.351983256060617200E+00
 0.259058716888268370E+00
 0.129419494992278533E+00
 0.306137156676595627E-01
 0.245907287343230918E+00
 0.194380068725504201E+00
 0.102301036308477797E+00
 0.802333255124236949E-01
 0.133219844623712447E+00
 0.124446291223573577E+00
 0.955637247054118982E-01
 0.185947501178237357E+00
 0.160514722675057675E+00
 0.193189509902118417E+00
 0.115016920769525632E+00
 0.588505135033256313E-01
 0.193146658504832397E+00
 0.303934845613490268E+00
 0.180990188117337775E+00
 0.191502777070700902E+00
 0.313706990382759843E+00
 0.643564161115861122E+00
 0.371298065254517862E+00
 0.365713739672206994E+00
 0.501281956713072629E+00
 0.124499940164545042E+01
 0.922167380819141069E+00
 0.925055525598030171E+00
-0.498955014323035767E-01
