         103
     6659900       -22.75829
 C   11.04063  -3.00442   1.63137
 O   11.34297  -3.01471   2.75688
 C    0.10440   5.52209   1.87011
 O    0.11940   5.38609   3.00607
 C    9.39834  -0.09046   1.82658
 O    9.14694   0.25724   2.92047
 C    9.61262   5.67120   1.88511
 O    9.34554   5.81720   2.99808
 C   12.70840  -5.62028   1.47789
 O   12.98420  -5.53308   2.62650
 C    4.79397  14.04531   1.93078
 O    4.71727  13.84092   3.10077
 C   14.12006   2.44313   1.91744
 O   13.80996   2.78034   2.99643
 C    6.57246  10.83599   1.47184
 O    6.51066  10.91289   2.65058
 C    8.10723  -2.89601   1.39984
 O    8.22623  -2.63081   2.54458
 C   14.34334   8.36947   1.83396
 O   13.85174   8.47497   2.87186
 C    3.19534   5.53181   1.46478
 O    2.87074   5.70041   2.59979
 C    4.71984   2.62458   1.89254
 O    4.35944   2.19028   2.90540
 C   12.68623   5.62463   1.47527
 O   12.77223   5.52263   2.65136
 C    9.87908  -5.39074   2.01081
 O    9.71510  -5.24484   3.14109
 C    6.30279   5.60203   1.46014
 O    6.11659   5.77993   2.60731
 C    1.35849   2.92673   1.43463
 O    1.49509   2.72343   2.59775
 C    8.04056   3.27866   1.54090
 O    7.82676   3.10266   2.69655
 C    7.92466   8.06819   1.53303
 O    7.89926   8.29359   2.70245
 C    0.63486  14.43166   1.68961
 O    0.94686  14.55506   2.81804
 C    1.76039   8.42141   1.21215
 O    1.71089   8.42481   2.35005
 C    3.15506  11.29979   1.62313
 O    2.72876  11.12179   2.74770
 C    2.73229  -0.24113   1.49165
 O    3.09619  -0.33441   2.61671
 C   12.70337  -0.34205   1.50135
 O   12.77367  -0.38255   2.68810
 C    6.32985   0.20191   1.34604
 O    6.61680   0.10711   2.52374
 C   11.14736   8.12786   1.56195
 O   11.12696   8.00336   2.71786
 C   11.05619   2.91750   1.38867
 O   10.96423   2.98105   2.57742
 C    4.71012   8.68641   1.99673
 O    4.71162   8.79211   3.15584
 Pt   0.00000   0.00000   0.00000
 Pt   0.00000   2.81226   0.00000
 Pt   0.00000   5.62451   0.00000
 Pt   0.00000   8.43677   0.00000
 Pt   0.00000  11.24903   0.00000
 Pt   0.00000  14.06128   0.00000
 Pt   0.00000  16.87354   0.00000
 Pt   2.43549  -1.40613   0.00000
 Pt   2.43549   1.40613   0.00000
 Pt   2.43549   4.21839   0.00000
 Pt   2.43549   7.03064   0.00000
 Pt   2.43549   9.84290   0.00000
 Pt   2.43549  12.65516   0.00000
 Pt   2.43549  15.46741   0.00000
 Pt   4.87097  -2.81226   0.00000
 Pt   4.87097   0.00000   0.00000
 Pt   4.87097   2.81226   0.00000
 Pt   4.87097   5.62451   0.00000
 Pt   4.87097   8.43677   0.00000
 Pt   4.87097  11.24903   0.00000
 Pt   4.87097  14.06128   0.00000
 Pt   7.30646  -4.21839   0.00000
 Pt   7.30646  -1.40613   0.00000
 Pt   7.30646   1.40613   0.00000
 Pt   7.30646   4.21839   0.00000
 Pt   7.30646   7.03064   0.00000
 Pt   7.30646   9.84290   0.00000
 Pt   7.30646  12.65516   0.00000
 Pt   9.74194  -5.62451   0.00000
 Pt   9.74194  -2.81226   0.00000
 Pt   9.74194   0.00000   0.00000
 Pt   9.74194   2.81226   0.00000
 Pt   9.74194   5.62451   0.00000
 Pt   9.74194   8.43677   0.00000
 Pt   9.74194  11.24903   0.00000
 Pt  12.17743  -7.03064   0.00000
 Pt  12.17743  -4.21839   0.00000
 Pt  12.17743  -1.40613   0.00000
 Pt  12.17743   1.40613   0.00000
 Pt  12.17743   4.21839   0.00000
 Pt  12.17743   7.03064   0.00000
 Pt  12.17743   9.84290   0.00000
 Pt  14.61291  -8.43677   0.00000
 Pt  14.61291  -5.62451   0.00000
 Pt  14.61291  -2.81226   0.00000
 Pt  14.61291   0.00000   0.00000
 Pt  14.61291   2.81226   0.00000
 Pt  14.61291   5.62451   0.00000
 Pt  14.61291   8.43677   0.00000
