     33 -    30 -    30 -     1 
rmse=  13.1054meV
  2.830014001672576E-002
  7.418401192688756E-002
   2.67282677445888     
   1.59896658058583     
  0.410194092952515     
 -0.402743825510416     
  0.334328461611989     
 -0.241443178325393     
  0.501331618739345     
  0.730024721552424     
  0.490369950862616     
  -1.13307996180054     
   1.24340857153479     
 -0.134841945468844     
 -0.400895544028239     
  0.602738959397701     
 -0.496042590974671     
 -0.176927382008337     
  0.527119450022720     
 -0.356704302436315     
 -3.686516433417211E-002
  9.645025841489936E-002
  0.241481695636073     
  -1.89822853694001     
  0.615779132479664     
 -0.399207192682752     
 -0.428667053899448     
  0.782737152555443     
 -0.566289045081217     
 -7.270108266961995E-003
 -0.330399868114808     
  4.822900335139413E-002
 -0.385542303455450     
 -0.406461998070881     
  -1.20033699671891     
 -0.546667857652604     
  0.121838463882502     
 -7.895929036188186E-002
  0.428244434110574     
 -0.390850686044641     
  0.264118174651142     
  0.183909804718469     
  -1.19153116187904     
 -0.481618224093275     
  0.224541788450588     
  0.292789729369217     
  0.467960965332899     
 -0.143335219265063     
 -5.472309355189042E-002
  0.111050463086428     
 -0.252971738246637     
 -0.228580829866411     
 -0.115880597824915     
 -0.158431194740090     
  0.509157660648792     
 -4.878612093566307E-002
 -0.325533380296057     
  0.212232428044199     
 -1.225166082586011E-002
 -0.213059134071529     
 -0.226511376178345     
  0.172948046490370     
  8.576701769644618E-002
  0.575398199993576     
 -0.152360276316340     
  0.108560065471777     
  0.325974311640495     
  0.774513631346085     
 -0.645635850294231     
   1.34413417871703     
 -0.616534830174705     
 -0.113374224791291     
 -0.249148774546636     
 -0.500469185696333     
 -0.678622257523997     
 -0.590224350555932     
  0.760680995862271     
 -0.275296614890494     
 -2.722609529094233E-002
  0.752534462101556     
  0.201026456428002     
  0.628353026636787     
  -1.16531973074267     
 -0.645891123012891     
  0.340305366560514     
  6.959861566844922E-002
  0.642152937775554     
 -0.438887016556470     
 -0.398203006473524     
  0.449749731600501     
  -1.05478095470097     
  0.670970063653681     
  0.309349121541021     
  0.406859907564512     
  1.523591225972963E-002
  0.586990822113250     
  3.304590312199883E-002
  0.218679724875741     
  7.631303333129864E-002
 -0.541182712637109     
  0.373203770241662     
  0.569280964196266     
  0.304195258986078     
  0.555293977295126     
  0.332404316901893     
 -0.499647109323098     
  2.897619791437857E-002
 -0.927479272238617     
   1.04205889863290     
  0.507770057115159     
  0.244751919892703     
 -0.330865436206620     
  0.241101551916701     
  7.156729860607776E-002
 -0.732101491384536     
  0.119597794990678     
 -0.118984762717220     
 -5.303633109748191E-002
 -0.263154406331107     
  8.572544992292090E-002
  0.549035155566945     
 -2.468683722441092E-002
  0.572575431427295     
 -0.885027224883527     
 -0.422589230480046     
  0.360731502714643     
 -0.176811889167887     
  0.511994368880519     
  0.132765075984190     
 -3.422907972822976E-002
 -0.521111041166126     
  0.399329653952119     
 -0.257679700838292     
 -0.721092361775827     
  0.413018416442673     
  -1.06485584637479     
 -0.287955927587967     
  0.742029887881268     
 -0.451377901407931     
 -0.665854388047953     
  0.105786421006755     
 -0.479344581970442     
  -1.03562333911457     
  0.226567146761278     
 -8.499523453193654E-002
  0.380751585042753     
 -0.618421799054744     
   1.03982381519857     
 -0.676483768106168     
  3.766267467061948E-002
  0.612126923991639     
 -0.655474878189747     
  0.689563601668309     
 -0.103296387215937     
  0.434955147210909     
  0.490885487207586     
 -1.838924582194312E-002
 -5.871848933497541E-002
 -6.066796841144959E-002
  8.282108549879118E-002
 -0.447186248024171     
   1.07912248332847     
  0.163760950282159     
 -0.408968675387071     
  0.634738150337898     
  3.403980063787735E-002
  0.175247599557979     
  0.398863423301373     
  6.412541278104779E-002
 -0.336438747922143     
 -0.321162967486680     
  0.352307594372962     
  0.368906322892547     
  -1.32107586076376     
  0.408972127131462     
  -1.24187007879451     
 -0.198850864568199     
  0.143276645816984     
  0.238552306979548     
 -6.245596598177297E-002
 -0.551306031150343     
  0.516647126915335     
  0.119598410979782     
 -0.399165206004519     
  0.142325782989206     
  0.192096984412627     
 -0.228930456613537     
  9.112894163798295E-002
 -5.944073913604640E-002
 -0.164740809976614     
  0.617676607459896     
 -0.216949500380090     
  3.519917364824495E-002
 -0.339328904059217     
  5.146325466195954E-002
  0.130356299213662     
 -4.138158117229113E-002
  0.336376236201006     
  1.707738267010631E-002
  4.567744058038864E-003
  0.390265357840775     
  0.209698508413609     
  2.013695918949314E-002
  1.040352766558010E-002
 -0.117213487164601     
  3.286309155706803E-002
  -1.73845387956350     
  0.610397152854916     
  6.280565649817776E-002
 -0.387366154815734     
 -0.208363141714949     
  5.265693921353384E-002
 -0.529954602050022     
  0.490264596790454     
 -5.593474733937656E-002
 -0.116008446645738     
  0.587583705706513     
 -0.636452515145528     
 -0.295079368987935     
  0.115876152256389     
  0.462717409865707     
  0.309407083455463     
  0.126293545098048     
  7.435139422281503E-002
 -0.157001096102298     
  0.147489019279814     
  2.473520880373817E-002
  0.114598971344477     
  0.737436997963963     
 -0.226306231880021     
 -0.973260481247178     
  0.754123368350949     
  0.347229138557638     
  0.359302587417228     
  3.470132009896282E-002
 -0.579548679537968     
 -0.209979311508355     
  9.933417693131405E-002
 -2.780322461751914E-002
 -5.864169784757405E-002
 -0.813494097088557     
  0.213421386628330     
 -0.182886549528594     
  9.080039791338674E-005
 -0.354589813161857     
  6.844778868089157E-003
 -0.128292913746163     
  0.226351007533544     
  0.176562356951290     
 -7.257153026784757E-002
  0.429008245867603     
  9.884841369175076E-002
 -0.581396128870803     
  2.756857932859653E-002
 -7.682406461996030E-002
  0.122184674119964     
  0.516950465841760     
  0.454787325555382     
 -0.489255501087184     
  0.504163601799609     
  9.465468224477035E-002
 -0.233663130141424     
  0.433417760310330     
  5.019757358855378E-002
  0.104026067459554     
  -1.53579592204105     
 -0.909494551766374     
   1.06968801285106     
 -0.376900894015317     
 -9.255639703220751E-002
  0.515807852572203     
 -0.867479146358836     
 -0.695525175572228     
  0.586227632660615     
  3.979139667190218E-002
  0.858653986799848     
  -1.07827741099331     
  0.141680342168468     
 -0.165736811118328     
  0.511640865835258     
 -6.484347237369614E-002
  0.781226036491506     
  0.244043813438318     
 -0.591247090574858     
  0.298822593054177     
 -0.186905069359286     
   1.22005722532938     
  0.700385779529431     
 -0.867181601767141     
  0.112305231929108     
  3.292820945506541E-002
 -1.351722330366840E-002
 -0.256875830740841     
  5.931244206308283E-002
  0.331877781361266     
  2.443236084779798E-002
 -0.401422200511053     
  5.074694332384964E-002
  0.433491696806247     
 -0.507053800574133     
 -0.279112930899442     
  0.618233463170609     
  7.889730701896792E-002
 -0.514199570271232     
 -7.620339182362312E-002
  0.422045566179324     
  0.516330495299556     
  2.309871669071060E-002
 -0.330612247204804     
  5.861606135206443E-002
  3.724533041313231E-004
 -0.115750969888907     
 -0.220736699887264     
  0.310429198270625     
  0.632013306793564     
 -0.372948666630180     
 -0.244836074863205     
  0.147076855297361     
  0.147704083081161     
 -0.226798519979010     
  0.480568245043256     
 -0.208847921461265     
 -0.493632287302765     
 -9.207298647735847E-002
  2.809244730463929E-002
 -0.456634781017792     
 -0.662988745312535     
  0.567071098608456     
  0.305474424357095     
 -0.987898342045241     
  0.358130625281677     
 -0.201092499433123     
 -0.168706898554564     
  0.223961072127391     
 -0.233736978965322     
  0.244301766578292     
 -0.180399765675754     
 -0.716124813801917     
  0.611299883335363     
  0.743764912160994     
 -4.579996041309757E-002
  0.326838045832564     
 -0.129783572102108     
  6.724082807307390E-002
 -0.576353844452326     
  0.601485123470188     
 -0.357459715166754     
  0.370672084489380     
  0.550435229510744     
 -0.188021687252555     
 -0.234157354620594     
 -9.118284639320386E-002
 -0.206406421401976     
  0.419427721544065     
 -0.271701736456667     
  0.118272858098191     
 -0.199242435416148     
  0.374502654695561     
  0.127110068141964     
 -3.636839537327421E-002
 -7.335227790252108E-002
 -0.240905028685568     
 -9.572881827396917E-002
 -0.922370956663600     
 -0.713461600111172     
  -1.34934206894085     
 -0.195302382770405     
  0.252416527332100     
  0.154849125177803     
 -7.777985802899247E-002
 -6.570978233890949E-002
  -1.03123062860711     
  0.187907790118849     
  1.262854617224294E-002
  0.955724116865802     
  -1.12358411679058     
  0.426949772433782     
  0.632005798141323     
 -0.354559974353749     
 -0.386079067236313     
 -0.188694109651370     
 -0.816828313223553     
  5.295806496365940E-002
   1.61136728980643     
 -0.906259332890808     
  0.442877359240234     
   1.28405853121449     
 -0.862686933823037     
  0.403492214172109     
 -0.770685885647666     
  0.411752505273186     
  0.336731071427576     
 -0.100552335682467     
  7.765129418969860E-002
 -0.130411776422791     
  0.909075132278416     
  5.939890817141651E-002
  0.100164585950082     
  0.312122807838877     
  0.162666566209048     
  0.156587061816040     
 -0.456288064573046     
  0.397138200993421     
 -3.551081410610014E-002
  0.181537581132601     
 -0.448650920097597     
 -0.816941035485625     
 -0.672836452992842     
  0.881644516716370     
 -0.123749794753813     
 -0.196585075314909     
  9.513717247265710E-002
  6.783442283214784E-002
 -0.417332743916546     
  0.442929740147301     
 -0.373852635426156     
  0.579094659006393     
 -0.431548781911805     
 -0.508185168591260     
 -0.873200767932702     
  0.932299741325377     
 -0.328685073597866     
  0.154063647838885     
  0.353379210360667     
 -0.530097885654991     
 -7.386671556393870E-002
  6.179474960997217E-002
  0.276776602946178     
  0.196249718183237     
  0.806439480499269     
  0.473174484433939     
  0.155995603463512     
  -1.39389003603306     
 -0.632474262851683     
  7.340901578307958E-002
  0.731175871680719     
  -1.55687071905117     
  -1.17258274169565     
 -0.513527144623573     
  0.275988559328033     
  -1.11044351568584     
  0.548526702907135     
  0.565145886603272     
 -0.822252092452775     
   1.58689990460114     
 -0.589014854440563     
  0.327509116125805     
  6.545397287497982E-002
 -0.320371180074361     
 -0.862421671324849     
  0.887203751711963     
 -0.183855125835925     
  3.834206639598711E-002
  0.713064677823227     
  0.311322037506814     
 -0.764054433389708     
  0.414662269999050     
 -0.950579552203007     
   1.06189586135331     
  3.451946055305397E-002
  0.687784468973565     
  -1.07058739271358     
 -0.121402547175605     
 -0.304100255469758     
  -1.29889710986191     
  2.205234803607730E-002
  0.371953609215844     
 -0.345534294752235     
  0.214588912462224     
 -0.144365459826670     
 -0.417153648635252     
  0.335402715489130     
 -0.426819252274718     
  0.272154843813015     
 -0.880838411293568     
 -0.152326755649778     
 -0.372638817792030     
  0.268290243102454     
  0.337721610234117     
 -0.168657577403925     
 -0.480116348223610     
  0.708963004917719     
 -0.526583030950219     
  9.800761959572271E-002
   1.47821575926677     
  0.556340295770215     
 -0.347542027176403     
 -0.178659405084122     
  0.624940049386243     
 -0.770151345243015     
  0.499335564887686     
  0.114879617137123     
 -0.571423401318081     
  0.798891982697362     
 -0.189535058458060     
 -0.813003302360363     
 -0.503271027331338     
 -0.197325932346630     
  0.857990395594857     
  0.416234157272214     
 -0.347392154553942     
 -5.666735531948988E-002
  0.421763369904183     
  0.759475860514935     
  0.849470625744652     
 -0.273762595245272     
  0.852737644181029     
 -0.983164144796311     
  7.056977183753023E-002
  0.249329156536745     
 -0.625995641522140     
  3.934252644582380E-003
 -0.517208354596981     
 -0.288051653262500     
  0.399394815273432     
 -8.786839837020319E-002
 -0.311728633006397     
  0.576206082554053     
  0.659598718575484     
 -0.462878618202563     
  0.297786905321397     
 -0.339887979334193     
  0.289915670055106     
  0.695251272872823     
 -0.757544145363390     
 -0.828961497876380     
  0.336400848731144     
  0.613268628966358     
  0.528801238469845     
 -0.527785079126623     
 -0.498459982097114     
  0.565306801748457     
 -0.291156020135593     
 -0.836408929871599     
  0.335756236014883     
   1.14042324727495     
 -0.408163571589087     
  0.571929006506743     
  7.165015389684851E-002
  0.290872223045813     
 -9.376818358956573E-002
  9.348211661497993E-002
  0.246246141318813     
  5.566056279452589E-002
  0.197347623301320     
 -0.434547580113253     
 -0.387103005468286     
 -0.231406278689589     
  0.559317328120410     
 -0.315962719670883     
  0.235426455011054     
 -0.435553678348070     
  0.286719078779321     
  0.431690901175359     
  9.370759846092995E-002
  0.275558924745664     
 -0.510126086487837     
 -0.281743825664298     
  0.347998264577742     
 -0.592426011319855     
  0.430552602151542     
  -1.73741485993882     
 -0.261527286125847     
  0.546313079380666     
  0.615837195692952     
   1.58902027556061     
   2.00505039600914     
   1.54530845043904     
  -2.22140478908794     
 -0.827123500977088     
  0.560418357793633     
  0.684325023387417     
  -1.49863160395482     
 -0.758503058254285     
   1.24396119063611     
  0.788100820471883     
  0.164844010764589     
  -1.28530689720842     
  0.264238364066794     
   1.56517420110737     
  0.106465330929157     
   1.02003823854085     
  -1.53872508315317     
  0.892066950694347     
  9.183522729867388E-002
 -0.248109327347473     
  0.727959893804448     
   2.05050390712677     
  -3.21252896279885     
  0.463755435524103     
 -0.923372661017603     
 -0.298535387663288     
  0.968691071994934     
  0.792910955813468     
 -0.295225516503134     
 -0.383268754626815     
  0.151445000807875     
 -0.846661797010674     
  0.168775046595981     
  0.164551257228838     
 -0.302512189334418     
 -0.401620907007310     
  5.465880712412759E-002
 -0.755593754623700     
 -0.758947198047343     
 -1.422102821163793E-002
  0.277977649318283     
 -0.153913493834071     
  0.318852828317971     
  0.409026403263984     
 -0.339205782155426     
 -0.321376863224354     
  2.098155084631491E-002
  0.159731084495181     
  0.666069448651441     
 -0.467706299952655     
 -6.481165898009789E-002
 -2.886087150380424E-002
  0.693704461555500     
  5.093675590223062E-002
 -0.272359333066895     
  0.230750018704543     
  9.162229038010711E-002
  0.655096634281977     
 -0.327599335794891     
  0.250829926129178     
  0.685404529602571     
 -1.827171369152141E-002
  2.180904984892080E-002
 -0.541221572003093     
  0.636374006634827     
  2.568350308421764E-003
 -0.121744986840223     
  4.589024841923742E-002
  0.114402751703757     
  0.642600062090205     
 -0.702648699285242     
   1.42006792326504     
  0.632147381853381     
 -0.752422145626521     
  7.497776899542483E-002
 -0.256561714298292     
 -9.753637773818466E-002
  0.161875211318050     
  0.100063822686654     
  4.560212059978463E-002
 -0.187635785458892     
  8.841974181402090E-002
  5.766435337483013E-002
  0.297134186861902     
  0.672594643191693     
 -0.667077020909711     
  9.873853825372633E-002
  0.158087457876129     
  1.868190514523969E-002
 -4.630579882684396E-002
 -0.364949851231809     
  0.200901448855687     
 -0.157504784695806     
 -9.815471294658651E-002
  4.221477591617110E-002
 -0.696853790593809     
 -5.225008666927614E-002
 -9.525928832785770E-002
  0.275402850797891     
  0.296717443508470     
  3.645407760941825E-002
 -0.246740029200903     
  0.155264706754280     
  6.292185803064809E-002
  0.103879929332759     
 -0.214354389463367     
 -0.480916262328072     
  0.610781356520951     
 -1.936391603499228E-002
 -0.530378827654661     
 -0.234266855185147     
 -0.170500963209859     
 -0.291625658654878     
  3.768269235078810E-002
 -0.294918887194478     
 -0.401410826889165     
 -0.310487027585638     
 -0.100753001070637     
 -0.238276779591145     
 -0.635033106664526     
 -0.174764953659454     
 -0.307508449753362     
 -0.297182053863294     
 -0.546419935263398     
 -0.479745206174770     
 -8.291266824543853E-002
  0.196756163190991     
 -0.241045408472162     
   1.36670312262190     
 -0.436567186982215     
  6.437791173040799E-002
 -0.144862150844166     
 -0.464679287977651     
  0.346718937256105     
  0.464656081245058     
 -0.483699565431863     
 -0.756251423247743     
   1.40144625444569     
  0.865328805216088     
 -0.664775895045029     
 -1.641701191333648E-002
 -0.180976854009851     
  0.143908468810370     
 -3.809687835949984E-002
  0.169406786389615     
 -5.372709630174136E-002
 -1.083100977095214E-002
  4.040957795301260E-002
 -0.168956903938280     
  0.237821060838326     
  0.872414428650211     
 -0.144579365882010     
  0.359231917991761     
 -0.125141743216497     
 -4.856900368514277E-002
 -0.297999486666776     
  5.702421895992385E-002
  4.581146877031992E-002
  0.202459133686229     
 -0.513756622665351     
  0.225042444880501     
   1.32454611486895     
 -0.784412443369965     
 -0.403949013288249     
  0.505937858525397     
 -0.453021933500722     
  0.303827973760318     
  0.404771433197768     
 -0.278703292863852     
 -7.464195486036404E-002
  -1.07325974856734     
  0.116101651479515     
  0.134329248877325     
 -8.544409102679416E-002
 -0.252542973299950     
  0.140373638557264     
  0.249930411644123     
 -0.104677513687289     
 -0.360222348981454     
  0.369068967989176     
 -0.483125994704286     
 -0.115428422995948     
 -0.964938235490036     
  0.203463348336319     
  0.552964804219064     
  1.013433427140284E-002
 -0.679584556950474     
  0.172885488821519     
  0.564253578024770     
 -0.978024331034904     
  0.512208618165591     
 -0.228168397180705     
  0.632156065590810     
  7.474084715546292E-002
 -0.541703753299605     
 -0.908317680294211     
   1.06444914096602     
  0.451185424627392     
 -0.889670445943665     
  0.633492653772305     
  0.844906382645111     
 -0.239910891369830     
  0.424487175820229     
 -0.200496985922769     
  0.468652914514678     
 -0.778681153485708     
 -0.536335385301145     
  0.174209973391012     
 -0.163769826229386     
 -5.647067297102231E-002
  0.338974633398641     
 -0.121001647470176     
  0.403211292837724     
  0.133375416011292     
 -0.459053822413926     
  0.718077573498088     
  0.746357344382872     
 -0.114850786922526     
  0.306401749382375     
  -1.02540052232443     
  0.497893718003728     
 -0.302811307079486     
 -0.693474001077313     
  0.141831443486011     
 -0.353661645900266     
  0.622974019744862     
  0.310551202472619     
  0.385236026675715     
  -1.15862182315752     
 -0.363368143338537     
 -0.197220920423284     
 -0.143194902144322     
  8.136972194218613E-002
 -0.310564844145062     
  0.234275157229779     
 -0.278357162032890     
  -1.00902737541916     
 -0.835508412791665     
  0.155692686045732     
 -0.194676867112431     
 -3.460262859608967E-002
  8.851373791399209E-002
  3.611436353461197E-002
 -0.319775741082227     
  0.468564263139967     
 -4.977262341362127E-002
  0.485763006082704     
 -0.557018540892149     
 -2.662688030810797E-002
  6.249366248870211E-002
 -2.427011817235121E-002
  0.417559477749974     
 -0.367424126739764     
  0.384008923759853     
  1.598238714844052E-002
  0.110521268223778     
 -0.216961187589686     
  0.349551489852454     
  0.388709908946404     
 -9.738908235562389E-002
 -0.796574423776373     
 -0.574260279172993     
  0.800634437258341     
 -0.763150200364930     
  5.000417335989322E-002
 -0.194375261810492     
 -0.367678092133145     
 -0.379049841094915     
 -0.404306740310698     
  0.179100568724633     
  0.670904380131711     
 -0.760253970134013     
 -0.149782017653598     
 -6.330747428570889E-002
  0.764719435753835     
 -0.266035979076549     
  0.272291329273199     
  0.432411944183439     
  0.157727970456557     
 -0.774846475245275     
  0.345825634571852     
   1.07691525888494     
  9.725888411054083E-002
 -3.374391302657519E-002
  0.467632242336608     
  0.332554361897771     
 -5.805040789789602E-002
  0.136528790330012     
  7.829308369124238E-002
  0.246760061149477     
  2.667165616666264E-002
 -0.283921749217951     
  0.132033206265640     
  0.449334012825613     
  0.739450598278062     
   1.52901246692622     
 -5.600531227628807E-002
  0.186865345759622     
 -0.269462609125307     
 -0.445301294815620     
 -0.453433445076366     
 -0.700604718315409     
  -1.01061511223489     
 -0.207824050873727     
  0.289985954762789     
 -0.443263711854034     
 -0.264922876314203     
  0.179088082576904     
  0.118560159437221     
  4.376562535920177E-002
  6.862679838456469E-002
 -0.255683367973914     
  0.448217672359702     
  0.833824478695313     
 -0.281078586946802     
 -0.703830758794578     
 -0.342584569867342     
 -0.125776185002058     
  0.248668355284557     
  0.112299877910516     
 -0.265120206944820     
  0.847916655779547     
  0.300716901431537     
 -0.575161261650947     
  0.629771506161414     
  0.222742411143371     
 -0.427323650920131     
  3.539596138771582E-002
  0.340318397418143     
 -1.471479796850671E-002
  4.948886860208829E-002
  0.344832314367163     
 -0.339030081599656     
  5.986115626959589E-002
 -3.392560778882890E-002
 -0.613760888861360     
 -0.124835097303330     
  0.158455735649332     
 -0.211048210584970     
  0.446030918326224     
 -0.334637898566845     
  0.465318498374883     
 -0.107975238973192     
 -0.603070938409636     
  0.462308223447836     
 -0.229877202012515     
  0.160836063782869     
  0.103064450423570     
 -0.515591034461248     
  8.422496957525166E-002
  3.732586722772112E-002
  0.348239656941747     
 -0.472188949734330     
 -0.121423001409618     
  0.194847690020473     
 -0.656121269287542     
  0.557533582857601     
  0.109438906419648     
 -0.505440599459053     
 -0.193384498792903     
  0.569354366410064     
  0.133600192082220     
  0.633879415598492     
  0.128286583487916     
 -8.336358827289686E-002
 -0.317884757244978     
 -0.932835567121878     
  0.193600894733479     
  0.700321542288941     
  0.337416926331795     
 -0.224949224512957     
  0.214246998200186     
 -0.257907137417035     
 -0.326490101502936     
 -7.969068353960901E-002
  0.196476215007757     
 -0.140736030810877     
  0.187999359562670     
 -8.244472614227089E-002
  6.827482601171421E-002
  0.187510780086956     
  0.300075211147851     
 -0.412629609127771     
 -0.466341189646462     
  0.149010551260119     
 -0.290902151655704     
  0.349085707386237     
  0.378500053645902     
 -0.467659530249143     
  0.454426324219414     
 -0.308716330632535     
 -7.150802032449630E-003
 -0.788247673061152     
  0.333528693781557     
 -0.763634931318556     
  0.737361215616374     
 -9.678055170046165E-002
 -0.177080037700305     
  0.197786514758247     
 -0.961272555914617     
  0.680167400399763     
  1.322016652505534E-002
  0.484389261699013     
 -0.854245589251625     
  1.132722376674867E-002
 -0.591780932829328     
  1.250162721872616E-002
  0.344216512570129     
 -0.730051879824927     
  0.972430066903253     
 -0.832059320425189     
  0.473702407646230     
  0.353815317414269     
   1.01077059706849     
  0.679465929732215     
 -0.279809020269936     
 -0.711568512417334     
  0.530613823937542     
 -0.126340940757060     
  0.137848886023746     
  0.114250646209468     
  0.358666244024912     
 -0.322871665849468     
  0.127861674130194     
 
 -6.484934564737659E-002
  0.131172422652920     
 -0.117198470924322     
 -8.151249516275895E-002
 -0.547260592706263     
  0.793430250714732     
  0.407633178293489     
 -6.643791082854723E-002
 -3.995624495967686E-002
  0.281992211253528     
 -0.462475451632984     
  0.661839072566508     
  0.318403356988946     
   1.12091044298243     
  0.771782765330794     
  0.288602335787662     
   1.18612724096449     
  -1.75388725178332     
 -0.132410526513574     
 -0.254847338712581     
 -0.640586815678696     
   1.14096944723032     
  0.851614889586623     
  0.906497338553411     
 -0.294966325088112     
 -0.916372507705636     
 -0.319044748815598     
  0.721733264223347     
 -0.508528618616845     
 -0.785340881565932     
 
 -0.821595891345174     
 -0.292330036107125     
  3.523089346662846E-002
  0.935646734522116     
  0.760221533522863     
  0.445362563366229     
 -0.302918492653207     
  0.259474367514754     
 -0.383489485684423     
  0.136425124805137     
 -0.325389649722566     
 -0.803768120277233     
  0.357920060098287     
 -0.553440121226700     
  0.177759341132531     
 -0.201710467968519     
 -0.903240139965235     
 -0.336881038472817     
 -0.509847168380851     
 -0.641279057853891     
 -0.101381016779152     
  0.613094193722898     
 -0.272791843558222     
 -5.007230668676721E-002
  0.553134511499250     
  -1.12262338907399     
 -1.137083500743884E-002
 -0.213646992427454     
  -1.26654118296196     
  6.572412633245697E-002
  3.679407945747666E-003
  0.453494684873342     
 -0.250108849165987     
  0.673577107643640     
 -0.268543540405181     
 -0.295997176561406     
  0.560194638334382     
  1.169690961486499E-002
 -0.348265969616640     
 -0.637536847865826     
   1.50760366542752     
 -0.486795919254492     
  0.398498725228686     
 -0.302049818308367     
  0.103366708572405     
 -0.479839264106289     
  0.881618400301369     
  5.810363825521645E-002
 -0.218541447670276     
 -0.713871128942084     
  0.655687877592868     
 -0.251761098466100     
 -0.569452280513298     
  6.747216270627442E-002
  0.126443040833685     
  -1.27126073309494     
 -0.949626173127516     
 -0.469704055507558     
 -4.141188551624168E-002
  0.590053087940047     
  0.771663430416814     
  0.199902705191780     
 -0.792940637612877     
 -0.299457958112118     
  0.154520357194859     
  -1.10124001032834     
  0.144165250415157     
  0.812251979646980     
  0.636107327628480     
  0.856903440539561     
  0.483614182599657     
  0.143905774395663     
   1.03800299184359     
 -0.612058634477150     
 -0.238766465329254     
  2.948270352513307E-002
  0.578722919187692     
  2.971498369556461E-002
 -0.845472618866128     
  -1.05199263365112     
 -1.245800514771118E-003
  0.370653055974158     
  0.776587229186345     
 -0.227274159831443     
  8.127542877554883E-002
 -0.491379418340138     
 -0.320429467768878     
  0.428103328034430     
 -0.389631896861019     
  0.748718673736040     
 -0.100221680145613     
  0.295775737759475     
 -9.630962385976513E-002
 -0.412348154237696     
  0.785325465719357     
  -1.05461549594126     
 -0.497800926915465     
  0.104781096714272     
 -0.181383692557136     
  3.238038102942561E-002
 -0.266629828421174     
   1.43716607036467     
  0.100789999367260     
  0.279659309980763     
  0.490929706910062     
  2.591243529890760E-002
  0.364320870719632     
  0.933654991019830     
 -0.589314669163350     
  0.598332229523796     
  0.316436096573548     
 -0.518316797461442     
  2.228209038792908E-002
  0.201770343191185     
 -8.111719203563746E-002
  0.747549634897685     
 -1.606161969766927E-002
   1.25910587929319     
   2.71411761990133     
 -0.667566861082147     
  -1.09329096374143     
  0.180395188132509     
 -0.163607514583486     
  0.167431171046768     
  0.493827559352518     
 -0.147803078706910     
  0.497686039214062     
  0.426852379968278     
  0.311911168235902     
 -0.421799527979552     
  0.529654785683077     
 -0.114464820246290     
 -0.235463475829642     
  0.308572171491303     
 -0.856543257153161     
   1.02392422429694     
  0.890848938307562     
  0.966999283916178     
 -0.621631791992475     
  -1.04816303500951     
 -0.715696995820366     
  0.203089635031988     
 -5.807057826958688E-002
  0.177449184186529     
 -8.887158271927990E-003
  0.361044976845735     
  0.281317024192306     
 -0.552471182878338     
  0.965241635276757     
  0.837563988763130     
  0.529949869301763     
 -0.469014405463334     
 -5.960680619196868E-002
 -0.129383282964927     
 -0.216780693109739     
 -0.528621365873876     
  0.173437638166826     
 -0.404517792062832     
  0.654873455742430     
  0.141408827962633     
 -2.852413249973955E-002
  0.882913056170899     
  3.568941811127765E-002
  0.237901758426037     
 -9.115383113339082E-002
 -0.302356366035200     
 -5.120728256611040E-002
  0.102884563808602     
  0.426116831962197     
  7.871497449533910E-002
   1.58910906773556     
   1.76670640442518     
  0.912910325413802     
 -0.565444694043215     
 -0.268514958110396     
 -0.610309668235281     
  0.246082186532039     
  0.660258853544206     
  0.280899879646053     
 -0.160178543780138     
 -0.954606455627823     
 -7.871792727621565E-002
 -0.331532025712718     
 -0.357577488992202     
  0.378769170809987     
  0.328784636328917     
 -0.780361783978899     
 -0.746924379850690     
  -1.51893725295612     
 -0.464299002065977     
  0.487047519466348     
 -0.591448860187831     
  0.585620934028444     
   1.13594441523093     
  0.179560448973025     
  0.518079822479702     
 -0.582541714343347     
  0.142556355445460     
  -1.87024532742063     
   1.01968505621661     
 -0.778541538869969     
  0.787223785054482     
 -0.353073259200745     
 -0.651772868539646     
 -0.170698250431896     
  0.231155055994964     
 -0.629409004612444     
  0.518757034081950     
 -0.306277785686491     
 -0.473821156066884     
  -1.00069731438507     
  1.764475391994824E-003
  3.312884740910356E-002
  0.395793628390818     
   1.55568208865143     
 -0.299631020845933     
  0.106724413001629     
   1.00992652023481     
  0.501738047829292     
  8.139869056919331E-002
 -0.220356616093885     
 -0.288531957069965     
 -0.275056411681946     
 -4.742954530212531E-002
 -0.917453698186659     
   1.12773416291607     
  0.378701615056539     
  0.948630107257011     
 -0.275626208450417     
 -0.529337779013876     
 -0.450306007516536     
  0.395835293507557     
  0.277816133281470     
  2.581556277731874E-002
  0.779334921435630     
 -0.145528306880020     
  0.503365900586299     
  0.457653211088441     
 -0.556373878659001     
  0.128416006078645     
  0.260533655230803     
 -2.845051710471291E-002
 -0.447747867715503     
  0.211663681950741     
  0.149740877715134     
   1.11457239639585     
 -0.217898229958520     
  6.778079892486741E-002
 -0.270803394155588     
 -0.477888959457409     
  0.330225829513969     
 -0.172740505002704     
  0.607071482700500     
  0.263413284539259     
  0.142053718735409     
  0.327280585164772     
 -0.105305217323244     
  -1.16242356423387     
 -0.564702773112234     
 -0.924702285812609     
 -0.388800103891447     
  0.630962279437407     
  0.315694999991163     
 -0.341111987543948     
  4.419554850356111E-002
   1.22181028089596     
  0.338075045578963     
 -0.459998338241303     
 -0.133372502110420     
  0.807337133367802     
 -0.422929466150308     
   1.09065556367426     
  0.219355636473781     
  -1.45203940796134     
 -0.170752833747512     
 -2.300882265313709E-002
 -0.588425873169884     
  7.189638157794140E-002
  0.244662461363315     
  0.307493956364652     
  0.422795157532339     
  0.556739895799591     
 -0.515927275825823     
  0.596024713925674     
  8.567568390333735E-002
   1.02713985713988     
  -1.26355248776674     
  7.469735867935526E-002
  6.819386875218141E-003
   1.37313318841478     
 -0.883861310461149     
 -0.361677375113195     
  2.837155495568682E-002
   1.14392891702464     
 -0.425861218451896     
  0.951648280314653     
  0.726192379567390     
  3.263483116951092E-002
  0.341544837331960     
 -2.114080591850190E-002
 -0.945661128672533     
 -3.957621660973168E-002
 -0.182047561285798     
  0.682601939497411     
  7.755011036108918E-002
  0.183297805540493     
  0.208534447487281     
 -4.598524284693570E-002
 -0.120841916108850     
  0.262864944555574     
  0.476771213177880     
 -9.266971845788345E-002
 -2.021485355477976E-003
 -0.348214643741374     
  1.280962459829911E-002
  5.343219587986955E-003
 -0.212966119104720     
  0.567753034489087     
 -0.830941627637732     
  -1.25786370879985     
 -0.778353949276756     
  0.889698688875249     
 -0.783702420325002     
  0.111176424585491     
  0.522336037290752     
  0.216936833033851     
 -0.305130038647505     
  0.150543104056652     
 -0.765691033521441     
  0.327431806747621     
   1.18226774493167     
 -0.459242365744327     
 -0.290431707779227     
  0.887333707423715     
  9.003444362925499E-002
  0.278331824161364     
 -0.813890782594420     
  0.686059961278595     
 -8.190088710677601E-002
  0.264763657913723     
 -0.372407755907640     
  0.235510044477063     
 -0.124298132470331     
  0.121564753929484     
  0.613809170458323     
  0.405873157230465     
  0.141205659489301     
 -3.657123869967265E-002
  0.599468520779404     
  0.337114908167543     
  1.218479697508500E-002
  2.197734113301339E-002
 -0.233659657503988     
   1.18090272042241     
  0.775747884179012     
  0.358463126374259     
 -0.589432170216422     
  -1.02278016259879     
   1.57693234913151     
  0.521559617816152     
  0.382068816479197     
 -0.386268693060683     
 -0.994566212385535     
  0.797205484789797     
  0.652946366356923     
  0.213675174211791     
  0.935900096011996     
 -0.612493801801493     
 -0.286845623549055     
 -0.229009891486104     
  -1.34829489896140     
 -0.283313119617629     
 -0.213165990882126     
  0.211546351374017     
 -0.411512083707170     
 -0.339212220085311     
   1.59617457682875     
 -9.548893058215489E-002
 -0.887907716875087     
 -0.949118044841329     
  0.498066235023800     
  0.144013424831214     
   1.38368882296262     
  0.320800099726906     
   1.57591420112473     
 -0.138585092175893     
  0.301881546759633     
  0.203897147375583     
   1.06275084973889     
 -0.423983873976707     
  -1.22906779617206     
 -0.201734990355507     
 -0.225872251495908     
  7.196252423987082E-002
  6.206441966616794E-003
  0.373785757383735     
  -1.03280030998702     
  -1.02477713984793     
 -0.823512344998595     
 -0.209283216656744     
   1.51663958641654     
 -0.683872518649317     
  0.851040721437204     
   1.04338195924267     
  0.219331682733967     
  0.620479106389620     
  0.258614868880108     
 -0.779179662748253     
 -0.793428853110193     
  -1.58905520362035     
 -1.617596804516699E-002
  0.900221982303406     
  0.971717373459752     
 -0.614573118185772     
  0.307632249154096     
   1.19332687782872     
  0.452857800637772     
 -0.538115097596053     
 -0.338532396884697     
 -0.193682048160175     
 -0.705506231344301     
  4.265322770077590E-002
 -0.285244911628131     
  0.384588748860250     
  -1.37220683059310     
  -1.76598194309120     
  0.909211360304199     
  0.279232113114062     
  0.884854241585412     
 -0.376602640381260     
  0.219680617201986     
  0.506663874639220     
   1.57020877648417     
 -8.765391859628884E-002
  -1.54513673125992     
  0.381873541411192     
 -0.574469653975229     
 -8.997385688790221E-002
  3.076268404581191E-002
  -1.16719566323637     
 -0.194867544847984     
  0.514400155578426     
 -3.995156549963502E-002
 -0.946039754650517     
  -1.67957158298384     
  0.751819692367867     
 -0.680951011724345     
  9.276484732106429E-003
  -1.06696008104608     
 -0.703065692889368     
  0.474857282886501     
 -0.280202073288147     
 -0.199874213849967     
   1.25372128376741     
  0.569191231675079     
   1.03687204532239     
  0.747853394827698     
 -0.242503730599962     
 -0.205528207196843     
 -1.115416640289360E-002
  0.156763734800058     
  0.895401706940125     
 -0.773046360189364     
  0.617185628203296     
   1.03933118019032     
 -0.493210407004570     
  0.269198710502573     
 -0.561148941521300     
 -0.931432210073046     
 -0.256769284257018     
 -4.886923595015073E-002
  0.460620293180981     
 -0.672708354179553     
  7.938331731547683E-002
   1.16908381557009     
   1.10343431114792     
 -0.571445030990807     
  0.317129174138414     
 -0.360297687813611     
  0.593225820151551     
  7.197267027791730E-002
 -0.679148009398663     
 -0.188685861593634     
 -6.319426124306737E-002
 -0.397864211146136     
 -0.709818806168081     
 -0.243128487610510     
 -0.494005058514382     
 -4.034720772223031E-002
 -0.158322202253102     
 -0.720982465693046     
  0.342377192488953     
  0.292050643162476     
 -0.553404691554397     
 -0.120431853286114     
 -3.597395835572924E-002
  0.244741825220643     
  0.545145387871914     
  0.464954620684236     
  0.596686600421086     
 -0.232529829483086     
  0.180529732943404     
 -0.119283033838863     
 -0.819422472651649     
 -0.514180502417757     
  -1.34014837363972     
  0.152550245595777     
 -0.192722169232039     
   1.23906908919293     
 -0.296313703157041     
 -0.585698472939813     
 -0.332080034130127     
 -6.721515597800946E-002
 -0.382497217401467     
  8.733694663039236E-002
 -0.739095493374211     
  0.228366051805455     
  9.884009959927169E-002
  0.347743117222025     
 -9.655119210078507E-002
  0.357635408702102     
  0.150987510071279     
  0.514286163494726     
 -0.173464216848951     
 -5.973340796638200E-002
  0.512142684149996     
  8.405659456808263E-002
  0.703649726004204     
  5.429755356804051E-002
 -0.942572231209086     
 -0.109032602317665     
 -0.442106017723811     
 -0.664255697859405     
  0.881047737506859     
  -1.18918222840816     
 -7.026205948483141E-002
  0.265396739440238     
  0.104556515028650     
  0.269319888179992     
  0.514208925392084     
  -1.44108536641332     
  0.257830544557126     
  0.782368978233145     
  0.439888943085784     
  0.667452286702029     
  0.739301195674674     
 -0.685923076398253     
 -5.619881748847297E-002
 -0.668359325136274     
 -0.185485586568909     
   1.07667125123052     
  0.272817983596418     
  0.296329388306559     
  0.399385903214030     
 -0.773602219505260     
 -2.424183312251366E-002
  0.116789252614501     
 -0.384687926650329     
 -0.399674776960711     
  -1.93508825283423     
  3.432772816942234E-002
   1.08067550476182     
   1.31165004904176     
  -1.22437960566648     
  0.308864243252831     
   2.03081932723829     
  0.946005070185521     
  0.528669541586339     
 -0.492725276112146     
 -0.112097775360666     
  0.493755858363353     
  0.136798786358826     
  0.550707853435772     
  -1.02788026738297     
 -0.750139544286186     
   1.74277570736050     
   1.31253694408126     
  -1.41825609590061     
 -0.105162790989470     
 -0.216857898670984     
 -0.411719998272542     
 -0.138114874285945     
  -1.40605279112419     
 -0.712186107377502     
  0.616277965424215     
  0.226637098847360     
  -1.29829614093967     
  6.592490790175967E-002
 -0.264911157038329     
 -0.134444012554853     
  1.884444277905177E-002
 -3.086763699355130E-002
  -1.01513560442558     
  0.514739216470497     
  0.475944696079838     
  -1.00806847196880     
  0.743104050582189     
  0.475779642508651     
 -0.456133240162555     
  0.282621569107691     
  0.699695995656840     
  -1.47340263350249     
  0.122222174035049     
 -0.574654590591676     
  6.031102593087767E-002
   1.76417537851419     
  0.429101570716616     
  -2.01050682843070     
 -0.332062722845759     
  0.262240202860325     
 -0.357658912918085     
 -0.948967088329854     
  -2.39453980357191     
  0.767491632561874     
  0.312728011641868     
 -0.480598337913512     
 -0.597150960259382     
 -3.560322691566573E-002
 -0.391545256257235     
 -0.936139978616242     
 -0.633322005682472     
   1.18833420700133     
 -0.179019862766101     
  0.373462666516873     
 -0.291167328246106     
 -0.628131099517874     
 -0.348049331123618     
  1.141233689012766E-002
  0.140802460294203     
  0.280998647998624     
  -1.38258693433081     
  0.184309213793423     
 -0.401519782255597     
  -1.10618853508933     
 -0.849973660468458     
 -8.539041890595696E-002
  0.126850179757781     
  -1.72961944366301     
 -0.839981085698900     
 -0.734919345218656     
 -3.116164901301544E-003
 -0.115686387364195     
  8.769933811802647E-002
 -0.229540214111566     
 -0.564366826310249     
 -4.940190190013970E-003
  0.122841449165063     
 -0.440924863555671     
 -0.164451643307657     
 -0.101804219385963     
  0.149417307120477     
  0.199944172896554     
  0.705156334049571     
  -1.31098386787981     
 -0.771097648053357     
 -0.313012960909328     
 -0.101430730425277     
   1.51868789630568     
 -0.679356556917050     
  0.858597274028572     
  -1.77867351267761     
  -1.10491908111713     
 -0.429358018142608     
  0.274032185773420     
  0.528696912213534     
  0.310547005847699     
  0.810006792266757     
  -1.11251950153944     
 -1.278360144133819E-002
  0.249101012705362     
  0.756360315214198     
 -0.505003004467031     
  0.364719718935175     
 -0.181955378147781     
  0.250650636091121     
   1.23203571339104     
   1.22511857801088     
 -0.855240148730302     
 -3.687621922292193E-003
 -0.245032755402110     
 -0.920224539993549     
 -0.727356996368647     
  0.458815690991672     
 -0.409623872449155     
  5.055932513439170E-002
 -0.345426680506604     
  0.756166367033464     
 -0.558243165178917     
 -0.478088877777462     
  0.238532085526661     
 -0.938273511389412     
 -0.312678844556519     
  0.150552983086174     
   1.26849950080197     
 -0.237789355342020     
  0.381259549841536     
  0.344492093200426     
 -0.526802051504701     
 -0.614267992286213     
   1.04206884790186     
 -0.259668679695018     
 -0.633201974503140     
  0.880860275209003     
  0.601634638434590     
 -0.245978690421653     
  -1.03202670024195     
 -0.283810511850080     
 -0.659689128445850     
  0.218661298742174     
 -6.369753320631354E-003
  0.371179532092946     
  -1.17103463834900     
 -0.466150553129502     
   1.15373837070894     
  0.536238717465133     
 -0.551982110506079     
 -0.574104527112655     
 -0.710285594595084     
  -1.41285128084711     
 -0.884386003330815     
  0.576324917922955     
 -0.585310029022824     
 -0.206254412449379     
 -0.176094494735102     
  0.241843660669436     
 -0.125340551497589     
  0.258662265885432     
 -0.109827872796630     
 -0.225725937818962     
 -4.109454432723388E-002
  7.790877563402016E-002
 -0.130991455385643     
  0.398239956052149     
  3.019640300848373E-002
  -1.14037103257303     
 -0.115384990660290     
 -0.466214776997104     
 -6.362958632470821E-002
  0.480388459517144     
 -0.238253813849562     
  0.138459717090753     
  0.168320076215205     
  0.122836674245949     
 -3.508913964945783E-002
 -0.249877718146156     
 -0.100775262601603     
 -5.958582344318422E-002
  4.163361070114061E-003
  0.605462266908584     
 -0.109275602080318     
   1.17149229670731     
  0.435331340052234     
  3.642484069521995E-003
 -0.647389595853541     
 -7.424748228816481E-002
 -0.799309542084364     
 -0.869961930518841     
  0.211991541211956     
 -6.425687639595250E-002
  0.509928624687569     
 -0.631195453961891     
  0.340731201121413     
  0.129889915496174     
  0.519629849658558     
 -0.648938710628695     
 -0.345963226296199     
 -0.130599220886390     
  0.425126286882143     
 -0.264942077903301     
  0.112651950533438     
   1.12852447779168     
 -4.094074451731301E-002
  0.921615091502468     
  0.151678938850105     
 -0.130023705005615     
 -0.964864692031060     
 -0.199193882643944     
  0.500939112079946     
   1.92329582272412     
  -1.13584704734411     
 -0.239689270128667     
 -0.665409039581996     
 -7.404864061480390E-002
 -9.483787780563667E-002
  0.423655684710977     
  -1.31521954090174     
 -0.284804615255036     
  0.689056800775908     
  0.552938186974411     
 -0.175872872451508     
  0.351269872432805     
 -0.312183746251701     
  -1.00151901865655     
  0.422722521986514     
 -0.296912596948829     
   1.20276822922678     
  0.676210385783722     
  0.929880696881508     
  0.948708027538766     
 -0.271526412884626     
  -1.03172555916469     
 -0.993471574555603     
  0.794202461197415     
 -8.292488291254989E-002
  0.202353347284211     
 -0.246590681078003     
  0.824310167245593     
  0.314953687832002     
 -0.309144714781516     
  0.731793314426229     
 -0.979291333984584     
 -0.174476532033009     
  0.173463758732455     
 -0.108878376219742     
  0.788873258922099     
 -4.768699062966068E-004
 -0.223890014979802     
 -0.938424392902787     
  0.282044763037558     
  8.541286463200319E-002
  0.372371943182657     
  6.564380136230728E-002
  9.133183447752345E-002
  0.250415599005576     
  0.472461254438951     
  0.260450724447231     
 -0.704903089165780     
 -0.401545963545303     
 -0.856219943236384     
  -1.34174057426777     
   1.18569002522327     
  0.463141159643369     
 -0.232953925321198     
  0.509643505732139     
  0.537618823988734     
 -0.555122859859464     
  4.126976797393487E-002
   1.06879762566770     
 -2.150945076870203E-002
 -0.531243212465633     
 -0.485406992092932     
 -0.588559174282760     
 -0.216546304151558     
 -2.294560616088040E-003
 -0.310536283574517     
  0.693876669978774     
 -0.571591374777173     
  0.350422637763428     
  -1.05635038567541     
  0.116438296475960     
 -1.963403555985731E-002
  0.314531574453043     
  0.533310317368168     
  0.724726178837353     
  5.869415993149753E-002
  -1.52337467599090     
  0.384384065174890     
  -1.07643784447782     
 -0.586452277436308     
  -1.02621130689534     
 -0.835943493827962     
 -0.142831524930009     
   1.69200728776072     
 -0.457667133214621     
  0.835998204020886     
 -0.513782111942023     
  7.019062310562345E-002
 -0.349486369924651     
  0.146862354580242     
  3.044653360060231E-002
   1.37680077524775     
 -0.108115042213408     
 -6.357396996475967E-002
 -0.399800792838013     
 -7.462774150209228E-002
   1.24324350005642     
  0.248364553801259     
  0.222979719673117     
 -0.195483621705822     
  0.431424064052617     
 -0.128188353149836     
  0.933759601750550     
  -1.28257921649449     
 -0.904139401976183     
  0.243087792881821     
 -0.286303542021147     
  0.354290957270045     
   2.75292006804525     
 -0.177254884807045     
 -6.611354208672041E-002
  0.682996362170715     
  0.314179093598623     
 -0.511499658607706     
  0.198984422456077     
  0.768180793397811     
  0.924088605469677     
  0.177903551159035     
  0.698379602412132     
  8.665636945250250E-002
   1.06870407155646     
 
  0.174145766577593     
 -0.799529747070358     
 -0.427979742710342     
 -0.312587247580434     
  0.727549587913000     
  -1.31303977136001     
  0.442655074512663     
  0.397073238902115     
  0.423254810970298     
   1.06057163445645     
  0.546041123226653     
 -0.190084328555286     
 -0.356619752423212     
 -0.234021023224213     
  0.422637140584492     
  0.324286123040815     
 -0.137231858460404     
 -0.195762460939203     
 -0.356101761923337     
 -4.297686282985109E-003
  2.917056932207766E-002
 -0.280657181170366     
  0.628195361162798     
 -0.274974892151754     
 -0.117525679358063     
 -0.752756854481902     
  0.993306194938739     
 -0.185682596325070     
  0.718150740066007     
 -0.821594135313088     
 
 -0.692536452255441     
  0.360803339331290     
 -0.118865207277146     
 -0.221634475747597     
   2.54797563213250     
 -0.657216839713564     
 -0.603630649425534     
  -4.26224894958545     
  0.556320068235575     
  0.359222889710987     
  -2.78313696737603     
 -5.543733705233388E-002
  0.371207492204086     
 -0.676429321829424     
 -0.163931184375282     
 -0.362886958633450     
  0.241027259818890     
  -1.62485542617352     
 -0.119263707490135     
 -0.242242820094108     
  0.224891838624450     
  6.299800958254198E-002
  0.531513619517942     
  0.428429191584371     
  1.792778879316220E-002
 -0.266956988322962     
   5.59240107768770     
  0.938047390938818     
 -0.589722685490038     
  0.577716004117950     
 
 -1.366165487804878E-003
 
  tansig  tansig 
