     33 -    30 -    30 -     1 
rmse=  13.8867meV
 -0.466972147978842     
  6.769994031665490E-002
 -0.243173769888563     
  0.170689820081656     
  0.314014820249441     
 -0.453763813597765     
  0.576848722425402     
 -0.136898436137985     
 -0.533821826678408     
 -0.764851093518650     
 -0.310263025442278     
  0.183598970587281     
 -0.592582397386506     
   1.00910825708419     
 -0.319750434611802     
 -0.361181790624872     
  0.182723211969043     
 -0.247639818398839     
 -0.312889545206404     
   1.04552846479346     
 -0.502996136465214     
 -0.442710391071566     
  0.100721136128141     
 -0.919201632459371     
 -0.108754759590178     
 -0.444356187784492     
  0.279723607517073     
 -0.180190067884678     
 -0.341127238931633     
  0.172584831102951     
  0.888826012839931     
 -0.211892825083251     
  0.796514843962916     
  0.506394609465151     
 -0.771543608645442     
 -0.924554179861693     
   1.04376840354033     
 -0.918603141765317     
 -0.208738820686990     
 -0.190865076431241     
  0.116479041895201     
  0.157788992449229     
  0.929233694778052     
 -0.187585070319345     
  0.189196809636593     
 -0.532666152623793     
  0.148716879867386     
 -4.729867831458624E-002
  0.460517625924546     
 -0.303352172311038     
 -0.271237971230637     
  0.363748998714863     
 -0.283849894605846     
  0.143366648203159     
  0.120912213247750     
  5.094440762923359E-002
  0.790337809889409     
 -0.567109172259673     
  0.805493461801110     
 -0.180036588821244     
  0.344589881198347     
 -2.125795121390640E-002
 -0.618584623516750     
 -0.228682747017443     
 -0.527528412528406     
  7.897247714770800E-002
 -0.593170236760425     
  0.206552910995069     
  0.275231050690011     
  4.175683992451186E-002
  0.116845634586768     
  0.744172601578336     
 -9.894708805943747E-002
  0.256424399841275     
 -6.745270897343424E-002
 -0.210953983396009     
 -0.222851282986927     
 -0.172975585296705     
  0.120268984800305     
  0.438461378769863     
 -0.322000478481585     
 -0.437914289497178     
  0.466253916022165     
 -4.273230940914982E-003
  5.440974134420363E-002
 -0.583604604607653     
 -0.183840361469677     
  0.877090546155274     
 -1.250504514051183E-002
  0.376626398426101     
 -0.771601707088542     
 -9.058682079634521E-002
 -0.190685117124350     
  0.515146699497147     
  4.968285412325619E-003
 -0.175708370503879     
  0.515417024169451     
 -0.473876269829597     
  0.110904142722841     
 -0.813389326156836     
  4.582306804425445E-002
  0.684571865117419     
 -0.305073727069773     
 -6.431056788474997E-002
 -8.308368794419055E-002
 -0.271282169034539     
  6.151353769785609E-002
 -0.251914087661252     
  0.558673843539663     
 -3.111563514393759E-002
  0.398249973909639     
  0.614444488327602     
 -2.877293277963593E-002
  0.325070617512341     
 -0.851556305302565     
  0.286097488332460     
  0.305609340278987     
 -8.453631876105229E-002
 -0.820788276438683     
  0.565490611805918     
  0.569617193047669     
 -0.851866447032545     
  3.515836078544329E-002
 -0.499693215539041     
  0.283788163269242     
  0.501287223991668     
  0.477113462548236     
 -0.437676472930121     
 -0.639865935454555     
  0.402312315697734     
 -0.236770581594234     
 -0.753653855319148     
  0.353353650055310     
 -8.033887594512347E-003
 -3.157986680893567E-002
 -0.375969409320743     
  0.229669343246306     
  0.114045991366488     
 -0.476464592095969     
 -0.743204028569439     
  0.625118470608986     
  0.470695095706693     
  8.383693849442043E-002
 -0.238470900471280     
 -4.806410144206933E-002
  0.307807028131287     
  0.319461259288018     
 -0.843712707386056     
   1.11508377833529     
 -0.555260921873605     
 -0.314083589034766     
 -0.255105583493022     
  0.390483111581387     
  0.317684981961810     
  0.720799160146238     
 -4.276805920305096E-002
 -0.221669488372484     
 -8.072409389852443E-002
  0.323426998982967     
 -0.263437856529075     
  0.521927116882908     
  0.119805276377383     
 -0.429515221129691     
  7.128763891770933E-002
 -0.561939739157299     
 -0.145052306120342     
  0.762512967395853     
 -4.683083268027602E-002
 -0.366920530172221     
 -0.799259377872972     
  0.171884356360081     
 -0.137594940915139     
  0.144805710872239     
 -0.425804126686808     
  0.136933313987173     
  0.764337650787843     
  0.479429935873798     
 -8.841467179927076E-002
 -6.390718523989293E-002
 -0.319701900074364     
  0.408804746321841     
  0.186858584243414     
 -0.110574810107212     
  0.108554163706630     
 -0.136425807363934     
 -0.710969585504741     
  0.816642831994930     
  0.237216586177444     
  0.768603334991922     
  0.660583334812027     
 -0.149851167115076     
  0.384665023060803     
 -0.244981676609218     
 -0.186271966831235     
 -1.644094488245181E-002
  0.192783897439722     
 -0.799855531664751     
 -0.217314045299643     
 -0.183472383758906     
  0.494829982499135     
 -0.680734737483508     
 -0.276879555985575     
 -0.374532144959715     
 -0.521868305975611     
 -0.297619882809284     
 -2.269094327963139E-003
  0.484519103938664     
  0.238881354077643     
 -0.627420141471474     
  0.904977069755606     
 -0.567979142893727     
  0.220888864528378     
 -0.177966298532501     
  0.419674157807399     
 -9.503659554776864E-002
  0.523202308770126     
 -0.110760534593099     
 -0.386394890843445     
  0.570651690008702     
 -0.496352701246606     
  7.147957712667873E-002
  0.596035571176616     
  0.226875212151908     
  0.250170889798712     
  2.313069160048970E-003
 -0.205815044372402     
  6.944716069616112E-002
 -0.182861332822703     
 -0.139011660451762     
 -0.338739242058407     
  0.729192184777262     
 -4.866458928987794E-002
  0.665112898588993     
  0.296645968262925     
 -0.442130655851876     
 -0.599946748220970     
 -0.180251765615805     
 -0.258851861390770     
  5.746821453906992E-002
 -0.147878679100980     
 -0.665774281075069     
  0.253798687765632     
 -0.772445714403700     
  4.707103813534503E-002
  0.682683602868280     
  0.304339514463820     
 -0.246561778204434     
 -0.483248323632684     
 -6.130378379399688E-002
  0.199690477568617     
  0.554562932286584     
 -0.450461641286263     
 -0.630309850566336     
  1.742041451745117E-002
 -0.352070290286114     
  0.383332609309841     
  0.643236162856587     
  0.164230974537230     
  0.518335468747712     
 -0.239318100479000     
 -0.153005565346573     
  0.198774901629197     
  6.951685487593791E-002
  0.596013335715789     
  8.016092880876891E-003
  0.620256424678854     
 -0.290433673295763     
 -6.686108753238789E-003
  0.479799146954337     
 -0.226551291135059     
 -0.539018283038555     
 -0.131492480800852     
  0.412505654509480     
 -0.211234661920344     
  0.129253786579675     
 -0.396606148822441     
 -0.341803933484592     
  0.127555729478301     
  0.302924135004532     
 -0.394972620103544     
  2.940033443496886E-002
 -0.288781402804254     
 -3.649340317544458E-002
  3.589068235097151E-002
  0.523582800295983     
 -0.745078358724542     
  0.370843799212823     
 -0.331236241043198     
   1.00344513104942     
 -0.919977592856298     
 -0.113549215796457     
  0.256795034965335     
  0.391912913096978     
  0.181588233887254     
 -0.279668250612979     
 -1.449488169437398E-002
  0.196691971929149     
 -0.464269678419906     
 -0.142622023137312     
  0.501219743628790     
 -0.631317519768214     
  0.784684376891808     
 -0.368673166037215     
 -6.993117578020183E-002
 -0.166601710682543     
  0.343235514950907     
  0.123875723484333     
  0.108461883456297     
  0.364719342618453     
  0.831677559902884     
 -0.157257511223390     
 -0.358203149292170     
  2.124914714608073E-002
  0.107904287017643     
  0.443482133255653     
 -0.283398276534937     
 -0.199325060035800     
  0.369621488319169     
 -0.216243817999753     
 -0.717437248939300     
  0.103443686448244     
  0.306078373350632     
  0.311037249600168     
 -0.371636908662101     
 -0.480909997829229     
  0.132195260893191     
  2.554623658591865E-002
  0.118123470543689     
 -0.586391615303646     
  5.736615312798661E-002
 -8.251037916778178E-002
 -0.379279329080758     
 -0.359082927370947     
   1.07975595055801     
 -0.440177399878814     
  0.104438239327846     
  0.432250561046744     
  3.345237588931364E-002
 -0.311330061956895     
 -0.412731019698077     
 -0.158519473186144     
 -7.707555687432660E-002
  0.421161659492596     
 -0.506008283384371     
 -3.508071980531277E-002
 -8.758555637012912E-002
 -0.232401899593855     
 -0.428501215517838     
  0.435740437044727     
  0.158759783044048     
 -0.346036085682620     
  7.812718859220447E-002
 -0.524741351039534     
 -0.183803434963383     
  0.457712992013200     
 -0.424927377594514     
  0.251534859654385     
  5.692674475492474E-002
  9.323143009861661E-002
  1.745987325357682E-002
  0.186270470575183     
  8.603096910770819E-002
  0.296011924708768     
 -0.412678777626980     
 -0.732996114006402     
 -0.124250553171342     
  0.183342422958630     
  0.715857366722539     
 -4.501284451556961E-002
 -0.290605323811120     
  2.070355453797389E-002
 -0.192197120022394     
  9.889263657349570E-002
 -0.473525817917096     
 -0.229338060585673     
 -0.791324707804622     
 -0.587555962253585     
  0.443374369576205     
  0.287163407428462     
 -1.354482224580691E-002
  0.216249078395558     
  0.459177140508711     
 -0.421530009465023     
  0.248106854550665     
  0.328237604239375     
  0.513084868051230     
  0.425530046281512     
 -0.900695549224040     
 -0.118300888029915     
 -0.355704129028055     
 -0.129811928153325     
  3.133867020469968E-002
  4.081438239021733E-002
 -0.143011267550553     
 -7.905798337708175E-002
  0.153370963875736     
 -0.746641377911168     
 -0.308196503393822     
 -7.919028474973932E-003
  0.609562262949673     
 -0.253354857790756     
  8.646557264605866E-002
  0.342567604072253     
  0.114816267197505     
 -7.212022334230600E-002
  0.196005772184755     
  0.167336922493331     
  3.670546603972508E-002
  0.339197274962884     
 -0.325770038745083     
  0.584201156343671     
 -0.193315476977753     
 -0.174457860325395     
  0.460236724720131     
 -0.180463159145618     
 -0.499830618156442     
  0.755040381205804     
 -0.312590003898332     
 -6.046669893304871E-002
 -0.305465675486373     
 -0.439922394445432     
 -0.654486937059303     
 -6.922097998392332E-002
 -0.148949088546740     
 -6.822259099531383E-002
 -8.191854252731574E-002
 -0.180655900390352     
  4.619711119958026E-002
 -0.213873002097314     
 -0.529437490299196     
  0.979691607486273     
  8.013808731275787E-003
  0.208437992214940     
  0.511922912967476     
 -0.156065071244789     
 -0.471900786635062     
  1.192323229248386E-002
  0.714820713892092     
  0.186125931173136     
 -0.657929784082621     
 -0.131819852538957     
  0.782603114861322     
 -3.640566851937239E-002
 -0.850132355733203     
  0.210383895448199     
  2.382825608463301E-002
 -0.364183368729267     
  0.253911494276248     
  0.146088976682743     
  0.327887009728982     
 -0.189472943573216     
 -0.308284861670713     
 -0.409914444426113     
  0.102797431872912     
 -0.132735020986983     
  0.164409233052426     
  6.032492597180546E-002
  0.136787099986674     
  0.514296681881552     
 -0.631794632521206     
  6.828280310619919E-003
  0.521820580684416     
 -5.869146957057417E-002
  0.553136723887452     
 -0.295315000528366     
  0.711689344705630     
 -0.253157517843060     
  0.347420526147182     
 -7.476267337295900E-002
  0.116629111677756     
  0.152081493084151     
 -0.294791509067836     
  0.166745728196651     
 -0.315100857728054     
 -0.229501514579689     
  0.283381610875838     
 -0.225478767784477     
 -0.108993637847646     
  0.387766043539393     
 -0.676640307137273     
  0.314411580664036     
  0.284246756888664     
 -0.330682456953301     
 -8.516294490255935E-002
 -0.342316444646754     
 -0.104970963561192     
  0.237281083224979     
 -0.239580774011462     
 -0.165563401915921     
  9.944700874291877E-002
  7.942836839493858E-002
 -0.119152611128327     
 -0.117492264621635     
  0.407282033931450     
 -0.148276570115819     
 -0.113478304343842     
  0.375379793859870     
  0.472566827527049     
 -0.214226189346958     
 -0.331064988717051     
  0.347839954555260     
  0.640475722105869     
  0.946976505329545     
  0.392713908512490     
 -0.162601720819641     
 -4.262175212156826E-004
 -0.276015733141499     
 -0.455229570887600     
 -0.443558873258752     
 -0.551994135837284     
  0.606950998576934     
 -5.949923716129616E-002
 -0.340324001486829     
 -0.363359187186560     
  0.338549376113745     
  0.312732588521250     
 -0.639213527573178     
 -2.729470326324864E-002
 -0.290739516445788     
  0.386409473875407     
 -1.668054807182694E-002
 -0.512025811835712     
  0.134374886383882     
 -0.214223411917775     
 -0.700550816296665     
 -0.355051765534486     
  0.352377930196962     
  3.788340219882550E-003
  0.116465397114577     
 -0.414174376747556     
 -0.360764546753422     
  0.675567251785522     
  0.101432052339517     
 -0.153309973377407     
  0.104639854339830     
 -0.320621830383263     
 -0.496640026958856     
 -2.439670752008209E-002
  0.501562616314305     
 -0.372715189189230     
  0.188251088055708     
  0.126010184554875     
  4.085531794238487E-002
  0.311785044648773     
 -0.423870275995227     
  0.362301920862430     
  0.170676053463739     
 -0.176297112435250     
  0.445177380322788     
 -0.621481873948184     
 -0.566851197314266     
 -0.160512012860766     
 -0.347388105079295     
  0.424634362302740     
 -0.382211355480088     
  9.902985421995668E-002
 -8.088539791461208E-003
  6.031433291530664E-002
  0.143446771862197     
 -0.537286100302743     
  8.203909398061289E-002
 -0.355377945973114     
  0.254618201465493     
  5.554803909325023E-002
  -1.03849052606204     
 -0.698347417518913     
  6.737607813973098E-002
  0.172960081878701     
 -0.175710553773970     
 -0.275929063053241     
  0.238059273443419     
  9.184092873612804E-002
  0.479048401368442     
  0.699375931601358     
 -0.503282546650810     
  0.555425113824170     
  0.382765452960277     
 -0.539669668572986     
 -0.209180602208600     
  0.710047889134298     
 -6.434443565159237E-004
 -0.103082938723841     
 -4.764786885479982E-002
  0.143863684411315     
  0.156190143736663     
  0.554765950282516     
  7.665437009166517E-002
  0.567812330037384     
 -0.311211985937493     
 -0.423237221881421     
 -0.246433877328986     
 -0.204518080829185     
  0.174162001010626     
 -0.571866156960802     
  0.310633084128313     
 -0.349555424428200     
  0.631219677804195     
 -0.951070631384241     
  0.320502636950753     
 -0.319048257419702     
  0.515508080405769     
 -0.425478932244023     
 -0.171014423873157     
  0.229859040607779     
 -0.200023034350031     
  -1.12500212515254     
 -0.295865519216588     
  0.741279664481965     
  3.161438895600276E-002
 -0.264808039295414     
  0.204174392255105     
 -0.286360857922209     
  0.178954504412880     
 -0.287385287979161     
  0.128094220689112     
  1.077622603205211E-002
  0.624064243367226     
 -9.442500066330554E-002
 -0.190212906754592     
 -5.366550722234117E-002
  0.452785410892170     
 -7.360723653212310E-002
 -0.615725875447459     
 -0.113224872376456     
 -9.537872435725861E-003
  0.548554278305733     
 -0.156530702910499     
  0.364404284276821     
 -0.381685649676485     
 -0.422671586913840     
  0.751286434717426     
 -0.515182054835865     
  0.504678342534678     
 -7.611695516878916E-002
  0.377602149812771     
 -0.168025376214704     
 -0.255859161266511     
  0.680206909027911     
 -0.548852969039549     
 -0.165351010939531     
  0.361248737762324     
 -0.115759648245517     
 -0.685450670806811     
   1.04192114466197     
 -0.412378848667211     
 -7.144219510045284E-002
  4.714494655763359E-002
  0.116948404381772     
  9.806874285384945E-002
  0.140284471507381     
 -0.527503704429424     
 -0.188267623612296     
  0.317848951705237     
  0.160964104550540     
 -0.444965348336873     
  0.529375796177187     
 -0.152043690586728     
 -9.005754730311089E-002
  0.331156649751229     
 -0.738537020517043     
  0.452782143692968     
  3.474667106477652E-002
 -0.781149207657255     
  0.996070537883937     
  0.216074690655407     
  0.266003350831816     
 -0.130502195991371     
  1.242400390296428E-003
  0.176580371089848     
 -0.280690818246027     
  0.166291665368877     
  0.306013552715085     
 -6.008226052721390E-002
 -0.133919801195427     
  1.608461694072789E-003
  1.750727311457446E-002
  6.710574387178120E-002
 -3.298516336335492E-002
  0.209614215800342     
  0.113599583702415     
  2.268975875765043E-002
 -0.352726157002903     
  0.124847416113177     
  2.270295847241192E-002
  0.225719590941874     
 -0.370599243425088     
 -0.480595180474874     
  0.141079251069999     
  0.126233554184087     
  2.183450730492953E-002
 -0.154519335486599     
 -1.782140555095187E-002
  0.400651034168971     
  0.191797781613046     
  0.408498079914581     
  0.254765763126911     
  0.494500414318708     
 -0.747115653704381     
  0.169321964168391     
  0.534406744202485     
  0.150770927838865     
 -7.156535401953987E-002
 -0.560233607862169     
 -3.796450646163122E-002
 -0.231723905322419     
  0.304656435943399     
 -0.511506864835946     
   1.14618038389091     
 -0.969958133136750     
  0.248296095706638     
 -0.220166382920899     
 -0.150643261772166     
  0.669492096931821     
 -0.602914548862687     
 -0.218638507390751     
 -0.419307332751956     
 -0.525903369433776     
 -0.365496045589454     
 -0.420095755131478     
  0.364601108520594     
  2.680908740353290E-002
 -0.621792141789395     
 -0.228490064983653     
  0.330318852388272     
  0.384720004642676     
  0.199052297089306     
 -0.694629357855729     
  0.135753321702605     
  0.624379585046370     
  0.190243251258470     
 -0.137924911215746     
  0.164160024733431     
 -0.619897373136767     
  2.681379449209704E-002
  0.180451699032792     
  2.366678483768025E-003
  7.263411798285804E-002
 -0.132348419827664     
 -0.227151391953741     
  0.652555491685474     
 -0.370658533441934     
  0.546097130447943     
  0.166185136768400     
 -0.170288909137502     
 -0.161065482919050     
  0.375771234832352     
 -0.386927948484837     
  0.285286728801642     
  0.255712811062180     
 -0.368965386127487     
 -0.504134727535754     
   1.10879520679768     
 -0.804776943918361     
   1.00016785871869     
 -0.238756206635122     
 -0.199987135325793     
 -0.104530981493049     
  0.356512971842039     
 -0.192055270670320     
  2.152517901896954E-002
 -0.379935765153263     
 -0.735555496388895     
  0.762801884126948     
 -4.150314535105333E-002
  0.519616949797657     
 -0.377843452514906     
  0.213402812863759     
  0.377433241132027     
 -0.341934549478440     
 -0.240470141608151     
  0.324937081365735     
 -0.105584356986085     
  0.841206056945480     
 -0.667409524337722     
  0.588691068270179     
 -0.311955622464958     
  0.464189764513255     
  0.136970640385029     
  0.109105108279600     
 -0.493862847294217     
  0.210955149639673     
  0.510338141621213     
 -1.799706723508993E-002
 -9.543988122341558E-002
  0.310963795319322     
 -0.233048992674797     
 -1.587934267424317E-002
  0.361046955605470     
 -0.258128285712116     
  0.194520301680839     
  0.159948683890601     
  0.482031404178191     
 -0.204777654079800     
  0.236697127662720     
  7.492734630860590E-002
 -0.435891310613767     
  0.618654901222293     
  0.864636803946927     
 -0.546061842630120     
 -7.900088356203876E-002
 -9.973890864924949E-002
  0.229494225672540     
 -8.811836630954170E-002
  0.108802839199893     
  0.314682614043028     
 -0.421762081190489     
 -0.653823587294689     
  0.437923025528686     
  0.427803078885103     
 -0.420046470124179     
  0.212592440239267     
 -0.552193719988309     
  0.550207825071891     
 -0.466010739718012     
 -0.329751495711856     
  0.137435831103016     
  0.808629232524374     
 -0.425997433977420     
 -9.933993739330461E-002
 -0.281078910944310     
  0.205559380110380     
  0.525508571577234     
  7.894774764051934E-002
 -0.756399042151835     
  0.168769956341584     
   1.29325626379855     
 -0.369082056534856     
 -0.556684864538068     
  0.297563528831559     
 -0.201290723417429     
 -9.031327507340908E-002
 -0.653111196398086     
 -4.185223355207351E-002
  0.259426076800695     
  1.439695504099288E-002
  0.670551666274067     
 -0.271043492506749     
  8.943319921104330E-002
  0.223576724660174     
  0.114464562805719     
 -0.168763368880396     
 -0.206548821821459     
 -2.291977633767478E-002
  0.299390736667380     
  0.347715007853103     
 -0.614874494945306     
  0.503701778829066     
  3.038052105164538E-002
  0.555354961951437     
 -0.243513320311003     
  0.556270977182366     
  0.128889959356700     
  8.146988810216542E-002
  0.325883596364677     
 -2.341530455821710E-002
 -0.468075884897141     
  6.081314497936842E-002
 -0.245185896687156     
 -4.722570934118776E-002
 -0.231466981530200     
  8.749955404188096E-003
  0.342550410566149     
  0.748101382679956     
 -0.474968065220199     
  3.982707813259349E-002
 -0.459047390494318     
 -0.153664608444395     
 -0.112392201371823     
 -9.056407377987669E-002
  0.305126868283260     
  6.971204262862564E-002
  7.622870281747751E-002
 -0.304569530839563     
  1.174122292198984E-002
  0.421496451733624     
 -0.545719476346544     
  0.724367904862403     
 -0.275603677077000     
 -0.135547453453457     
  3.366144053198489E-002
 -8.378848450666505E-002
  8.250012676348237E-003
 -0.199654227186514     
 -4.269819901397456E-002
 -0.898685857836335     
  0.650444029324259     
 -0.533136413335670     
  0.464315885311850     
  0.285330090472342     
 -0.182020194211087     
  0.285919552388221     
 -3.399299810436258E-002
 -0.712978293441285     
 -0.206065484138675     
  4.794865455807404E-002
 -0.301476623892531     
  0.122534687676237     
  -1.09410701876294     
 -0.404750710527580     
  0.203498754953154     
  0.270461169894611     
 -0.369099926443517     
  0.537157125738406     
 -4.046331649203777E-003
 -0.745639132513186     
  0.384757719758028     
 -9.261188038423869E-002
  0.230266701338050     
 -0.509535279889244     
  0.126144853950232     
  0.271320546245666     
 -7.517527969669333E-002
 -6.438592453714671E-002
  0.293151122591095     
  0.852736658661476     
 -0.172111304372004     
 -4.454261234940359E-002
  6.909723678357214E-002
  0.869005209102433     
  0.535884853120241     
  0.323382151036839     
 -0.392136239254263     
 -0.219767290646498     
  0.341119935484827     
 -0.253061382537871     
  0.269190043412624     
  0.618280229411242     
 -0.415529115240405     
  0.177908133559930     
 -0.261412561225241     
  0.329702128401437     
 -0.535323857559770     
 -0.336002489485387     
 -0.107535307674074     
 -9.199431442328768E-002
 -0.176173013130036     
 -0.554923554628840     
  0.558210163455326     
  0.116276112646668     
 -0.757064596947198     
  0.247577162667955     
  0.140767591542944     
 -0.509440709474656     
  6.563614481005388E-002
  0.488088097976581     
 -0.539325695273962     
  0.582873306282736     
 -0.329940426340502     
 -0.765119173848766     
  0.350432791498577     
  7.790320194162326E-002
  2.918898872240936E-002
 -0.294813137815639     
  0.289931224800279     
  0.435641480097128     
 -0.204657018073470     
 -2.605709038985854E-002
 -0.348670812258092     
 -0.961953155602018     
  0.506926756778251     
  0.382652591101180     
 -6.673854003504416E-002
  0.620530079291405     
  0.186309178842386     
  0.339111995306536     
 -0.424248388813461     
 -0.146008331457264     
  0.425957620908190     
 -0.842593033276805     
  0.375536329768975     
  7.211519946599031E-002
  0.176470894306275     
 -0.319637059659470     
 -0.274224386805501     
  0.651627054479457     
 -9.336168324890121E-002
 -7.945801943843916E-002
 -0.107609167045916     
  0.140728022721398     
 -0.594901988607092     
  0.690645059141116     
  -1.14249448528736     
  0.524612919469889     
 -0.527263250764390     
  0.566583040176771     
 -0.498267735712000     
 -0.528994656926818     
  0.353059002186329     
 -9.473932794914044E-002
 -0.320767375555879     
 
   1.15295067356405     
  0.239448161536675     
   1.42906129387055     
  0.131740153324775     
 -0.145676644043111     
  0.835001623278112     
 -0.156569298325926     
 -0.285139816172929     
  0.638077198965106     
  0.184416505644230     
  2.302986534199753E-002
  7.922700464584419E-002
 -0.311406538227713     
  0.149608351537951     
  0.101032935259482     
  0.511341756263297     
  0.468571068798579     
 -0.504738620565245     
   1.04391650829223     
  0.459554319374025     
 -0.197271219366448     
 -5.271686300849595E-002
 -0.263488832735063     
 -9.158379763764110E-002
  0.304863858969183     
 -0.197457442258305     
  0.418488937999173     
  0.152027937013192     
  0.105122124221810     
 -3.424796108426603E-002
 
 -0.282278995402701     
  0.724662601560399     
  0.751502120631946     
  0.536359094221683     
 -0.329414871278965     
 -0.960193083754752     
  0.232350716006081     
  0.561510947354489     
  0.115642610499736     
 -0.336906507155576     
 -0.401464316150549     
  6.245766308697386E-002
  0.686112154746167     
  0.188544552457792     
 -9.107136653200986E-003
  0.868113507098392     
 -0.774855642333507     
 -0.151530247921835     
  -1.32994111677262     
 -0.356416219312360     
  0.772147940481441     
 -0.204096911856990     
   1.13592331650720     
 -5.248322534301875E-002
 -0.779097949924215     
 -0.190146782048001     
  0.163967927581839     
  0.596716406049186     
  1.685910691969907E-002
 -0.574284730562003     
 -6.820023215970004E-002
  3.726119022591171E-002
 -8.148788293472269E-002
  0.261845780304652     
 -0.254631110918445     
  0.623232500598152     
 -0.105986627998993     
  0.178305565522771     
  8.352222847284696E-004
 -0.500746988932926     
  0.733939215829318     
 -3.830547800120764E-003
 -0.151222945715902     
 -4.137648333475367E-002
  0.338346219709109     
 -0.241725081722059     
  5.739028522151599E-002
  0.265937577699224     
 -0.140944888501362     
  0.461648299420406     
 -0.680299298420157     
  8.688486531972564E-002
  8.715601828493784E-002
 -0.194548248136274     
 -0.260436307475955     
  0.349825034128020     
  0.197920646260057     
 -0.264974247001231     
 -0.131553545527266     
  0.460731807403940     
 -8.606590008086815E-002
  0.309653370121005     
 -0.111367765426490     
  0.253101853157314     
 -0.319135742371126     
  0.182404110205590     
  7.509558047329053E-003
  0.260649950238314     
 -0.266942049836106     
  0.338995516805969     
  0.688263980724928     
 -0.359270864760634     
 -0.372856808660821     
  0.282784217333408     
 -0.313216209577206     
 -0.561570561699720     
 -0.158762622276422     
  0.587552729814599     
 -0.254810538862447     
  0.398555146796035     
 -0.367193009113697     
 -0.292501878691485     
 -0.206132229126023     
  -1.26617119159409     
 -0.750815740933966     
 -0.259966406701408     
  0.624390786565064     
 -0.291359710061120     
 -0.455684770671630     
  0.296663916150012     
  0.227952856494871     
  8.436243590268407E-002
 -0.393319874087072     
 -8.201316495280844E-002
   1.07770389297783     
  0.287370336655352     
 -0.182383224993149     
 -0.257663288281565     
 -9.965443423990140E-002
  0.420098777034546     
  0.638525606188450     
  -1.02137785118471     
  0.696623889150896     
 -0.216635316620262     
  0.366962753905742     
  0.228067884863536     
  0.169286422414147     
 -0.515596374815863     
  0.466945347673604     
  6.475724776996915E-003
  0.249490990560417     
  0.210947352753052     
  0.392019488175437     
  0.178478108935899     
  0.650034659061129     
  0.168073281036866     
  1.507198921665144E-002
  0.402408375157333     
 -1.800126603825267E-002
 -0.431244435824120     
 -0.778094772832289     
  1.770209758687464E-002
  0.585893850696987     
 -0.347543838254787     
  0.458144364692976     
  0.208657377364821     
  1.028006799996664E-002
  9.885881309584235E-002
  0.335207071112095     
 -0.100031399406943     
  0.188243255594738     
 -0.747299455512182     
  2.173636405476138E-002
 -0.526611479814305     
   1.73561034311215     
 -0.517001384933570     
  -1.07830770159240     
  9.196354487426285E-002
  0.335928028167781     
 -0.109646675523078     
  0.633172765850250     
  0.727424259453980     
  0.504283175153110     
 -0.190666622245891     
  8.469738621521962E-002
  6.326728917344944E-002
 -5.439826951431527E-002
 -0.105033414586371     
  0.221660540201265     
  0.153011096258493     
 -0.268842320943600     
  0.250405887021815     
  2.460594323953238E-003
  0.191657973728449     
 -0.191451389147148     
 -0.133938652008674     
 -0.507797389989124     
 -0.233998763557259     
 -6.806595385024750E-002
  0.546043344628696     
  0.423565922232614     
 -0.138767934482019     
 -0.176895033377879     
  2.551777837214689E-002
  0.193726132666107     
  0.626073850593597     
 -6.644606627073459E-002
 -0.409247377218112     
 -0.160090864812251     
  2.643813711276437E-002
 -0.406947715750574     
 -9.113648295640031E-002
  0.295477404501873     
  0.163529903287052     
  0.488412044596006     
  0.578765984038895     
 -0.522863538949172     
 -0.159103663388339     
  0.167193436878786     
 -0.233303732121016     
 -0.665485515610472     
 -0.439437104097520     
  3.404794563525931E-002
 -0.266629882150745     
   1.03041056376980     
 -0.132199541107405     
 -0.416188022584077     
 -0.413677064176852     
  0.266092758885946     
 -0.297913887937316     
 -0.287499003546334     
 -0.934431846381872     
  0.150848869826254     
 -0.592844717487348     
   1.06656928558133     
  0.168499674964689     
   1.07019154133911     
  0.909607618567569     
 -4.763525951061365E-002
  -1.00482054062353     
  0.694771362481665     
 -0.575668999945585     
 -0.628092034297727     
  0.481426331765535     
  0.130369706157755     
 -1.830603589943474E-002
  5.176210031545497E-002
  0.356103531893191     
 -0.269677665483458     
 -0.845318626504509     
 -1.787956944367743E-002
 -0.323280022072888     
 -0.357428380823548     
  8.806210760831938E-002
 -1.892859770613201E-002
 -0.136508308277709     
  0.837045617587631     
  2.012991179874007E-002
  0.159487122089957     
 -0.173439324024218     
 -0.525692544713755     
 -6.286325808573445E-002
 -0.295596468977568     
  0.391184433025411     
 -0.650827053884042     
  0.331684316606077     
  0.158803503446311     
  -1.10984724580255     
 -0.516946073294809     
 -2.466951693942379E-002
  -1.04851331308278     
 -0.195750027854904     
  0.687539299165849     
  0.345598248190248     
   1.15139054042287     
 -0.284633395680649     
  0.594344380294470     
  2.181804211728563E-002
  0.316670431460088     
 -0.757836840393618     
  0.383362398638913     
 -0.561829552618510     
 -0.525556291884747     
  0.170466749507011     
 -0.426357409607274     
 -0.394848053943340     
  0.230700660376046     
 -0.428956715425396     
  0.394196905980879     
  0.654395109892330     
 -0.403868599211783     
 -0.429559312227218     
  0.393940642195119     
  0.277704358754920     
  0.174041951272999     
 -0.292305843454337     
  0.467385478767855     
 -0.474932869020024     
  0.505846520678086     
 -0.779083280609299     
 -0.598898416052373     
  0.154240643255428     
  3.665733325701527E-002
 -0.734871795595703     
 -0.225562596059438     
  0.365962192774939     
 -0.583259041636603     
  4.168801627133582E-002
 -9.288483301295797E-003
  0.183863529156087     
  -1.26365323524987     
  0.738204538122250     
 -0.410476457489879     
 -0.325276563382994     
  0.364439503805685     
 -0.708455642343768     
 -0.249435825113623     
  0.642831902498192     
 -0.399520875803752     
 -0.177799543457972     
  0.524998426355331     
  4.107677598092347E-002
  0.210024709356557     
  0.981571350331856     
  0.594104404086045     
 -0.349028733170304     
  0.641753625600151     
 -0.563636295833982     
 -0.461259449690061     
  0.850478594476207     
 -0.946317678400424     
   1.83071225537277     
  0.402958668805905     
 -0.257070241933460     
  0.971100973023761     
 -9.404955537415670E-002
 -0.556240334571519     
  0.946246291341382     
  9.926747809746818E-002
 -0.680171132025273     
  7.061060076516762E-002
  4.260376968747038E-002
  0.145772226790811     
 -0.134935106962502     
  0.520466526379917     
 -0.628253907380589     
 -0.192366836659807     
  0.345489609200833     
  0.143480073127349     
  0.134259070486755     
  0.386945285340111     
 -0.335561658612906     
  0.695622180430566     
 -0.215171652092565     
  0.384341664282470     
  6.310920329676184E-002
 -0.374276453833424     
 -0.457445223140843     
 -0.466678313759582     
 -0.697393291784050     
  0.748376068593349     
 -0.804722092247778     
  3.201665008130896E-002
 -3.972539695938262E-002
  0.134617134506938     
 -0.645714875929442     
 -0.426487954212265     
  0.131707833976810     
  0.329598986151924     
 -0.143657436200745     
 -0.358271928750267     
 -0.627678594655317     
  0.206159577623162     
  0.342773807261267     
  0.278221411950380     
  6.184966424296631E-002
  0.147798522053160     
 -8.392350790977994E-002
 -0.164465544565658     
  8.871056444826628E-002
   1.07131896355344     
  0.352991904133621     
 -0.644098222927423     
  0.442682335196963     
  0.349617913749912     
 -0.439263601070260     
  0.457353795413163     
  0.874379094058697     
  0.177418027635666     
 -0.897221823824989     
  0.578513032493704     
 -0.517472179327939     
 -0.322440243788050     
 -0.372617859175460     
 -8.487024822910895E-002
  0.630785552372744     
 -0.217771118357248     
 -0.340049338423032     
  0.361804286026625     
 -0.321788676050985     
 -0.132424792467829     
  0.261069359099707     
  0.600795043775073     
 -0.134986517937577     
 -0.263173497498158     
  0.767415786513841     
 -0.840356177782478     
  0.506595449457482     
  0.209741582164640     
 -0.165874146037347     
 -6.451091746261987E-002
 -8.570393448871176E-002
 -0.606101891678166     
  0.130695385202555     
  -1.42258494905973     
  0.352226024538602     
   1.04985900480318     
 -3.449926382219473E-002
  4.367742723940883E-002
  0.185183095862282     
 -0.664022235641131     
 -0.342361598068472     
  0.562343597727213     
 -0.506433135353378     
 -0.399588342835422     
 -0.676764920700178     
  1.814850098210123E-002
  0.199683668569816     
  7.788153371376423E-002
  0.552018383977731     
  2.434797922658777E-002
 -0.140658318216163     
  0.193943718821661     
  0.157613205960986     
 -0.188595843221264     
  0.187489552393378     
 -0.322473310960876     
 -0.164493427389525     
 -5.574530254524660E-003
  7.947301413529359E-002
 -0.284799107202881     
  0.290891017173754     
 -0.789597537978271     
  0.302534974720917     
  0.493926759667441     
 -7.835783819829535E-002
  0.170391729839246     
 -0.249437943189743     
  0.273703645829914     
 -0.279085846729896     
 -0.156506939873134     
  0.295576858541048     
 -6.543503486773589E-002
  0.162758344095437     
 -5.988703476600379E-002
  0.335603934414946     
 -0.509895107565251     
 -0.403862130321499     
  3.436147608165480E-002
 -0.291705689911176     
 -0.200418600057446     
 -0.630401266241046     
  0.330843152117916     
  1.020340644368824E-002
 -0.704341819869340     
  0.476966223552720     
  8.992885152974260E-002
 -0.443181800912393     
 -0.419702421401878     
  0.188166675234395     
  0.505389405950029     
  0.273710040242044     
 -0.695815378639957     
  0.130151050922948     
  0.532891344248972     
  0.486016723097453     
 -0.388445326277132     
  0.390502379163549     
  0.244935050878048     
 -0.177059462259073     
 -3.488996127224233E-003
  4.061446155779737E-002
   1.27553486352266     
 -0.167654938274831     
  -1.17366939956642     
  5.060287433217029E-002
  0.761897453618565     
  0.115192112273962     
  1.665505200419197E-002
  0.242145292391200     
  0.870653934146821     
 -0.189638924593797     
 -0.213993068748073     
 -0.425275424990949     
  1.208527555677856E-002
 -0.524744182196826     
   1.15490339396180     
 -0.275314995802793     
  -1.17258908794087     
 -0.287853931839514     
  0.144150275282200     
 -0.808337046520905     
  0.299650531921102     
 -5.902811278663551E-002
 -0.262733151171958     
 -0.660271243539495     
  0.589400431610107     
 -0.397760713165539     
 -0.274501965668091     
  0.364688827000222     
  5.427298008606482E-002
 -0.237024892639904     
 -0.139816283392801     
 -0.575312407057190     
 -3.712239728208125E-003
 -8.835091379940851E-002
 -0.139070091663188     
 -0.244731491771877     
 -0.196369788007960     
 -3.768895462625953E-002
  0.254036804386150     
 -0.628299822883767     
 -4.331691309281264E-002
  0.223797948838769     
  0.269738054272690     
  0.327458602261698     
  0.161615243664303     
 -0.118175749432430     
  2.384654561671680E-002
  -1.25705280575891     
  0.197194690054065     
  0.344900944348928     
 -0.216747938753134     
  0.403294795668867     
  0.419660051946555     
 -9.545996248038177E-002
  0.121411597168168     
  0.531423657077120     
 -0.816253670730333     
 -0.146421975392530     
  0.315062333137549     
 -0.397203043494583     
 -0.604553789466415     
  0.356351687241731     
 -0.499283087644502     
  0.289805938441409     
 -2.341551076797091E-002
 -0.247517461276613     
  0.197304032323498     
 -0.320151429950827     
 -0.549390872619313     
  0.692118023614922     
  0.250723406378554     
 -0.301912842024326     
  0.345403491592567     
 -0.939703498127044     
 -0.466297143874438     
 -0.607096841248454     
  5.049107010410540E-002
   1.09404178100281     
  0.223505350388224     
  0.435511145756442     
  0.784495204961647     
  0.589524613647601     
  0.321105328100450     
 -7.424493202867954E-002
  0.361274155451464     
 -2.270340105066747E-002
  0.222843340021396     
 -0.891196040447011     
 -0.145175723303082     
 -1.662965265762564E-002
 -0.366237919178272     
 -0.963921851277811     
 -0.980335149528737     
  -1.07171423747671     
  0.257046622268629     
  0.626269767741587     
  0.170497367215882     
 -0.269732227354866     
  0.363548261504169     
  0.201558720315636     
  0.296814486435662     
  0.318510892941176     
  0.347197032755582     
  0.129749208971760     
  9.104370215888441E-003
 -0.407024773924142     
  0.436699993827397     
 -0.719421730022120     
  0.267568041165187     
 -0.756631850860121     
  -1.18336758626465     
 -9.162088426703606E-002
 -0.719175450103683     
  0.309603652421222     
 -0.349243370665931     
  0.369738609370760     
  0.307154986413281     
  0.772461594742053     
   1.77812089301662     
  4.548623882514551E-003
 -0.285184728257328     
 -0.126387850099855     
  0.101011157049776     
 -8.068801845793379E-002
  0.300387352915342     
 -0.256927294293732     
 -0.174821866341342     
  0.451815616515155     
 -0.494320755700662     
  8.036193079970666E-002
  0.432354734171364     
 -5.378792022451005E-002
 -0.656139862368828     
 -1.528876848374024E-003
 -0.245651588903845     
  0.425227446755578     
 -0.358191520694380     
  0.824427849218430     
  0.262082061703911     
  2.994665718839218E-002
 -0.226217548524346     
  0.554534978397747     
 -0.131420492469425     
 -0.385174575902961     
 -9.864565421192840E-002
  0.583012669134315     
  8.253659729695327E-002
  3.743393384619031E-003
  0.619262378328599     
 -0.494837948110523     
  0.201852140698530     
 -0.151141902999504     
 -0.651628059953876     
 -2.303917729367491E-002
  0.280781903336502     
 -0.102291059333691     
  0.411828427764668     
  0.287762895154101     
 -7.715281885384272E-002
 -0.119242639389581     
  0.135737574989656     
 -0.226727018287550     
  5.749032943706687E-002
 -0.969987772446624     
  0.320962572531038     
 -0.556983793752279     
  0.123699634166544     
  0.680328806050859     
  -1.51629839854835     
  0.281380172768748     
  0.274797607940084     
  0.474885287840630     
  0.161633269973871     
  0.317620010699554     
  4.357391849857708E-002
  8.038086082749102E-002
  0.514905966990262     
 -0.324567768334553     
 -0.254170633764155     
  0.624189957330230     
  0.277343012281488     
  0.219205683277089     
 -0.384720514676302     
 -1.660106050957351E-002
  0.684275793380046     
  0.884678778685753     
 -0.102298084684700     
 -0.247685005856892     
 -0.420262533462810     
 -7.596984563659914E-002
  -1.25306268433259     
 -9.726210694880916E-002
 -0.110229271513411     
  0.415300983752747     
  0.534102569686552     
 -0.751945484619008     
 -0.316438697409067     
 -0.333331266563565     
  0.778830679897124     
 -0.172905151981392     
  0.100154002925445     
  0.137081672133533     
 -0.406223991970057     
  0.303923888448467     
 -0.104634828930858     
 -1.660552506563976E-002
  0.229760739075615     
   1.16525494906544     
  0.705074281565647     
  0.853797367704621     
  0.356388663457255     
 -0.740408835580437     
 -8.171684780853243E-002
  0.354934919206200     
  0.500214392549835     
 -0.199684684917816     
 -0.211090889739969     
  0.324730735004210     
  0.481016566854023     
 -0.162896962585599     
 -0.300730427182336     
 -3.806917636487404E-004
 -0.640487446882676     
  0.347585559806239     
  0.384340836427323     
 -0.495270775220116     
  0.398519322772282     
  0.188530246561394     
 -0.445877389115824     
  2.591751277199888E-002
  0.800978649229041     
  0.509480504636708     
  0.349938501581481     
 -0.324618639296056     
 -0.523784922821813     
  0.678439863500654     
  0.607616510663758     
  0.121814087050667     
  0.249560353988001     
  0.856246015700281     
  0.459910395000052     
 -0.294032341259953     
 -0.332435512438610     
  0.150742411452028     
  0.352549061997292     
  0.931022979222071     
 -0.210588243340292     
  0.397995124464376     
 -6.163250967412075E-002
 -0.247223238888498     
  5.530663478946499E-003
  9.469612153048139E-002
  0.463785133120368     
  7.540634775099751E-002
  0.193349033181205     
 -0.466760449950583     
  0.482922824103336     
  0.126994278966017     
 -0.386315322170627     
  6.112710298774288E-002
 -0.306306855952170     
  0.150838652151976     
  0.406572510246517     
  0.266947349753813     
  0.232002440242101     
  0.131813440617354     
 -0.120119205986500     
 -6.128244434647836E-002
 -9.431198398399929E-002
  0.539525939396814     
 -0.452555629487655     
  0.256729929465821     
 -3.718044376647978E-002
  0.474891510302636     
 -0.185370388653671     
 -2.106049067481584E-002
 -0.445032240094605     
 -6.101247054934574E-002
  0.404316097817926     
  8.590125861669576E-002
 -0.204399326027419     
 -5.959921410951103E-002
 -0.435397589221314     
  8.354865730539565E-002
  0.272696544498878     
  2.164349858372807E-002
  0.757099442348419     
  0.616693070447492     
  5.682893691331567E-002
 -0.142630309927400     
 -0.338515400069774     
  9.638829455759527E-003
 -0.300542727252392     
  0.145697613675695     
 -0.241859458674604     
 -0.404889765360928     
  0.501146334694357     
  0.492043115290256     
  0.460889863791993     
  0.132283546676766     
  0.123504342390949     
 -0.140096043166826     
 -0.498454461437944     
 -0.230296034067745     
 -4.701401715869336E-002
  7.603077073852885E-002
 -0.489980055112374     
 -9.118434916922008E-002
 -0.375735423782981     
  0.509800732238004     
 -0.244592987718737     
  0.693177092494133     
  -1.45890158516074     
  0.376104726559109     
 -0.598381394834927     
   1.38566991287830     
 -0.211943470442756     
  0.435692290573108     
  -1.20239187824492     
  0.129200418754524     
 -0.212054896890835     
  0.513097132699396     
 -0.789903856253655     
 -0.458750942204246     
 -0.681613832860363     
 -0.625014359857260     
 -0.477083555317721     
  0.803360206097420     
 -0.833529879094643     
 -0.198065526306728     
 -0.296201912846103     
 -0.584848906039561     
  0.237528193212396     
 -0.822324819908875     
  0.491639445944064     
  0.831877299332953     
  0.418533796587259     
  8.164348085477231E-002
 -0.609747044306877     
 -9.138635372705703E-002
 -0.976564738668371     
  0.676594282695154     
  0.163824848943774     
  0.559418211508068     
 -0.168739079186800     
 -0.433837479829260     
  0.408835854028809     
  6.085782681203467E-002
 -0.161115868782839     
  5.308477742272100E-002
 -0.474095643768132     
  0.391989229687018     
  0.619796061258844     
  0.172861483301343     
 -0.371252152242228     
 -1.927436752718650E-002
 -0.381126755072897     
 -0.305194892490069     
  0.357188635484466     
 -0.192704842567104     
  0.407695306284302     
  0.501099684978037     
   1.22358878350242     
 -0.944757736299964     
  0.473294652087536     
  0.462698203510582     
  0.298844073917311     
 -0.681169593459060     
  0.295250856329957     
  0.245499238938694     
  0.111557110107476     
  0.186591757969364     
  1.647349639252697E-002
 -0.196754396032200     
 -0.534053900827010     
 -0.307028187684521     
 -0.133113660407305     
  5.136056591850639E-002
 -0.540362889315078     
 -7.846928060171404E-002
 -0.549817117600539     
 -7.370722478747166E-002
 -0.297531722845434     
  0.163586764091009     
 -0.202957316025587     
 -0.330810404534443     
 -0.506536521695075     
 -0.359181035484441     
  0.613861332782292     
  0.191266535278978     
  6.170718778674009E-002
  0.547428440909568     
 -0.181787778165410     
 -4.012594036163511E-002
 -0.721190913615179     
 -0.388258443265925     
 -0.230988221707332     
  8.503116215791195E-002
  2.979319096564780E-002
  0.234316596868620     
 -3.692589965521982E-002
  3.041237793519333E-002
  0.214875099777703     
 -9.481204000833876E-002
  0.214197821799365     
  0.105901582844359     
 -0.222498643445450     
 -0.565842386186828     
  4.732971093362771E-004
 -3.705190259050169E-002
  0.154474774863693     
 -0.305615843192119     
  0.955825234329312     
 -0.589033939907236     
  0.527731835733106     
  0.113479544061397     
  0.476004038000802     
 -0.179461360098200     
  0.899431960480099     
 -0.562263661362749     
 -0.588502066707264     
  0.568526819895204     
  0.376987387334902     
 -0.256415918724070     
  -1.14593726238944     
 -0.271514451456593     
  0.527815615970481     
 -0.207053586694629     
  -1.22670617129812     
 -0.459915548898124     
  0.470268757349837     
  7.168742667966314E-002
  0.185380344881320     
  0.222950905485907     
  0.128707491098279     
 -0.160120216822078     
 -3.393148331559296E-003
  9.878705360011060E-002
 -0.196018549470762     
 -0.298380864784615     
 -0.533936775397120     
 -0.357392799691169     
  0.539577807822084     
  0.180101464078990     
  0.143211000216962     
  0.585053061602080     
 -0.123125797827029     
 -0.268454606574928     
  0.178333810292942     
  0.275390491146542     
  0.281392172913506     
 -0.146012759858134     
  0.335649367760487     
  2.286634086073378E-002
  0.294769315839088     
  0.367066933510907     
 -0.199709643890341     
 -0.650783563764510     
 
 -7.427371940385621E-002
 -1.992444627300465E-002
 -0.635844817653102     
  0.519825043873900     
 -0.235124219500622     
 -0.293839468671279     
 -0.624610967048046     
  0.335227639008060     
 -0.204997103620713     
 -0.567765998696077     
 -0.246928517980517     
  0.723115603739355     
  0.331526256350718     
  0.652861807318250     
  0.545219162407313     
 -5.784311032255455E-002
 -0.566392430903703     
 -0.443221593690819     
  0.395905277632095     
 -0.171802829480260     
  0.457389532989379     
  0.857453057906413     
 -8.901002767400665E-003
 -1.856464272553121E-002
  0.546813861789902     
  0.825618453152971     
  0.632959740462678     
  0.128808117259075     
 -5.465537869221433E-002
 -0.314329575616333     
 
  -1.26325833199075     
   7.70309542857481     
   3.15800365313345     
   9.12324192207049     
 -0.779004893755941     
  -4.54164841506943     
 -0.951965735939359     
   1.09943860291909     
  -1.39182085395015     
 -0.328102414795561     
   5.97264256074846     
  -3.76145341833059     
  -2.64639182197518     
   14.4713448252402     
  -7.36689358682625     
  -1.09806914222334     
 -0.921299780011635     
  -2.00188647168910     
  -113.671392437114     
   1.74465238391445     
   3.60845989628114     
   1.16287854887281     
  -3.27029371467611     
   5.13988105714333     
   55.9552683804100     
  -1.17631873872704     
 -0.753564183928958     
  -5.25019922960056     
  -3.54794492356485     
 -1.284925196956543E-002
 
 -1.366165487804878E-003
 
  tansig  tansig 
