     33 -    30 -    30 -     1 
rmse=  19.0948meV
  6.020892581309396E-002
  0.212210025794404     
 -0.303777722931005     
 -0.504101757524683     
 -0.537137245494842     
 -0.271286698621831     
 -3.877176296289066E-002
 -1.260166747516800E-002
 -8.239388985112144E-002
 -4.918451517333999E-002
  0.159414821020431     
  0.182733862575960     
 -0.119770286645612     
 -6.395871051122601E-003
  0.154169816354027     
  0.426827427746867     
 -3.483665350510104E-002
  3.524568347672345E-002
  0.116427462792665     
 -0.163774332168842     
 -6.109974691792256E-002
  0.312785704994795     
  0.159790787185803     
  0.147438930750417     
  0.125772991259667     
  6.419168923585201E-002
  7.433997902070302E-002
  0.231051516490563     
  0.185861541523854     
  3.678609648597138E-002
 -0.310421867447440     
  7.272189640839964E-002
 -3.244661063074629E-002
 -1.045130126288145E-002
 -0.446565075060523     
  0.227207015546856     
  0.383091218598442     
 -0.250656546845843     
  0.311986249844967     
  3.174417044442959E-002
  2.973022060532001E-002
 -0.172252924428750     
  7.009117556502842E-002
  0.106347123322981     
  5.279379944296266E-002
  8.473714409390302E-002
 -0.333834097602942     
 -7.640775924862257E-002
 -7.507853133245772E-002
 -4.389094957880871E-002
  0.124075491998114     
 -2.662892768023830E-002
 -9.085969321886603E-002
 -0.251100164704990     
  0.355692873093658     
 -7.349136246891078E-002
  2.087907880591214E-002
 -9.695869693547261E-002
 -0.162860799273105     
 -7.716025303026489E-002
  0.204428252813829     
  0.140145203674535     
 -0.198533620874412     
 -0.148971474264660     
 -3.624227045530647E-002
 -0.197248486233211     
  0.272683399686805     
  9.804314922309675E-002
 -0.244003666415708     
 -0.123058001873887     
  0.319208152129427     
 -0.147576709647118     
 -4.795454890477994E-002
  0.169428073412329     
 -2.076539898745943E-003
 -0.152896831878614     
  0.143445589087183     
 -2.269845480457591E-002
  7.237476911438435E-003
  7.285530450136328E-002
 -0.488971130468665     
  8.864392782576494E-002
 -7.981071148142442E-002
  0.172752186300328     
  0.182902182784748     
  0.158636233421491     
 -0.170175034397031     
 -0.253789106111592     
 -0.123303256835170     
  7.161686276807819E-002
  0.179776396442588     
 -0.425139018076870     
  6.018664780304198E-002
 -0.133113033481599     
  4.539932972681266E-002
 -0.118561721346196     
 -0.221139510255261     
  0.118424265119076     
  0.102422071757640     
  5.367426364965470E-002
 -0.109536396493530     
  0.339621700975330     
 -0.106197052700593     
 -0.325677541829878     
 -8.876328546364130E-003
  5.211705192071245E-002
 -5.289868120073087E-002
 -9.920119550976550E-002
 -9.436247085346351E-002
 -5.462839398319376E-002
  0.232387059043655     
  0.212771419732834     
  2.922962462396162E-002
  0.491940289012159     
 -3.870243828078548E-002
 -7.268060130920181E-002
 -0.281872501607669     
  0.244164330576823     
 -5.000307046108914E-002
 -8.199087272521964E-003
  0.212803790018537     
  1.278408177430386E-002
  8.744691766558060E-002
  0.128982581159395     
  0.169513657186650     
  0.178778312993874     
 -0.248549112286351     
  0.268725215536258     
 -0.248154247023790     
  3.448641368972630E-002
  0.172871123554526     
  4.736955937444721E-002
 -0.129726355434534     
 -5.680258888648307E-002
 -3.836242436889257E-002
 -0.167497047266778     
  0.378414600685729     
  0.333155478489679     
  9.943986210388420E-002
  0.275313931796788     
  0.271560139875687     
 -0.174264841154543     
 -0.132442969969204     
  0.140974576629436     
 -4.216045527282285E-002
 -0.227942080932410     
 -0.196365155010195     
 -3.659884661321127E-002
  0.195161640958269     
  0.303992041341521     
 -0.156022232390617     
  0.264618731760878     
  9.638034756137334E-002
 -0.171406662840831     
 -0.167270502581526     
 -4.072420621065395E-002
 -2.022444505837008E-002
  4.199338209605923E-003
 -0.121021231768415     
 -0.374618605419976     
 -0.260617299060965     
  0.105076710151636     
 -7.955728208702094E-002
  0.137640519141514     
  5.707084025502804E-002
 -0.184107021391129     
  5.229730765002572E-002
 -0.189055270707657     
  6.073667788874908E-004
 -3.626475775238328E-002
 -3.982617168995594E-002
  0.208066425743548     
  0.346309651003793     
  5.635786789189971E-002
 -0.163441722825467     
 -1.793277945393054E-003
 -0.122472280352460     
  0.303325276752362     
  3.289621754519477E-002
 -0.135970304675775     
  4.410613258680694E-002
  0.203789671515306     
 -8.435391328933579E-002
 -0.154083380360538     
  4.892372180358476E-002
  0.159297467951046     
 -0.116542575754696     
  0.167763762162156     
 -0.289372608082214     
 -9.354856419553137E-002
 -0.120145552122769     
  7.771779977803894E-002
 -0.159429109383345     
 -0.354862534202148     
 -0.118932185176511     
 -0.114004049599898     
 -3.677498822411364E-002
  0.114846050588928     
  0.104642398615699     
 -6.855502483329465E-002
  2.060083843392911E-003
 -0.213113155863760     
 -0.334087850019525     
 -3.450569724797488E-002
 -0.113062960841271     
 -0.261988333084140     
  9.464340558340070E-002
 -0.155996811379551     
 -0.150031512463398     
 -7.581506960176099E-002
 -0.113606649090891     
  0.229488755907902     
 -0.203986027002611     
 -3.133873428080584E-002
 -0.136541171196169     
  0.136420420373400     
 -0.206454858610489     
  3.693459169524606E-002
 -0.103614207536169     
  7.276543378754032E-003
 -0.100061519413286     
  0.136482904711036     
  0.103661895672414     
 -0.316175048650458     
 -4.252979722087308E-002
 -0.199079333807575     
  1.803688447652352E-002
  0.264912275341069     
 -0.128041157276712     
 -0.165565289774004     
 -0.196800961128182     
 -1.829371720471741E-002
  3.170951065148885E-002
 -4.045761904134868E-002
  0.167663148503934     
 -0.252764437618203     
  0.111031731339468     
 -2.259833920429137E-002
 -5.621980748140483E-002
 -0.232370558994329     
 -0.247691504746302     
 -0.147120981142016     
  0.128003498767400     
  1.190557929867248E-003
 -0.359984379050124     
 -0.511491614158827     
 -0.130915017296557     
 -8.420026198841590E-002
 -5.991020762110363E-003
  5.377824855812437E-002
 -0.131477395052912     
  8.889699131997207E-002
 -4.127709893188964E-002
 -0.102998305092113     
 -0.113925486921358     
  1.690369886004967E-002
  3.445597653613415E-002
  4.432409811708584E-002
  7.900684831524193E-002
  0.261701821170986     
 -1.819909575636717E-002
 -9.707885311026120E-002
  0.198630707384266     
  0.129707512128411     
  7.082437893745075E-003
 -0.109822503305546     
 -0.254739373872256     
  0.168966255894324     
  0.194971933933177     
 -1.918705754438002E-002
  0.136500930079695     
  0.108425452629717     
  0.199022746221273     
  3.718826640082940E-002
  0.116397503400213     
  0.122379900695433     
 -0.253018583424760     
 -0.144576358684534     
 -0.102107212036348     
 -0.201660893919733     
  0.455986437806144     
  8.939913369976565E-002
  0.194108592769011     
 -0.182797274713716     
  2.473878546055446E-002
 -0.153423065635214     
  0.413421186831697     
 -6.387539091912504E-002
  0.245419415445088     
  3.692869898274272E-002
 -6.901229526276050E-002
 -8.420197789490002E-003
 -0.174025961162356     
 -0.143098796163907     
 -5.622878118852499E-002
 -0.105068475948814     
  0.255245522726633     
  0.316808247689784     
 -0.156948323964506     
 -0.219783499601512     
 -0.152809418704257     
 -0.203773912572108     
 -0.224257664113228     
 -0.245842535166199     
 -0.318320609756170     
 -4.710185811888912E-002
  0.202338850135167     
  0.102271595010305     
  0.131892445014447     
 -0.347655251360253     
  4.922089942353725E-002
  0.461357509324173     
  0.220466993583073     
 -0.193799147017429     
 -4.967684145237784E-002
 -6.149496547164043E-002
  9.339898489711427E-003
 -0.276318972352713     
  2.594176306142568E-002
  0.209399499294752     
  2.444819390211008E-002
 -6.851564521561514E-002
  1.973020173612001E-002
  0.393505002351889     
  0.237324197361182     
 -0.183778857774447     
 -2.963650637815406E-002
 -0.199356017776347     
  1.728229231698566E-002
 -5.260321143095113E-002
 -0.339621639630302     
  9.663351444505835E-002
 -9.793185734853673E-004
 -7.720543064659316E-002
  0.234044372488458     
 -0.139507762688281     
  5.629331948527886E-003
 -0.137118209602609     
  0.244598230198514     
  0.185033419706476     
  7.755900245407327E-003
 -9.423758675553372E-002
  6.468585253631247E-002
 -0.122516172962599     
 -2.376953188761094E-002
 -4.998605199621192E-002
  0.119512790265172     
 -0.207452983924616     
 -9.806987017110518E-002
 -6.782801319319380E-002
  0.286552763028963     
  3.037242773513757E-002
 -0.243505238436042     
  0.137051041093974     
  0.275209327394942     
 -0.141252382978573     
  0.111657384704978     
 -0.154098225018845     
 -0.113869741794752     
  0.283512636819976     
 -0.146444435533366     
 -0.185555328312570     
 -0.114241660988097     
  0.244780301381003     
 -0.363571955210323     
 -0.121112032069577     
 -0.262659159478429     
  1.502495235652264E-002
 -3.425236616250756E-002
 -6.125026450473865E-002
  0.240110345752559     
  0.235282221077778     
 -2.496801896037287E-002
 -0.152691438041936     
 -2.051241241740557E-002
  8.160375906675876E-002
 -1.550609546934597E-002
 -4.199514526550344E-002
  0.134956347924645     
 -0.292243343076636     
 -0.137119702599540     
 -8.181691774840516E-002
  0.327846469375175     
  7.363292731913718E-002
  1.163794272300516E-003
  0.199820912200938     
  0.111823640653294     
 -0.111214471064114     
 -0.186270210596646     
  0.195113191079462     
 -2.113276161335215E-002
  6.653997876015252E-002
 -0.184302828617638     
 -0.135950746593003     
 -0.120750796981864     
  6.739146493648181E-002
  0.175386176490714     
 -6.893991237522645E-002
 -0.276817140764412     
 -0.230189304403555     
  9.675736581195183E-003
 -0.114232859784606     
 -7.312256336223004E-002
  0.183280159209387     
  0.145814465835761     
  7.305392826796532E-002
  0.146985372128639     
  0.282913332230650     
  0.199195479100405     
 -4.394340606998086E-002
  2.261300763084662E-002
  1.008195351335312E-002
  1.553428586509200E-002
 -0.104579133442793     
  4.689001558141326E-002
 -0.267416105000834     
  0.112162704150455     
 -0.208515544726854     
  0.120174430706288     
  8.649519711918173E-003
 -0.310993942559322     
 -0.374315235525750     
 -3.778043827279100E-002
 -0.169014030165757     
  0.168443899915853     
 -8.480208325250455E-002
  0.183381865617150     
  0.171924826426578     
 -0.157314357534167     
 -0.247754279492813     
  9.234514324025010E-002
 -0.158903706111204     
 -0.268961253176274     
  0.285124965837615     
 -3.333307065351697E-002
  0.123239486532928     
 -2.422643909167106E-002
  0.102597669870482     
 -0.138559501350204     
 -9.500464164961103E-002
  4.686263406545422E-002
 -7.674844328901501E-002
  0.296113892834977     
  2.523583909966609E-002
 -9.984514841561098E-002
 -2.497267514809460E-002
 -0.122705714207737     
  0.129912662639464     
  0.145036792040638     
  0.134579306593392     
 -1.505555092989795E-002
  0.221129104323972     
  0.152093920347343     
  0.229044211707439     
 -0.400874708766663     
  0.118803824423186     
 -6.678657464894477E-002
 -1.140703038251522E-002
 -0.235029778738028     
 -0.311015256786733     
 -0.228716938824365     
 -1.544106117682174E-002
  0.159447872103433     
  8.274236708649611E-002
 -0.165503641534046     
  0.128820800575930     
 -0.261728714230546     
  2.588726040443982E-002
 -0.105439548308332     
  0.146901143715033     
 -2.896474225506881E-002
  0.264704776506534     
 -4.308732216196984E-002
 -0.166655476936890     
 -3.754994083035236E-002
  5.533879898474230E-002
  0.165598665836334     
 -1.023700701805507E-002
  0.117782092660884     
 -0.256907924332704     
  0.171060196719446     
 -0.102331680902608     
  2.544122865747880E-003
  7.629197476595577E-002
  0.156684058868290     
 -0.165137817025666     
  0.159913203300521     
  9.035907361038152E-002
 -0.220887983048918     
 -0.167536350848513     
  9.671837538000497E-002
 -0.341800834212780     
 -8.127271794329929E-002
 -5.459872260247770E-002
 -1.005028223139082E-002
 -0.185246380945840     
 -7.748904296428040E-002
 -0.584500521247845     
 -0.425689478676665     
 -0.157765614761401     
 -0.282686573541832     
 -0.271644310417224     
  0.132333174027109     
  7.518648754065677E-003
 -4.401110157601148E-002
  0.204122695256279     
  0.334601138306113     
 -0.365390869385012     
 -9.003277591569682E-002
  8.018296232250408E-003
 -6.776105077477759E-002
  0.145804871189241     
  0.186461294482962     
 -6.172302115452483E-002
  0.202800089300704     
 -0.292960414513522     
 -0.228111508954954     
 -7.051060364829963E-002
 -9.893266887355150E-002
  8.840891606665313E-002
  4.498974712570793E-002
 -0.146517293335814     
  0.376986931804078     
  0.149070759821865     
  0.146326677221335     
  3.962050149277531E-002
 -0.134537365724526     
 -0.136806322432204     
 -0.182862079593814     
 -2.033969708299942E-002
  0.194464327200834     
  0.134454731678476     
  0.167110362384605     
  6.441468381807472E-002
  0.141629740097887     
  0.128224089596301     
 -0.118560412686887     
 -0.253987621763681     
 -1.747867014255410E-002
 -1.047726369646523E-002
  0.435032194948389     
  0.104880466655743     
 -0.108473157469171     
  4.027304263043025E-003
  4.478123892160273E-002
 -0.358824684730070     
  5.471658050958034E-002
 -0.133218345936432     
 -8.697396811677288E-002
  0.213380652856153     
 -0.199015093119054     
  2.194270903726969E-002
 -0.453162404446994     
 -0.245378212620108     
  0.115616312330847     
 -0.105482513363379     
  0.153753568156189     
 -0.119500574593030     
  6.841451976967805E-002
  1.686620697666313E-002
  6.035601199823254E-002
 -4.860467780903091E-002
 -8.469325832917384E-003
  0.375470019354811     
  0.104515213909349     
 -0.245039314684800     
 -0.114559946263631     
  0.189338012800218     
  0.294636764536992     
 -1.654666227422397E-002
  1.536861816080209E-002
 -0.124506684578724     
 -0.182038943571726     
 -0.226890430221349     
  0.204596999805139     
 -0.327439411556931     
  0.316280093386193     
  0.166411327516603     
  1.266600454242816E-002
  0.185127104344013     
  0.125907955228596     
  0.217378028220232     
 -0.206250758582911     
 -0.215318561780618     
  0.141168631836253     
 -9.597971694235881E-003
 -0.295379669610146     
 -0.135846691186787     
 -1.878370991088109E-002
 -0.162599394905399     
 -0.104526701234061     
 -0.308540905896935     
 -4.777106956000843E-002
  0.167838361601150     
 -0.574333798128867     
  9.654142970783598E-002
 -4.958559485627160E-002
 -3.123522502436567E-002
 -7.780052691011302E-002
 -8.779270303871506E-002
 -0.193690510552666     
  3.178304186769879E-002
  2.284619938895980E-002
  2.363720510902864E-002
 -5.044807264585792E-002
  0.118748769015919     
 -9.724948148234203E-003
  7.969781770217585E-002
  3.559007006074358E-002
 -9.199008724890578E-002
 -0.100816803822904     
  0.149653717592037     
  0.183775671694825     
 -0.179101464632636     
  5.986863730908995E-002
 -0.177641952328092     
 -0.118264553088035     
 -0.393179068603989     
  0.241251281652581     
 -0.182144588726066     
  3.039274735261710E-002
 -0.356054413224729     
 -0.108064493427157     
  0.124278855029585     
 -0.164580701768628     
 -9.188855196245417E-002
  0.309901454932089     
  3.344295805871253E-002
 -0.218639949849568     
 -0.204003523817896     
 -0.107112672786634     
  8.570953805951137E-002
  0.117276530287286     
  8.344456954515636E-002
 -6.722548773366213E-002
  4.925429811640308E-002
  0.284921037318885     
  6.656687676342272E-002
  0.147158311045104     
  5.400775602134610E-002
 -0.238180156111385     
  0.288857816597912     
 -1.697251404828437E-002
 -6.316860994715369E-003
  0.340206692710731     
  0.136609661826416     
 -0.149407585754856     
 -0.155166954230129     
  0.148820517971535     
  0.356604947937461     
  0.351103380165997     
 -7.185702417917051E-003
 -0.372525156166516     
 -0.302977634668455     
 -0.230682881333777     
  4.790253828829123E-002
  0.172951307286727     
  5.263038312232145E-002
  0.137443420236787     
 -9.746916473158160E-002
 -2.396069333046864E-002
  0.404613316569730     
  0.308642294651400     
  0.270338317811216     
 -0.153303132868942     
  0.314217538273749     
 -4.382560947467942E-002
  0.106583917579771     
 -0.217409408422087     
  4.523249784532840E-002
  5.956690490049464E-003
 -0.172434424623759     
  0.147739456119050     
  1.656601346662902E-002
  7.220949945920517E-002
  0.195712361238895     
 -0.163119388845127     
  9.522877635505302E-003
 -0.120009628953828     
  7.278261234865936E-002
  0.252424889258147     
 -0.374018397962267     
 -6.596962115291499E-002
 -8.595320851308912E-003
  0.154149218090347     
 -1.382757183671171E-002
 -1.732668858032618E-002
 -0.316221036227462     
 -0.163428767606904     
  0.158263417988462     
  0.230097948016115     
  0.251362520518535     
 -0.187027451036154     
 -0.394466241724922     
  2.009652546856017E-002
  0.262834790261673     
  0.212187774407721     
  1.619151542571109E-002
  7.045180101767373E-002
 -0.208948662818877     
 -0.276042936862966     
  5.225437025769156E-002
  5.233091992278467E-002
  6.865603794047639E-002
  0.203851896956547     
  0.247053452595735     
 -4.121645227534197E-003
 -0.205241815453859     
 -0.450541013694043     
  0.109313992734938     
  0.298091087945514     
 -7.783890547039894E-002
  0.127399971529338     
  0.377293485889769     
 -0.104447994358364     
 -1.363405843207440E-002
 -0.102009486881585     
  0.225910573122272     
  5.078748640797928E-002
  1.511782246578929E-002
  4.898940953512396E-002
 -4.791343941735737E-002
  3.130933379186500E-002
 -6.906939351290221E-002
 -9.194714471845031E-002
 -6.447682012391726E-002
 -0.315494022304616     
 -3.332772921692047E-002
 -2.555623005240999E-002
  0.229072672496372     
 -0.141093599553048     
  0.101726871810449     
 -0.264584181525049     
 -9.325019243137811E-002
 -7.657824357370328E-002
  0.306841183586129     
  0.292334079970821     
  0.547087138156899     
 -4.421511503237742E-002
  0.270302445620367     
  0.256198231526854     
 -2.173626061662811E-002
  5.129157654640242E-003
  9.997560009470609E-002
  0.121712866016205     
  4.089831179430847E-002
  4.239802929529272E-002
  7.276527105196427E-003
 -5.898946762235151E-002
  0.370158612621859     
 -0.223135269817198     
 -7.481979430295282E-002
  7.483965727310953E-004
 -1.298600443257795E-002
  0.150215258826437     
  1.664834062504345E-002
 -4.747339386709079E-002
 -0.183088558034422     
  0.106342467609776     
  0.286123583447084     
  0.180358969635074     
 -0.164460781753404     
 -0.347161089751258     
 -0.178762406440829     
 -0.103389835821466     
 -0.120558839210378     
  0.107041165279559     
  0.315763521335757     
 -5.965716685833367E-002
 -0.194625073603863     
 -3.257616213694928E-002
 -0.106839051594471     
 -3.604579460617666E-002
  0.125311984205271     
 -0.120886142904308     
  1.596107372404192E-002
 -2.708000835932525E-002
 -0.160415346912309     
 -8.660686768766132E-002
 -0.187307534541066     
 -0.237155705576875     
  0.387970452983159     
  0.462796015780549     
 -0.478395368266422     
 -0.116178820087804     
  0.261941892766946     
 -0.101753176648791     
  2.583390923474506E-002
 -0.158563816704582     
  9.937453260468242E-002
 -7.285858577451571E-002
  0.313980462680812     
  0.135348815931228     
 -0.255504792080185     
  2.712582182234357E-002
  8.528100761843566E-002
 -0.161717804494802     
 -0.218303689285929     
 -0.107436399093476     
 -0.126604742248120     
  2.012452514272361E-002
 -3.943617269291272E-002
 -0.233591516976282     
 -6.595632984625456E-002
  7.812742578173248E-002
  5.114832407298067E-002
  9.584384229837707E-002
 -0.214612320709353     
 -3.767073809586128E-003
 -9.266269241721431E-002
 -0.122432682226743     
 -0.232064736711355     
  8.466373781827741E-002
  0.276814700490671     
 -0.255988088862212     
 -7.457334179871070E-002
  0.127343341644518     
 -0.126077702400396     
 -0.153612282220131     
 -0.214622125460210     
 -0.196276386000224     
 -5.924986397590234E-002
  9.831661421966299E-002
 -5.288859739357274E-002
  0.111342308370178     
  0.190325541557637     
 -5.153744272117773E-002
 -0.216574985794165     
 -0.242202126082667     
  0.235196324954853     
 -0.119788441277098     
  0.169609362317808     
 -9.614680969654801E-003
  7.011736494844677E-002
  0.188521095611331     
  0.146609872236738     
  0.321331678142849     
 -0.118908876130811     
  8.471098622756518E-002
 -0.235829509954248     
  0.221300011299282     
 -0.245680497486717     
  3.048703957306377E-002
  0.288185074960171     
 -0.285362173676747     
  0.183447036146789     
 -6.416115127080985E-002
 -4.619267018077610E-003
  0.105601984600126     
 -0.122328817723170     
 -0.407936783122011     
  7.304829140585128E-002
 -0.170819329229473     
 -0.154457827050285     
  5.346347564272816E-002
 -8.392789270977687E-002
  3.479045288231234E-002
 -0.151830716400874     
  0.261101269056230     
  0.158222557506791     
 -9.282516846129948E-002
  0.119895929810617     
  9.182518068333065E-002
  0.265547710349978     
  8.595282349655392E-002
  0.132226906578936     
 -7.419248202174307E-003
  0.258976442392194     
  0.189729323708741     
  0.490099659881471     
  0.239842297439661     
 -7.328955992863234E-002
  0.205766613928174     
  0.236545729386785     
 -0.262439186403826     
 -1.036198207850603E-002
  2.834054480980170E-002
 -0.108342422285609     
 -2.467490140087418E-002
  3.349387394146209E-002
  2.767682233813491E-002
  0.225806178242461     
  0.238626936989695     
  0.107315605030241     
  8.981703417601837E-004
  0.104232950009118     
  9.247021486255655E-002
 -0.280792677225945     
  0.137412976772153     
 -1.292922611213763E-002
 -9.374797298911058E-002
 -0.110101609651538     
 -0.211269673084427     
  0.131059174860643     
  0.382827421375344     
  0.108218537937416     
  0.141929713015365     
  8.653772990125212E-002
  0.230212045496827     
 -0.203231038842520     
 -0.347816938172092     
 -7.557004648456929E-002
 -0.158641752337300     
  1.199973914202041E-003
 -4.426208350898071E-002
 -0.394137699235495     
 -0.290014676280172     
 -4.716037957628842E-002
  8.025679329868533E-002
 -0.156736475829834     
  0.165682906546254     
  9.471569847689816E-002
  0.271275544805833     
  0.249595704247007     
 -0.133364924331613     
 -0.376527270096902     
 -0.133961813555148     
  0.160164939066448     
  5.968797459321414E-002
  7.623306277102267E-002
  2.634355557294784E-003
 -4.786930199137257E-002
 -1.330115535631212E-002
  0.164934343374924     
  8.446586540018167E-002
 -0.113954167698917     
 -6.705409049195823E-002
  7.734807679041902E-002
 -1.389163387466967E-002
 -0.276787468368093     
 -0.256765410822655     
  0.141676615658987     
  0.153011341101370     
  3.691328609310354E-002
 -0.138330060296683     
  0.347255762823430     
 -0.214754265112282     
 -0.387571710377502     
  0.181191305905557     
 -3.117953631108024E-002
 -6.682653914670710E-002
 -0.205537794079387     
  1.791129329732884E-002
 -4.041195183567382E-002
 -6.213656045711765E-002
  1.526508583347919E-002
  0.105513569930313     
  3.133265110991782E-002
  1.251898667025176E-002
  6.032491071325891E-002
 -0.185371891389165     
 -0.134378550380219     
  7.410440800208043E-002
  0.282016674254417     
  0.240750031245800     
 -0.338741315488117     
 -0.252247045577929     
  3.101851973379444E-002
 -9.305290967828221E-002
 -9.927436336345122E-002
  0.147138903020115     
  0.196541128770202     
 -3.010563844376648E-002
 -9.030851235369118E-002
 -4.466383003191780E-002
 -1.413519215261169E-002
  0.205104522190481     
  7.549377291506000E-002
  0.390361815830898     
 -7.221047381995049E-002
 -0.162929509235358     
  2.186575219851116E-002
 -7.460725300139261E-002
 -0.210278817989650     
 -0.230992114160818     
  0.106779349831088     
  0.183483000753353     
 -0.174955620517660     
 -0.133915100962343     
  0.103045350115819     
 -7.695428635149319E-002
 -0.202625970033460     
  0.154105838406896     
 -1.235895493676267E-002
 -3.183333255971101E-002
  1.062153318301851E-002
  3.996779933575099E-002
  0.260198803202184     
  0.181189414858231     
 -1.096539806451019E-002
 
  2.068411250375597E-002
  0.218439197035197     
 -0.178712402286617     
 -4.132896013158105E-003
 -2.257560871767471E-002
  3.978597411581162E-002
  0.224437440495492     
  0.296750371559063     
 -0.143823416066370     
 -9.345768137985100E-002
 -0.246563373361773     
  0.349708416773282     
 -0.322275827529098     
 -1.541422212619110E-002
 -0.273808800630233     
  6.478201488745905E-002
 -2.872433785916632E-002
  3.413013234629091E-002
 -0.113849531296297     
  0.257311168628566     
 -0.157424581592003     
  0.398000828732680     
 -0.242668161891428     
 -0.133732239913086     
  0.259688394358123     
  1.357008570436022E-002
 -4.198339889475623E-002
 -6.837725284027985E-002
 -0.226891763946427     
  0.315969701290507     
 
 -0.110730258838571     
  0.152919686509648     
  0.238177257802854     
 -4.337253857261456E-002
  0.311573321837210     
  0.109252851690698     
 -0.104950822194948     
  0.208198174280826     
 -4.198297629224915E-002
  0.189761252550851     
 -0.150728457328330     
  2.436931086644948E-003
 -0.223050686804100     
 -8.256027897080626E-002
 -3.544495055855711E-002
 -0.175752543661200     
 -0.167506834675297     
  2.971807815716266E-002
  0.148496088672395     
  0.182801764735365     
 -0.346629141185689     
 -0.209586466758187     
 -5.610189418369480E-002
 -0.230719587393557     
  5.013633938885941E-002
 -2.591669235852495E-002
  0.332581536654571     
 -0.172103755416127     
 -0.262072908315547     
  0.139304197986472     
 -0.279236136115960     
  9.583371452688080E-002
 -0.224067015569719     
 -0.202619246660415     
 -0.350317275612413     
 -0.197802344421651     
  0.158128431690398     
  0.194211429253112     
 -0.161798470482402     
  0.107864763759898     
 -0.153293493350421     
 -0.142657095867844     
  0.113704135314155     
  0.316191128702753     
  0.131391049668833     
  0.146796895956285     
 -0.210712532489279     
 -5.156885749485583E-002
 -0.134597193710319     
 -0.117693499234367     
 -0.104387157349590     
 -0.163689727411853     
 -4.938122625479166E-003
  0.189699346173809     
 -2.885750131787095E-003
 -3.281447169274451E-002
  8.121322047100035E-002
  0.216479656251936     
  0.281591162500121     
 -0.117785165762735     
  0.188960769881377     
 -7.397563493954437E-002
 -9.082999867173386E-002
 -1.375136519444357E-002
  1.969861291934016E-003
 -0.178805384574544     
 -0.236890985661574     
  4.566424574046096E-002
  0.103138097697698     
  0.346188898163819     
  3.090573546923220E-002
  0.283447365568894     
 -0.168326405370244     
 -5.714031364719863E-002
  0.142400498602270     
  0.274868912814232     
  1.996080466202078E-002
 -0.264954581787769     
  9.632681352199807E-002
  0.254376385183279     
 -9.735367217754579E-002
  3.268794215551642E-002
  6.150980898568412E-002
  0.391492195131953     
 -0.185138576653449     
 -1.559586719055506E-002
 -6.809150772367087E-002
  6.568991357534387E-002
  1.199677285567484E-002
  0.165307649170115     
  0.139480313190433     
 -0.114477820862048     
 -0.210578193406815     
  0.382619293328804     
  7.387430058199453E-003
 -7.992742082833762E-002
 -0.152755860105879     
 -0.112415261781540     
  0.155739404983013     
 -8.881655816505924E-003
  2.126389182242413E-002
 -0.137997829634687     
 -0.336291281397853     
 -0.107630863769601     
 -0.111984365630272     
  0.126400317844500     
  0.351910717774772     
  0.319260107256982     
 -0.270770344469287     
 -0.182409851713175     
  0.192704498789321     
 -4.867461369357522E-002
 -8.365649319354206E-002
 -7.583053942581683E-002
  0.129023611154995     
  8.836803613444277E-002
 -0.147221753677473     
 -5.162882092626712E-002
 -0.234350871940781     
 -0.170391306280857     
 -0.200689969827500     
 -5.782467922266798E-002
 -0.222799116580253     
  5.660524283164838E-002
 -0.227763387028266     
  0.278241511979317     
 -3.723685081593475E-003
  1.106951384348648E-002
  0.187940866911996     
 -0.114012781690124     
 -0.346945652562925     
  2.046114585674073E-002
 -0.286876759440281     
 -0.153443984587397     
  6.638120109944901E-002
 -4.697646266790990E-002
  0.253309928589749     
 -0.336949215360375     
  0.263021294210686     
  0.116224674349409     
 -9.691018866265132E-003
  0.115360291474801     
  0.173950143991163     
 -0.242673489812265     
 -0.177514322935768     
 -0.154883734087522     
  6.547287909422320E-002
 -3.999151636559632E-002
 -0.181662529169975     
  0.246770401428402     
  0.150890633612220     
 -0.267083922102648     
  5.660504507006407E-002
 -0.243078587803236     
  3.913668066160757E-002
 -2.704858834812416E-002
 -6.016612153989387E-002
 -0.131383729593795     
 -1.523848850878584E-002
  9.573521804593499E-002
 -0.335095342651833     
  0.159728404740702     
  0.176974950839679     
  0.127025219420576     
  0.159961988614822     
  0.337087845214978     
  0.282018284473974     
 -0.115070873271297     
  0.253777815250167     
  0.215925060820033     
  7.419864527569454E-002
 -0.271466852539978     
  0.317081145250821     
  0.392767846249967     
  0.122054839231808     
 -8.152947183340696E-002
  0.106834384111413     
 -0.184969463387134     
 -0.345321787909144     
  0.269073455783778     
 -2.869616749890810E-002
 -0.139441821126592     
  1.006429022640898E-002
 -0.121091078337723     
 -5.189585341601891E-002
  0.215238199080375     
  0.134471326094824     
  0.184453153880984     
 -2.305080718394547E-002
  0.211267832886410     
  2.037723506008203E-002
 -0.179963947081277     
  5.063182665895787E-002
  5.271153599604568E-002
  0.248741590400254     
 -6.902461008530350E-002
 -0.121144282615719     
  7.729554680501256E-003
  9.373848882967460E-002
 -2.340435769822361E-002
 -6.175852347377194E-002
  0.213341594371928     
  0.103172225814805     
 -1.554020140382386E-002
  0.345087923437157     
 -0.224482189664915     
 -0.205156699507422     
 -6.319071571311700E-002
 -0.127951351552716     
  2.730612848906208E-002
 -8.125591767062898E-002
 -4.907102167760499E-003
 -0.146913369013641     
  9.985505781489257E-002
  6.018802574053575E-002
  5.900629144658444E-002
  0.101558212118278     
 -3.881888642410250E-002
 -5.432020082504548E-002
 -0.257848350065271     
  0.237470687370751     
  0.327224049229259     
 -0.351767346863866     
  0.175256286283813     
 -3.266266516413289E-002
  0.233390854768572     
 -0.144428114788690     
 -5.418875462878074E-003
  0.120725627004473     
 -0.374337269470286     
  0.117026294548446     
 -0.122385843709598     
 -5.904517790930944E-002
  6.668735929458390E-002
 -0.146436779448035     
  0.188463914558846     
  0.142600114394639     
  0.315100730968734     
 -0.109179547097617     
 -0.119920616693448     
 -9.373178161193127E-002
 -0.164648850813617     
 -0.124334733415942     
 -9.078898752275663E-002
  2.323697029550692E-002
 -0.122682228084402     
  8.947056567188422E-002
 -0.136368649767185     
 -2.031230877475259E-002
 -7.624876983019009E-002
 -1.322957126337621E-002
 -1.606494552931656E-002
 -0.192503058570834     
  0.166455446197652     
 -4.691326317207418E-002
 -0.242447421552938     
 -0.107662786360879     
  5.809387207487279E-002
  9.117220672605467E-002
  7.796411634568701E-002
  0.106092801526311     
 -0.155470137776240     
 -8.053645948279567E-002
  0.116345846868355     
  0.255394003003862     
  0.282446401282070     
 -0.269154312276803     
  0.232528049087143     
 -0.114914488390111     
 -0.231567842628344     
  0.100974677401132     
 -0.210783581116577     
  0.171669323225271     
  0.120678639160693     
  0.172359480502827     
  7.221833800602712E-002
  0.110890695231633     
  0.374402002105700     
 -0.127908507243621     
 -4.940367055194977E-002
 -0.150825653252322     
  0.116231449478756     
  0.289336313191958     
  0.247296109309067     
  0.157175245093705     
 -0.183693128805789     
  6.644493757180615E-002
  1.260829386183106E-002
  2.174938221052377E-002
  9.659223468046281E-002
  0.130476153492404     
  0.167413108087802     
 -3.169423793600311E-002
  0.136031326569212     
 -7.355475173114649E-002
 -5.358496823920514E-003
 -0.166743484829340     
  0.147956288099880     
  8.653023887599223E-002
  0.190325237690932     
 -0.139484567678305     
 -7.098166319658117E-002
 -0.308914236422926     
  6.836497392816647E-002
 -0.231737082727160     
  4.035630546522030E-002
 -0.163569461517063     
 -0.164213924979568     
 -0.176829273224025     
  0.451882064928692     
  0.398153642345636     
  0.107589735815245     
  5.155358754254239E-002
 -0.325484110137777     
  0.114596766806910     
 -0.132771649028330     
 -1.032640887551031E-002
 -0.277007338464451     
 -0.111425999968227     
  0.123297547606392     
 -6.706200188780231E-002
 -2.769437400979026E-002
  9.557164688824732E-002
 -0.372879910606177     
 -0.393373314323251     
  0.228001896449960     
 -5.663412915609511E-002
 -0.329278697077970     
  6.552851480410869E-002
  9.217525213582409E-002
  6.843848761815420E-002
 -0.238067913082972     
 -0.122741167770205     
  0.143491688062700     
 -0.226834720382991     
 -0.189580488566675     
  0.177319103556780     
  6.674478791329716E-002
  0.123646758840548     
 -3.969548436669176E-002
  0.139138703615650     
  1.595445884033063E-002
 -0.332049814771874     
  0.106306603980115     
  5.698258472379367E-002
 -0.181702399516439     
 -0.161244397338252     
 -0.187960625946758     
 -3.972573204911409E-002
 -0.226070088444427     
 -0.118878372473291     
  1.696015983963919E-003
  7.210162132473583E-002
  0.111634759505505     
 -0.107297066723593     
  0.234670123330106     
  5.870114486932713E-002
 -1.473148344342965E-002
  0.130526647100391     
  0.125739883777528     
  0.112559807173017     
  0.113595953757968     
 -0.116447192820712     
  0.209841416438061     
  9.331339766105437E-002
 -0.221361252077511     
 -0.173890703710159     
 -0.134205779598847     
  8.523428923980761E-002
  0.172484643229739     
 -5.057716536210528E-002
 -5.301853271692345E-002
 -0.151795643395858     
  0.169416605474317     
 -0.209903206948161     
 -9.709801648621581E-002
 -6.758070804684963E-003
 -0.133203612947938     
 -0.119791456069707     
 -0.118950916916125     
 -0.208916034537225     
  0.194579630413495     
 -3.743540109306494E-002
  0.177783412252758     
 -0.116596806245684     
 -8.112094819353508E-002
  0.106671228151900     
  0.160047599596564     
 -1.859390236077881E-002
  7.725085922222405E-002
  0.106328244824600     
 -0.165071486636104     
 -0.196174999792877     
  0.216923868287302     
  0.252004434730111     
  3.798443047247208E-002
 -3.378059236201700E-002
 -8.164689421310420E-002
  9.413994045491882E-002
  0.430603833722198     
 -0.112060904939063     
  0.320456183782914     
  0.307632242568438     
 -0.221881321854459     
  0.123008959740458     
  0.157549870365927     
 -0.180509755498807     
 -6.902111349326857E-002
  5.578342397851382E-002
 -0.132289567969856     
 -0.237866181467269     
  4.070639522901144E-002
 -9.233389156583087E-002
  0.164572246160808     
  6.739938548344847E-002
 -5.928234622641789E-002
 -0.345082716608417     
 -4.372960360929020E-003
  0.550146285601158     
 -0.105964129007478     
 -8.204715846379209E-003
  0.182570317308879     
  0.168456911714859     
 -0.251455042106990     
  0.175987070746981     
  0.127025737282317     
 -2.975830476651817E-002
 -0.143111259249885     
 -5.616444934016206E-002
  6.462291726988371E-002
 -0.110012582682243     
 -0.276959337979728     
 -0.184116860236259     
 -0.218985557207105     
 -0.104566591502614     
 -0.280514784123891     
  2.628146318867483E-002
 -5.953585837528186E-002
  1.305895195716433E-002
  0.118412917254051     
  0.295345177968027     
 -2.560788857838229E-003
  0.161784399163205     
  0.119687590204309     
 -0.250143916373741     
  0.145159781586304     
  5.204089911087444E-002
 -0.304435639726718     
  0.163821404779263     
 -2.530287366854493E-002
 -8.062422704053902E-002
 -6.400023993862812E-002
  7.239279035354072E-002
  0.196685863380096     
 -9.666671015529918E-002
 -1.443883479457333E-002
  7.698281874748028E-002
  0.189961227897181     
 -0.125589367614447     
  5.449876312160874E-002
 -2.106029631015148E-002
  0.281007488845351     
 -0.234170989276488     
  7.059489429779445E-002
 -8.588657621965604E-002
  0.353914928149444     
  6.016468223833619E-002
  0.133550114275898     
  4.553351303230355E-002
  3.701825809794848E-003
  9.823798128822163E-002
 -0.121587157439669     
 -0.245844162624781     
 -0.290665675268708     
  0.113103449691399     
 -0.256408751543254     
 -0.164439431571541     
 -3.083303864555008E-002
  4.503493528992843E-002
 -0.180570075349501     
 -8.856360648613205E-003
 -0.180737635103934     
  0.310058895310429     
  7.061769041290369E-002
 -0.356557020080107     
  0.231936825682300     
 -0.214891124657208     
  0.166686137402813     
  0.122297847644911     
 -0.147099796105223     
  0.120676123683533     
 -0.247814575425733     
 -0.308990698976310     
  0.154808139771447     
 -4.733579562021759E-002
  0.139459700233723     
 -4.984223950087952E-002
 -0.127091791746230     
  9.843702885494413E-002
 -0.113272818439925     
 -9.240944894918597E-002
  8.671221487223016E-002
 -0.189299674135489     
 -0.211566029628652     
 -0.180086617028129     
 -2.744791731140160E-002
 -0.142939882741388     
  5.775986746657399E-002
  0.117726517135319     
  0.165359754755811     
  0.242166894656725     
  3.626619566903940E-002
 -0.100144668782860     
  0.299162891334726     
 -0.111036743268986     
  0.275035299462520     
  3.009821046063154E-002
  0.250146754954378     
  0.127321634332449     
  0.182293324562019     
  0.245169900938536     
  4.029882139247212E-002
  0.413749520303000     
  7.699323601152293E-002
 -0.171682056643592     
  0.167274405244728     
  1.681039873983413E-002
  6.775597840108183E-002
  3.240865544193607E-002
 -0.239720170872501     
  0.142553406458705     
 -0.121487478636186     
  0.119784880055730     
 -1.085989115706716E-002
  3.424544181712638E-003
 -0.157145971950957     
  9.761125469802712E-002
  4.743484435658648E-003
 -2.073214584539395E-002
  0.241101923330879     
 -6.173991793638339E-002
 -0.172061097919996     
  0.271391330278175     
 -3.820465112098177E-002
 -0.240166848408055     
 -0.253475894125276     
  0.367926897871467     
 -6.085545888979223E-002
 -5.504179171746079E-002
  4.831628760707996E-002
 -0.102435348648359     
  7.655967568785380E-002
  8.215442350215163E-002
 -1.583406042642958E-002
 -0.215543183021718     
 -0.126087135242529     
 -0.264542424606388     
  0.267434497583201     
 -0.401430713164569     
  0.324005939038188     
 -0.246121840625586     
 -4.962343914449642E-002
 -0.148552227454627     
  0.153452715820737     
 -6.748110935705744E-003
  0.557837962328554     
  6.677143799639501E-002
  9.693877275047659E-002
  0.136601247159456     
 -3.806439327201155E-002
  0.180209568501497     
  0.346450390519222     
 -0.104699671485577     
  0.219033467496215     
  0.258680944142773     
  7.183229106748638E-002
  5.937507023780016E-002
  3.079306131209169E-002
 -3.549294883359026E-003
 -0.313170877236151     
 -5.081917284208289E-002
 -0.158668854889577     
 -2.780041276371651E-002
 -0.127663371912666     
 -0.267986483779870     
 -0.240847825245766     
 -7.152393741010249E-002
 -5.813602582347170E-002
  0.109892618060739     
 -7.396617569278228E-002
  0.195465022666462     
  1.049077086890090E-002
  0.189146110517691     
  9.082391668867821E-003
  0.213911453045946     
  0.152756625101685     
  0.112797716309804     
  0.160130986827645     
  7.542739593668431E-002
 -2.208635790856422E-003
 -0.197014339222910     
 -0.295936195648378     
  6.838483526238739E-002
  5.712208135877425E-002
  9.023479396175371E-002
  0.171980278750319     
  0.301575107952268     
 -9.647756176946200E-002
  0.168052950048566     
 -0.173205052052934     
  3.277861601108872E-002
 -0.356214874798033     
 -4.732338849015175E-002
 -0.213795197898482     
 -4.281741297698189E-002
 -0.136036637287783     
  0.170528402153256     
  0.289876396080485     
 -7.858944045347449E-002
 -2.738578593842756E-002
  0.264437781434060     
  9.721679216129003E-002
 -5.863495987378332E-002
 -0.123522016271581     
 -0.199897479449110     
  0.309000978714977     
 -0.133239689691127     
  0.340969291555216     
  9.028020440832643E-002
 -9.476605636610445E-002
  4.676751645773558E-002
  4.048015854210201E-002
  3.124316476466240E-003
  0.178832151601350     
 -0.172713793096986     
 -0.130152275557434     
  0.184769697376417     
 -9.487421408424709E-002
  0.328641764916145     
 -6.092316561263503E-002
  5.899798691228327E-002
 -9.236451106694088E-002
  0.161049309643874     
  3.211292613527818E-002
  0.115629546498852     
  4.848982221984281E-002
  2.570573164695608E-002
 -0.169332375207929     
 -0.247573069399574     
  0.191876128976680     
  3.345401523907553E-002
  3.202266875407309E-002
  0.267100688976181     
 -0.127152239203352     
 -0.201605774355218     
 -0.229154126436733     
  0.113461899761398     
  3.989043723680388E-002
  6.584254990002036E-002
  0.162017457825022     
 -0.229441724312925     
 -0.117903981805734     
 -6.627560479689415E-002
  8.553916951812672E-002
  0.233731470081983     
 -0.150361412005560     
 -0.214702159313369     
  0.274994767292152     
  0.269011299482701     
  0.212288844511364     
 -0.148708963683731     
  0.133826335832999     
 -0.283797037532704     
  0.228324025873940     
 -6.142668696898791E-002
  2.125652754651576E-004
 -0.170548996832013     
 -0.210804393832076     
 -0.321722633621350     
  6.049380551132520E-002
  0.239317591576526     
  0.102349203573555     
 -6.011081655717269E-002
 -1.398544550946857E-002
 -0.161018273717574     
  0.155036147881644     
 -1.630429720847030E-002
  3.723058150892507E-002
  3.939317766644385E-002
 -0.296209127064059     
  8.631004439635383E-002
 -6.228751026280584E-002
 -7.309463612214895E-002
  3.241930067499243E-002
 -0.332642602841537     
 -3.162368071550512E-003
 -7.868779269389170E-002
 -3.139954339982591E-002
 -0.244475817859441     
  1.202553332503422E-003
  5.496029873873309E-002
 -0.231895415880209     
  0.179625528808848     
  0.213839331224163     
  0.383132412469624     
 -5.566095857940807E-002
 -0.233907463097808     
  6.195429227496929E-002
 -9.035010528693137E-002
  0.156528915685386     
  1.354055588765581E-002
  0.217643790785614     
  1.890576746744128E-003
  0.110322549859368     
  8.451559995605658E-002
  0.443808644564388     
 -0.270585808332699     
  0.138299938725837     
 -5.716900187488681E-002
  0.163960860361395     
  0.430096982872625     
 -0.244815749720863     
 -4.754654202735680E-002
  1.956539883141223E-002
 -7.523472596033391E-003
 -0.114839703754477     
 -6.903350333552527E-002
  4.808326487949525E-002
  0.168077236686167     
 -7.616928475721957E-002
  0.102545331770721     
  0.290736828037828     
 -1.270643581228777E-002
  0.156655709613285     
  0.186389572949484     
 -5.229961378558368E-002
  7.746008650300082E-002
 -0.251013916506575     
 -0.116812894349241     
  0.159829693187763     
 -0.203625348979151     
 -0.114672696168107     
 -0.345795866947915     
  7.576925196225229E-002
 -0.277709436490063     
 -0.152109462619290     
 -0.213388752526423     
  0.211883266654593     
 -0.145182296621090     
 -0.233676798678545     
  0.123792611060198     
  3.764871527923871E-002
 -0.320169417869670     
  0.195832728539444     
  0.150143444440853     
  0.150373716223218     
 -4.795426143648705E-003
  2.354742047895094E-002
 -4.629448844070828E-002
 -0.186461330357306     
  0.176702484136117     
  0.233124641566854     
 -0.303494459142780     
  7.358915882799650E-003
 -0.343609490621067     
 -0.113943042690540     
 -0.128462809745051     
  1.532919820315375E-002
  0.243266698148194     
 -0.263568908050109     
 -9.158174415935116E-002
 -1.656679766116593E-002
  0.315736286410581     
 -0.133570814783033     
  8.522290158404008E-002
 -0.114389157559202     
 -5.656517498559783E-002
 -5.682163597984696E-002
 -0.108190949889604     
 -0.132121167964541     
  5.031334924014103E-002
 -1.388718501252229E-002
  7.802837417112345E-002
  0.121759616521789     
  8.420029260982517E-002
  0.175290137956400     
 -0.153139100851405     
  0.105907325715856     
  6.801293984684831E-002
  3.001150438669667E-002
  2.192229562250810E-002
  2.440008109405624E-002
 -6.102525288123715E-002
 -5.425219329275733E-002
 -0.231522034325026     
  0.308728120898001     
  4.457203192065551E-002
 -0.391745446296511     
 -0.188577170020738     
  0.190174865544931     
 -3.968559785984908E-002
  6.050374780146973E-002
 -0.206149327705403     
 -0.185799881774124     
 -0.102389636591407     
  0.263074761035592     
 -0.142867464612828     
 -0.182061645097327     
  7.204607173694960E-002
 -0.169534723097024     
 -5.980482708016766E-003
  0.157301816054467     
 -0.111315773491061     
  6.202629892474244E-002
 -0.281767929596892     
 -3.193673791513926E-002
 -3.763472986434707E-003
 -7.237221022295034E-003
 -0.214724182339138     
 -0.259340992574110     
 -0.308983688507806     
 -1.524383786035383E-002
  2.181418292338268E-002
 -0.305855932101320     
  0.110190852496153     
  9.006900819586384E-002
 -0.110784814875474     
 -0.212211054595704     
  0.202054408790605     
  7.482024607926922E-002
  6.688731146954066E-002
  0.209337431710817     
  9.952636701788582E-002
  0.176136758503166     
  4.553688547621734E-002
 -0.108624537400067     
  0.308213629361812     
  0.185071782315689     
  9.290209834128024E-002
  0.140593450831964     
 -0.314694246068150     
  0.161544475288148     
  0.205740442149408     
 -0.211148475727481     
  0.148051976085306     
 -5.959958943579440E-002
 -0.106213336517509     
  0.224224176079306     
  0.212918795556129     
 -0.409657844261507     
  1.599220724892133E-003
  0.124716195506054     
 -9.774819903301658E-002
 -2.644381462846776E-004
  0.210178201422899     
  1.462675785968810E-002
 -0.163910251339971     
  4.924718632648383E-002
 -0.140682983322688     
 -0.469653784213356     
  0.226112992331432     
 -2.071611558403291E-003
  0.365120199385407     
 -0.163295145682352     
 -0.224893169535212     
 -4.706095073142348E-002
  3.692629843498604E-002
  0.411264818720209     
 -0.119758832329788     
  8.401692256590192E-002
  9.625445511989507E-002
  1.174443919600659E-002
 -0.256116179708462     
  4.065351232845529E-002
 -0.413037058965435     
 -0.454510181186193     
  0.114949431934703     
 -0.135900296487137     
 -6.435439414834404E-002
 -5.269104068813031E-002
 -9.216219116618731E-003
  0.228749642286056     
  3.068352736917633E-002
 -0.135555942872633     
 -0.360087041345366     
  2.885180234953316E-002
  0.157553760258156     
 -3.065801745357639E-002
 -0.100726096959796     
  1.325017639136251E-002
  5.583532645549302E-002
 -8.228133150954806E-002
  0.214328014576367     
 -7.057834405997751E-002
  0.109747595634115     
 -0.449829442519258     
  0.307749987688183     
 -8.222815708822898E-002
  0.117301294947427     
 -0.122535814950506     
 
  0.100611509420826     
  0.186031018006294     
  9.808518547685297E-002
 -1.961009360412118E-002
  5.889394463325083E-002
 -0.189096240982058     
  0.166474680008252     
  0.162554843104149     
  2.834795640514811E-002
 -0.161900663480682     
 -0.111119079303298     
  9.835149033872900E-002
 -6.011308923888286E-002
 -6.301971269300639E-003
  0.118160022740059     
  0.163508278736970     
 -7.075787032793442E-004
  6.992773409175182E-002
  0.311886289615108     
 -8.199469511755772E-002
 -0.200073042323697     
  0.165009088850936     
 -9.524519758459961E-002
  0.102794378931251     
 -0.254765881325042     
 -1.142016230863120E-002
 -0.107733923017264     
  0.133438911825128     
  0.257894680057074     
  2.834335810276473E-002
 
  -4.71290847361074     
  -6.15761824349215     
  -3.77996607524300     
   5.85077598130331     
   4.31541126941102     
  -3.21279986870110     
  -3.81051851076513     
  -3.12324455664174     
   1.03547497697371     
  -1.12918330668076     
  -5.36904854300958     
 -0.865340877546368     
  -1.83068723365076     
   5.76458618888101     
  -3.37277025121557     
  -3.34594136503149     
   9.10836323940347     
  -3.94414790524736     
   2.20612289400268     
  -8.72480759381604     
   6.26738531669848     
   1.29575710071734     
  0.427614516441311     
   10.7641995346114     
   6.49259028720232     
  -3.84930349539931     
 -0.271985268889583     
  -1.32766969343405     
  -3.56797674158988     
   4.59091053585687     
 
 -1.366165487804878E-003
 
  tansig  tansig 
