     33 -    30 -    30 -     1 
rmse=  13.1054meV
  0.205461374808460     
 -0.653633324886030     
 -0.372509481325553     
  0.755875241486491     
  0.700428683927403     
 -0.305211573705812     
  0.130079779948315     
  0.355037322322687     
  0.253259109402196     
 -0.284244064682612     
  0.550650199759752     
  0.312114911788086     
 -0.123283418931386     
  7.472377158926372E-002
  0.114641956865444     
 -0.488845908405532     
   1.18205169309884     
 -0.405682286430870     
 -3.494561856461498E-002
  0.390581147910083     
 -0.475460629990488     
 -0.144892529300203     
  0.225250209763198     
 -0.232057585815818     
  0.368455728594910     
 -0.188734603112740     
  0.524255382650603     
 -0.310855326215905     
  0.307984160302725     
 -0.348670865136189     
 -0.444680963480915     
  0.239470014882352     
  4.990473942210626E-002
  1.828054534956243E-002
  0.927640234958122     
  -1.18363279153397     
   1.53191196320685     
 -0.179244201154496     
   1.17233400701518     
 -0.178258623453181     
  6.006279491136792E-002
  0.226849880726923     
 -0.628486115392500     
  3.108007355686745E-002
 -0.434175000303234     
 -0.296155603683337     
 -0.855133740545883     
  9.307279275702646E-002
 -0.250557483601713     
 -0.224278258036567     
  0.277196923604875     
 -0.768674046626143     
  0.629397852244808     
 -4.288948062500932E-002
  -1.18793354699340     
 -1.137541732887810E-002
  9.570215240380013E-002
  0.150352291314044     
 -0.143033024949877     
 -0.586004359966949     
  9.807698857797957E-002
 -0.170699135883410     
  0.718444104013432     
 -1.725632612521880E-002
  0.350101870626062     
  0.805129009699233     
 -0.177236144001094     
  0.287447747592050     
  0.239284559744772     
 -0.332674062353617     
 -0.710848325493715     
 -0.729502801916311     
 -0.516513356670651     
  9.868249598582442E-002
  2.442018129129951E-002
  0.525528780452053     
 -0.356314165360865     
  0.166476025286683     
  0.310938659194787     
  0.513436286424112     
 -0.722673355274785     
  0.579842965818437     
  0.635899148377474     
 -0.293234342102357     
 -3.648119658402375E-002
 -0.169613838337421     
  9.502024009500712E-002
  0.695506873485787     
 -8.670666681109269E-002
 -0.167535750300583     
  0.347456841756830     
  0.193354005195613     
  9.061932102958825E-002
 -3.463971533580220E-002
  0.407910586975490     
 -0.555814211688739     
 -0.515875943667113     
 -0.401814608296385     
 -0.203192533215906     
 -0.548211466724453     
  0.247685591296068     
  0.214598873585067     
 -0.916446303946804     
 -0.546124315349974     
  0.145381785864061     
 -0.423152847469553     
  0.139753863851607     
 -5.598792038497725E-002
  7.177324083378671E-002
 -0.260939889998364     
 -0.116106039619685     
  0.550652675031794     
 -0.427901759171343     
 -7.123168425871228E-002
  0.357507858385671     
 -9.817883595554457E-002
 -0.143411098540533     
  0.523857532886954     
 -0.441941987398132     
  0.924058022290986     
 -0.617090734618520     
  0.116167002864321     
  0.575473865307731     
  0.154330976563252     
  0.100134137268226     
 -0.774308158917815     
  0.371635056731472     
 -0.198152106684605     
  0.111699337575773     
  0.187095409574016     
 -0.462884927575186     
  0.624815215191076     
 -0.378941221935968     
   1.18920501312638     
  0.252499472793872     
  0.103507330725564     
 -6.223473596637395E-002
 -0.817539793965479     
 -0.277172933965696     
  0.631825349117765     
 -0.270584155397998     
  0.352089449732107     
  0.104166120651668     
 -0.673614006178891     
 -0.242624642632638     
  0.630315975455448     
 -0.617769306050802     
  0.985549957102746     
 -0.298851059998957     
  0.561604383571237     
  0.117539346062639     
 -0.434311326099852     
  0.474022414721913     
  0.629262612838938     
 -0.173250746498673     
  0.287146284316834     
 -0.376410098128310     
 -0.272937370430968     
  0.202033216716284     
 -0.631082385943479     
 -9.437074883342872E-002
 -0.409347007190953     
 -0.138307281540845     
 -0.619857630060744     
 -0.240294436523556     
  0.533848549009442     
 -0.389717519197898     
 -0.132314415595664     
  5.286585031097463E-002
 -5.195565083512049E-002
  0.147037046553719     
 -0.198029829084196     
  0.107820725677391     
  0.250407704039598     
 -0.156230068752796     
  0.179143890245851     
 -4.532355560750416E-002
 -0.490732101473037     
  0.164299792969136     
  0.126024134832320     
 -0.171255203413293     
  0.438546096126678     
 -5.408244475415279E-002
 -9.165566149532739E-002
  5.518785289847349E-002
  9.857497115614916E-002
 -0.218850663805474     
  0.294109619977636     
  4.308934329350391E-003
  0.418994771838235     
 -9.882593255430308E-002
  0.496146721098886     
 -0.508042522710557     
  0.666859630801266     
 -0.320888709049076     
 -0.273344190951900     
  8.736942567398719E-002
  8.056400454457199E-002
  0.286637734185656     
 -0.753198408608308     
  6.865818209398862E-002
 -0.806295598879545     
 -0.309737308359057     
  0.300052243329953     
  4.119349328219142E-002
 -0.460521272886693     
  5.126658578448112E-002
 -3.206570603077284E-002
 -0.156031068340398     
 -0.338670852362150     
  0.209873917423486     
  0.160628542078914     
  0.578113297402861     
 -0.283892195264319     
  0.729605210577872     
  0.301685389511965     
 -5.395742716509216E-002
 -0.150304009152707     
  0.366386617080775     
 -0.143872117207770     
 -0.119681658386840     
  0.208024335679097     
 -0.102703313169471     
 -4.290524784132522E-002
 -2.495689285001367E-002
 -0.638793635609669     
  0.766197624451187     
 -8.509398610776564E-002
 -0.154657111804526     
 -7.660000112976069E-002
  0.185068874202465     
  0.553821380290915     
 -0.572104479578012     
 -0.554298937165003     
 -0.438730761352505     
  3.660060956339020E-002
  0.344822490557590     
 -4.624808618630415E-002
  0.466608549361878     
  7.813122237235733E-002
  0.230495593308024     
 -0.162021403090305     
 -0.218449267525110     
  8.904895707102779E-003
 -0.685118398471047     
 -0.131437127477326     
  0.328592136475476     
  0.872541588508899     
  0.177672392810080     
  1.414377848895446E-002
 -0.357859359634714     
 -2.624329579542458E-002
  0.194620911008861     
  0.712849954753388     
  0.568421457848196     
  0.884708952698113     
 -0.380512983739728     
  1.325001935382616E-002
 -0.800040566995233     
  0.219994385902989     
 -0.474108052910666     
 -0.207314933378290     
  0.277838953720959     
 -0.147228983728108     
 -0.172920103490156     
  6.436650785862234E-002
  0.137502089129468     
 -0.501657521965050     
  4.021636368219549E-002
  0.247242306738544     
 -0.107015471184302     
 -8.206093387335688E-002
  8.660811322328957E-002
  8.601575092123546E-002
  7.011795486054968E-002
 -0.524478933480962     
  0.104003141673368     
 -0.387413381776765     
  0.427519614405958     
 -9.859802795357607E-002
 -0.116326288650320     
  0.259866338127853     
 -0.230811331665005     
 -8.340307584060792E-002
  2.812078005765283E-002
  0.293718442788789     
  4.952123126477290E-002
 -6.007607902085474E-002
  0.572769417013408     
 -0.163218554920887     
 -0.129237864967129     
  0.263543101044434     
 -0.304623397893073     
  0.330602873072740     
 -0.100084046788280     
  3.835555890783820E-003
 -0.278911097908310     
 -0.527150608454259     
   1.00871815626213     
  0.324804893053558     
  0.191709322544739     
  0.343810544004285     
  0.334385176153544     
  0.297622442531792     
  0.179317997536612     
  0.164904866218332     
 -0.178225185551083     
  0.614462717807658     
  0.165272048681334     
 -0.615037803536270     
  0.312331251763001     
  0.419501218440157     
 -0.552823696603183     
  0.105293143665183     
 -2.476757153896081E-002
 -4.053304722056404E-002
  0.308340833516603     
 -0.586538342176351     
  0.263127064173097     
 -0.532306403411394     
 -0.207388788431703     
 -0.380566737793322     
 -5.786126188708686E-002
  0.584852675143112     
 -6.405499090745803E-002
 -0.419459110489935     
 -7.920603406527001E-003
  0.178082038309947     
  0.169672591376211     
 -0.323242091298998     
 -0.835999008959484     
  -1.52826102963877     
 -0.784191615918063     
 -0.393494009964025     
  0.868564094560817     
 -8.305350084816995E-002
 -0.529169089052252     
  -1.47263137975706     
  5.021508907984491E-002
  -2.46778214634179     
 -0.590997375434930     
   1.00187220037013     
  -1.13772750385043     
  -1.21608830314757     
  0.671521804226794     
  0.677765797350077     
  0.599559456646404     
   1.02093150029605     
  0.316248374136343     
   2.15802061906156     
 -0.204935842810690     
  0.155108169533965     
  -1.38343911731578     
 -0.556412338111158     
 -0.299082762226688     
   2.84534330675553     
  0.787381877028184     
  0.537940961132516     
 -3.915649148698839E-002
 -0.322862713170256     
  0.554561845315692     
   1.73398744708135     
  -1.46453910594108     
  0.491908583321536     
 -0.557166675292394     
  0.191522357162602     
  0.152785777019175     
  0.714302105133063     
  0.324755999271758     
 -0.772323349775145     
 -0.241004922909943     
 -0.257368565065641     
  0.167009574364502     
 -0.387397931243014     
   1.37986283881570     
 -5.000730199741819E-002
 -0.196474306569206     
 -0.158642037650255     
 -0.231413590895697     
  0.175986216536693     
 -0.282255020681082     
  0.424428167523065     
  0.115490732490987     
 -0.439323500939521     
  7.694030171290979E-002
  0.297628687911132     
 -0.312916812121079     
  0.247867675123335     
 -0.179684599677213     
 -2.536825907462511E-002
  0.557337323673199     
 -0.293673272493157     
  8.950648884242532E-002
 -7.891610330900123E-002
  1.374299872137706E-002
  0.148619447622943     
 -0.437691475601486     
  0.663665054564514     
  0.468180351265192     
 -0.511025322084039     
 -0.715585829005207     
 -8.113639885430421E-002
  0.201535238911688     
 -0.103246907104419     
  0.219172630655667     
  5.057131758941583E-002
 -0.533751845942152     
  0.628576401084967     
 -0.924299351871304     
  0.320968407148125     
  0.406638096866056     
  0.190696429116552     
 -0.549293007909757     
 -0.380504401308256     
 -3.580777175682860E-002
  0.179969402690028     
 -5.052496519756529E-004
  2.177083084467401E-002
  0.430303987519619     
 -0.322171892492505     
  0.290648322796490     
  0.116552591709835     
 -0.312026095858744     
  0.256823191968350     
  0.189584464887558     
 -0.148584679978092     
 -0.432057819601468     
  0.190618624840726     
  3.748859952774583E-002
  0.746682804237202     
 -0.418220549898531     
  0.445736296908372     
 -0.488938996522735     
  0.441290696077737     
  0.149930694727223     
  9.723893927525279E-002
 -0.112453434899456     
 -0.145961095222124     
 -5.071288346273333E-002
 -0.143211607092160     
 -0.162689370446657     
 -0.612765774423013     
  0.718440987588042     
 -0.744416082561624     
  0.127250518794124     
  0.969615413731643     
  0.223597403733228     
 -0.201434829023222     
  6.052714334344580E-002
 -8.224456900605373E-003
 -0.271220385938987     
  0.850019858310922     
 -0.326571934425467     
  0.353285434444970     
 -0.118003900535722     
 -0.418483631527970     
  0.118311257289871     
 -0.412091763250475     
  0.448332746478581     
 -0.629535976441554     
  0.222736561481751     
  0.253075259899138     
  9.597791517498598E-002
 -0.466995397307500     
  0.166901320271058     
  0.417325367601632     
 -0.131930024912701     
  0.330386224522172     
 -0.137240865872499     
 -0.218269651954989     
  0.583010508684785     
  0.220570079723752     
 -2.909629318680345E-002
 -9.388497653450806E-002
  0.605772838195173     
  -1.21867218860058     
  0.432467494919906     
  0.572861009504345     
  -1.00837219633794     
  0.433225317767171     
 -0.915590323737324     
  0.288539564032341     
  6.632380004144310E-002
  5.111166103580850E-002
  0.218670270923197     
  0.228739231084582     
  0.242932224189322     
 -9.317226726523718E-002
 -0.739418138152461     
  0.399365872651442     
 -0.148198028062887     
 -0.268452707935517     
  0.902339496541012     
 -0.552664141387178     
 -1.644117644249315E-002
  0.660430350241947     
 -0.805466219083758     
 -8.073262933384094E-002
  0.139273747014397     
  0.132332599749073     
 -0.179530706221991     
  0.269890248406881     
 -0.242143288041892     
 -0.283177002870714     
  0.134348832206595     
 -0.425345384223095     
  0.265320947979930     
 -0.489865884853745     
  0.501884296729329     
 -0.442187866318145     
  0.306267375255165     
 -0.403502265543278     
 -8.412432483711790E-002
  0.516231231964119     
 -0.289223973642530     
  0.119819210609353     
  7.429263134358195E-002
  0.135225317764713     
 -0.210667361481549     
  0.114808062810127     
  6.903644837362037E-002
 -0.444716321541870     
  0.308839063816218     
 -0.258246929099610     
  0.319629859718449     
 -0.153628104857543     
  4.514767317227464E-002
  4.050120747936448E-002
 -0.644137976133565     
  0.639198843689283     
 -0.164864501445257     
   1.13445566422782     
  0.673248824158068     
 -0.421037256732512     
 -0.301689141197382     
  0.319424946061298     
 -0.168276156886048     
 -0.362390010157997     
  0.526960148914820     
  0.571578629207040     
 -0.598028179068298     
  0.252760039066638     
 -7.385447436107122E-002
  1.925036446949768E-002
 -0.338575261260747     
  4.185565314363272E-002
  3.402431180133415E-002
  0.220261998645834     
  0.140841299898410     
 -0.727736898566703     
 -0.240277516640028     
  0.225185684077214     
 -0.884162368265137     
  0.204953282200554     
 -0.115904413072881     
 -9.570595593380254E-003
 -2.834883205824624E-002
  0.289966801568843     
 -0.239178024351816     
 -6.227714572619662E-002
  0.364343205568130     
  0.258824283868966     
  0.215977638693627     
  0.155581488341239     
  0.660896608837600     
 -0.179000498156862     
  0.335858764419778     
 -0.270254873122297     
  0.607144103756416     
  0.195928008335070     
  0.351319883940951     
 -0.771439466609752     
 -0.796478170509943     
  0.114125054074201     
 -0.313480018139509     
  0.405738229303516     
 -0.423317168715070     
 -0.251920298559538     
  0.173797425005667     
 -0.123926647232175     
 -0.125402295711720     
 -4.008003577117398E-003
  0.338349680801772     
  8.990967060507157E-002
 -0.145635646788245     
  7.701398938883126E-002
  2.980117291382526E-002
  0.385506060455612     
 -0.233676815504647     
 -0.419923135814377     
 -0.228436355371165     
  0.309310451485698     
 -0.112330918358874     
 -9.945712127149595E-002
  0.423632669679605     
 -0.607588599208018     
 -5.787175284933489E-003
 -0.839470198477218     
 -0.339559730569916     
 -0.541448283413838     
  0.189136598886487     
  0.685041894957387     
  0.321034320585510     
 -0.618937712332541     
   1.03851360650568     
 -0.109921330279909     
  0.200293792902107     
  0.286788303888172     
 -8.869592606746630E-002
 -0.108204875935074     
  0.709289715919256     
 -6.814577620402479E-002
 -0.401676224221347     
  0.666603113549678     
  -1.43437482133419     
  0.440216121879205     
  0.265676861840559     
 -0.732329160557234     
   1.08406480513978     
 -5.099930722378267E-002
 -0.399326740768392     
  0.322860994585817     
 -0.152543212828501     
 -0.593987582099784     
  0.586321525510359     
  0.177530284223795     
  0.129816432588591     
 -0.544378160311037     
  0.491141444876884     
 -0.139227101546266     
  0.599399592607354     
 -0.157193269100182     
 -0.481432014286489     
 -0.194855486429164     
  0.475167186630819     
 -5.526361276891387E-002
 -0.260991046686212     
  0.107853654257862     
  0.165235825968325     
 -2.690858351787192E-002
 -6.796962622980915E-002
 -0.183134986657379     
  0.389723381668069     
 -0.154560404859333     
 -0.715200406687440     
  0.470190672124906     
  1.819011328908263E-002
  5.145419007594855E-002
 -0.172632149010234     
  5.301022727818567E-002
 -0.227157108549999     
  0.125184481965381     
 -0.114501945334513     
  0.629948249633871     
 -6.115617818388690E-002
  0.416058429764109     
 -0.434696863168402     
 -0.104836257507416     
  0.275552875114082     
  1.361761469544758E-002
 -0.458094819499708     
  0.501918733002554     
 -0.658273357259456     
 -0.896035803987612     
  0.772339345528540     
  0.454588162614822     
 -8.372779647091903E-002
 -4.800821622321634E-002
 -0.288939043943193     
  3.966877303319789E-002
  4.819235424402572E-003
  0.128107618712447     
 -0.448747177981574     
 -0.199454261164406     
 -2.083832776032690E-002
 -8.101341136499879E-002
 -0.479962958982780     
  0.231313720338525     
 -8.918161907643565E-002
  1.377722486612599E-002
  1.525425654688679E-002
 -3.496567932202007E-002
  0.362345358859446     
  0.830129459568809     
 -5.306105508396947E-002
 -6.649706058643499E-002
  0.161698496147843     
  8.781454000808049E-002
 -0.204522452354426     
 -0.212447025564691     
  0.203523872193103     
  0.141736445828294     
 -0.185313131883384     
  9.194285641842662E-002
  3.491996901672205E-002
  0.153932689892992     
  2.625916727648911E-002
 -0.451082339490283     
  0.558341649520199     
 -0.370571810168667     
 -0.250576227145386     
 -9.783890257519322E-002
  0.129611133094998     
  0.132379315769520     
 -0.137563534201374     
  0.650024991879700     
  0.110067023130857     
  1.180678439502621E-002
 -0.259728391402383     
  0.476702054219546     
  0.495306107695873     
 -0.175976955314840     
 -0.201152393560790     
  1.404695797913551E-002
  0.461837215011691     
 -0.347831305475089     
  6.821802012866870E-002
  0.471702453788603     
 -0.144060701816443     
  0.159562403807545     
 -0.226522034459922     
  0.139258324784352     
  2.771482227453158E-002
 -0.202253553474589     
  1.817829556841308E-003
 -0.265647366271174     
 -0.404917735590935     
  0.571360849203959     
  1.194717589382317E-002
 -0.320044122732301     
  0.124084854674066     
 -6.076533565699115E-002
  8.026736299683673E-002
 -0.117887964672653     
  0.198965664762666     
 -5.008371562346159E-003
 -0.442357780036581     
 -3.341409013664473E-002
  0.348488039671404     
 -0.274671532799521     
 -0.178880469448380     
  0.265604528507391     
 -0.284887046998576     
  2.806254628399803E-002
  0.190947838621026     
 -0.186631089869849     
  0.414387040116415     
 -0.357632280864425     
  0.220150559224131     
 -0.313358605457652     
  1.621159980048149E-002
  1.481060458198881E-002
  0.338035876832349     
 -0.457908117116287     
  0.331820391051767     
 -7.613789582618931E-002
  0.589251964948418     
 -0.239020191723254     
  0.404120436337240     
 -0.285834633618579     
  0.152958663713131     
 -4.765313026396589E-002
 -0.236750449028695     
 -1.017174674035831E-002
  0.803520983201273     
 -0.371068981689989     
 -8.275602241020505E-002
  0.118185821097438     
  0.174829793742410     
 -4.054284971115463E-002
 -0.251397671725744     
  0.179530124958624     
  1.367214373793786E-002
 -5.547081946238102E-002
 -0.228969515245979     
 -0.195357148333830     
  0.706547270734144     
  7.413930010217537E-003
 -0.272275301201373     
 -0.316366946111307     
  0.439729403304426     
  0.113343260440887     
 -0.477794731766000     
  0.292274771673588     
 -0.146400225659507     
 -0.121366028169924     
 -3.009932826566838E-002
 -0.358153805623572     
 -4.323113711841908E-002
  0.465458325291257     
  6.368784559356153E-002
 -0.196004271351938     
  0.601107027938750     
 -0.634597948722144     
   1.03958840626210     
  0.314932004024510     
  0.112477113620699     
 -0.575267455169877     
  0.366640301220097     
  0.201541370880054     
  0.195227578446409     
  7.672411119501309E-002
 -0.299571040694009     
 -0.149489338935249     
   1.02735340298988     
 -0.346397623174555     
 -0.590214597137351     
  0.475189406580229     
 -0.466103543166191     
 -0.242013472704524     
  0.299503717014816     
 -0.183306760696092     
  0.297307511856290     
  2.274034372932625E-002
 -0.741664635552601     
  0.406376579318694     
  0.453127246671614     
 -0.114537846917820     
  4.114539917701669E-002
  0.200020607936247     
 -0.348554585011622     
 -6.461825951277656E-003
 -0.105373914223767     
 -4.057643870930968E-002
  2.955337595097474E-002
  0.104388915348654     
  0.181256090351528     
  0.341022204189112     
 -0.514624970420502     
 -6.845733014266828E-002
  0.385775818666613     
 -0.712066691210971     
  7.306604079333782E-002
 -0.112530941571910     
 -9.153778857967915E-002
  0.350057537666658     
 -0.234132584846601     
 -0.233087252416948     
  0.353936110075856     
 -0.410394472777660     
  0.464212152908122     
 -0.701570997979136     
  0.348092394502276     
 -0.519355024955149     
  0.152367051796707     
  3.980829923930233E-002
 -6.744476456554642E-003
 -0.217963212985510     
  2.548137644301837E-002
 -0.235566476630433     
  0.115436880851446     
 -0.409683746646390     
 -3.131148004187113E-002
  0.163919644578205     
  4.914429077094707E-002
  0.255730821311338     
 -0.158991686222414     
 -0.100853876944396     
 -0.413189320167592     
 -0.365596921238071     
  0.138891382968071     
  2.516715920244081E-002
  0.639209851258769     
  2.848226324758247E-002
 -3.844026048729388E-002
 -0.313711582981385     
 -3.791384919838901E-002
  0.170499064969127     
  9.476148055993271E-002
  0.538825835035651     
  0.135407997705604     
 -1.534272049423259E-002
  0.265023553473243     
 -0.232553393614041     
 -0.274717695983735     
  0.721466396733702     
 -0.336535262081310     
 -0.192367130617902     
  0.309784592049683     
  0.149818345376693     
 -0.441276729330093     
 -6.073663149045193E-002
  9.462496425991475E-002
 -4.213276321335344E-002
  0.313856689526463     
 -0.339670952287842     
 -0.128553797845767     
  0.534397829577925     
  0.422919859299697     
 -0.480581788127137     
 -1.923478276064209E-002
 -0.144960770870166     
  0.212323140724214     
  0.931979275033227     
 -9.713141959490550E-002
  0.184895412718796     
 -0.375248021755523     
  0.673060461950706     
  0.685287358507941     
  0.224401730142227     
 -0.221069191777474     
  4.538604302060145E-002
 -0.247388987737125     
 -4.556890033265526E-003
 -0.158515532558415     
 -0.290310941082343     
  0.100434317871805     
  0.286350019403629     
 -0.228566669193307     
  0.225949442797153     
  0.185495934614665     
 -6.468638801130219E-003
 -0.516661922388059     
  0.535146802720941     
 -0.552592115934517     
 -0.458987475790350     
  0.246855993513712     
 -6.250244672156618E-002
 -0.336079658188096     
  2.219603012484961E-002
 -0.302885273098812     
 -0.503927404078584     
  0.185171918431216     
  0.645735310747465     
 -1.799579508507600E-002
  3.454573509919043E-002
 -0.594093261883627     
 -9.101567819323875E-002
  0.692175063922908     
  0.464502946389971     
 -0.451152323982281     
 -0.386215981097980     
 -0.610493975719275     
 -8.521054021820684E-002
  0.161707598717661     
  4.361085885747859E-002
 -0.382842982019783     
  0.457476127766911     
  -1.58918494381299     
  0.554688330741846     
 -0.319794992378988     
  0.351692747042823     
 -7.961924870485944E-002
 -3.315292036070542E-003
  0.193768035449392     
 -1.491771611551065E-002
  0.129502062397858     
 -0.465181432796082     
  0.706976142480205     
 -0.163609545348625     
  0.995919172349439     
  -1.01043173475104     
  0.808912202980493     
 -9.601085029563142E-002
 -0.298795444974919     
  0.342049748199652     
 -0.445176350833765     
 -0.379238370962805     
  0.703832444846015     
  0.298867112173129     
 -0.596597054376026     
 -0.704508030135606     
  1.200254658201365E-003
  0.507376502326437     
  0.384959972267357     
  5.731998158984851E-002
 -4.818690905186749E-002
  2.246326044301273E-002
 -0.172622503054609     
  0.165233697136702     
  0.226969159375134     
  0.633942210570491     
 -7.628126881940779E-002
  7.041789131416325E-002
 -0.155694006638020     
 -0.648890099530105     
  0.200884267913736     
  0.893138465159981     
 -0.502812268838509     
 -0.399762620315958     
  0.231387568759422     
 -0.209955333215030     
 -6.282312410652956E-002
 -0.198945292917481     
  0.622343529433731     
 -0.577297977780793     
 -0.297569782051081     
 -0.238565624339350     
  9.157347734256326E-002
 -0.166921541196049     
 
 -0.636772486811225     
  0.169554292752004     
 -0.449978341594408     
   1.48197408546769     
  4.983922294795363E-002
 -0.848736674288196     
  0.397011221962169     
  0.582136932463921     
  0.511361419604629     
  -1.21295214242566     
 -0.690789181771170     
  0.395114043811364     
 -0.384781844848964     
  0.415817898201181     
  0.976971325811260     
 -0.541404584962204     
 -0.512377550674187     
 -1.466682484892790E-002
  0.276631029141000     
 -0.916807931457187     
  0.937822491114318     
  3.361312024192695E-002
 -0.993219569951639     
  0.408762492629824     
 -0.792539356331000     
   1.08076179151391     
  0.341463635363675     
  0.581477203749521     
  0.281239311729405     
 -0.296879656915459     
 
  0.850302351755863     
  -1.54239869301852     
  -2.28833397569724     
   1.10985240331493     
  -1.30981453374897     
  0.177070629337026     
  0.564180415799439     
  0.894238544794344     
  0.220124627010775     
 -0.460135015128432     
   4.16179076577743     
   1.61193907500981     
 -0.188439948971180     
  0.449322421100383     
   1.10709518562396     
 -0.665440685087244     
 -0.225547765144472     
 -0.490051244858138     
  0.148340231645238     
 -0.929139798840308     
 -0.545673660577479     
 -1.294582842682267E-002
 -0.382552488768800     
 -0.122641566865328     
  0.861665540878565     
   1.11061072371303     
   1.03643921213669     
  0.625729800462009     
 -0.101092321724005     
 -0.461894891183738     
  0.831966320680346     
  0.131818396760210     
  0.486051672462703     
 -0.207876644384762     
  0.128892670799677     
  0.488110726283443     
 -0.392951063764765     
  0.160145042423083     
  0.540315703804400     
  0.254472411826887     
 -0.335793704060342     
  0.307963526210778     
 -0.240257301549420     
 -0.225018647063661     
  0.482394848923937     
  0.920585959886646     
  7.221974158652739E-002
  0.203383568378383     
 -0.413765450271404     
  0.169657776987095     
  -1.35973355949079     
 -0.466080799545202     
 -0.536739363714900     
 -0.205070413278340     
  0.121535787255296     
  0.298456746206378     
 -0.617799855268961     
  0.236967423230932     
  0.123976759207365     
  0.456818169330126     
 -1.560791950231250E-002
 -0.286454255089912     
  0.381166800862965     
 -0.162262108771592     
  0.658810973729927     
  -1.08035248931897     
 -0.160526384597265     
  0.905862948525129     
  0.516757087306586     
 -0.125330476500244     
 -0.109444103703912     
 -0.288692631007370     
  1.774133023072645E-002
 -0.431071072697659     
 -0.429595699013590     
 -3.029107292437948E-002
 -0.518663589030247     
 -0.831072821455222     
 -0.192981247200702     
  0.204791773892921     
  2.244006225541171E-002
 -0.302729282066374     
 -0.285545192927443     
  0.462667995726072     
 -0.114045364396692     
  0.139622809126888     
  5.831935915047053E-002
  0.115281306375490     
 -0.589058173898107     
  0.707982602688569     
  0.224741572152168     
  0.158141741563675     
 -0.466337953015226     
 -0.384081726225768     
 -0.522916229542965     
  0.398556088453535     
 -0.158509307293067     
 -0.192798850683828     
 -0.136666440410415     
 -0.537630100490859     
  0.371688875274352     
  0.259797908581266     
 -0.238899010827742     
 -0.559664393749392     
 -0.142180551642254     
 -0.309046579766219     
  8.431611343144957E-002
  0.376013849135861     
  0.549687539069296     
 -0.650062621565924     
  0.101415478924615     
 -0.744066607721059     
 -0.661375467533906     
 -0.765977102586501     
 -0.713560394733697     
  0.472129550387435     
 -0.285839412661897     
 -6.413012634384394E-002
  0.564216724992663     
 -0.911315329849721     
  8.017100651865960E-003
  5.259492341482831E-002
  6.954460612423105E-002
  0.248137371851411     
 -0.405480592803806     
 -0.657355234151070     
 -0.579881015905621     
  5.849769393348123E-002
  0.112673389303475     
 -0.234245797701326     
  6.986387406346711E-002
  0.378217649082898     
  0.362819041540947     
  8.355986706225570E-003
 -0.670169234838002     
  6.193649340988158E-002
 -0.121189517874611     
 -0.347650367000116     
 -0.515356798424636     
  0.914206724233827     
 -8.011001660021240E-002
  0.929183931978951     
  0.323107033338138     
 -9.590964691757124E-002
  0.671941914173952     
  0.108670105184679     
  0.504997711739044     
 -0.606051034039276     
 -0.192627504814571     
 -0.475995104378080     
  0.830684896067992     
 -0.250992544740860     
  -1.11348993057156     
  0.290994487116782     
 -0.472613193738329     
  0.699631997684270     
  0.334936627946265     
  0.858358241384409     
  4.790851842823757E-002
  0.109081896874207     
  0.551737453109723     
  0.112543824950829     
  0.457209061708575     
  0.963278113547041     
  0.934556546264953     
 -0.838546864229127     
 -0.227949820209935     
 -0.660322064225676     
 -0.947726997731653     
  0.217813408617069     
  1.057369235794932E-003
  0.267276726869345     
 -0.125799021035618     
 -0.837890889299998     
 -0.485364682311724     
 -0.640432574346014     
 -1.704237542694191E-002
  0.244407805373265     
 -0.176929043543315     
  3.820535427615404E-002
 -0.343377681417653     
  0.585612559161960     
  0.325445593807506     
 -0.110697141412344     
  0.559697414068380     
  0.519335471920127     
  -1.04055352856944     
  0.243831247912996     
  3.709378376089500E-002
 -0.405175166008642     
 -0.136580175161184     
 -1.198932973611637E-002
 -0.222240015201393     
  0.102801966605857     
 -0.835012703316830     
  0.292577082717948     
  0.251697100434543     
 -0.588282374877061     
 -0.654736696169339     
 -0.346856862606586     
 -0.414888925121322     
  0.324207505801525     
 -0.844230861069563     
 -0.801874148236699     
  9.376393517318971E-002
  -1.07480465904062     
  0.238518999683189     
  0.253856170943816     
  5.141560314870298E-002
 -2.767188087802582E-002
 -0.260423766000275     
  0.405936468690228     
 -6.471263195206692E-002
 -0.323992284096445     
  0.318367905504289     
  0.316718530424629     
  3.221786776164912E-002
  1.919097823723722E-002
 -0.367691059939319     
  0.217081296710884     
  2.805556584836660E-002
  0.122192750020772     
 -0.115876923584121     
 -0.166091345239230     
  0.338904005860581     
 -0.338803944401913     
 -0.384955739218237     
 -9.759743472788510E-002
  0.172532781280873     
  0.321390738702174     
  0.281723664340782     
 -0.135832973154566     
 -4.946458715478992E-002
  7.865889847142257E-002
  3.496089558092656E-002
 -0.336422958434333     
  0.233503605100024     
  0.281786834533653     
 -6.045018590418023E-002
 -0.104566061664459     
 -0.815572785895027     
  0.198074839919661     
  1.977935374822596E-002
 -0.350278437465995     
  0.194170670058319     
  0.439972853373476     
 -0.512121409280562     
  0.140669683915381     
 -0.180585511265713     
 -0.279382273821810     
 -2.845719963299860E-002
  0.367958333892035     
 -4.452009270000012E-002
  0.222062720894000     
 -4.519208262468212E-002
  0.546699415042092     
  0.154421417850661     
 -5.938169443648516E-002
 -4.607963178632144E-002
  0.369520969887038     
 -0.168157768444487     
  0.214017281393599     
 -0.347536717407262     
 -6.048385292268287E-002
 -0.232319855676066     
 -0.227756575463684     
 -1.871212691495407E-002
 -2.286775229911906E-002
  0.120577885875424     
  3.984684391289443E-002
 -0.294625711215445     
 -0.145666514254124     
 -3.106194986828167E-002
  3.574259391508881E-002
  0.267064023489834     
  0.256244358989856     
 -0.333505046073586     
 -8.320248887242068E-002
  1.928108105133896E-002
 -0.662969931156010     
  0.127780458634962     
 -2.221965267025158E-002
 -0.214038054263299     
 -0.638509854783644     
 -0.582171897326619     
 -0.608965500248452     
   1.07566436130029     
  0.474728034949041     
  0.380643112038577     
 -0.503660129260979     
  0.160753529173269     
 -0.301017319759205     
 -0.615436251045064     
  0.361632334425837     
 -0.574231567303795     
  0.324940481410071     
 -0.204220634532000     
 -0.915620089249401     
  0.129207279012300     
  0.522276474296816     
 -0.211523671710672     
  6.637128531376353E-002
 -0.287785527386609     
   1.13862980381051     
 -6.704538617423970E-002
  0.361477323281475     
 -0.164345551662425     
 -3.955957709642288E-002
  0.784805698409202     
   1.08476595297350     
  0.195290778765072     
  2.189521415496264E-002
  0.334619557120513     
  4.485994531434132E-002
  0.331097330625457     
 -0.328945661568096     
 -0.224374303232683     
  0.223891432878055     
  0.825510463195477     
 -0.349387872431652     
 -0.667829332919372     
 -0.813183892238654     
  0.507567027718152     
  0.569992134606681     
 -0.192853153493903     
  0.190233143596380     
 -0.662604779676446     
 -0.151851754283316     
  0.485996955347144     
  0.302245762170833     
  0.568750832709986     
  5.107669957317103E-002
  4.322635513127290E-002
  0.422280504682846     
  0.607666651954867     
  0.446941762723777     
 -0.130226908847113     
  0.299156365428521     
 -0.756609912239320     
 -0.218412541140080     
 -0.472471871491374     
 -0.162763521148051     
  0.471163063064611     
  0.239555933199875     
 -0.160339214554343     
  0.742433085794338     
  0.698596438816235     
 -0.204631280692031     
 -0.782960910499319     
 -9.355336860043090E-002
  0.466523317231782     
  7.938725858191288E-002
   1.13203367129073     
 -0.697085486485625     
 -0.178067470274982     
  0.583526609105292     
 -0.773391747755801     
  0.481964314787574     
  0.896269097777773     
  0.672479805326991     
 -0.225412714743760     
 -0.196151751215695     
  0.741943950418201     
 -7.487174391332864E-002
  0.370587975889350     
  0.445314253977430     
  0.152000661018711     
 -0.897900153023313     
 -0.419189907087301     
  0.190258259756709     
  0.202543703456167     
  0.663436683409489     
  0.101670114878654     
 -0.868584892700214     
 -0.218885729742757     
 -0.378786539681719     
  0.483662786545066     
  0.274099344191740     
 -0.360378794504242     
  1.741848077515099E-003
 -0.404149115530603     
 -0.110732313889393     
  0.559819024512979     
 -0.592588390857167     
 -5.815401465894625E-002
  0.207571745544532     
  0.322225353852320     
  4.680373896070050E-003
  0.440683609430764     
 -0.476221102437489     
  0.204147915927410     
 -0.103051993314004     
  0.412014690268575     
  0.553175158199308     
 -0.597815245685422     
  0.517292717050410     
   1.01635093101065     
 -6.859531684023552E-002
 -0.135367045919415     
  0.377503867375203     
 -0.102333306294672     
 -0.306199715197585     
  8.458797997373897E-002
 -0.269848284402430     
  0.224826763830232     
 -0.273793580404927     
 -0.691648295651979     
 -0.386468128462818     
 -0.106316857743132     
 -0.195913154870960     
 -6.174251967205937E-002
 -0.698237922367769     
   1.17384476445811     
 -0.320167365713863     
  0.503192086886305     
 -0.272072905698139     
  -1.11337520865711     
 -3.235473763497258E-002
  0.155679693361620     
 -0.100078398409722     
 -0.336584949995887     
 -0.406492142847272     
 -0.421390778658095     
 -0.324253075055124     
 -0.922121654242232     
 -0.164230427442842     
  0.798313610171601     
  0.211451969031617     
  0.196119580775192     
 -0.239115021113852     
 -7.695372736557617E-002
  0.560504254222596     
 -3.491764271307005E-002
  1.167672840357292E-002
 -0.567649066291842     
 -0.463054054699864     
 -0.282862826125127     
  0.264097424020297     
  0.221361241779723     
 -0.110256484134857     
 -0.290891963187888     
 -4.088898285269287E-002
   1.11050186540370     
 -0.198792363530709     
  0.568755989685572     
  0.414728828233020     
  0.543215577638476     
 -0.304000488350861     
 -0.529745560673428     
  0.263576881969684     
  0.764227342136288     
 -0.357451040283207     
 -0.388761793990963     
  0.713937241214481     
  -1.18683124168981     
  0.338341308040659     
 -0.663555667735016     
  0.558753467619106     
 -0.447201195004183     
 -0.102641971547138     
 -0.135472544931296     
 -3.150409460346412E-002
  9.173062924374233E-002
 -0.659457505455131     
  0.120714732554243     
   1.06895872341626     
 -1.127856427567968E-002
  -1.04981518723892     
  0.747322735350107     
 -3.612346644961197E-002
  0.539074398338218     
 -3.958205628700696E-002
  0.299137063754688     
  -1.30058648881795     
 -7.398988378017041E-002
  0.391268722361855     
  0.463848249872086     
 -6.244198606151795E-002
  0.220022280655513     
  3.086113072826251E-002
 -0.617743423848923     
 -0.507032755670490     
 -2.381599918438699E-002
 -7.336587708089537E-002
  7.715412034939900E-002
  0.695529427980605     
  -1.07938506776797     
  0.138887665641451     
  0.111166200427672     
  0.343918389165580     
 -0.125468149479857     
  0.505156152675188     
  0.197827759094171     
 -2.301480771637322E-003
 -0.409187813104966     
   1.03603519626188     
  6.458366219490089E-002
 -0.756622861778730     
 -0.195862957185211     
  0.398419072473263     
  0.197603586090888     
  0.619953774500427     
 -0.272805683565021     
 -0.769367225747270     
  0.799181723014301     
 -0.124941086884536     
  0.112350664454278     
  0.143298072388989     
  0.125850017131067     
  0.313264420953184     
 -0.430284581341369     
  3.564346074682891E-002
 -0.442320123046954     
  0.350202773977419     
  0.735951337973344     
  0.368339092040466     
 -0.940782436995983     
  8.208557406971727E-002
 -0.228309054352832     
  0.148841344916880     
 -0.276090128974064     
  0.241035995437148     
  1.667749631313102E-002
  0.160041246209981     
  8.106358812000597E-002
  0.355904663331793     
  0.741562069889771     
  1.461910656602458E-002
 -0.214041407732449     
 -1.949243859776211E-002
 -0.125908372728852     
  0.413677024259412     
  0.643304964810259     
 -0.246780238549292     
  0.297893603742568     
 -1.983149909288605E-002
 -0.328219018169546     
 -0.482489324067352     
  0.634522812817084     
  0.862846062263934     
  0.520546130395416     
  6.879788058075421E-003
  -1.05833225095484     
  0.388611892071959     
  0.708736686057372     
   1.35659567740086     
  -1.25290081726031     
   1.28227596256591     
  -1.54251373930709     
 -6.069919725982899E-002
  -4.55443917443385     
 -0.260586592033974     
  -1.06707488530909     
 -0.767445549690531     
  -1.44401990940452     
 -5.971311672986993E-002
  -1.35829182480440     
 -0.862669174011934     
  0.240135154941087     
  0.803906637761579     
  -1.03913747256825     
   1.02137674283841     
   2.18622512694538     
   1.44777265919963     
  0.203226955172175     
  -1.05243698618066     
  -1.30887266542716     
 -0.579552939562577     
  0.128909328453938     
  0.224640985981825     
 -1.196189148905592E-002
 -0.672259950795904     
 -0.837147082151890     
 -0.528623239174065     
 -0.424086985606664     
 -0.388833263834960     
 -0.256372615668745     
 -0.118415040991326     
 -0.435516203813225     
  7.069484638749072E-003
  0.327308510582356     
 -4.322049312702561E-002
 -0.854691776300454     
 -0.533603942725348     
  0.907676023168944     
  6.028415010815853E-002
 -0.375185520390085     
  0.396421581698780     
   1.49888452436957     
  0.898204761617560     
  0.732589200190169     
 -0.864864331528703     
  7.684766967308990E-002
  0.728765110748277     
  3.969884627486263E-002
 -1.038524903151719E-002
 -0.531499226776307     
  0.375441764776033     
 -0.747850632292848     
  7.805430386903663E-002
  8.226161594025157E-002
 -0.408242579181064     
 -0.207391562616151     
 -0.184602681630135     
 -0.800199292618478     
 -1.833206335303435E-002
  0.292704661513560     
 -0.221512438991988     
  2.002683463445681E-002
 -0.819513077665745     
 -1.774631152909431E-002
 -0.766726859570890     
  2.109532303866730E-002
  0.634294299652919     
 -0.549862665039228     
 -0.448164194837080     
 -0.308713256786219     
 -0.227103353462997     
  0.136190615430192     
  0.388688871260573     
  0.889095724051620     
 -0.884377127594390     
  -1.06964509367856     
 -0.271079228441867     
  0.880266354973798     
 -0.519858608323862     
  0.692173332465721     
 -0.691799650037758     
 -0.585850398061828     
 -6.792374836741609E-003
  0.139624453696446     
 -0.664337851723400     
 -2.247327332877386E-002
  0.595820534989107     
 -0.244096579188222     
  0.196372252165451     
  0.704090297047455     
  2.714347684988817E-002
 -0.609492581616170     
  0.670272768081925     
  7.505084022844059E-002
  0.105966061548049     
 -0.643907342911726     
 -0.177390837062614     
  0.919418808391956     
 -0.723666723992477     
 -0.395809389491388     
  0.311189543788028     
 -0.175246827732194     
  0.385602719128508     
  0.596206392729560     
 -0.410047005454787     
 -0.800902098401589     
 -0.253453602257899     
  -1.16205863694961     
  0.228480962223528     
 -0.196733349883641     
  2.160601147165905E-002
  0.355106985072192     
 -3.230332266564782E-002
  0.141214274879649     
 -5.998360176406466E-002
  0.190065849046566     
  0.179396718495406     
  0.276255999781637     
 -5.420186112497282E-002
 -0.119822056930496     
  0.320053788197094     
  2.818947764964253E-002
 -0.272301646075238     
 -0.204109777858587     
  0.481779342798403     
  2.876950894714670E-002
  0.681930148272200     
 -0.607067837878485     
  0.733612142505680     
 -0.288891224085167     
 -0.302540176305265     
 -0.585408135534520     
  0.294770522893471     
 -3.495199012572561E-002
  0.238440668225311     
 -0.230859983112611     
 -0.662150344437490     
  0.249504578214692     
  0.193999980037385     
  0.335478836172974     
 -4.161634364860312E-002
 -0.226028826745071     
  2.233390603652225E-003
  0.737983531982510     
  0.209767200997368     
  0.230299687986678     
  0.142980372354070     
  1.329929439406554E-002
 -0.501991169125522     
  0.140515608688791     
 -0.102840285589978     
  0.495298855060960     
  3.627219879667494E-002
  3.563100253543954E-002
 -0.138381607355045     
  5.340220709949551E-002
 -0.319833526923252     
  0.101086886177054     
  0.521641255545197     
  0.290985121170115     
  0.129890474779637     
 -2.944013690132406E-002
  7.373745899850456E-002
 -0.153116324244091     
  0.275331432895302     
 -4.732347819855572E-002
 -1.999333965355810E-002
 -0.127265055031705     
 -5.166274927981529E-002
  0.290323182966358     
  0.139050068524359     
  6.446544322566611E-002
  8.032007866992699E-002
 -0.331900937314497     
  0.226552505859964     
 -7.163477579951179E-002
 -1.940735458621585E-003
 -0.250564899138198     
  0.322704208919202     
 -0.680159518887472     
 -0.195745110977217     
 -0.657812438439885     
 -0.214604662496311     
  0.171865981409754     
  0.210054286064658     
 -0.132732070006044     
  6.745453264664997E-002
 -0.237069626516902     
  -1.06425151737793     
 -0.175409855465807     
  0.254898435285600     
  2.711554062248227E-002
 -0.550052463025008     
 -6.891694376292770E-002
  0.191160236715793     
 -0.120290343352224     
  0.126220636910122     
  0.751646636185803     
  0.311692894951758     
  0.213867586291810     
  0.269936595759249     
 -0.114511786638093     
 -0.235547517019465     
  4.845992804339306E-002
 -0.486434594874716     
 -0.269979563366070     
  0.993267581415016     
 -0.720372718334861     
 -0.102182243654812     
  0.514549800494004     
 -0.322941712934406     
 -0.627831667168733     
   1.08698631999614     
 -6.764123764498184E-002
  0.114615812868823     
  0.492427276154171     
 -0.152586304021961     
  0.476099376533518     
 -0.304466566805387     
 -0.948356748406659     
 -0.276332159282383     
 -1.091173306390014E-003
 -0.307331499146565     
 -0.563660372821524     
 -0.277819509962592     
  0.959904791324017     
  0.771320136551708     
  0.980396732935239     
   1.45533878425001     
 -0.526390315211762     
  0.235559044730193     
  0.222653914473772     
 -0.233263008311490     
  0.175084086266425     
 -0.922930561008055     
 -0.398267206713379     
  0.261847108277743     
 -0.836055253521674     
  0.113098135713626     
  0.101454661836743     
  0.307392216080649     
 -4.438785257014131E-002
 -0.171884147855566     
  0.117399065517338     
 -0.176331926788419     
 -0.758540654113430     
  8.316304923853569E-002
 -0.443515546272458     
   1.16914629849709     
  0.719515130270896     
  8.125408240041754E-002
  0.139088682462161     
 -7.683769279771607E-002
 -0.692056286495976     
 -0.274834817281216     
  0.625598480934659     
 -0.635024298969120     
 -0.316304886217735     
 -0.155090959285488     
 -0.174025852226973     
   1.36034075249379     
  0.244026796133965     
  0.552457819650909     
  0.231254098754873     
  0.575955827073781     
  7.848351306040866E-002
 -0.247169472390097     
  0.716750669069783     
  0.320991864426458     
 -0.504210368672049     
  0.123042871797102     
  0.738693026866597     
 -0.438984044347232     
  8.794620121136640E-002
  0.762883108163939     
 -0.621066473168642     
  0.120897643132379     
 -0.169060115499104     
  0.500415987415097     
 -0.342374320989573     
 -0.382087483901937     
 -0.163677388477885     
  0.721730966541888     
  0.366414072820290     
 -0.463495826767652     
  0.409688328793227     
 -0.479687961402368     
 -0.695152594376045     
 -0.198719561373152     
  0.598211221377135     
  0.242838026443067     
 -0.190188690836816     
  0.204872261315201     
 -0.735058231748268     
  0.199162047373769     
  0.603236264609404     
  1.712155207398680E-002
 -0.291031507259274     
  5.575258657644065E-002
 -0.388917035120637     
 -7.930064636705778E-002
  0.456549589635494     
  0.145848245813236     
 -2.233451868932298E-002
 -0.164900100728783     
 -0.295343303868971     
 -9.213229418174808E-002
 -0.211487960071924     
 -0.317965966353402     
  8.779045467782565E-002
  0.341491472839745     
 -0.601806240201813     
  0.640688213368532     
 -0.840670844899485     
 -4.709128649258670E-002
 -0.509571176159770     
 -7.003213604027572E-002
 -0.926346258695650     
  -1.26177663462724     
 -0.294591316174487     
 -0.113006906252711     
 -0.192487740963185     
 -0.569987697807758     
  0.726581802250251     
 -0.316264120716328     
  0.494868256374835     
  0.877662462567815     
 -0.393919187544361     
  0.658224606434331     
 -3.351081270992678E-002
 -0.197068647402657     
 -0.327388743560725     
  0.237312954688729     
  7.430078190074254E-003
 -0.371547562314247     
 -0.190871223549100     
 -0.499133671488766     
  4.923520611633717E-002
 -0.897815083377360     
 -0.717197516715602     
 -0.532371873105520     
 -0.353621777697630     
 -0.678374283218558     
  0.337915318801625     
 -0.514155636267455     
 -0.408771907038445     
 -0.121844326438211     
 -3.885968912683085E-002
  9.089286174361141E-002
  0.345047691370089     
  0.234500564770926     
 -2.284196003574063E-002
 -0.303522662528936     
 
   1.06484697766754     
 -6.242119303945808E-002
 -0.323958256257741     
 -1.701743383262222E-002
 -0.637383165155781     
  0.645807482725369     
  0.412004152005915     
  0.274588437352715     
 -0.408222260097374     
  -1.13529868747349     
  0.164483467261589     
  -1.03346261224849     
 -0.155466719108821     
  2.459439436511242E-002
  0.140414015659655     
 -0.349941709579656     
 -8.670481273382588E-002
 -0.797394988776499     
  -1.38996527818743     
 -0.119533892209486     
 -0.845933127191980     
  0.129279729128823     
  0.861817960399075     
  0.381005126989952     
 -0.169969940587613     
 -0.582069306645476     
  0.210370503526064     
  0.338099316695797     
 -0.132311893179825     
  0.191137581380405     
 
  -8.20198411839229     
   2.02144262441563     
   1.03032124244840     
  0.892592416957459     
  -2.63276604233219     
   3.22261583259863     
  -6.18491465238304     
   12.3600961474262     
   7.41948117158020     
   5.31462658730338     
  -5.45327799504864     
   1.15104345442702     
 -0.163149651142165     
  -3.32426520404820     
  -2.11814339989397     
 -0.813053932705292     
   1.99910693336062     
  -4.19694053040768     
  -3.06138364547119     
  -1.24819669911192     
   6.22996010293969     
  -4.40897899826519     
   4.43855616670139     
   4.09107164206238     
   6.48635568019634     
   2.07240857348975     
   3.23512693361611     
  -3.82296945884580     
  -1.14469516837364     
   3.54664477004335     
 
 -1.366165487804878E-003
 
  tansig  tansig 
