     33 -    30 -    30 -     1 
rmse=  14.7385meV
 -3.783259913969606E-002
 -0.784645143048030     
  0.790182351434824     
  0.457936743011673     
 -0.107589225655797     
 -0.376278349190576     
 -0.130783503100408     
 -1.365366154316802E-002
 -0.162258614711799     
 -0.170430982238979     
 -0.155593194468574     
  0.232668963206203     
 -0.118321799851507     
 -0.184907159690386     
  0.283303634131623     
 -7.894097847452108E-003
  7.687715958475770E-002
  0.307710582730164     
 -0.400284748874562     
  4.282738831553649E-002
  1.878367952643771E-002
  6.381820037718794E-002
 -0.340045888541684     
 -7.638984300624281E-002
 -0.302713357779945     
  0.151481936201356     
  1.660720341221186E-002
  0.137248528347671     
  0.110991943298019     
 -0.163946919066303     
  0.338659970137398     
 -7.631073013379200E-002
 -0.177942419181360     
  0.238678276116209     
 -0.298145419569185     
  0.253395363407022     
 -9.022826140333640E-002
 -0.662822821663651     
 -0.398434634838755     
 -0.214067180570906     
  0.160557640428538     
  6.485767473800164E-002
  5.984160728818082E-002
 -0.125321570475524     
  0.221744834824084     
  0.221680611096733     
  0.153061972954314     
  0.146921584137200     
 -0.545711542068535     
 -4.470780033062927E-002
  7.178299936383299E-002
 -0.197153699264242     
  1.629389508692299E-002
  7.819719747606571E-002
 -0.236903275000004     
  0.346874090870200     
 -0.219238071628550     
  0.334893912527156     
  0.245279188551557     
  0.465227016744536     
 -4.611411825834523E-002
  0.361160137118209     
  9.932480266051846E-002
  0.136613682163969     
 -3.804798045791483E-002
  0.185514662160636     
  0.302078520173580     
  0.156091713158583     
 -0.308892610371173     
  9.471891382874447E-003
 -8.812965801418871E-002
 -0.575048052286356     
 -0.414970695650804     
 -4.022796400458049E-002
 -5.869936637049315E-002
 -0.393809781150988     
 -0.263870547134407     
 -6.509801608878880E-002
  6.701718512084114E-003
 -0.131576881045383     
 -0.509536530879957     
  0.346280706503437     
 -0.227146700047279     
 -5.877680353495860E-002
 -2.024159042292112E-002
 -0.182454112598304     
 -0.215237645204557     
  0.115167839928940     
 -0.320682692189790     
 -1.129314157139361E-002
  0.370627591977450     
  0.105926466854057     
 -0.460598574122427     
  0.238400346600233     
  0.285853998811261     
  0.488100084745422     
 -0.147036615041428     
 -2.614367104805428E-002
  0.195866605036709     
 -8.763312296763978E-002
 -5.864751017256027E-002
 -0.142628818309171     
 -0.223524215447640     
 -0.264904036790208     
 -0.248999450981909     
 -0.259327690029911     
 -0.185107843693979     
 -0.130536497305710     
 -0.171380076811760     
  2.805505780673972E-002
  0.212523265830817     
 -3.767930563159822E-003
  3.065780291841892E-002
  0.401812139538261     
  0.252647024462442     
  1.142049929437095E-002
  0.122832710488122     
 -0.306434222371228     
 -0.174983684472723     
 -0.384323398397367     
  0.254731015377865     
  4.910366765125591E-002
 -7.329468140558975E-003
 -0.104755462537292     
 -0.160566041977440     
  8.113853185727304E-002
  0.205961376469099     
  7.502444622331890E-002
  0.208364013088241     
  0.258357308859859     
  0.548596220788294     
  3.312053189108582E-002
  8.885026267945281E-002
  2.100079791014926E-002
  0.439392113519241     
  0.164507628625797     
  0.298074912066591     
 -2.817771592938986E-002
 -0.431888618689245     
  0.116298578680318     
  3.912932604833708E-002
  0.148505749360466     
  0.146428643452015     
 -6.449747804987198E-002
 -0.826262771183415     
 -0.665212018016188     
 -8.782916803118661E-002
  0.253283627681497     
  0.301802366778433     
  1.857636515699666E-002
  0.248558842518177     
  3.172003448267467E-002
 -3.377296621833652E-002
 -0.456242686801559     
 -0.131767676532056     
  0.170051697782567     
  2.926180690402455E-002
 -0.356110468914373     
 -0.324627768619150     
  0.236507348069872     
 -0.244124979184016     
  0.300364318023198     
  2.409410905717651E-002
  0.148136816948028     
  0.271635656668337     
 -0.663316837751744     
 -0.681510382705229     
  0.237378867891877     
  0.177160655545726     
  6.952331243300303E-002
 -0.170117675795523     
  0.187951460792791     
 -0.120648658542633     
 -9.795165729602680E-002
 -0.148553850180808     
  0.142716262751478     
   1.05734070802491     
  0.176579687642392     
 -0.428994150414623     
 -8.862585374152041E-002
  2.874905104411933E-002
  7.866857184746311E-002
 -9.149939062683947E-002
 -9.803530476273896E-002
 -0.228411149075785     
  5.248298339223055E-002
 -0.171260715728201     
 -0.582545352527008     
 -0.279577084253686     
  0.171562591743590     
 -0.219482997276302     
  0.259870322821550     
  0.357908798939227     
  0.307560254788347     
 -4.396071379312878E-002
  9.635651850347261E-002
 -0.120128058026670     
  0.450433428294790     
  9.361493092177192E-002
  0.204706746582125     
 -0.625554237599675     
 -0.717681413654361     
 -0.216874686544357     
  0.124732298337991     
  0.275341734963825     
  0.250009779875618     
 -0.111378724602541     
 -3.473661866019202E-002
  0.266375910823593     
 -0.261836095025388     
 -9.822339656655393E-002
  0.266524135095256     
  7.684784594399402E-002
 -0.198553976841176     
  0.342284763227140     
  0.104166554293053     
 -2.050475340075607E-002
  0.399796412062736     
  9.509919985684687E-002
 -0.253843383351161     
  0.306584328697623     
 -9.880940567919187E-002
  0.439834526756255     
 -0.342178570665611     
 -9.717833190082974E-003
 -0.185015901911305     
 -2.952311489026756E-002
 -0.216226397221893     
 -0.166698765905743     
 -0.219292424118281     
 -1.136149775470965E-002
  0.257337946801938     
 -5.106339954552747E-002
 -0.302582218345948     
 -0.310907627403122     
 -7.103810656894674E-002
 -0.394264168197712     
 -0.263331858735972     
 -0.334646103975551     
  5.739729555360714E-002
  0.166638076673157     
  0.261984062404965     
  9.677473101401457E-002
  7.920329862132008E-002
 -0.160000777113002     
  0.470224840633337     
  2.836619712027987E-002
 -0.183845693804000     
  3.650093418350944E-002
  0.216992973445876     
  0.132263950191371     
 -0.288844436104029     
  7.241250996017437E-002
  0.398396324145482     
  0.165040266932062     
  0.315657511847284     
  0.212072477692233     
  0.557295753064319     
  0.485464034653245     
  9.380769917316871E-002
  7.314748792892212E-002
 -0.368366527727060     
  0.105057861514274     
 -0.171842921980028     
  0.165171971715680     
  0.116976734173182     
 -0.272585482367620     
  7.323003361027218E-002
  4.710788533597674E-002
 -9.497145552270417E-002
 -0.391515224717163     
  3.620741741608706E-002
  0.189912193917036     
  0.390641388067538     
  0.320271330553940     
 -0.130544987982376     
 -0.392189119843466     
  0.312960599384086     
  3.532421819619197E-002
  0.291463861644466     
 -7.234799445845694E-002
 -6.198039751338989E-002
  0.286033466223252     
 -0.381664744573839     
 -8.439457837466743E-002
  0.221662787434090     
  3.066286752967327E-003
  0.181803532972846     
  1.742702174846809E-002
  0.284840997959417     
 -0.380123254557025     
  5.248573557638585E-002
  0.231106137109002     
  7.698148395464269E-002
  8.975098902467222E-003
 -0.264841945830167     
 -0.167287124991249     
  0.168818208683093     
 -0.378144310921811     
 -9.883164430218833E-002
 -0.429645999706910     
 -0.378795025607094     
 -0.423167338884826     
  0.103253536245826     
  0.324436004999431     
  0.203538022573437     
  0.109905302111348     
  0.109535131978035     
  0.245575736318293     
 -6.612491163941844E-002
 -6.955967645395009E-002
  0.114464548576260     
  0.559906392434088     
 -0.188354542131513     
 -0.535423448964901     
 -0.200100000119810     
  0.174013430260381     
 -5.803696366455135E-002
 -1.854058636770234E-003
  0.127901324108562     
 -0.178092036581152     
 -0.105606131400419     
  0.103786777389230     
  0.428684124158026     
  0.527888957691768     
  0.371940462529358     
 -1.276603183365027E-002
 -0.271626172916374     
 -0.122700617457039     
  1.272924300543147E-002
  0.259209676932730     
 -0.132738532739017     
 -0.334561398354678     
  9.218404887012253E-002
  0.243059591151898     
  0.114234635760595     
  0.103069870335645     
  1.653389991305531E-002
 -5.672043084294593E-002
 -7.141098923853652E-003
 -0.131448204978752     
  0.384317211829433     
 -7.884676342077107E-002
  0.222182792943014     
 -0.110179790873660     
 -0.110844539745258     
  0.148180249385270     
 -0.127690719953533     
  0.458733456945650     
 -0.250330953221457     
  0.184041203347130     
  0.158212868010383     
 -6.057336477943072E-002
  0.383649920577115     
 -0.317338340724161     
  0.104446144858525     
 -0.339193042105288     
 -3.522568473057625E-002
 -0.139030592019328     
 -0.239046273298529     
  0.116376094362040     
  2.193950192269208E-002
 -6.471386661835182E-002
 -4.626258720658728E-002
 -0.316584738145440     
  3.252735465564406E-003
  0.226823996166112     
  0.140336715802482     
 -0.227352786555826     
  0.222743277924449     
  0.184164176634086     
  0.322426081528905     
 -0.138121709678701     
  4.719053951709442E-003
  0.117117522974381     
 -0.264142745117516     
  0.223400339636417     
  0.525884813051025     
  0.347625316118248     
 -8.287576948494525E-002
 -0.312159192130967     
 -0.225592738169596     
  0.427333309059041     
 -7.344485105950591E-002
 -1.502364661948663E-002
  4.493327817200823E-002
  0.612389372869972     
 -0.418605164256425     
  7.971551377526795E-002
  0.285882683863227     
 -0.163668738997236     
 -0.147477373160315     
  9.705698576150346E-002
 -6.525393262204970E-002
  8.456282839500577E-002
 -9.485994584981146E-002
 -5.884359904300283E-002
  0.330430919225872     
  0.617411918384493     
  0.538684870512989     
  0.511918119323813     
  0.378360505844291     
  0.173011936678294     
 -0.237763759003944     
 -7.249442598398415E-002
 -0.241180049343115     
 -7.601647740032849E-002
 -0.189724753163599     
 -0.143906583927290     
  1.153641702708857E-003
 -0.187512940615373     
  0.301390988807427     
 -0.161212883840297     
  7.423541827876065E-002
  0.470475545065481     
  0.212138713122704     
  0.225260655320334     
  8.486668016957416E-002
  2.979029576630916E-002
  0.122362637822715     
  0.344877866323605     
 -0.177308540517117     
  0.133228616821683     
 -0.107660398374201     
  6.357875722485462E-002
 -0.352337536958585     
 -0.375274120639338     
 -5.715649617421804E-002
  0.250302929804806     
  0.499102106089367     
 -0.221857700025802     
 -6.221734838536075E-002
  0.410977881425090     
  0.433617662938455     
  0.253875040431670     
 -9.373314377037034E-002
  0.259315225202614     
  0.127564215956681     
 -1.691226211301013E-002
 -0.208447579020242     
 -0.183284845243135     
 -0.653775153869800     
 -3.132374781461306E-002
  0.410618457954090     
  0.259313409779281     
  9.910343263683634E-002
  0.317715984814565     
 -0.181525779369237     
 -0.197026343400692     
 -6.932071277825470E-002
  7.413386757976222E-002
 -0.227449233579648     
  0.123905393420608     
 -0.445120328551068     
  0.113725903405453     
  0.163868073122446     
  3.858167877237703E-002
 -0.163371965064545     
 -0.225995345735708     
 -5.912813856834311E-002
 -6.762529761849254E-002
  0.169259333239827     
 -0.110740189933638     
 -0.297826973097831     
 -0.105462580285108     
 -6.161364270662160E-002
 -4.607479740953847E-002
 -3.794515906734819E-002
 -0.212802981448073     
  0.237173224703377     
 -0.142543826044817     
  7.718566826578181E-002
  6.482851565020045E-002
  0.246443475227000     
 -9.611564547096266E-002
  6.429136383508333E-002
  0.119160134405809     
  0.103346153735363     
  0.356403352836114     
  0.189186994242014     
 -2.456204963632607E-002
 -2.061089811074591E-002
  0.205136851495779     
 -0.208567594905895     
 -0.740998243522611     
 -0.265263235232346     
  0.488266010142893     
 -0.234558072161236     
  0.215875592799326     
 -0.336514162669884     
  0.330357751092246     
 -2.694456682491093E-002
 -0.108362803295381     
  0.475815386703597     
 -8.623900808843081E-003
  2.077619520106162E-002
  3.008176321691557E-002
 -4.202678959053496E-002
  8.078606129650640E-002
 -0.328634565739065     
 -0.242125650472365     
  0.489168624829946     
  2.478399699189765E-002
  0.193410925306725     
 -0.107714558864549     
  0.468825348281407     
 -0.382524481551313     
  0.535806548913901     
  0.189634476917930     
 -0.195449780683662     
  0.119900649636256     
 -0.104003440671708     
 -7.348939767985350E-002
  0.309620203904580     
  0.138852411382544     
 -0.638379515958223     
 -6.672552123483944E-002
 -0.205270586239311     
 -0.161891256853134     
  0.495190279385923     
 -0.276274069055330     
  1.497353259139210E-002
 -3.577609667802138E-002
  0.175031272588852     
  7.936352591340330E-002
 -0.100365200600429     
 -8.635732721642982E-002
  0.250411892245493     
  0.187549201407655     
  2.576368510422279E-002
  0.230534507098010     
  5.636012236420995E-002
  0.102129525126710     
 -0.327457949585833     
 -0.155958395264545     
 -0.329979270988467     
 -0.197584234137727     
 -0.191998786400070     
  0.147401077472054     
  5.196899887231154E-002
  1.603560318203509E-003
 -0.328595811228921     
  3.733702883704244E-002
  0.358849365680431     
  0.190214451127022     
 -0.106490552477973     
 -0.328624130681238     
  0.180464416475987     
 -0.470964396317600     
  0.560051061862518     
 -0.481227753075823     
  0.148107343670078     
 -0.118119451475808     
 -0.106099354623430     
  6.901378832918276E-002
  0.488812028202813     
  0.249154424931602     
 -0.136804292407770     
 -0.101593741879337     
 -1.590221646305324E-002
 -0.345646006244449     
  0.285488297441990     
 -0.215805360306716     
  2.538017317264991E-002
  0.391944596447553     
  0.350947043084539     
  0.204323227040539     
  0.655279185903758     
  6.919947406099265E-002
  0.354172991134800     
  3.769131482432756E-002
  0.142833796394485     
  2.150168505461161E-002
 -0.198217736970977     
 -0.205147856754668     
 -0.411944573500341     
 -0.630521682165411     
  0.172423772100646     
  0.189830483164249     
 -0.221008056280812     
 -1.271464979545813E-002
  3.115627008437157E-003
 -0.107862801813302     
  0.178657747469454     
  0.461090235144750     
 -2.898373381977264E-003
 -6.281017792387089E-002
 -0.346679558023080     
 -0.503537391648323     
 -0.222269424038799     
 -0.309021387412585     
  0.142143008571245     
  0.155795340216176     
  0.279660345557233     
 -0.611518952700041     
 -0.476387454451387     
  0.515368592750738     
  0.154107869437254     
  0.485908810400235     
  4.621327267703150E-002
  0.302114043995197     
 -2.899150520766801E-002
  3.741405691421455E-002
 -0.250653505461507     
 -0.101639812108850     
  0.137778162886156     
 -0.132934454891358     
  0.450183166943194     
  0.361147741802137     
 -0.285415193951490     
 -0.191303204557469     
  0.113037438508228     
 -0.217856099920186     
  6.787077818672499E-002
 -6.472972740093002E-003
  7.097798551383745E-002
 -0.280388835914569     
  0.170484658531265     
 -0.548623741704221     
 -6.802112734173110E-002
 -7.125131048025947E-002
  0.192542284057129     
  2.549738563483143E-003
 -0.304188209173578     
  1.613631679838864E-002
 -3.381202908239818E-002
  0.134873098127150     
 -1.399662689285645E-002
 -0.248512612914073     
  0.170795785262816     
 -0.254557162665854     
 -0.359233958085492     
 -0.153570435884584     
 -0.216166736408931     
 -0.102113925157787     
  6.166209153744076E-002
 -4.972169898839740E-002
 -0.211676461853629     
 -0.326041266942889     
 -0.275398100481659     
  6.494945280944255E-002
  0.207441338983293     
  0.364135117269879     
  0.115848516998069     
 -0.118325027288291     
  0.115931698483038     
 -0.321294395415686     
 -2.927217207145618E-002
  0.155925748961622     
  0.263724429046999     
  1.068283025924418E-002
 -0.179925398845591     
 -5.708005571397953E-002
 -0.176796318550822     
  0.563435360999962     
 -0.268791274020624     
  8.137211864339713E-002
  9.069222812004427E-002
  0.194040128740890     
 -0.181243082224717     
  0.203000697360481     
 -0.472930100415955     
  0.349940814589291     
 -0.131863966197834     
 -0.183958152988529     
 -2.187255442822311E-002
 -7.366247504454709E-002
  0.128065938133834     
  5.024751129771392E-002
  0.285490780403049     
 -7.834670908392073E-002
  0.112719547016646     
  0.112574774939964     
 -0.440249246631774     
  0.320549294112187     
  0.181744148019723     
 -0.192860040072161     
  0.278389946465833     
 -0.344334727985444     
 -8.085126732243164E-002
 -4.108938293758211E-002
  0.242761721347631     
  0.118065631945380     
  0.283234172326423     
 -0.132776433126031     
 -0.128886960610496     
 -0.469731683781723     
 -6.669251753409094E-002
 -3.449378405030312E-002
  0.399508854916485     
 -0.172614381253060     
  0.296311426679523     
 -0.337020974473939     
 -0.307677997612630     
  0.176354450602174     
  0.563714352963372     
 -0.115032371770136     
  0.237767566182806     
  0.448971491081613     
 -3.858454350171255E-002
 -0.191356861799934     
 -3.605982163472924E-002
 -0.238559929210605     
  0.197180804711642     
 -0.109467945784646     
  0.213546676073077     
  0.268661838839885     
 -0.297973175896692     
 -0.191798959380923     
  0.313458725298633     
  0.106605538135833     
 -0.227418683135792     
 -4.295606732270294E-002
  3.109604008498766E-002
 -5.846499410035089E-002
 -0.200872158646578     
  0.308242467349100     
 -0.490938147826954     
  0.105252057321480     
 -0.268348919981736     
 -0.172563251225055     
  0.179372621279637     
  0.168743537306147     
 -7.325348876073955E-002
 -0.102160203926950     
  0.264144588428014     
  0.446569985133458     
  0.222646283891981     
  0.271157444398808     
 -0.309681234571101     
 -0.691364845973804     
 -0.175371390374845     
 -3.222249249931747E-002
 -4.769009508541938E-002
 -4.190058977437429E-002
  0.270386344108326     
 -1.641171420800081E-002
 -0.275312307933222     
  0.210876319633213     
 -0.328162124210375     
 -0.456221957084632     
  0.134043538916806     
  5.360190784674844E-002
  8.166696162818007E-002
 -0.194201282320664     
 -0.322453917803060     
  0.201359269061065     
  0.351186774259196     
  9.925798841308636E-002
  0.736731888375009     
  9.052405246937528E-002
 -0.278386192518358     
 -1.452293730714605E-002
  0.243078153054893     
  0.276696349503282     
  0.126710774305795     
 -0.237446926292545     
  7.085624474687845E-002
 -4.155444922491479E-002
 -0.302461234461632     
  9.892013603567933E-003
  9.919878973374496E-002
  0.117715440426797     
 -7.202916777454026E-002
  7.628828657747717E-002
 -0.423090417936972     
  1.975175002193176E-002
 -0.134203301419659     
 -4.679755754727625E-002
  0.433952748497217     
  0.368700771701069     
 -0.555614210276919     
  0.325686122373569     
  0.270486650023495     
 -0.193929823777157     
  0.287634025691594     
 -0.143476005018080     
  0.349914931443881     
 -0.174556029419846     
 -8.930245872520280E-002
  0.243900408932793     
  5.742563024231843E-002
 -4.648584926802512E-002
  8.175101584257460E-002
  0.711100886420899     
 -0.360174983078818     
 -1.680733478709502E-002
  0.381775631027528     
 -8.946717523999828E-002
  0.162075768264397     
 -0.178234527576319     
 -0.380685771669575     
 -0.190014480879858     
  0.213885341479479     
 -0.410736505617983     
 -0.380565970899430     
  0.135476541874045     
  0.257931907466287     
  0.200462199327894     
 -0.178764798250826     
  0.189478510548335     
  0.238332685842843     
  9.793871699463760E-002
 -0.351640784703349     
  0.464816127414611     
 -0.172671776687574     
 -0.297346134991886     
 -3.496931205324264E-002
 -0.108835849909124     
 -0.297703196144041     
  0.183251723025361     
  0.163446160328024     
 -0.439326211500414     
  9.232543282317868E-002
  0.273884223195489     
  0.138948277624858     
 -0.107390679145827     
  0.532372853732211     
 -9.666025716705665E-002
 -6.327673982878652E-002
 -0.141578033876044     
  2.327862160181455E-002
  0.190062655858359     
 -2.844189838893194E-002
  0.240578819338012     
  9.761548076019047E-002
 -3.616060068582848E-002
 -0.123096740184789     
 -0.184163487666762     
 -4.239308589658769E-002
 -9.864912809954902E-002
 -0.113834163019403     
 -0.167494582836476     
 -2.983171459344867E-002
  0.415367960119157     
  0.422743885431589     
  0.746277731240168     
 -0.153656643253885     
 -0.455560260975005     
  8.907397960075131E-002
  0.284072349679247     
  0.258556004054921     
  0.171235343272728     
 -0.215424571964170     
 -0.250199267790289     
  0.158744660359920     
  0.432371056941438     
 -0.189928809518274     
 -0.270761842471456     
  0.637120863550482     
  0.158473631231798     
 -0.189366088187221     
  4.860239794774875E-002
  5.711579937580559E-002
 -0.192161053920219     
  7.771505902206248E-002
 -0.362320104649626     
 -0.476555440462744     
 -0.249757933319467     
  0.197798607674410     
  0.177645466095224     
  0.192175342784334     
 -0.169982570010309     
  0.339991477426211     
  0.346159081050202     
 -0.159849445066374     
 -0.463909164524699     
 -9.042213802040913E-002
 -0.314166359966192     
 -0.240648125821775     
 -0.536174553697299     
  6.729934556648531E-003
 -0.256904561560642     
  0.153916627664089     
  0.259875478686770     
 -7.322671494614195E-002
  0.122485245659969     
 -9.083870123914607E-002
  0.492296359635540     
 -0.598852708938468     
  0.324903582532122     
  2.975722672942577E-002
 -0.299008593218512     
 -0.245863251691126     
 -0.539303154202329     
 -0.283598416482314     
  1.413734076794907E-002
  0.138524185235839     
 -1.118920459483052E-003
 -0.299948059995702     
  0.473086921355113     
  0.493675944239396     
  7.398788173452714E-002
  0.435593373365916     
 -0.358062410766844     
 -0.110067862551158     
 -8.015811722215507E-002
  0.156893728529710     
  0.226707974557236     
 -0.237663186592656     
 -0.281468913018112     
 -0.180893459073674     
 -0.256389490851832     
 -0.141132166060084     
 -0.227948456672763     
 -0.153338638274287     
  0.273065236389257     
  0.225071282598613     
 -3.251067187283528E-002
 -0.346589090598701     
  0.254235188488690     
  0.171654073560829     
 -0.655000943973273     
 -0.121920807206668     
  0.162057908983463     
 -0.200141875958723     
 -0.113805214799240     
  0.358277378394984     
 -6.817227778084575E-002
 -7.945581393355659E-003
  0.207813802140746     
 -2.309151530001595E-002
  0.319978683436838     
  0.345858237665819     
  0.135247257741093     
  0.138529276138690     
 -5.713822656238029E-002
  0.417008874602631     
  0.380041061920937     
  0.482025585571487     
  0.318283812695280     
  3.922555657932839E-002
  6.223367333429490E-002
 -6.020179033276896E-002
 -4.461386550114485E-002
 -5.846582077075139E-002
 -0.307839136833514     
 -8.190932487869847E-002
  0.182173892369162     
 -0.425559936483569     
  0.206135730633430     
 -6.787371359937452E-002
 -0.223231293206566     
  0.439955018644453     
 -0.244062254662677     
  8.502669039177249E-002
  0.397615828067199     
 -0.159333195778568     
 -0.364734544347219     
  0.438709007853321     
 -0.160343578840748     
 -0.338456691202341     
 -0.219539847022115     
 -7.056507205890405E-002
 -2.383811975473126E-002
  1.326219041871300E-002
  0.263251060716608     
  2.574372716802887E-002
 -0.208140053243944     
  0.715442697253629     
 -0.247458040299944     
 -0.377334057996717     
 -0.279494234292748     
  0.215434181614152     
  0.211066144151929     
 -0.176436076523111     
 -0.340850093856346     
 -0.238523479963339     
  9.621515326905161E-002
  0.376699054080431     
 -0.324395376037882     
 -0.592160156802757     
  6.800590325754904E-002
  0.323504413600058     
 -8.860855522539560E-002
 -0.215013891550217     
 -0.100534530348091     
  0.190480163355993     
  5.827655442766872E-002
  6.832162120278971E-002
 -0.391007112152641     
  0.286085392549374     
  0.365039745692223     
  0.189525747724345     
  9.697528292974616E-002
 -0.202568627168029     
 -0.197011275260375     
  0.512704038337574     
 -0.114752889455430     
 -3.227296870982414E-002
 
  0.520642275397070     
 -1.132325267904177E-002
  0.581733789481645     
  0.274790577110628     
  0.301944903679370     
  0.138766686022809     
  2.696427838752641E-002
 -0.694851131709920     
 -0.979855490691531     
 -0.467283733594464     
 -0.110123537600614     
 -0.290679548949352     
  0.285758174861075     
  0.133225177332767     
 -0.817199554252196     
  4.993656950971599E-002
 -0.187680736080755     
  0.410744344738726     
 -0.767269399941215     
  3.421526954911785E-002
 -0.123273990531985     
  2.344958800237907E-002
  5.335810684349535E-002
 -5.603643523819647E-002
  0.120117437470265     
 -0.239333204640616     
 -2.588076196711470E-002
  8.278445467384438E-002
 -0.518696717172953     
 -0.343439393941405     
 
  0.695399586366651     
 -0.470734468589425     
  0.304062640502016     
 -0.370111492111612     
  3.763663734092955E-002
  0.197390738403274     
 -0.314893682626357     
  3.658820341861051E-002
 -0.174594080931156     
 -0.286021711144494     
 -7.624184707628004E-002
 -0.495175296743839     
  3.035670631650109E-002
 -0.561778223138295     
  0.222374518828115     
 -0.403392143664282     
 -0.262943183628161     
 -0.349881692457565     
  0.619231148013046     
  7.406983733828088E-003
 -0.306840138137480     
  0.266145849161476     
 -0.393297682902561     
 -0.266175324984637     
  0.109620052582117     
 -0.135340880938787     
  2.778498024641722E-003
  0.267520804993591     
 -0.291769617815725     
 -6.918977810409994E-002
  0.163808763832431     
 -0.145808006607346     
 -0.110580992528604     
  0.308678885632358     
 -0.158781649011531     
 -0.124942136940080     
 -6.660223529557746E-002
  1.384556759410030E-002
  0.221209787937162     
  0.115726172376213     
  4.554192592900752E-002
  0.108893303992515     
 -0.332325100881484     
  0.112536876182735     
  9.566235279520063E-003
 -0.228467512404397     
  0.229289312320450     
 -6.541309357807187E-002
  0.189715310469616     
  0.430163599684426     
 -0.474256312420916     
  0.132903271171771     
  1.220596989697078E-002
 -0.119407626924303     
 -7.298353671386586E-002
 -3.751350868701991E-002
  0.106455308755089     
  2.282123614315615E-002
 -0.171420316298053     
  0.160771071791101     
 -0.162420165732181     
 -3.738911748704690E-002
 -0.488501015874012     
  0.322722953621842     
 -0.475660235764825     
  0.137002925645196     
  4.848438197622469E-002
  0.576185103747052     
  0.465478234393402     
  0.181997492304980     
 -7.191023422702517E-002
 -3.533699546670496E-002
  0.235429601268259     
  0.159218095782808     
  7.405750525513131E-002
 -7.819920609971344E-002
 -0.280887921865181     
 -0.226910722203162     
 -0.693920476165690     
 -3.980897628038606E-002
 -0.291671200414084     
 -3.607993349848213E-002
  0.244908029395851     
  0.128802081416350     
  0.410260074158491     
  0.369224315840122     
 -0.322579331934607     
 -0.200113964104001     
 -9.843465066664926E-003
 -0.217244852525573     
  1.190502111006911E-002
  0.182001841473950     
  6.929197308016326E-002
  0.280560652331674     
  0.173799257260471     
 -0.155315183052832     
 -6.945834439820719E-002
 -0.288634627673454     
  0.329673981731823     
  0.261418199880012     
 -9.393313829856036E-002
 -0.217525249743853     
 -0.357768822449503     
 -6.223443098311370E-002
 -0.129252307491776     
  4.103589002227610E-003
  0.267938344756931     
 -0.219663146779160     
 -0.380481297447054     
  4.842314113217905E-002
  0.225676136390077     
  0.237179432305996     
  6.655578771466344E-002
  0.156599953899634     
  0.179996438358506     
  0.412023536286536     
 -1.523892587123424E-002
 -4.822993608745140E-002
  0.107313084319931     
  6.503267759359483E-003
 -4.177705531583865E-002
 -0.210290092668288     
 -0.280227371132004     
  0.256426277209037     
 -0.105365183623003     
 -2.832423241757157E-002
  0.183969715203677     
 -0.324019125793353     
 -0.726271319043143     
  0.477727737516357     
  2.435344944668256E-002
  0.421567846405712     
  0.257788701485395     
 -0.203194099122054     
  0.130672192695023     
  0.301458710701865     
  0.545457326196700     
 -8.145862047629092E-002
 -9.853914175328470E-002
 -0.678066999219357     
  0.168166634083071     
  0.101603592097588     
  4.973135239222562E-002
  0.215664374875803     
  0.280629754718486     
  3.176387986467671E-002
 -5.120108715842959E-002
  7.518685410639100E-002
 -0.261583741778316     
 -7.605048170583095E-002
 -0.524061297808999     
 -6.743174808741058E-002
  0.303979346229011     
 -7.888275701057779E-002
  0.431592533981304     
  0.140167372821630     
  0.198895570199893     
 -0.431384820216111     
  0.627230328954897     
  0.174004933553081     
 -0.430311220559470     
 -0.482432016712280     
 -6.314567893694092E-002
  0.236862208675651     
  0.489540521648471     
 -0.343133102495879     
 -0.462069857922979     
  3.006189544467657E-002
  4.977639883218106E-002
  2.019225381908183E-002
 -0.496526520334231     
 -0.827283417762793     
  1.258019633574680E-002
  0.338777253170426     
 -0.345216720041040     
  0.237441512626039     
  0.453492437875850     
  0.272403782295016     
  8.409677825324088E-002
 -0.259460654578320     
 -0.147091646583607     
 -0.206468903221900     
  0.403340696382775     
  0.198317514326025     
  0.340473526056246     
  8.402478810767609E-002
 -0.425832633229176     
 -0.218084158533911     
 -0.131399609797091     
 -0.199483043835440     
 -0.156546387400617     
 -0.124716946302597     
  0.227469893446735     
 -2.947428700435745E-002
  0.146274626068952     
 -0.132279963174399     
  0.114506537857588     
 -0.236906094096421     
 -0.341647526402172     
  1.818726840306099E-002
 -0.397519304320667     
  0.102848897319327     
  0.167105471064593     
 -0.320223704388977     
  0.260428179714920     
 -0.105930460806971     
  0.601979421752137     
  4.914634024686110E-002
  1.788848827277381E-002
 -2.139525121331360E-002
 -0.675779835493042     
 -1.710691140694090E-002
  0.225753840442586     
 -0.247832587176359     
 -0.185401476913310     
  0.348345584027506     
 -0.333980044376681     
 -0.150355387645214     
 -0.108870345598353     
  0.176152338388515     
 -4.090307485745920E-002
  0.270867316195856     
  0.134604850942176     
  0.118010916521160     
 -0.143104206463825     
 -0.171099820013814     
 -0.321837708555817     
  0.268120928310934     
 -0.414491041048850     
  0.120764917696620     
 -0.528931847832030     
 -4.824129662946849E-002
 -0.401951578024721     
 -6.865437293945212E-002
 -0.204654215926990     
 -0.407284741622137     
 -0.201713160639154     
  0.234779433459760     
 -0.250074296039292     
 -0.368373585126404     
 -6.260275117926285E-002
 -0.435928265353643     
 -0.563407136589254     
 -6.243868463570516E-002
  7.557257990158499E-002
 -0.338547589920564     
 -0.136173135071990     
  0.169717773905370     
 -0.123416888066430     
 -0.110903291549052     
  0.462664881106149     
  0.650976832768560     
 -0.214160160792636     
 -0.596384419639983     
 -0.107548328237657     
  0.159606648224468     
  7.695597099006943E-002
 -0.201838641621042     
  7.553988557689031E-002
  5.699059400585853E-002
 -0.365381646007973     
  0.115934782079864     
  0.135540049396888     
 -0.259603988819338     
 -0.200940345936384     
 -9.022056146866926E-002
 -0.273611124906046     
  0.419619843812558     
  0.369621151376185     
 -9.453900216347100E-002
 -0.527870356500831     
 -0.172759877626026     
 -0.238393264069141     
  6.271740141518445E-002
  0.262789209101725     
 -8.801612051292641E-002
 -0.178322624665724     
  0.636204019530575     
  0.195435612490899     
 -0.524800491792079     
 -9.982852427163787E-002
 -0.248968649068481     
 -9.791734441495055E-002
 -0.132446583377693     
 -0.569129663823694     
 -0.314663295331208     
  0.174767373051171     
  0.138709552888259     
  6.024567209851943E-002
 -0.272714810080448     
  0.328851495316111     
 -0.627206956431202     
 -3.171191807992891E-002
 -0.178778879563901     
  0.563779390027118     
  0.314354930769878     
  7.242609457053062E-002
 -0.109096596229046     
  4.022832168058212E-002
 -0.155173472790050     
  0.231578349649229     
 -0.173059904086867     
 -0.160737197411887     
 -7.583145810238251E-002
  0.303988675441012     
 -0.202369813617627     
  0.113352419179445     
   1.07151557355585     
 -0.208154960240431     
  6.218887899614611E-003
  9.915257650772720E-002
  1.472843232313699E-002
  5.887866846035256E-002
 -0.138763900360528     
 -0.409166345700671     
  0.627950477622233     
  4.972060776334027E-002
 -0.125963528031526     
  0.241950055141257     
 -0.250441833843545     
 -0.797218587991954     
 -0.260356489414862     
  0.124466080980857     
  8.457096630084317E-002
  0.364674761297292     
 -6.447946464690495E-002
  0.738346696382721     
 -0.380273790746300     
  1.393233028052034E-002
  0.297197836888894     
  0.158003185530121     
  0.201237577008357     
 -8.208855532765266E-002
 -2.890685419201321E-002
  0.154401025348571     
  0.423441586894152     
  4.334240602922398E-002
 -1.222109510850210E-002
 -0.216593979991021     
 -0.217518869301176     
 -0.310630928930334     
  6.785055221033021E-002
  0.189912315709957     
 -0.477245591138424     
 -0.172428235550302     
  0.235826757746405     
  0.379552266248238     
  0.290759553565977     
  0.217556152581124     
  6.523174618846998E-002
  0.660789822851817     
  4.898052853270569E-002
 -0.801499500998247     
 -0.302418405676598     
 -7.449736906562318E-002
  0.333105891529422     
 -0.391382557839349     
  0.655065695691542     
  0.192539681365975     
  0.221519171218413     
  0.207293884677301     
 -0.204326389451993     
  0.109236070176118     
 -0.270617528733989     
  0.496578994315474     
 -0.106519351890830     
  7.060116748864870E-002
 -0.481991903092269     
 -1.639688596336638E-002
 -6.602784698390698E-002
 -3.027419853763169E-002
 -0.684752503438589     
  0.109823614055190     
 -4.885593216777601E-002
  7.497902502636147E-003
 -0.201106705411106     
 -0.178113048474159     
  0.254256851971303     
  0.338205852745691     
  0.241513405596089     
  0.433972226649292     
 -0.128341828113410     
  8.570026576642503E-002
  0.248774278523283     
  0.187053739067515     
  0.257160733281512     
  0.343218228645657     
 -0.424402564114070     
 -6.883490183919951E-002
 -0.612507639966098     
 -5.162979951658504E-002
 -8.573480881274825E-002
 -0.101763812056100     
 -0.100942153819669     
 -0.245393422825557     
 -0.380166189345468     
 -1.897457474252495E-002
 -6.754660795744637E-002
 -0.317641741712948     
 -0.254810522029240     
  0.196398013525944     
  0.380566187715717     
  0.223269152813525     
 -0.159017397664648     
 -0.470309757065324     
 -0.343699915968407     
  0.262753014885703     
  0.385533260085991     
 -0.107200044971492     
  0.298180690655344     
  7.099731745599132E-002
  4.202000012365859E-003
 -4.811129078561317E-002
 -0.416548145080312     
  0.312723836426973     
 -0.272021404252940     
 -0.133780839836735     
  0.336337922282960     
  0.891099960059769     
 -0.436002854306011     
  0.266021124770159     
 -0.367806154917669     
 -0.395614892770525     
 -3.261540238812852E-002
  0.399868621962808     
  0.235528956223702     
  6.905473189258802E-004
  6.632643154880104E-002
  6.287565334512260E-002
  0.125202641213171     
 -0.234110246525116     
  0.361357243581145     
  0.119833058907917     
  0.108947576243419     
  0.408128963984478     
  0.146917223316488     
 -0.468047737767362     
  0.500097796758841     
 -0.231170727934874     
 -0.157806302243765     
 -0.135710562344893     
 -8.840011795409814E-003
  4.821559228444338E-002
  0.102312488219150     
  0.121926382135421     
 -0.301131446137653     
 -0.313777645472102     
 -0.249044041915886     
  0.325006473204123     
  0.129974706104729     
 -3.606866054964152E-002
  0.116826713201007     
 -0.185171171551473     
  0.147589740502487     
 -0.449357520919361     
  0.122248059040374     
 -0.108149069214971     
 -0.438703116512029     
  6.914637915455588E-002
 -4.245934993822515E-002
  0.115389596333134     
 -7.478646106596328E-002
  0.209065093029646     
 -0.484204426433632     
 -0.191656065364931     
  2.984996147502298E-002
 -9.954744574312767E-002
  0.370296867346784     
 -0.422720948120883     
  0.273366712955043     
 -0.591702870173207     
  0.521955242732356     
  1.086180203376731E-002
  0.287515783306974     
 -0.251287657565981     
  0.109202922673400     
 -0.214689589502407     
 -0.328570112262646     
 -8.054117304521131E-002
 -8.047007969680622E-003
 -0.454840152785373     
 -0.304530357421699     
  0.493419718961805     
  0.742404431346613     
  0.375661534171811     
  -1.12178195537175     
  0.311940561097025     
 -5.986056416057528E-002
  0.489204425458383     
 -0.176511310672084     
  5.521565081152426E-003
  0.208853538619830     
  0.127253141848942     
  0.121196795828449     
 -0.466992970505822     
  0.152907475651458     
 -0.334370028363750     
 -8.684834400881369E-002
 -0.162462301906712     
 -2.466310866983485E-002
 -0.166347908077078     
 -0.375174367228609     
  0.580658138299865     
 -0.254188711033307     
  1.095978971018221E-002
 -0.206561449905045     
  6.800837435128226E-002
  7.671912994679767E-002
  2.544413901641110E-002
 -0.338883474879427     
  9.121497465818847E-002
 -9.019590474940783E-002
  0.117993810187939     
  0.380620338297191     
  0.184387347897049     
  0.406822346806288     
  0.295136660130861     
 -0.140566149998094     
  8.148436215946384E-002
  0.314343556898922     
 -0.128641573418960     
 -6.931465138911747E-002
 -0.458690571243180     
  0.197416959734341     
  0.131786884738200     
 -0.238657434733305     
  2.923478042189088E-003
 -6.042785475848185E-002
 -7.054175391037858E-002
 -7.073427074895980E-002
  0.255031281283983     
  6.254245001910499E-002
 -1.189248778279707E-002
  0.103006407275845     
 -0.135494598775256     
  0.281672983137705     
  0.289008109006560     
 -0.406498374398564     
 -8.494591352442862E-002
  0.425555045556258     
 -0.129058730039890     
  0.389247653076126     
  0.298714146139072     
  4.945570569028872E-002
 -0.127244858277890     
 -0.167006719988090     
  0.115460819822618     
  0.107784040624677     
 -0.773071544862999     
  0.454623248691040     
  0.232306090313856     
  1.580192780572216E-002
  0.197082659265601     
  0.471942719215776     
 -0.153027888603070     
  0.203065532243048     
 -4.282110799041454E-002
  1.906630312751530E-002
 -0.256042764468791     
 -0.507846875026722     
  0.155113102512169     
  0.222467380870926     
  0.101796028778023     
 -0.524396103546925     
  0.102416655971532     
  0.263501321226864     
  0.172636041621689     
 -0.130264251307525     
 -0.231251158648111     
  7.656641366145088E-002
 -0.189780579697159     
  0.246056528865218     
 -0.376669999641056     
  7.521969369007583E-002
 -9.483760518456701E-002
 -0.485644805883831     
 -0.230753269560448     
 -0.235257519548995     
 -9.546859075950914E-002
 -0.401828371465411     
 -0.659710072074765     
  0.359847090599365     
  0.218110614136617     
 -0.131548123799372     
 -0.147827431384922     
 -0.360063257953000     
 -6.321735827562106E-003
 -0.456672087420785     
  0.187892847458417     
 -0.106467463549753     
  0.218739511841041     
  0.271289950016751     
  9.366526920247263E-002
 -0.430536516276177     
 -3.457773107911766E-002
  0.303222260963668     
 -0.318286779711215     
 -0.146750533873974     
 -0.123138549083727     
 -0.151337454808275     
  0.329978012293796     
 -0.188524680590417     
  0.388139275037286     
 -3.997715593376068E-003
 -5.977531046933795E-002
  2.170634434519509E-002
 -0.272868743646559     
  0.209287456099485     
  0.349014157541508     
  0.169930902145046     
 -0.420270103227095     
  0.185121567282811     
  0.108318466593473     
 -9.269813039955228E-002
  0.380467831943434     
 -0.233479636974370     
 -0.191567191552894     
  0.186565310870254     
 -0.329469339220326     
 -0.221413966504180     
 -0.245086007569016     
  0.250918849461146     
 -6.836754215408151E-003
 -0.262133497748062     
  0.109917185320457     
 -0.458182688760482     
 -5.732059349442828E-002
 -4.073032882577525E-002
  0.232972409127747     
 -0.130335357597299     
  2.310020448121777E-002
  0.174879286779134     
 -0.324045718746011     
 -0.195294424856410     
  0.153036322160340     
  0.159925734325573     
 -2.760079203733525E-002
  0.126140666983331     
 -0.374977034317908     
 -3.742592477328790E-002
 -0.226698780328866     
 -0.507115256308709     
 -0.179356916673627     
 -0.160864737403428     
  0.165409062759544     
 -0.241948409576699     
 -0.101218138927901     
 -0.155757189100182     
 -8.175180324680795E-003
 -0.468864537739730     
 -7.376189382662597E-002
  0.256913638031931     
  8.051486323690007E-002
  0.626718090230878     
 -0.291166211334903     
  0.231579315650214     
  6.585993523677984E-002
 -7.743190594560916E-002
  0.197303022132649     
 -0.100017804687456     
 -0.207669696780033     
 -0.479487533578303     
 -7.526782838928925E-002
 -3.871210637908053E-002
 -0.391009022081716     
 -4.255995452808499E-003
  4.239697145941549E-002
 -0.323874498623523     
  0.335325762757839     
  0.112561472137684     
 -0.109155335026820     
  0.253396584316990     
 -0.454251521621555     
 -0.346460514774445     
 -5.921809373893777E-002
  0.284500571727009     
 -0.487163094407333     
  8.078525112276963E-002
  4.606388146490688E-002
  0.382101831673537     
  0.141056399065707     
  0.118814809699208     
 -0.101711765251033     
  8.781474672578282E-002
 -0.311646024077515     
 -0.289599222906923     
 -6.785189073817073E-003
  0.214457427924918     
 -0.272453596818728     
  0.316030923517245     
 -8.913504931702852E-002
 -1.336257374425006E-002
 -0.329404013686717     
 -1.297434648701356E-002
  0.154611749064998     
 -0.215213963503692     
 -0.137726835259135     
 -0.363605579427976     
 -9.557641079430258E-002
  0.286130554782481     
  0.419380707114572     
 -6.514577665653280E-002
  9.274609904759477E-002
  0.135198571645354     
 -0.234671436332435     
 -7.685977234812427E-002
  0.109890438231833     
  0.333040828823802     
 -0.324189256761227     
 -0.163656914531144     
 -0.125005856305494     
  0.240707052059771     
  0.111900057073593     
 -0.130652505374222     
  7.920724232808860E-002
 -0.452220801012714     
  1.289049179313934E-002
  0.196446794134742     
 -0.172063021229083     
 -0.390684866866109     
 -0.750630942391387     
  0.361859937797918     
  0.200991718666689     
 -0.379720447436761     
  0.515736029571495     
  3.656804072520016E-002
 -0.453194854492598     
 -0.126936955815976     
  3.435042170104012E-002
   1.02747968829114     
  5.442526347064609E-002
  0.489006989754652     
 -0.599382436656574     
 -0.160270903535276     
  0.328498478581315     
 -0.413403790985846     
 -0.204650338466648     
  5.439698840068043E-002
 -0.343372154134163     
  0.143947005124550     
 -5.338261252249912E-002
 -0.409050316098616     
  0.286985046726489     
  0.614449605125159     
 -9.279532689039077E-002
  7.237020580916950E-002
  0.726421594320994     
  6.116884690173862E-002
 -0.420501789222578     
 -0.336615126065942     
 -0.209703843885345     
  8.375091855716303E-002
 -0.183609811035860     
 -3.137893906227766E-002
  0.305398231324470     
  0.332273742196809     
  0.159154068431029     
  0.781481991120837     
  6.757211540656995E-002
  7.084916874406495E-002
 -0.417736323739599     
 -3.192234811591374E-002
 -0.458196927494467     
 -3.760625374011549E-002
  0.384152153908875     
  4.288619343840353E-002
  0.438467458881244     
 -0.106797765607667     
 -0.461573406241434     
  0.115270923533091     
  0.475965524113531     
  0.596847267165907     
  0.162420842451630     
 -0.160068402264490     
 -0.347917599195644     
 -0.137739529080565     
 -0.251934432341208     
 -0.167594059912408     
  0.656888074454566     
  5.088856709223481E-002
  0.160311489290882     
 -5.278862038613672E-002
 -0.281905953857589     
  2.740160747935182E-002
  0.193867325734965     
 -0.344704501300948     
 -6.428983909913871E-002
 -0.107557208266236     
 -2.788946245631355E-002
 -0.174629445558975     
  7.602084135694046E-003
 -2.532215294162357E-002
 -8.346806910519387E-003
  0.198516664459312     
  6.146426843248307E-002
 -7.453483502809263E-002
  0.149826893129103     
 -7.170169161756645E-002
 -8.450098175459934E-002
 -0.217516273028106     
 -0.174770768985042     
  0.279133001278047     
 -0.194671158823512     
 -0.199711317217241     
  9.406098304423167E-002
  0.170086969653905     
 -5.932611164734111E-003
  7.667037235834752E-002
  0.198229346241529     
  0.125583442092626     
  0.457783067127902     
 -0.319420637594145     
 -1.057315138813264E-002
 -0.156243598389338     
 -0.305175043335248     
  0.211764231091008     
 -0.522210881346292     
 -0.108098479494466     
 -0.204728070927647     
  0.155159887209070     
 -0.409670520209854     
 -0.126792237411037     
 -0.138793652590692     
 -0.419995353715434     
  4.212179503642758E-002
  0.114838296287580     
  0.265049132552505     
  6.468683199976971E-002
 -0.399582851333557     
 -0.199507944905857     
  0.530907899320532     
 -0.173344533897253     
 -0.332431150123260     
  2.499943480513140E-002
  0.129487981243381     
 -5.388978553025056E-003
  4.652441611798745E-002
 -0.241719719615031     
 -0.162180416995747     
  0.139046662149088     
 -0.410345219185156     
 -0.367418428950764     
 -0.390190408130419     
 -0.458653269251929     
 -0.162648420764512     
  0.231517998800727     
  0.269627276006351     
  0.142033306527951     
  0.259252503722411     
  0.135823005154005     
 -0.432478474511991     
  0.246748478090000     
  0.482384496605957     
 -0.214347298833275     
  0.432366249402203     
 -0.493920229056680     
 -1.673935909445685E-003
  7.288416680064740E-002
 -7.740441561309722E-002
 -0.248556528062113     
 -4.419387461588610E-002
  1.661262354928216E-002
  0.550295579436943     
 -0.238819020703752     
  0.372835680342514     
  0.167767032756419     
  0.200397482705902     
 -0.216272422302850     
  9.681764355215058E-002
  0.105591860798445     
 -0.277044510844904     
 -0.317965300762895     
  0.280237052855598     
  0.194376243958665     
  0.572545968943341     
 -5.202534972680810E-002
 -0.385756863374989     
 -0.561722982110596     
  6.689604736257988E-002
  0.283920965337484     
  0.137669548177196     
 -0.514244948253623     
  0.114669012693821     
 -0.146922726144552     
 -0.168698317649696     
 -1.348035031704788E-002
  0.358017303460560     
 -0.120977059295985     
  4.344748888611873E-002
  0.216571366648177     
  0.603410720557122     
 -0.270575092014236     
  9.325661029960727E-002
  0.224153920616504     
  0.650184837257570     
 -0.459872451719550     
  0.307401242014237     
 -0.783943168516871     
  0.121851598475850     
 -7.244243488495115E-002
 
  4.084202505352644E-002
 -4.041138041948684E-002
  8.169990890510215E-002
 -0.448541243472036     
 -4.397342272324913E-002
 -0.378707818637817     
  0.235746332612771     
 -0.235438161330864     
  5.849328323543770E-003
  5.861734708234242E-002
 -0.257149280828689     
 -0.235940695619401     
 -0.235132249480124     
  0.133177544769229     
 -0.118000913724839     
  0.207539169280129     
 -0.106818185538324     
  5.262014319235972E-002
  0.263093477616394     
  3.982709618865635E-002
 -3.074675737980226E-002
  0.229398166212308     
 -0.371085233937397     
  0.370989345369604     
 -0.235501649025938     
 -0.369315760844979     
  8.344291444026233E-002
  9.692961611672476E-004
  0.482720558151061     
 -0.194199773973333     
 
  -4.69957979177433     
  -1.05767693597494     
 -0.702947761621891     
   6.62543319518432     
  -10.8576908389487     
  -2.31907601987317     
   2.50911788463638     
   3.87962978827591     
   3.42749481976070     
  -4.94077266475668     
   2.44826137226974     
  -3.06818106742916     
  -5.33818357181686     
  -2.10842930235918     
  0.192730572231213     
   3.40580224033060     
  0.770201421457060     
 -6.085952681230533E-002
  -11.4787582545373     
  -4.67354648081489     
  -7.38117546831901     
  0.983768749656147     
  -6.50214512880068     
   8.12507163199543     
   2.36544539957306     
  -5.14565824352391     
  0.171638053867107     
   5.37810076130919     
   3.12206848390702     
   2.87541681751245     
 
 -1.366165487804878E-003
 
  tansig  tansig 
