 0.152124057749662778E+01
 0.246292068090999239E+01
 0.182053604803433000E+01
 0.554281577659243130E+00
 0.362947851438112423E+00
 0.174602467518419258E+01
 0.119210104346262247E+01
 0.867123651835781106E+00
 0.464450850060618148E+00
 0.107875407616761421E+01
 0.638516019972687032E+00
 0.755090496088081764E+00
 0.553907502451887246E+00
 0.533606942284048147E+00
 0.468392617482148221E+00
 0.700879821330057662E+00
 0.648102968160717219E+00
 0.310368548958059876E+00
 0.433122250657281216E+00
 0.335610901189172084E+00
 0.359800483590900166E+00
 0.607757118360937265E+00
 0.464340087548671898E+00
 0.479607813515921799E+00
 0.589171416063797082E+00
 0.579629087902796325E+00
 0.570415867311879210E+00
 0.590643955358526984E+00
 0.824557649442649865E+00
 0.905594049695644943E+00
 0.796318598520104781E+00
 0.868751946155110644E+00
 0.142707255774980912E+01
 0.127499433419871999E+01
 0.130808848740228423E+01
 0.153779753543254372E+01
 0.318015497431039584E+01
 0.271696238834967563E+01
 0.270511820587646712E+01
 0.235665840416267613E+01
 0.649280882176157625E+01
 0.746531797152602472E+01
 0.745284735369317186E+01
 0.459681646397588128E+01
 0.118277949422425555E+01
 0.273513636210637445E+01
 0.191764780965552206E+01
 0.210115698671248818E+01
 0.128206281938859079E+01
 0.107687851842807092E+01
 0.117009103698053618E+01
 0.916587053681286679E+00
 0.452565012474136552E+00
 0.602975878874313365E+00
 0.577732647019366330E+00
 0.447737998771295942E+00
 0.283147881244953881E+00
 0.631264085771233940E+00
 0.365356023787319351E+00
 0.480367800273617973E+00
 0.382668155874939242E+00
 0.198978591482978362E+00
 0.291048058968269685E+00
 0.262202425141153717E+00
 0.256637057247690648E+00
 0.299865789280745310E+00
 0.284870429139084225E+00
 0.345376293187310945E+00
 0.376055730875033911E+00
 0.230270180779924671E+00
 0.310175190213428098E+00
 0.291571352119085525E+00
 0.375320623173007295E+00
 0.417313218298656641E+00
 0.399268120264993864E+00
 0.405675136361438538E+00
 0.617577017427677122E+00
 0.618409698373181937E+00
 0.607823336374056722E+00
 0.583747008268672873E+00
 0.113134129038222464E+01
 0.118326329564993582E+01
 0.117800284705074976E+01
 0.121296328795898534E+01
 0.302953137103814107E+01
 0.294213976992607762E+01
 0.294221318628496320E+01
-0.701217890654515119E+00
-0.430421403465222285E+00
 0.242707146667545492E+01
 0.180598861753599960E+01
 0.189766767765686861E+01
 0.872087151769444735E+00
 0.792596492376592021E+00
 0.829955364755804559E+00
 0.688689476822390012E+00
 0.324731133877794564E+00
 0.467575797143695349E+00
 0.391340881101653604E+00
 0.211036071942863224E+00
 0.119607767890707428E+00
 0.347419652642513233E+00
 0.221798144942843473E+00
 0.269547357865683734E+00
 0.194267841731361746E+00
 0.942641326420580877E-01
 0.159854087457006161E+00
 0.178389935849469272E+00
 0.150839771324023819E+00
 0.143948970631888801E+00
 0.135166560167228472E+00
 0.965293114083931036E-01
 0.972608746397207596E-01
 0.161132852073212901E+00
 0.136190942130392290E+00
 0.139187716639346898E+00
 0.158885983283190202E+00
 0.135535142954920085E+00
 0.155465096181729906E+00
 0.137536279590227795E+00
 0.194480098587783035E+00
 0.226691734776506199E+00
 0.219831940506628687E+00
 0.192361532094449700E+00
 0.355543072939419669E+00
 0.398987195069175737E+00
 0.406316807767916677E+00
 0.283847054808652743E+00
 0.642641082492492743E+00
 0.921360762269274436E+00
 0.919917500482405059E+00
 0.000000000000000000E+00
