 0.283922572408352725E+01
 0.182053604803433000E+01
 0.111724158453342248E+01
-0.288555146603137480E+01
-0.124021320722378814E+01
 0.782468404247352090E+00
 0.145887866386980924E+01
 0.156916664098783354E+01
 0.919280572558028974E+00
 0.458401283761837364E+00
 0.259789838720964339E+00
 0.999766499850046952E+00
 0.768387838687457636E+00
 0.352312236641400267E+00
 0.803055467159424108E+00
 0.848881114678340709E+00
 0.784943859251627907E+00
 0.325776274096594154E+00
-0.350198537764680295E+00
 0.679160781607699215E+00
 0.719089835586701365E+00
 0.344929232844725819E+00
 0.347624012734914556E+00
 0.770206348658539541E+00
 0.917960863237208935E+00
 0.411099618809123879E+00
 0.727914369650005527E-01
 0.300699120088608718E+00
 0.425062089189516878E+00
 0.581121962659976177E+00
 0.782578906993719237E+00
 0.963373123833955791E+00
 0.173977183093518373E+01
 0.104945798876972907E+01
 0.771025600861843241E+00
 0.280872381358431156E+01
 0.654080223942627903E+01
 0.244392030641455982E+01
 0.260469611529583922E+01
 0.531651918729065542E+01
 0.156206831501880750E+02
 0.718058252137467878E+01
 0.725158718035968342E+01
-0.933373227987487830E+01
-0.249266841640397763E+01
 0.191764780965552206E+01
 0.187884389321123413E+01
 0.423567676700228812E+01
 0.237838828613020903E+01
 0.107678449945457855E+01
 0.213997592033403050E+01
 0.164813675635212253E+01
 0.848205526618948769E+00
 0.554161880010798691E+00
-0.161075778574359840E+00
 0.748448798333843701E+00
 0.493807409515409745E+00
 0.365621860880136429E+00
 0.514655912667269178E+00
 0.208179219214030042E+00
 0.171766885324171309E+00
 0.301671456387016979E+00
 0.871162411545649773E+00
 0.528367856874102593E+00
 0.475423555394138109E+00
 0.271442924641453420E+00
-0.553746285422428763E+00
 0.427455798221334005E+00
 0.462256302584137413E+00
 0.293541936334694609E+00
 0.175921394240178552E+00
 0.599583978353565916E+00
 0.774167888523830006E+00
 0.379014031811604923E+00
 0.108330732080516495E+00
 0.584504520461391786E+00
 0.947070544080280241E+00
 0.614115054300229612E+00
 0.747139566155742840E+00
 0.854306400438674451E+00
 0.163797525065097038E+01
 0.117745256207776805E+01
 0.121299202008166929E+01
 0.139770116946288336E+01
 0.350263101529991827E+01
 0.295068928400682884E+01
 0.292414236831851415E+01
 0.655708905635813188E+01
 0.298588171077621300E+01
 0.134364640949268010E+01
 0.188943345713837862E+01
 0.228086421981844589E+01
 0.870129889716814042E+00
 0.512589435158626650E+00
-0.349816081274688884E+00
 0.927923018997458993E+00
 0.470782800924501255E+00
 0.260062833950395922E+00
 0.368731913137292089E+00
 0.533107975066242967E+00
 0.360462743451547551E+00
 0.175842356483028928E+00
 0.825421023448810603E-01
 0.381294602349448564E+00
 0.280631787848622971E+00
 0.129419494992278533E+00
 0.629528209493660507E-01
 0.152629541008772962E+00
 0.120647667628562147E+00
 0.102301036308477797E+00
 0.329310361708403387E+00
 0.141078121071149892E+00
 0.131787039608736306E+00
 0.955637247054118982E-01
 0.296348862880125748E-01
 0.455118483600607179E-01
 0.547763565415667064E-01
 0.115016920769525632E+00
 0.143962389159209142E+00
 0.195449616712779883E+00
 0.307558771871418946E+00
 0.180990188117337775E+00
 0.180383132296551230E+00
 0.270894889353798352E+00
 0.555735917790157741E+00
 0.371298065254517862E+00
 0.374048398820793493E+00
 0.413918975225165187E+00
 0.102802199357834945E+01
 0.922167380819141069E+00
 0.916910545698673252E+00
-0.391707881909958422E+00
