     33 -    30 -    30 -     1 
rmse=  14.7385meV
 -0.327992719412838     
 -0.190786168894886     
  0.188423754838317     
  0.274037125114929     
 -0.448159183063056     
  0.257801099091182     
 -0.189476082114942     
  2.336324560544112E-003
 -0.132684868762135     
  0.126220272758400     
 -0.149647228156689     
 -0.377523261207576     
 -0.353884390791318     
 -0.222629840950776     
  0.375835547148871     
  0.329358097588169     
 -7.150430423002216E-002
  0.572423448081617     
 -0.244195653710521     
 -0.270930915883558     
 -0.367765083937527     
  0.611039271233688     
  0.271952901945796     
  0.416027863307853     
  3.876252829358161E-002
 -0.224388416254168     
 -0.859562044625256     
  0.812833156932120     
 -0.189797509454828     
  0.372340778925508     
  0.187290482557394     
 -0.730517395275147     
 -0.283918195118969     
  0.514153775237142     
  0.550081240634779     
 -0.284761045755195     
 -0.317684387452192     
 -0.520530087223832     
  0.205301611068681     
 -7.013593200927880E-002
  0.150033315304395     
 -0.282348456835713     
 -4.301405344305182E-002
  0.640780304976968     
  4.585793794322537E-002
  0.194600320248729     
 -0.592622337772513     
  7.793229593912299E-002
  0.520441905212994     
  0.191346355784158     
  0.349102459008220     
 -9.339562364041117E-002
 -0.293449547634650     
  0.533815745477531     
 -0.204134665727268     
  3.195087449322070E-003
  0.177584644710309     
  0.100647553351554     
  0.478253759129005     
  9.658908912412120E-002
  4.825006308663526E-002
  0.396379645043599     
 -0.850778447064515     
  0.330728186578251     
  0.481667780161881     
   1.12632488024186     
  0.703922891826724     
 -0.608704989151782     
   1.02272201823531     
  9.176197837073917E-002
  0.224499053612598     
 -0.738215270613168     
 -0.336083758084719     
  0.767737846799362     
 -0.459207315050043     
 -8.541382643362246E-003
  0.318153175563699     
  0.439293308732170     
 -0.887747023924396     
 -0.272523020756475     
  0.540707282398100     
 -0.268194182165534     
  3.440006187507787E-002
  7.533133772386026E-002
 -0.249736401228920     
 -6.362439982421929E-002
  0.240021445938765     
 -0.250347811401704     
  0.348532200480158     
  0.511773401232287     
 -0.707173513289061     
  0.397123503610200     
 -0.224153713174591     
  0.587388131936482     
 -4.754372280198460E-002
 -5.405903590435058E-002
  0.328600028667442     
 -0.291412364549587     
  0.415430759648377     
 -0.474474773415483     
  0.159254031041471     
 -1.251483416530242E-002
 -0.236673749121061     
  0.150810068224588     
  0.385427285644027     
  0.409278238879533     
 -0.265428672410789     
  0.325923328882955     
  0.192509529080319     
 -2.463098844823909E-003
 -0.474196499010528     
  0.790942407290323     
 -6.980260666095998E-002
  -1.22355113396243     
  0.218510078120504     
 -0.222789185015400     
 -0.488445170512878     
 -0.601568730322232     
  0.226702105779078     
  9.036082739243378E-002
 -0.366437200636520     
 -0.328447710558254     
  0.184441329570120     
  0.207856051481900     
 -0.278245246950693     
   1.27570559779036     
 -1.929686089839526E-002
 -0.594326877787759     
  0.338072313846209     
 -0.387136958885682     
 -0.353918234796514     
 -0.205919434941877     
 -6.800636995658619E-003
 -0.401439334243315     
 -0.417040265738682     
  0.277935167756058     
 -0.325458509848788     
  7.170791406230438E-002
 -0.310741489993707     
 -0.328133042764940     
  3.048527622249981E-002
  0.101456800212853     
 -0.194594665469123     
 -0.200593788641939     
  0.197636021659353     
 -0.106575503972626     
  0.577601412450644     
  8.334684773680358E-002
  0.412923931915135     
  0.627988406815470     
  0.217232313909141     
  2.175144616973173E-002
 -0.283258575669658     
  0.203024061308977     
  4.163059265288283E-002
 -0.582305735419197     
  0.107174031581212     
 -1.411041831586925E-002
 -0.201936674378013     
  0.331642126856916     
 -0.388013280108689     
  0.293348109591489     
  0.104534360000435     
 -0.219750669798960     
 -0.351268044018574     
 -0.946259944033481     
 -0.683519338472190     
  0.444727638666567     
 -0.446334783118411     
 -2.171195204027233E-002
  0.178242398977333     
  0.294357796074558     
  0.407163194345448     
 -0.101178075815586     
 -0.300488843884716     
  0.102474091163490     
  0.101621765631225     
 -2.581027724448235E-002
 -0.234347599250559     
 -0.113266888644593     
 -0.604940384767904     
  3.515522124136288E-002
  0.722465263349614     
  -1.02815460009557     
 -4.460431470695000E-002
  0.602118868501703     
 -0.117251966168009     
 -3.399908995555507E-002
  1.796780643199775E-002
  0.234352747619390     
  0.108594586058909     
  0.325980384589005     
 -0.296085608146313     
 -0.398845632090340     
  1.169953002112634E-002
  4.318459228620312E-002
  0.438979263908730     
  9.604225095800657E-002
 -0.164894030010697     
 -0.545404343691147     
  0.219050444929228     
 -0.134377726317716     
 -0.414893438934034     
  0.355103561676427     
 -0.826355284189082     
 -0.418889384329990     
  0.148952262619419     
 -1.816735034404583E-002
 -0.899311230227350     
 -0.668716354930946     
  0.220368800073466     
  0.319844195280229     
 -6.848543556923506E-002
  0.858309986242308     
  0.507002210083881     
  5.823612620978481E-002
  0.615457098652453     
 -0.182641842862747     
 -0.200140222917440     
  0.185257787327133     
  0.541582313500189     
  -1.10602831709122     
  0.583648395159778     
 -0.216313775260492     
 -0.554336704763241     
  0.496149067528778     
  0.235051940312355     
  0.264077132301919     
 -0.253026899758088     
 -8.935785228981707E-002
  0.519345323558660     
  0.490902499594210     
 -0.201956281499219     
 -0.527980789183613     
  0.769795632153002     
 -0.805971763778316     
  0.342575626064147     
 -0.377904147184070     
  0.186517816054509     
  0.411342758551782     
 -0.339436298127883     
 -0.480497780285699     
  0.129916179725827     
 -5.917318662936552E-002
  0.335330582352659     
  0.559248092655756     
  0.125469396114353     
 -0.130951720241639     
  0.332652945129404     
 -0.206898251934598     
 -0.158699816756368     
 -0.206710806075958     
  0.484115581605261     
 -0.366974515593999     
  0.639776627525038     
  5.985453734692003E-002
 -0.506382709609882     
  0.695539092358238     
  0.675751432503864     
 -0.341957447929712     
  0.240394868712688     
 -0.162327139590368     
 -4.216315038780195E-002
 -0.125521780174463     
 -0.255057527852921     
 -0.307908340329503     
 -0.307463218068760     
  9.006616775198428E-003
  8.550754729024063E-002
 -0.304773297634405     
  0.346058731857097     
  0.428127006955906     
 -0.579187822086721     
  0.646670321140916     
  0.161993136256266     
 -0.244610706991884     
 -0.219558370119226     
 -0.517036385508828     
  0.172343497825640     
  8.787970676540066E-002
  0.550168173478844     
 -4.758252983333423E-002
 -0.285287839783911     
  0.148418860224067     
 -0.525208606251758     
  0.357478334865698     
  0.584990657979031     
 -0.216881253649760     
  0.362354719437339     
 -0.107442648852118     
  0.788056790980161     
  -1.43366110396866     
  0.366934607338010     
 -7.112909908459178E-002
 -0.239985497783536     
 -7.919030484654066E-002
 -0.478577636908793     
  0.481304730138043     
 -0.652221361296378     
  0.677837125793153     
 -0.458589432913833     
  0.873355112195285     
 -0.565887085086702     
  0.555740128362139     
  0.167721202755549     
 -0.215519911155284     
  0.150959006900971     
  0.786488546437955     
  0.544642334644237     
  0.282224603828125     
  0.782093807136250     
  5.192210990703125E-002
 -0.101903249228714     
 -0.338786412394071     
 -0.260347892656040     
  0.189966059043145     
  0.141903344906978     
 -0.124747480696238     
  9.535429491763324E-002
 -0.300509478570352     
 -5.768281559227642E-002
  9.129488687668905E-002
  9.241578238850945E-002
  6.589563183423643E-002
  8.254919926753693E-002
  1.842831192274821E-002
  0.679683802415016     
 -0.710816072050394     
  7.986997515092617E-002
 -0.197629593297865     
 -0.368147663020059     
  0.698142279490347     
 -6.944344328654130E-002
 -0.356656664122298     
  0.153974422678907     
 -4.838911142805044E-002
 -0.307570459102282     
 -0.260246060636524     
  7.909823003519274E-002
 -0.250487937008544     
 -9.108869372911728E-003
 -0.738725784776884     
  0.306518142549391     
  4.549172731719363E-003
 -5.311764705193063E-002
 -0.279229644639658     
 -2.029098192610812E-002
   1.12356261796706     
  0.496525669022420     
 -0.166536189143870     
 -0.564666461006224     
  0.139600473464327     
  0.134610746810273     
 -0.508291204127612     
 -0.230476089729077     
  0.277301943935326     
 -0.302661223214660     
  0.351293932465330     
  0.206851127257243     
  0.294037270549595     
  0.445530424681038     
  0.498776016814609     
  0.575679286163207     
 -2.318211000282171E-002
  7.145769131052851E-003
  0.447333183519276     
  7.497253417104248E-002
 -0.219644502882170     
  0.338970363220973     
  0.183502712734992     
 -8.023183806329226E-002
  0.314527331929232     
  5.750225222845343E-002
  2.280579155742891E-002
 -0.202234432015126     
  0.136353828975658     
 -0.259707327774681     
  0.109477002780563     
  0.325673141346333     
 -0.101832670649647     
  0.233732523136324     
 -0.343299290126970     
  0.126536136839055     
  0.124217632362463     
  0.134315253619527     
  0.326184125252326     
 -0.236865025542832     
 -0.141950574632682     
 -0.232788959805715     
 -0.452716133893811     
 -0.376222465822544     
 -0.461009715399520     
  0.275754507512535     
 -0.135742906469150     
 -0.308730303179964     
 -0.221484129209402     
 -6.127535902663239E-002
  8.553321966305837E-003
 -0.673704997688069     
  0.498282429808957     
 -0.411755804929596     
  1.554128706083899E-002
  0.328188446099385     
 -0.304171850519337     
 -0.276586075684569     
  0.156860822840294     
  0.481503170470772     
 -0.105699911860521     
  -1.34552395915291     
 -0.255679521750317     
 -0.705079085052522     
  0.572191112743816     
 -2.849572387687384E-002
  0.123626441911851     
  0.410033008952370     
 -0.618784696710552     
  0.635064931737126     
 -0.213511447852729     
  0.859302000302194     
   1.64360410601825     
 -0.626046588120192     
  0.176058074255454     
  0.645563780648622     
 -0.331225862743468     
  0.464710856195806     
  1.625068253455195E-002
  0.390363129840091     
  0.161644147539619     
  0.475986728631298     
  0.299668072437979     
  6.453486973035527E-002
  0.232330209076440     
  0.264868812743075     
  0.214406264570142     
 -0.373188567278979     
  4.908229627548222E-002
  0.254660391146414     
  0.162455756985565     
  8.455580893918992E-002
  0.111147271338704     
  0.595858821108367     
 -0.354405051121841     
  0.150033796023098     
  0.305885602155810     
 -0.703921437121057     
 -0.306404505093325     
 -0.542062136725786     
 -0.383845970217310     
  0.195873710208193     
 -5.950873560716428E-002
 -0.319268760028418     
 -0.209517127995535     
  0.306239474909138     
 -0.895492252330552     
  0.529644273593080     
 -0.168055440331481     
  0.222917352832129     
 -0.570328423935717     
  7.074967647353415E-003
 -7.553140194005070E-002
  0.227357039995080     
 -0.470564591975380     
  0.333565264657499     
 -0.221418241835152     
  0.291696686331844     
 -5.855572217874381E-002
 -0.354226095713813     
 -0.218551479918250     
  0.874947370712860     
  0.106310160658248     
 -3.337957518669205E-002
 -0.130377249831174     
 -0.447565637355990     
 -0.711881753225687     
 -0.265672451391099     
 -0.517019908941957     
  0.422100488614969     
  1.077504546354825E-002
 -5.585049075893642E-002
  0.173659159264735     
 -8.600308039766594E-002
  0.158803602964188     
 -0.232764716780164     
  0.241509806489765     
  0.615151146733625     
 -0.400218059918420     
 -0.149585125571036     
  0.139927671360284     
 -0.226302805334402     
 -0.154060671168723     
  5.306779941382578E-002
  0.127486077061685     
 -0.101899462309879     
 -0.116752284421113     
  0.125723626432546     
  0.456454035081255     
 -0.531526135329731     
  0.198653335441080     
  0.148574329553737     
  0.134440908573870     
   1.01088225901261     
  0.262060144795095     
 -0.730702640302401     
  0.192836695761575     
 -0.250522642531452     
  4.645878666214410E-003
 -0.591678433063393     
 -0.244477260735139     
  0.307187492492437     
  7.904395077342619E-002
 -0.262381578385443     
  2.296589096305547E-002
 -8.811423804233035E-002
  0.257252379033302     
 -0.311450004702735     
 -0.142990516805392     
 -5.085890841260987E-002
  0.240065067210974     
 -0.495091041852985     
  0.328719336504347     
 -0.925068946445571     
  0.158054134805795     
  0.292639997432994     
  3.505329602057629E-002
  0.392376713111407     
  0.329586917837970     
  6.593610305259129E-002
  0.582860713687041     
 -0.298676479100168     
 -0.363831718312089     
  0.398277947372775     
 -0.167771123805128     
  0.641774227682708     
 -0.136728219566368     
 -0.328004230092166     
  0.887844275247774     
 -0.754742200473413     
  0.449781759115679     
  0.170745472208446     
 -6.791756990845466E-002
 -8.045894538826906E-002
 -0.257388740601514     
  0.353335701428424     
 -0.569503967138610     
 -0.216721222194061     
 -7.100993980056516E-002
 -8.281293062842536E-002
  5.393135864924847E-002
 -0.162176727973550     
 -3.648911211463778E-002
  0.135870404792389     
 -3.372127921946574E-002
  0.341438798625808     
 -0.382265956622733     
 -0.390924269840376     
  0.642758758174531     
  0.185293174532350     
 -0.593669500327960     
  0.310368859712944     
 -0.119493228799292     
 -0.260235704034555     
 -0.202197557234774     
 -0.157368057471592     
 -0.539656515949176     
  0.696113348405074     
 -0.266845072330572     
  0.281338432997152     
 -0.306885874686842     
  0.822956041561826     
 -3.824123892128137E-003
  9.784480615134165E-002
  0.300250615223247     
 -0.301616651867474     
  0.307179264017699     
 -0.406749934180738     
 -8.172241435183267E-002
 -0.662245858108243     
 -2.339133092671428E-002
 -0.194134806968920     
 -0.494568736753988     
  0.413536614930541     
 -0.397933791334019     
 -6.656646445242140E-002
  7.325073327929602E-002
  0.653652489808822     
  5.069072285781891E-002
 -0.620852170907074     
 -0.499823752307708     
  0.593425589623010     
  -1.07310167843170     
 -1.173045394541544E-002
  0.160613193145507     
 -0.564905104791718     
 -0.693579543091921     
 -0.292087473104634     
 -0.149183077409761     
  2.922638141275128E-002
  0.164620902656897     
  0.275269206912833     
 -0.290613689701088     
 -0.749015582564512     
 -0.482784061577535     
  0.219069350285202     
 -0.285643528643739     
 -5.687023203022828E-002
 -0.156139795668006     
 -0.505219449637129     
  0.298709373473886     
 -0.326745667786800     
  0.380195305771718     
 -0.148342201991915     
 -0.254163292612941     
  0.196972062672970     
  0.606339648738797     
 -6.791206832508451E-002
  1.467063391411320E-002
  0.607323116804705     
  1.526332544921080E-002
 -0.156027916029921     
  2.790514941881968E-002
  0.214714014890052     
 -0.549802761259565     
 -0.259821382665789     
  0.364945343227866     
 -2.774473002091516E-003
 -6.060057620194224E-002
 -0.231533272161919     
  8.345721879426858E-003
 -0.112720109689701     
 -0.269936140454220     
 -0.322707905241172     
  2.154292001879590E-002
  0.147397256537510     
 -0.382952490441616     
 -0.755656873060049     
  1.337409590239247E-002
  2.732784586749178E-002
 -8.213297447010405E-002
  0.309491465491650     
  0.306507351905846     
 -0.435713104455664     
  0.528552250466208     
  0.257699100404048     
 -9.143935713717853E-002
  3.350187159871351E-002
 -0.159641298156082     
 -0.151287793265244     
  0.240966865264283     
  0.246037598679165     
  0.212675487233919     
 -3.225398491081733E-002
 -1.647094154247783E-002
  0.270567305555438     
 -8.538012291661207E-002
  0.202864212990169     
  0.486188555716707     
  0.579545130363692     
 -0.593238234364044     
  0.367842035983385     
  0.648814781470676     
  0.284776621234040     
 -0.127844695497691     
  0.454279512677380     
  7.154854595771333E-002
  0.605038341964699     
 -0.431843087854337     
  3.137162984625445E-002
 -0.341541496812563     
 -0.386640782833671     
 -6.809495074922600E-002
 -0.297078163948414     
  0.119086061516248     
 -0.147579714673416     
  0.427182707410154     
 -6.246744544505740E-002
  0.109850039741237     
  0.362285145001938     
 -8.007553457502380E-002
  0.187070943048838     
  1.502941191124363E-002
 -0.445017535830431     
  0.671590842613371     
  0.221149215217101     
 -0.354703094449278     
  0.530587663990184     
 -0.698757685259085     
  0.141847107182285     
  0.505618368541605     
 -9.253720544701633E-003
  0.229967466003432     
  0.385027577019215     
  0.321257115099538     
 -0.484057817461190     
  0.336071156389743     
 -0.104973423144627     
 -0.191351045114431     
  2.218090278003321E-002
 -1.316178819974149E-002
 -2.413648884238177E-002
 -0.482967354937170     
 -0.247869628745466     
 -7.101185285530327E-002
 -5.616476230052870E-002
  0.196740898133788     
 -0.127780908596352     
 -1.772215222809202E-002
 -0.505820211966496     
  0.298977856673478     
  0.619229935683082     
  0.260855101277967     
  0.161181364204296     
  0.275502454516578     
 -0.335079853561521     
  0.148424627395945     
  3.107502301247055E-002
  0.902585967928902     
 -0.615745390326256     
 -0.127180586634111     
  0.103528510857425     
  0.167654025276475     
  0.389828012318845     
  0.121564880534375     
  0.378146196388131     
  9.256122381685489E-002
  0.474061404882197     
  0.440215282733741     
  0.647915290916606     
 -0.110892394551588     
 -0.471583675544227     
  7.998573288521332E-002
  0.459012643800493     
 -0.116731339027609     
 -0.576006086453333     
 -0.891231122308322     
  0.568767784385874     
  9.164550761875470E-002
 -0.388570685250568     
 -0.443264762589211     
 -0.647787287085165     
  0.122242141539502     
  0.440173205883700     
  5.023600197007493E-002
  0.189245309977835     
 -0.387598491499392     
 -0.333575545899986     
 -0.172298580125249     
  7.882653104111548E-002
  0.226473521102191     
  0.128855769004454     
  0.257134413362736     
  0.191505474241013     
 -0.120324459616820     
 -0.126198107906753     
  0.275158603022821     
  0.542208690242529     
 -0.186300637053263     
 -0.569847211419199     
  0.216347642861559     
  9.450549021102717E-002
 -0.148135988891946     
  0.445948898332377     
  0.609972739270606     
 -0.702067838642584     
  0.261294868706422     
 -0.407731898892053     
  0.420562691180047     
 -8.512103310606023E-002
 -0.163259662639256     
  0.201532689051443     
 -6.700209482591474E-002
  0.219699270011316     
 -0.159426016720536     
  0.535076943660551     
 -0.151172687771329     
  0.719240815269637     
 -1.278257952247557E-002
  0.122617894521970     
 -0.215347692809040     
  9.999505916371416E-002
  0.314550902540463     
 -2.150908641697778E-002
 -0.177274373158101     
 -0.208930242377403     
  0.398154544348724     
 -0.296241910651309     
 -0.867975777072204     
  0.618775923953250     
  0.426801049122903     
  0.211425211864893     
 -0.221893277032537     
 -9.110665385530908E-002
 -0.372468213012354     
  0.428279671629683     
  0.178344056082777     
 -1.808695434870089E-002
 -0.856533944993914     
  0.536857399479969     
 -0.196133220034157     
  0.271834676095298     
 -1.578786869268306E-002
 -0.294821128119765     
  0.399366475862331     
 -0.120819012163013     
 -0.369111849054012     
 -0.159037917773772     
 -0.486117942650965     
 -0.475744623744148     
  0.128467065171393     
  0.367209827174905     
 -0.268123824545716     
 -0.124152872099431     
 -0.368313784823445     
  0.197610622799860     
  9.085025704361820E-002
  0.161483502728835     
  0.213145076517466     
  0.837231497588642     
  5.314776006735893E-002
 -0.522561353928574     
  0.444503750534044     
 -5.173780105296703E-002
  0.477004947127187     
 -0.384372908922208     
 -0.326400136505215     
 -0.401105863070197     
 -0.558471578503103     
 -0.809009139082181     
  1.364330626824188E-002
  0.399693579533542     
  0.297381009104933     
 -4.231369049042506E-002
  0.142003007439482     
 -0.646408996880493     
  0.173113758781241     
  6.473672534248955E-002
  0.492716159196210     
  0.454628807983304     
 -0.705661335248473     
  0.322885224801748     
 -0.188312308303957     
  0.277396614884990     
  0.499278535656420     
 -0.826683524435604     
  0.831746819811162     
 -0.170736680787724     
 -0.577680962511986     
  7.055759805358203E-002
  0.660672775189281     
 -0.262683409101512     
  5.376206302167072E-002
 -0.318194857087355     
  0.443471889359337     
 -0.351133763875071     
  0.463988848955473     
 -0.274066800019783     
 -8.030543655867423E-002
 -0.378526744672086     
  0.390622722382781     
 -0.842135661014662     
 -0.324240672271772     
 -0.398107310384830     
  0.129767135168220     
 -0.740878350727011     
  0.453062534477351     
  0.995718791693788     
 -6.874465521373295E-002
 -0.177776067703343     
  0.461501978655069     
 -0.271232063285392     
  0.855298379801589     
 -0.418520278042130     
 -0.645875593483607     
  0.443377367293981     
  0.519834053051429     
  9.612012076173806E-002
 -0.519536817915116     
  5.122908326640171E-002
 -0.158830978140907     
  0.430610868219840     
 -0.412327179019617     
  0.586596150714707     
 -0.104901370185853     
  0.347162430829517     
  6.153182418494057E-003
 -0.214819056734105     
 -0.447950272278499     
 -0.399179486647670     
  0.170873109778146     
  3.480297262232555E-002
 -6.984549902099724E-002
  0.236807492853418     
 -0.104304780276022     
 -0.683624484443634     
  0.218280274134411     
 -0.121839187242640     
  0.426695295851942     
 -0.194295503720726     
 -0.343205220639514     
  0.310385701390316     
 -0.520342135554150     
 -0.120804001885037     
  0.300737615784614     
 -4.138763179818148E-002
  0.465618383786987     
 -0.560125398110951     
 -0.235690720575858     
  0.317665790027771     
  0.301294960560215     
  2.759028497350050E-002
  0.140310093896239     
  0.133619350639009     
 -3.953502341210194E-002
 -0.245753461206018     
  0.326694671941077     
 -0.441826957291977     
  0.108846787091140     
  6.001931106101173E-002
 -0.481950086389905     
  0.139329035386994     
  0.349243207965487     
  0.509112154122689     
 -0.300825595540601     
  0.469132297368613     
  0.123276600721490     
  0.379390607371520     
  0.825778916273409     
 -0.535556005461774     
  0.481248423109247     
 -0.910289434841531     
 -0.214632019441791     
 -0.382398615476265     
 -0.245877472322990     
  6.020564327980980E-002
  0.187380415209217     
  0.330321664400266     
 -0.387099137084915     
  0.696630221789682     
  0.312860312214824     
 -3.102437798899951E-002
  0.422989788197395     
  0.798832728921916     
  0.768037476163108     
 -0.424728897700997     
 -0.125215709957190     
 -0.169278325412019     
  0.986420380561342     
  -1.01394078070690     
 -0.448911411625106     
  0.268960067044679     
  0.102407528680760     
  0.247636605433449     
 -4.252388558325708E-002
 -3.521606964146302E-002
  0.407559104062062     
 -0.590682045967358     
 -0.389465455078563     
 -0.305790700047270     
  0.101382253981305     
  3.488916577447834E-002
 -0.485308642414069     
  0.134061354521389     
 -0.107525452649992     
 -0.283819902829004     
 -5.271109050449764E-002
  0.258929068796281     
 -6.233583285281800E-002
  0.287191838974596     
  0.112849094089777     
  8.943142595751731E-002
 -0.268704485788701     
 -0.185566690789152     
  0.237763974119306     
  0.171656139764312     
  0.169105779335550     
 -0.450129377633082     
 -0.256915507503343     
  0.172081339533387     
 -0.697974014099872     
  0.338345321626692     
  0.359448209911665     
  0.323180357929267     
 -0.148094809314008     
 -4.765387866524651E-002
  2.646806846848590E-002
 -0.111270797067783     
  0.301454572282827     
 -0.183277547244995     
 -0.268202912993044     
 -5.645161087377784E-002
 -0.703503490942280     
 
  0.694126696029197     
 -0.403134092644890     
  -1.33403498677937     
  0.246961934810910     
  0.766248047378620     
 -0.263479075414998     
 -0.380493243670433     
  0.296776394931548     
  0.147555641059267     
 -8.501962295299328E-002
  0.658910554834535     
  0.194149272595359     
  -1.10132688712227     
  0.333678479959591     
 -0.147617879929593     
 -9.097917096945472E-002
 -0.280996434024423     
  0.610032238623486     
  0.129162723416616     
 -0.583662513879511     
  8.910907474095271E-002
  0.368124416287889     
 -0.810849373423433     
 -2.920088919175105E-002
 -0.730715244097817     
  5.430610202638186E-002
 -3.267954953905966E-002
  0.774529880086587     
  0.225455236140485     
 -1.394733925697181E-002
 
  0.459683156423103     
 -0.236743257385338     
  4.265726930407805E-002
 -3.946204820756203E-002
 -1.332022510714102E-002
   1.03580247718664     
 -0.839034512785308     
 -0.231648666069092     
  0.220652387997378     
 -0.605928501912874     
 -0.401509278615164     
 -0.237881083943060     
  0.169170072624427     
  0.123364945027883     
  0.125595183954010     
 -0.119062634871201     
  0.383009564481931     
 -0.498005629794505     
 -0.773613000267714     
 -0.838330659881472     
 -0.203221756914385     
 -0.600380885199345     
 -0.202372306282859     
  0.918684292910043     
 -0.864185447600798     
  0.498526593429299     
  0.261044621958423     
 -4.349082903210533E-002
  0.679711706367036     
 -4.504836703955888E-003
 -0.275363152698223     
 -0.656850786683054     
 -3.084045014223832E-002
  0.220779023521086     
  2.735009227292248E-003
 -0.246934827660688     
  8.692855781842479E-002
  0.383655821018257     
 -0.199501538216247     
 -0.548994236387568     
  0.395532281971902     
  0.116250511275195     
  0.731291918113459     
 -0.690761070801797     
  0.166263155525522     
 -0.960350792532167     
 -7.092343103593138E-002
  0.290821817867181     
 -0.267850927458651     
  0.591775019151244     
 -0.314303019878412     
 -0.146543500434535     
 -1.960898964908535E-002
 -0.429051578289625     
 -0.316544778302223     
  0.189895579227792     
  0.135610541382961     
 -0.302072152592013     
 -0.129040296301559     
 -0.381206725311641     
  0.401007053639136     
  3.670096063079767E-002
  0.212410639681247     
  6.115649818907663E-002
  0.220207266876259     
  0.328063533590614     
  6.169071250067265E-002
  0.282283649866001     
  0.160350567793504     
 -0.232501705805627     
  0.289177846884213     
 -0.439217541724286     
 -2.029940019432065E-002
 -1.849672681143684E-002
  0.342283905020234     
  0.211884698023005     
  0.150727268709973     
 -0.161803486125696     
 -0.539543316719371     
  0.346889273958471     
  0.512878976227717     
 -3.750864071616082E-003
  2.365059885586155E-002
  8.669562563105709E-002
  0.360937538217933     
  9.356722297586332E-003
  1.810060584604400E-003
  0.596002501099069     
  0.136786637723003     
  0.509592977769069     
 -0.486110017309202     
  0.152855206606244     
 -0.169118338404033     
 -0.512588850528771     
 -0.582131358456761     
  0.406826995254792     
  0.165524415699149     
  0.394875050528144     
  0.343323708468860     
 -0.172005484664411     
 -1.108025326049500E-002
  0.114857835315575     
  0.222620447799646     
  0.772830831570817     
  0.311577369770857     
  0.339704717645819     
  6.118460268095299E-002
  0.142347612673821     
  0.169131265281242     
 -0.362780422272650     
  0.544321476022633     
  0.406701545080728     
 -3.744945973261151E-002
 -7.315807860751417E-002
  0.133984066217359     
  8.963356728989959E-002
 -0.439754951737690     
  0.380820851212873     
 -0.364546076321430     
 -0.627873310597619     
  0.743260630512715     
  9.389962046170101E-002
 -0.133407868941027     
  0.340637881555216     
  0.116312188607200     
 -0.200611861551296     
 -0.376906051810691     
  1.878259985246007E-002
  6.448635854739802E-002
 -0.907975526841021     
 -0.175822560622829     
 -0.747767275227165     
 -2.076106055853062E-002
  0.219992004709162     
  0.331040824507783     
 -0.153296835186450     
 -0.868580605422992     
  0.136867865745797     
 -0.493599697897894     
 -0.488973397834206     
  0.623100486897980     
 -6.480958300678043E-002
  0.142660237405229     
  0.216558545167323     
  0.331210044699367     
 -0.467045730996871     
 -2.666940203873353E-002
 -7.433950495146043E-002
  0.485180117756622     
  5.383771985394439E-003
  0.110391140601271     
 -0.103616243515484     
 -0.428807366285480     
 -0.357043848201575     
  0.479754866540977     
 -0.204316374393114     
 -0.294854550801693     
  0.210331382789944     
 -2.684910180321021E-002
 -0.114514286467588     
  0.281683655475300     
  0.204356244313405     
  0.306734450973349     
  0.255297712803173     
 -0.342837523759427     
  4.741461916836040E-002
 -0.282579420069279     
  0.455752387902696     
 -0.121546891272770     
 -0.128860597534347     
 -0.426689049683817     
 -0.376875901869994     
  0.322489892897775     
 -1.594497029211384E-002
  0.468554224244038     
  0.246414892799633     
  0.313121278953005     
  0.107936791981632     
  0.183533185482122     
 -0.218276098879711     
  5.710636597019081E-002
 -3.784560823109868E-002
  0.392739545121479     
  0.125280699441709     
  4.560562159124112E-002
 -0.406427799365238     
  0.459898323693068     
  0.145315038974771     
 -0.141521897065510     
 -0.270582429126066     
 -0.912655623827661     
  9.094927717210924E-002
  0.431966639436833     
  5.643399757361350E-002
  0.448540328786172     
  0.144045426951452     
  0.356536942250953     
 -0.339687511661725     
 -0.444855003378907     
  0.416452225628492     
 -6.108524078429314E-002
  0.521011547007372     
  0.268528167360012     
  0.140282845621412     
 -9.270147954515476E-002
 -0.285558979881413     
  0.432876664432859     
 -2.541238544458704E-002
  7.351554161601314E-003
 -0.303157064052246     
  0.408690441532286     
  0.377051457528429     
  0.485088998814980     
 -0.669686539719798     
  0.731040596705947     
  6.175617425212910E-002
  0.881935559234255     
 -0.196258351134477     
 -0.134427934122895     
  3.052993236730620E-002
 -0.286720546582681     
 -0.147642909919752     
  0.954554744232225     
 -0.406333639132716     
 -0.166421490898361     
 -0.153209161010237     
  0.121707582378624     
 -0.655760548262498     
  0.452219832887955     
  0.164146993928527     
 -0.208522851466963     
 -0.296655692249441     
  0.557492431911246     
 -0.387982540388046     
 -2.701628037534196E-002
  0.243061075961108     
 -0.182373289575604     
 -0.371859295116783     
  0.267400678453918     
  0.183824236937939     
 -0.134598883144164     
 -0.750677025677016     
  0.873847565007743     
 -0.876884776150688     
 -0.360964449000112     
  0.716490072872696     
 -0.619274724480011     
  0.172957112400047     
  0.375793088164564     
  0.287145244829597     
  0.741819163658684     
  5.651899910465683E-002
  0.276238435506401     
  0.618054528509518     
  0.690912711178678     
 -0.321093229825613     
  0.238390337685251     
 -0.275383585181399     
  8.305895050770551E-002
  0.183528608794630     
  7.700645350755762E-002
  0.485706775394681     
  -1.20784644887740     
  0.158551512928853     
  3.516438742426875E-002
   1.25601966865717     
 -0.185043880667485     
 -0.179922790536888     
 -0.249602531849555     
 -0.615206008630633     
 -0.523501992010811     
 -0.366952176996901     
  7.875884791849574E-002
 -0.488410676276876     
 -0.160733712407785     
  0.814042885277478     
 -0.920432133608343     
  0.425313320368732     
  0.299740621059624     
 -9.318380948670404E-002
  0.218281560409751     
  0.562771537031730     
  0.612247517429337     
 -0.915339868797121     
 -0.571267742922226     
 -0.932521496027142     
  0.675121171144879     
 -3.268719826369115E-002
 -0.399813275800928     
 -0.180772617884900     
  0.104380527041626     
  7.066853382108307E-002
 -0.855502766305854     
  0.401294483991352     
 -0.142073779189299     
   1.16847130685834     
 -0.489598862392608     
 -0.444363244389411     
 -0.511484826598737     
  0.225686266290413     
 -0.583029821000336     
  0.295487253633705     
  -1.20569672746056     
  4.226134652281076E-002
  0.601831051977381     
 -0.267392600322675     
 -0.770917008189617     
  0.655439839139684     
 -0.129114435684864     
 -1.721681883424747E-002
 -6.304721906625520E-003
  9.131908734682137E-002
  0.546042211386181     
 -0.658646514089336     
 -0.466067806643893     
  0.349913941950051     
 -0.268188308575376     
  0.215790481253464     
  0.670198170323640     
  6.610788775482077E-002
 -0.262299870378548     
 -0.272571817856976     
 -0.535970808817301     
  0.338562647950567     
  0.571349661397003     
 -0.122305729109862     
  0.519174362470719     
 -0.368144408043158     
 -0.121276440083487     
  0.668421868847566     
 -0.222699541636129     
 -2.871804109975012E-002
  0.110910765392698     
 -5.712570579583080E-002
 -2.246821974331387E-002
  8.818582712969843E-002
 -0.969182349474737     
 -9.090324932008081E-002
 -0.426625569655894     
  1.193083457777932E-002
  0.650193056108144     
  1.667690062762204E-002
 -0.253805976381774     
  0.102869429878558     
 -0.105376996243392     
 -0.118838069084968     
  0.414066556545619     
  0.168625051838546     
 -7.880172942487934E-002
 -6.402968078686119E-003
  0.303060078349927     
 -0.488846904579304     
 -0.150601611218619     
 -0.516223044229897     
 -0.112014786662228     
 -0.318388386399647     
  0.596391420055369     
 -0.626516180980734     
  0.329908922235372     
  0.735720547928575     
  0.220811524950445     
 -0.126763360749354     
 -0.124544902808656     
  0.424940956396903     
 -0.238730292998169     
 -0.589905604538457     
 -0.213911559117966     
 -0.754418519272402     
   1.21029230726346     
  0.890040310510873     
   1.22480823965529     
  0.188746832418148     
  2.226030958363747E-002
 -0.186854641068239     
 -9.069275510988065E-002
 -0.746758721172657     
  0.304718400730378     
 -0.133996007973136     
 -3.268923697297309E-002
  0.501723728823201     
  0.191241489941081     
  6.975519650170604E-002
  0.181696616783179     
 -0.175051291815485     
  0.131085278891938     
  0.202106988834831     
  -1.19636408605680     
  0.170415398397557     
  8.565891353134952E-002
 -0.645385689513516     
 -0.233277226120160     
 -0.146504176433870     
  0.682444062935710     
 -0.528428703433225     
 -0.106162286556236     
  0.936944438813535     
  0.678392583414489     
  0.696822246874347     
  0.552519419068243     
  0.167201400741563     
 -0.534039405225838     
 -0.509427559056532     
  0.579388216333154     
  0.794028039277669     
  -1.06906742849341     
 -0.218112250518212     
 -3.611233340009892E-002
 -0.256869523387456     
  0.523812180350555     
  2.325708493778875E-002
  0.174602824051181     
  0.123096712591283     
 -0.785991308219332     
  0.699661835341430     
  2.125896780186090E-002
  0.542655235319794     
  0.827644563839057     
  0.823840101460655     
 -0.428418417238368     
 -0.260405278347531     
 -0.633745613764949     
 -5.736139918511385E-002
 -0.181581698470477     
  0.198764811530685     
  4.861425132828566E-002
  0.239290294591813     
 -0.850972953266537     
  0.115533822703414     
  5.333210184873360E-002
  0.484581335545002     
 -0.120327973978107     
  4.189037597150821E-002
  0.619312316241801     
  0.393268092362552     
 -0.242336662782454     
  0.190581903905872     
  0.416741877612475     
  0.724838685018383     
  2.090478067212491E-002
 -0.129485393110895     
 -0.548635551253163     
  0.471317116323810     
  2.082145544031321E-002
 -0.158797898815925     
  0.216385250542388     
  0.274128892241405     
 -7.616036152728098E-002
 -0.153953124406886     
  0.614097314846541     
 -0.470810531101350     
  0.160701634401241     
  0.139888143977364     
 -0.297928729793308     
  8.340625822173101E-003
  0.198569625772069     
 -6.244046445051377E-002
  0.442162458621788     
 -0.288079190778423     
  0.341760001574632     
 -0.219042542269112     
 -0.380830341827015     
 -8.301287938882172E-002
  6.682446623527920E-002
 -0.195173597509310     
  2.371255088338022E-002
  0.532402252174203     
 -0.127628916825269     
 -8.230128943201824E-002
  0.123980028184758     
  0.456611557097747     
 -7.289911042399151E-002
 -0.528082348656838     
  5.986369237774321E-002
  0.147363671827452     
 -0.269419359745529     
 -0.346275327736461     
 -0.721399495991867     
 -6.435064324929154E-002
 -0.685995448704475     
 -0.574516900820851     
  0.435209605575542     
  0.357306671614687     
  0.731928299916447     
  7.349866115804447E-002
 -0.114180524744824     
 -0.610046312871612     
 -7.601368423969375E-002
 -0.151140951919509     
 -0.457812934623177     
  0.173870393632197     
 -0.165164357850817     
  0.313476972888139     
 -0.696578970324261     
  2.237269007309769E-003
  0.964166978548591     
 -0.841319742025924     
  0.293169284720175     
  5.754932201861435E-003
 -0.508850071649962     
  0.363024343140261     
  0.466099866538514     
 -1.932015914169541E-004
  0.418455766978687     
  0.804928102475718     
  0.127362814631580     
 -0.305654735304850     
 -0.562554290111533     
  0.177419381088908     
 -2.915890387907541E-002
 -2.165923285978172E-003
 -3.542385670108356E-002
 -0.450115125299592     
  0.683977720030384     
  2.150650754729987E-002
  0.103078714709354     
  0.173295689042632     
  0.150144480421827     
  0.436753630222504     
  1.410401613659972E-002
 -0.228525438423301     
  0.354856075577647     
 -0.122725829642497     
  0.450796912823134     
  0.447098241466246     
 -0.391062606528658     
 -0.500362441697025     
 -0.695564109788240     
 -0.638147290405249     
  0.417184555281786     
  0.295789635030084     
 -0.118905015712598     
 -3.174572733567275E-002
 -5.787281489821432E-002
 -0.335449607814987     
 -0.488452537079073     
  0.337192930216850     
 -0.652734374733803     
  0.636788952295172     
 -0.190535806067231     
  8.788135593215060E-002
 -0.363176622708728     
  6.629311798481724E-002
 -0.481531275549439     
  0.761210909076652     
 -2.309390749456715E-002
 -0.501002207132787     
 -0.217499691422490     
  0.459952997548106     
  0.367301538484244     
 -0.277067438575304     
 -0.260349298127420     
 -0.774216965884372     
 -0.265123958476965     
 -0.467560298214428     
  0.266193722254733     
  0.105395328563835     
  0.343008714761477     
  0.411234660896374     
 -4.116000209027647E-002
 -0.140935291374898     
 -0.435377294338869     
  5.615152815295770E-002
 -0.296116077247482     
  4.981817408082448E-002
  9.454256633186842E-002
 -0.496876570009381     
  0.125609834186978     
 -0.718366456788604     
  0.591989676425974     
 -0.434392876095298     
  0.188014860801981     
 -0.423269761089426     
 -0.197205378269816     
  0.181384150089491     
  0.443128183644490     
  0.172806934125232     
  0.149172779921154     
  0.286156613840194     
 -0.385855577422100     
 -0.713932713137660     
 -9.470686434013768E-002
  6.903583838256140E-002
 -0.239572648165215     
  8.497083945296471E-002
  0.406677267155963     
 -0.287794000324193     
  0.491311338757762     
 -0.468744696655257     
  2.051599397730385E-002
  9.772574370236904E-002
 -0.600485656413702     
  8.666946474474940E-002
  0.266832402077395     
  0.564311489281772     
  0.303871089701855     
  0.161534822294398     
  0.567555412714962     
 -0.194578924472425     
  0.128113327295233     
 -0.390189321895291     
  0.546583234449439     
 -0.239234653584740     
 -0.427922340254461     
  0.525562828958453     
 -0.370132289841523     
  0.308128285547164     
  0.540684402896339     
  6.865946727017810E-002
  0.970245121137878     
 -0.405604357237402     
 -2.223992959507226E-003
 -0.149385532676960     
 -0.913436046483975     
  0.345034251414567     
 -0.712317138962281     
  0.176829702114195     
 -6.561769378787646E-002
 -7.730658243356138E-002
  0.153961640969984     
  0.220636363207823     
  0.141298957364012     
 -0.738886696611288     
  0.343134918865464     
 -7.120731712874151E-002
 -0.361508985330202     
 -0.186827107436256     
 -0.645004933102799     
 -0.292527237088045     
 -0.270820211958222     
 -0.236243718714139     
 -0.244807536228887     
  0.256017450674584     
 -0.277160922847125     
 -0.107922044286292     
  9.826586195748185E-002
 -0.248617498432039     
 -0.499179500823668     
 -0.474181213296424     
 -0.379455315874414     
 -0.112976459493244     
 -5.953857365465053E-002
  -1.01605222838731     
 -0.551468817756566     
 -9.813129660163626E-002
  6.413900128186378E-002
  0.389083017834953     
 -0.854335353532345     
  0.720971903798562     
  0.211428570108598     
  0.251577558830441     
 -0.106570736949641     
  0.271907795275319     
  0.532505982846210     
 -4.352722896668135E-002
  0.190552517149465     
 -0.470993605994165     
  0.597430847267480     
  0.325505949092606     
  0.533556077710518     
 -0.426814344104345     
 -0.745916917822036     
  0.136849718182347     
 -0.574817218744567     
  0.459980359846306     
  4.067449375693049E-002
 -4.468275771501689E-002
  0.531172356779460     
 -0.308420124302360     
 -0.222382972858647     
 -0.460426847335119     
 -0.103880726805241     
 -0.441465421142196     
  0.359168526190986     
  0.173098596836563     
  7.506288723732191E-002
  0.463070383591811     
 -0.467225666029237     
  0.433253725197251     
 -8.999503029411923E-002
  0.334894901708277     
  5.095481436153700E-002
 -1.111723050629736E-002
  0.123637128684041     
 -0.366370560957065     
 -5.879082324431931E-002
  0.141959345074350     
 -0.121811974070650     
  0.522408791504306     
  9.716773183970115E-002
 -0.638438539434884     
  0.689963542795380     
 -0.365992695730981     
  0.146357698931225     
  0.243272009630916     
  0.108018980925057     
  4.665451511371799E-002
  0.467157727349334     
  7.626478762832217E-002
 -0.285392357678966     
 -0.409728519309362     
  2.540048109185285E-002
  3.305612669834412E-002
 -0.625964737844800     
  0.131877406173502     
 -0.449623224827579     
 -0.502797293086016     
 -0.691681806701548     
  6.799446595482841E-002
 -0.130821798889740     
 -2.231193178271326E-002
  0.547225314293519     
  0.625940720157851     
  5.090159565525750E-002
 -0.685016281191845     
 -8.408461883469369E-002
  9.129968239027825E-002
 -0.482477330001805     
  0.348095505386448     
 -3.438822196993296E-003
  0.433746666193671     
  8.236970849316863E-003
 -7.268962662318758E-002
  0.788759368211745     
 -0.363435096730890     
 -0.141706377799630     
  0.420431443922997     
 -0.106736009103107     
  0.418667124472847     
  0.236362352429504     
 -0.798413808293009     
 -7.470461594370642E-002
  0.174806726351081     
 -0.458887615908547     
  0.242109659867970     
  -1.06069265240465     
 -0.175207660238773     
  0.242935657919045     
  1.903086213035551E-002
 -0.139454280789512     
  0.240929885284758     
  0.163868509219009     
 -5.369697687833269E-002
 -0.744280701543133     
 -0.184313876139774     
  0.236072079828059     
  0.222046324054970     
 -1.714007210448667E-002
 -0.399586744847600     
 -0.440191835594927     
  0.376894584455606     
 -0.149154476457463     
 -3.120073370247374E-002
  9.377505912368063E-002
 -0.135668716555540     
 -0.136863811271788     
  5.066258981263683E-002
  0.168793268554879     
  0.316942889022202     
  6.709690100483905E-002
  0.247186471410185     
  1.737708943969153E-003
 -1.958047847416040E-002
 -7.361140750746384E-003
 -0.209835716202613     
 -0.316360059424915     
 -0.256728379421155     
  0.171287253626731     
  0.292731228391159     
  0.110796904059823     
 -0.427688107613529     
  0.247747510847382     
  0.312257267290470     
 -0.102455972913100     
  0.333864863494509     
 -0.245590243794726     
  0.408183389082317     
 -7.529428491784068E-002
  0.112468400980895     
  7.249810041797063E-002
  0.143780588193589     
  4.560912964933979E-002
 -0.392291867495879     
  0.333393283798043     
 -7.191274357843298E-002
 -0.403393984762459     
  0.771823987833222     
 -0.215522587742326     
  0.199919594473063     
 -0.198520508271484     
 -0.415943941561790     
 -0.212709935980001     
 -0.295452789428354     
 -8.934758298677846E-002
 -0.214925184859197     
  0.671122307798196     
 -0.301313689783036     
 -0.424101856416311     
 -0.525972622182051     
  1.609409153467787E-002
 -0.432649553301230     
  0.348744262796204     
  3.895662034731180E-002
  0.427339550288063     
  5.946006587677000E-002
 -0.213217660219557     
  0.516398984785302     
  0.931896002722656     
 -0.118434556856352     
 -0.281151690142981     
  0.275697688450905     
  0.697078984558486     
 -0.401217526055820     
  0.434060561155484     
  0.448691616615334     
 -0.216769207672423     
  8.773196748970380E-002
 -0.469814802822532     
 -2.155717705453401E-002
  6.076032082117955E-002
 -0.365565294903769     
  0.357936439865698     
 -0.312271269692465     
 -0.120689592450426     
 -0.682351485871513     
  0.477920853543604     
  0.308340632936207     
  0.217501594138577     
  0.319088795410568     
  0.648096326348825     
 -0.271987487763777     
 -0.417358570932516     
 -1.538636748514586E-002
  0.477700645827217     
 -0.288760602764900     
  3.053892055337575E-002
 -2.960670420178903E-002
 -0.353894513478888     
  1.450394420348110E-002
  0.204252521177186     
 -2.272109086740604E-002
 -0.131613498056768     
  0.263222290106814     
  0.122114019890818     
 -0.891174887748220     
 -6.544485940637770E-002
 -4.701409331724765E-002
  0.385168816373873     
  0.968234288357774     
 -0.605752776557033     
 -0.941995505431346     
  0.243088032795367     
 -0.472081344412959     
  4.235256061364763E-002
  0.946048372471734     
  0.136157109436871     
  0.146315654505062     
  8.787835196712035E-002
 -7.349948217607338E-002
  0.413444977637762     
  0.440948944231929     
  0.182320855843944     
 -0.181020374591107     
  0.291503125538939     
  0.111651318570129     
  0.320173410591405     
 -7.994974429173143E-002
  2.262036484505472E-002
   1.01498894869660     
 -0.422936174243384     
 -6.710969950341028E-002
 -0.281443062426278     
 -0.326993024568912     
 -0.265703848834599     
 -0.119088770123972     
 -0.371729494644855     
  0.360204599321001     
  6.194484607906814E-002
  0.305397488418028     
 -0.702120737953466     
  2.786545263586646E-002
  0.441378364093642     
  -1.40535900133638     
   1.25801154583650     
 -0.277820525195282     
  0.933913147273267     
 -0.511384698299215     
 -0.886786373440345     
  0.537987229046231     
  0.622892815186382     
   1.16386175902957     
 -7.373151990837612E-002
  0.543484119922517     
 -0.202763366239256     
 -0.483591750332736     
  0.324790467677147     
  0.671466633981280     
  0.708741589466348     
  0.144950175143766     
  0.281898842804423     
 -0.221216741918980     
 
 -0.128334849777952     
 -0.468735652763994     
 -9.531942759158532E-002
 -0.198582726005963     
  9.297926580114532E-002
 -1.099118950111044E-002
 -0.275076924101547     
 -0.399512246263398     
 -0.367402166795831     
 -0.286984086362722     
 -0.424097453848112     
  0.500674665303659     
 -0.490232200146463     
 -0.417246084954476     
  4.036914610729928E-003
 -0.431116663521747     
  0.264910702400022     
  0.554343945377887     
  0.205674043205244     
  0.214789801699309     
 -8.184422226393991E-002
  0.753752064104492     
  0.491434602181322     
  0.296159543982237     
 -0.886144219550852     
  0.285844583298695     
  0.313783265300996     
  0.235171545032451     
 -0.307194004806558     
  6.270269595249041E-002
 
 -0.939717703060150     
  -2.01793725605984     
 -8.816691137982891E-002
   1.54101975306067     
 -0.838329224803654     
  -1.51959136464928     
   2.88772637291217     
 -0.172014648152139     
  -2.11292001357928     
   2.12395691875302     
  -2.49774348343530     
  0.950606238937981     
 -0.872594155411626     
  0.778907700998161     
  -1.11157181217806     
  -1.52965706797366     
 -0.437797665794845     
   1.03151362090185     
  -2.57167117717191     
   2.49780285947869     
  -1.31649928923533     
   2.78914107685377     
 -0.777921034158567     
   1.28739069597953     
   3.05426104064727     
 -2.210668767127377E-002
  -3.75634818585991     
   1.36492116890479     
  -2.07543746263462     
 -0.338463787752596     
 
 -1.366165487804878E-003
 
  tansig  tansig 
