     33 -    30 -    30 -     1 
rmse=  35.3773meV
  0.434125410356864     
 -0.228669636360235     
  0.502522658787543     
  0.253863518568222     
 -0.498148804730098     
  9.758556455705856E-004
  9.455799411695230E-002
  0.487679195838032     
  0.121453527283234     
  0.182571692595177     
   1.26687702768691     
 -0.143405488654916     
  0.198214688245232     
 -0.214109890307598     
  0.244094714961921     
 -0.101995041665442     
 -0.208969959199730     
  0.460361971331171     
 -0.696994669713122     
  0.739290173756272     
 -0.330402347223232     
 -0.130174032457394     
 -0.586116752927961     
 -5.260237268594347E-002
  0.229019663357385     
  0.143065055378149     
 -0.353281179223965     
  0.212166903219345     
 -0.135863706210039     
 -0.368994268236607     
  0.363208532995543     
 -0.976217708906199     
  5.964800364760207E-002
  0.198178615008880     
  0.257126539002980     
  6.605725520477319E-002
 -0.619683537522132     
 -1.629701052758016E-003
  0.103632219513014     
  0.208744262673588     
  0.427060624662474     
  0.237646420304849     
 -0.180263423377705     
  0.696300171655282     
  0.379258254793553     
  3.145502012980943E-002
 -0.555241430485470     
  0.429491057811942     
  0.206503447800674     
 -0.513226923280109     
  0.241097051565557     
  0.164001545609456     
  9.897167721386248E-002
 -0.397372053305330     
  0.151676942899454     
 -0.563740036551436     
 -0.126474226154777     
  0.361383085130032     
  0.135540655207206     
 -0.108744716482566     
 -0.319732231473632     
 -6.197755204537325E-002
  0.298874572905189     
 -0.384962809315821     
 -0.119879334490911     
 -0.284767547561409     
  7.505661537480787E-002
 -0.477171109592782     
  0.386139168819746     
  0.302387651639020     
 -0.531065588254352     
 -3.224439984123367E-002
  0.297375457233784     
  8.829393283069419E-002
 -0.317158856000849     
  0.413265674327887     
  0.260089142357141     
 -0.154509832359991     
 -7.850197011494096E-002
  0.259650726178090     
 -8.964304168607780E-002
  2.043649756752240E-002
  2.247438909789126E-002
  1.789407761445228E-002
  4.592677773365487E-002
 -0.341714419578890     
  0.377827771080359     
 -0.162033438528034     
  0.367671667087340     
 -0.246949879993730     
 -3.763856171103377E-002
  0.379319017042900     
  9.831996273773522E-002
 -0.356814560658976     
  0.711353768064423     
 -0.845838218352129     
  0.488896535215161     
 -0.337520576887966     
 -0.118782747121095     
 -0.222025899856571     
 -0.149034730997385     
  0.104479656742978     
 -1.450029515385871E-002
 -8.876959018459313E-002
  0.198945741447163     
  0.387998624552113     
  0.515842264471694     
 -0.387609028488340     
 -0.451394529514553     
 -0.212000594989745     
 -7.529301856984953E-002
  0.354089049889185     
 -0.252672158470588     
  7.501375147975864E-002
 -6.715770546394431E-003
  7.306240688218743E-002
 -6.385595320073925E-002
 -0.174723867568409     
  7.761981257780592E-002
 -0.205196474122941     
  0.216233061427261     
 -0.280437583183765     
 -5.214468399347413E-002
  0.208844720414344     
 -2.211375910812080E-002
 -0.217791808791336     
 -0.209330431136815     
  3.471117303538627E-002
  0.218608898242124     
  7.258906101560333E-002
  0.376408186313541     
 -0.110769646485701     
 -0.124358780224384     
 -0.113351939156297     
 -4.796675301862582E-002
 -8.094854530103829E-002
  0.496519594366973     
  4.046913633214887E-002
  0.162557333720677     
  0.121581455560046     
  7.694193638495114E-002
 -0.210132111180290     
  0.107421100749724     
 -0.238439474442743     
  5.545543188668010E-002
  7.601517598047134E-003
  0.204705875611980     
 -0.167702692031012     
 -6.323223463850257E-002
  0.515118896656241     
 -0.251612214690599     
 -0.346788128530843     
   1.02552309118503     
  -1.11200018761190     
  0.387031268321835     
 -0.519165304366509     
 -5.489968802922465E-002
  1.809168114759357E-002
 -4.269924896454790E-003
 -0.198800792734474     
 -0.236396841008137     
  0.517972250081534     
 -0.486465449080841     
 -4.223168640846937E-002
  0.434755856203687     
  0.337254271009411     
 -0.357492203943828     
 -0.530460726708307     
 -3.189701889895631E-002
 -1.558373063228190E-003
 -0.206481990174979     
 -0.884087137875284     
  0.176825071750742     
  0.525073788599215     
 -0.338168514325113     
  0.420099528269872     
  0.147695998112446     
 -0.227877523459183     
  0.194683339217917     
  5.373259043864415E-002
 -4.877061294386018E-002
  0.363882239117559     
 -0.617159994252075     
  0.405605611025733     
 -0.254674400748777     
  6.636442046837072E-002
 -2.376958144422583E-002
  0.107952978619993     
  0.276660183348152     
  0.360748594891604     
  6.227760702968351E-002
 -0.200833724157454     
  0.366577676306616     
  0.390271867585530     
 -0.344798719738224     
 -2.394686991955182E-002
 -6.071353890980316E-002
 -6.935391326692029E-002
 -0.234326742758925     
  0.919018523842645     
 -0.649682703365784     
 -0.638788537957295     
  0.232646703544620     
 -6.906075163559476E-002
 -5.518749947899075E-002
 -0.451848789218898     
  0.137685963468991     
 -0.286185893726979     
  0.300726573179836     
  7.787801246909137E-002
 -0.152014634461139     
  3.372247947725201E-002
  1.301746162010537E-002
 -3.297426863594592E-003
  0.233004834415045     
 -0.316122460804000     
  0.132625337061889     
 -7.722547869474233E-002
  0.159311015949299     
 -0.128132252829905     
 -0.294688021894821     
  0.192059222825836     
 -0.134524697417536     
  0.108240267175274     
  0.161279853264224     
 -0.223984363596401     
  0.265364068444717     
  0.203526021871287     
 -0.307265935931832     
  6.828531874396591E-002
 -5.562777089669746E-002
  8.331289881410919E-003
 -6.185297496309054E-002
  0.313700316740826     
  0.302052700288001     
 -0.134808812328116     
 -0.260805893538034     
  0.782235253843148     
  0.171638939690210     
 -4.567624333908285E-002
  0.773537899233378     
 -0.472441616885925     
  0.488191865910702     
 -6.370743057269747E-002
 -7.304457482805408E-002
 -9.806025190297263E-002
  0.473623669544103     
 -0.251324631066440     
 -0.398554215058402     
  0.966316666435716     
  -1.07057612398168     
  0.737443764216792     
 -0.347127665920786     
 -0.799222387376036     
  0.289144424660224     
  0.322733909829018     
 -0.351684740405098     
 -0.169283475466912     
  0.135588780307639     
 -0.276190848372521     
  7.194586750505125E-002
 -0.186271689212933     
 -0.238135092446110     
  0.534195104422416     
 -9.222411763085457E-002
 -2.504995630223508E-002
 -0.200773066954121     
 -2.894992086363421E-002
  0.155216580051506     
 -0.118145818072989     
 -0.667940828217463     
  9.131710042399288E-002
  0.158733133878981     
 -0.230113916095710     
  0.754145990838371     
  0.308890594112150     
 -0.186048227956071     
  3.380672264185321E-002
  2.852140995105122E-002
  0.218910062514005     
 -6.419979538700235E-002
 -0.300223105817410     
  0.238802875495972     
 -0.326365183109613     
  0.279223345109357     
 -0.197053873532043     
  0.285653002683599     
 -3.127233418310783E-002
 -8.151673493769643E-003
 -7.363597449487926E-002
 -3.115441136241754E-002
  0.217631032557813     
 -7.534019489708163E-002
  0.371756126979396     
 -0.361828470414046     
 -0.187027770603970     
 -0.198340632223081     
 -0.311942330503996     
  8.868203329863537E-003
  0.128886779889564     
  0.243529029586717     
  0.410571242622562     
 -0.113211616095867     
 -4.862853865454827E-002
 -0.323660537555889     
 -0.309258747306963     
 -0.119287225035175     
  2.731138628417520E-002
  3.101303098157052E-002
 -0.104213954141938     
  0.163222517631007     
 -0.271310586042813     
  0.317243379575253     
 -0.123365577881853     
 -6.209908848278926E-002
 -4.096296053540380E-002
 -3.212420517948998E-002
  6.185496500886970E-004
 -2.171663877160843E-002
  0.308696545776246     
 -0.388239723649394     
 -0.103030560586598     
  0.329727775521999     
 -0.537624973404412     
  0.158591194957579     
  0.387859819375103     
  4.095776490920147E-003
 -0.174444225553108     
  0.228930949305256     
 -6.410341388701211E-002
  1.180674136214158E-002
 -5.516231339599119E-002
  0.531734986743414     
 -0.141638613034545     
 -0.541072113386459     
  0.601010416986942     
 -0.367853290417974     
  0.560287110546541     
 -9.169482920648593E-002
  0.285039996937205     
 -0.272178994402906     
 -0.358100350728056     
  0.254674789653715     
 -0.465480622851119     
  0.781373961663721     
  -1.07985397881624     
  0.669274247588394     
 -0.615550206264515     
  0.352148122573338     
  8.888684991636515E-002
 -0.478455997183127     
  0.293192450325007     
 -0.229814593731701     
  3.898721627002152E-002
  3.524612730393755E-002
  2.676493983835033E-003
 -0.133912105929640     
  2.673615439279603E-002
  0.252946843811563     
 -0.336336295682270     
 -5.339571856687307E-002
  0.232140965338250     
 -1.329387550676315E-002
  0.851371996962864     
  0.145032278263877     
  0.382615929392309     
  0.407322766946779     
 -8.446147584580145E-002
  1.787286497029852E-002
 -0.181196094903273     
  0.466822249485975     
  0.272246626788226     
  0.252125563648211     
 -0.255594130785269     
 -0.256359453601714     
  4.432970033700195E-002
 -0.258447927549191     
  0.228792155408514     
  0.123266440466784     
 -0.205331978382912     
 -7.752042767937022E-002
  0.116015106646629     
  2.395536143893204E-002
 -0.107313493806105     
  3.723013661534107E-002
 -4.697009235534032E-002
  0.206942011991020     
 -0.770128253880488     
  6.192566609366764E-002
  0.380912200882587     
 -0.331397156990204     
  0.341759537533866     
 -0.232879062128237     
 -0.373021291479135     
  0.409531236898955     
 -0.199135533820553     
  0.227257713840329     
 -0.378017225023408     
 -6.183766905262292E-002
 -1.254385330443821E-002
  0.218508300958932     
  0.413028683726055     
 -0.547688512478171     
  0.564029890777307     
  5.379870342338332E-002
 -0.993266473003351     
  0.398129619535549     
 -9.211060268365408E-002
  0.308083028290846     
 -0.210814576776429     
 -0.122838332546982     
  0.359745253839650     
 -0.402573171835141     
  0.131305951296191     
  6.664385553581320E-002
 -0.143212219731497     
 -1.606238384365079E-003
  5.780198905780610E-002
 -0.246972948753031     
  0.582112363574656     
  5.012569217283802E-002
 -0.918114929023480     
  0.353965396428513     
  0.392144389704994     
 -0.775628727545553     
  0.718848606004977     
 -0.507025520492744     
  0.538231459402206     
 -0.474543604760978     
  0.344538013905125     
 -0.410999742250337     
  0.429449451658773     
 -0.283669391310862     
 -0.869008462040984     
  0.328871527204103     
 -5.966184405408334E-002
 -0.218336663709632     
 -9.575484481007394E-002
  0.443985137544752     
 -0.586822138507481     
 -0.168508457397050     
  3.402730294796975E-002
  0.108372686929675     
 -0.179894462656474     
  0.358015566607269     
 -0.330382913619397     
  0.150852694740681     
  1.933728587907391E-002
 -5.975407475095904E-002
 -3.942150395303855E-002
  4.827695816372152E-002
  0.176030161289483     
 -0.256297222591529     
  0.622852394309546     
  7.939316593203424E-002
 -0.366574557687617     
  0.697859189315497     
 -0.586075209757959     
  0.589287206837436     
 -0.540084963226470     
  0.327949578134014     
  0.226486238724806     
  0.404204329111889     
  0.723651400484055     
 -0.440133138947055     
 -0.479813463131931     
  0.254918338585067     
  0.129942054748215     
 -3.239785700891856E-002
 -0.296976137005133     
  2.796163164111989E-002
  6.914792189522141E-002
 -0.345468467346070     
  0.522095311534239     
 -0.493274440043815     
  2.399384997371051E-002
  0.410351141410726     
 -0.361037603676028     
  2.320438898552783E-002
  9.743446693491356E-002
  5.905197731149847E-002
 -2.205607323635203E-002
 -0.210133502642187     
  0.228165632929773     
 -0.350633519022073     
  0.202059610257309     
  0.637662546017213     
 -0.599510320136654     
 -0.641661081031181     
   1.04416839416536     
 -0.368064729310019     
 -0.166013093589261     
  0.332565860766352     
 -0.106127415191544     
  0.177386690040844     
 -0.459300647421880     
 -8.900938489574442E-002
  6.137883644270233E-002
  0.216816672950590     
 -0.208520118083334     
 -0.291151487442385     
 -5.843423186048059E-002
 -0.362042347421082     
 -0.474581574430819     
  0.339176111647141     
  0.330892081564404     
  0.219323120987529     
  0.120477610734622     
 -0.197782331828709     
  6.991965935800677E-002
  3.743131106871628E-002
  6.661539277147625E-002
  0.129561419986834     
 -3.389490935096305E-002
  1.161911434245523E-002
 -0.106471418087950     
  0.318505859898627     
  0.298861539557273     
 -3.432798291443170E-002
 -0.183009041198618     
  0.290725191055463     
 -9.829311309567783E-002
  0.273510694437529     
 -0.271307565081706     
  0.103871280630830     
  0.302043125417598     
 -0.283704957466919     
 -0.400624694508493     
 -0.170387504670159     
  0.278933886569931     
  0.326293256395109     
  0.177593070143964     
  4.560217560988545E-003
 -0.272911564418972     
 -0.213357010020401     
  0.349571344715911     
  0.381152047814264     
 -0.578605412892697     
  0.629317865253666     
 -0.331056055696242     
 -9.964622851142914E-002
 -9.295215820612207E-002
  0.521864500124399     
 -0.188844960577843     
  0.175996332404035     
 -0.143645475558452     
  0.179541711761814     
 -0.138721971436449     
 -2.467787602943125E-002
  2.952658745419761E-002
  0.135618721172679     
 -6.190826580763485E-002
 -0.165102686233079     
 -9.050579165695567E-002
  7.025105040028159E-002
  0.264868802791058     
 -0.218574518093632     
 -0.107323873441721     
  0.137752374068484     
 -9.690531334334762E-002
 -0.489759784855438     
  0.690188293524453     
 -0.601242236910918     
  0.532502705706019     
  5.135082725966537E-002
 -0.292118311955464     
   1.19292587831095     
 -0.849750062474113     
  0.320023575405866     
  0.692473344525298     
 -0.131805117190672     
 -0.161269595302535     
 -6.027828548875630E-002
  0.117148564928300     
 -7.168137716841232E-002
 -1.792731594720065E-002
  7.956018103507498E-002
 -0.171020555059737     
  0.234378449496099     
 -0.136813603814830     
  3.207702670069432E-002
  0.102074387169412     
 -8.404061282513819E-002
 -0.120144597952740     
 -1.683049360648989E-002
 -0.137775904377650     
 -7.688567307114716E-002
 -3.752415877555124E-002
  6.364401293730060E-002
 -0.332015366936494     
  0.210505733916618     
 -0.296562452318626     
  0.122562362293154     
  7.264233746897161E-002
  0.197575542458218     
 -8.094947374199932E-002
 -2.659671465612228E-002
  0.119225924105400     
  0.477200978261619     
  8.883290989900666E-002
 -0.209138898013194     
 -2.792464376015399E-002
 -0.260682656322539     
  0.197431717852479     
  0.370397990318239     
 -0.161569227596691     
  0.149618120216291     
  0.221980460692092     
 -0.479587224681424     
  0.236354684276387     
  0.393431842781615     
 -0.440025571963913     
  0.429301165527275     
 -0.633719558929697     
  0.551998895518551     
 -0.173650972296943     
  1.354342857552227E-002
 -0.423572170345274     
 -0.382946395292225     
  0.206199293511680     
  0.286474375737756     
 -0.461553420445134     
  0.114430512957211     
  0.310483817744988     
 -0.473913401555868     
  9.096352934618304E-002
 -0.262270448559551     
  0.492718853422063     
 -0.552088659923951     
  0.780062036675302     
  0.171849692912609     
  -1.12242150161192     
   1.05027783010997     
 -0.221907547129795     
  0.169300826017281     
  0.131333588514306     
 -5.371025070091878E-002
  0.160405622815390     
  0.144664668757571     
  0.117247587038682     
 -0.297935137354931     
  0.411187100271133     
 -0.564203706478986     
  0.559414882173352     
 -7.869035362368876E-002
 -0.125440615593231     
  4.936795103911099E-002
  0.127498697416056     
 -6.193848228756588E-002
 -0.159512280320140     
  0.260257571316537     
 -1.705646120213761E-002
 -2.275162060280713E-002
  0.195687604260980     
 -7.398186917744076E-002
 -0.131741500647417     
 -0.145005912829869     
  0.272269379606980     
 -0.261658180450436     
  1.823513573373224E-002
 -0.268616660892073     
  0.481965677151914     
  0.437392265608429     
  0.274869384708192     
 -6.105606262868285E-002
 -0.570219441925735     
  0.701676818380139     
  0.112145376540504     
 -0.717226010631258     
  0.479238676152132     
 -0.408144047757987     
 -0.248184856200851     
 -0.313964427440973     
  0.340499737392624     
 -0.284485952749536     
  9.007770305995574E-002
  0.333208468300524     
 -0.395478841796456     
  0.251081052110701     
 -3.069356419073951E-002
  1.134123861386717E-002
 -5.817510590451893E-002
  0.604371168621026     
 -0.576534987158511     
 -0.106479601300217     
  6.521121334079641E-002
 -3.850793348019883E-002
 -7.381552410129276E-002
  0.149269781065024     
 -0.147799816167364     
  0.117302021810318     
  0.172201420221422     
  1.274225669283341E-002
  8.529467040290619E-003
 -1.461504942367774E-002
 -0.312037909246463     
  0.233530392272755     
  0.718642093235895     
  0.255153032546207     
 -0.492078416522684     
 -0.456919844042742     
 -0.203292039817967     
 -0.586689480282548     
 -5.596306353957095E-002
  0.227636275194060     
  0.324170065410905     
 -0.199653036521472     
 -6.772034263312324E-002
  3.917346437915342E-002
  0.146374919519797     
  0.300195856197300     
 -0.391332939467029     
  0.305793476461489     
 -0.425646546782425     
  0.601564421277548     
 -7.137299983360716E-002
  0.124836593220265     
 -0.218796032274495     
 -0.274850012881084     
 -0.180796786248418     
 -5.000262122950960E-002
  0.306910058545786     
 -4.074019228418385E-002
  0.118990331325027     
  0.583326159610832     
 -0.805460135986553     
 -0.260262554816275     
 -0.176111720912845     
  1.534256762157478E-002
  0.174906933820952     
 -9.594983602007937E-002
 -0.422109610128901     
  0.350899366638664     
  0.917917678694041     
  0.183883390110059     
  7.496707003694629E-002
 -4.828559738100285E-002
  0.173034416587754     
 -0.136427801209721     
  3.242722224979348E-002
  3.124440806279736E-003
 -0.127187967969315     
 -2.441714503863320E-002
 -2.545529006873654E-002
  0.359465947139621     
 -0.540773376571672     
  0.279922299565152     
 -8.278328905661518E-002
  0.667687888345142     
 -0.527255789690915     
  7.247291089963837E-002
  0.179434426533532     
  6.963213349903359E-002
  7.079366782527710E-002
 -0.308265542854468     
 -0.512027594404910     
  0.320930656861279     
 -0.217161045378217     
  0.201330204243140     
  0.467885970551312     
 -0.260501988844306     
 -8.939400968099470E-002
  5.563774374338592E-002
  0.408232293062225     
  0.220978384572276     
 -0.205045410355545     
 -0.260625864709667     
  2.169856222387787E-002
  0.767511943891954     
  0.138309329079694     
 -0.144181090545705     
 -7.861097758479667E-002
  0.189649057925852     
 -0.240215017329619     
  0.268606935571770     
  9.996267245035947E-002
 -0.518013229402441     
  0.464118892288323     
 -0.515178859702040     
  0.468307843294214     
 -0.455138612089868     
  7.838662067853880E-002
 -0.176010255615539     
 -0.217764867662353     
  8.929126296567022E-002
 -0.263942556650123     
  2.282093629441886E-002
 -0.197034394978922     
  0.576723417644901     
 -0.646999892000751     
 -0.111578569643951     
  0.204547660543831     
  0.642836081484658     
 -0.434014748600381     
 -0.299604157659895     
 -0.121465224868438     
  9.537242589678911E-002
  8.066187126018301E-002
  9.463807511543798E-002
  0.170906058256745     
 -0.725269302476420     
 -0.258687567001386     
  0.139924761275078     
  3.237946090891997E-002
 -0.171738158454626     
  0.461735213993762     
 -0.442515668824237     
 -0.131198137405899     
  0.671492980802047     
 -0.750338910511728     
  0.731442781045851     
 -0.444527898226039     
  0.191587703821462     
 -2.232931618939742E-002
  8.984201039882102E-002
 -0.310213400989184     
  0.165392003592801     
  0.724118381868597     
 -0.866444296031931     
  6.586118993087528E-002
  0.305649192151112     
 -0.411422400973079     
  0.907667166209972     
 -0.558258306872100     
  0.240939518360072     
 -7.136450441002153E-002
 -0.438718159866630     
  0.201583521810532     
  7.006869367972389E-002
 -0.111983461932403     
  0.354243048646822     
 -0.411733131007906     
  0.306487209739823     
 -0.782753015394912     
  2.610764699291504E-002
  0.313772556839675     
 -3.471010231786412E-002
  0.687206483665436     
 -0.671746049878302     
  0.474712676054008     
 -0.184198922509405     
  0.491124670166405     
 -0.216158898762752     
  0.187008685522312     
 -0.413853796390336     
  0.682214003936736     
 -0.385232566953983     
  0.407674403213999     
 -0.141122572085733     
 -0.172954426868837     
  0.270819568647400     
  0.160157954690569     
 -0.252207325465967     
  7.771144336082508E-002
  0.165413084205757     
  0.341285687138013     
 -0.450995346832844     
  7.714863465692093E-002
 -0.608030374448342     
  0.673704792218004     
 -0.164133811751056     
 -0.214522049823823     
  0.252670831592834     
 -0.129605193935197     
  0.425390551571237     
  0.126328112077611     
  0.161684209732726     
  0.163127191869681     
  0.650194799163258     
  0.334108297257978     
 -0.187765076515355     
  8.575528982028514E-002
 -0.133933364229811     
 -3.297193362857088E-002
 -2.707162294891251E-002
  9.541821266434412E-002
 -0.165148596926314     
 -2.053406290805500E-002
  0.219743374023310     
 -7.784863123989530E-002
  0.197734936687780     
 -0.667145276849882     
  0.337568380601302     
  0.135109505875844     
 -0.572509906758507     
  0.449233632301277     
 -0.532052218695427     
 -8.327934214992904E-003
 -9.877846068637072E-002
 -0.157951984717520     
 -0.431649607203383     
 -3.884839631774048E-002
  0.716787548400611     
 -0.484192757909159     
 -0.721541519983166     
  0.677362192936729     
 -0.539242444069568     
  0.119721531331610     
  4.096827929319602E-002
  0.629494221252109     
 -0.227162267449519     
 -0.109252715364218     
  0.144251650729762     
 -0.100741230759959     
  4.660926109426829E-002
  7.696252086615284E-002
 -0.249292303590636     
  0.154109613760072     
  0.118676772705196     
 -7.984363796003448E-002
 -7.580914852543023E-002
  9.922556252461137E-002
 -7.638881333622340E-003
 -0.123401730315973     
  0.462332018704216     
 -0.222992058031353     
 -7.966023482211673E-002
  0.173016764912875     
  0.262791413243344     
 -0.637721829341801     
  0.229073117089026     
 -0.191429063730432     
  0.187181150016734     
 -9.003977821536985E-002
 -0.113735445122479     
  7.544544163369218E-003
  0.249963588075970     
  3.131628645872524E-002
 -6.476904487010644E-002
  0.165774894776650     
  0.278622158100661     
 -0.314577961924836     
 -0.322995189132229     
 -0.373575110763547     
  0.301220657731602     
 -0.418645092583729     
  4.750254401623261E-002
 -5.058581530195944E-002
  0.186742869472240     
  0.108536486298710     
 -0.112682806692428     
 -3.918225328440754E-002
  0.232614908994086     
 -7.907105264383298E-002
 -0.116352645053574     
 -1.939798830823166E-002
  0.160689441588219     
 -5.297978550160682E-002
 -0.185468488985611     
  9.793096868162290E-002
 -0.126702167974828     
 -0.324610899198691     
  0.405051482329141     
 -3.341767298793679E-002
  0.308581558966425     
 -0.272784929905832     
  1.728098827567969E-002
  4.940800730069474E-002
 -0.326476380585451     
 -0.293884668118652     
  4.235663149586412E-002
  9.331082691478906E-002
  0.127749989775626     
 -0.268471238051917     
  0.160432589792061     
 -0.662266367086625     
 -0.507750453092294     
 -0.845369776573194     
  2.304131709684424E-003
  0.489316261350081     
 -0.588290699244989     
  0.345669360672810     
 -4.307931894127922E-002
 -0.272293085390139     
  0.353665989968979     
 -0.119727517054314     
  5.860354067089973E-002
 -0.388906141775291     
  0.661314868911279     
  0.358395980867047     
  0.212442767012408     
  2.939622680363779E-002
 -0.214030659158607     
  2.670172363924484E-003
  0.301791909830877     
 -7.831514945696097E-002
  0.146998380567445     
  9.277473184879133E-002
  0.854300477918540     
 -0.464529581931499     
 
 -0.451496864459358     
 -0.302560419460941     
 -0.395576904290040     
 -0.409637231036008     
  -1.30168337145015     
 -0.708536942102532     
 -0.345656937280909     
 -4.909689383997469E-002
  0.795729534319576     
 -0.289743214227288     
  0.227339285737733     
 -5.465547282785759E-003
  0.220551721763252     
 -0.413818040503068     
 -0.506671619637426     
 -9.069781198924885E-002
  7.501491231549867E-003
  0.125003074884224     
 -0.390268151235422     
  4.010028190584777E-002
  0.164483633043922     
 -0.534308616378691     
 -0.217705620555600     
  0.341736522374743     
 -0.148464207335171     
 -0.257207070660832     
  0.282032352073156     
  0.549161918942957     
 -0.213761358787971     
  0.804715818016829     
 
  0.250891429350592     
  0.408535937581864     
 -0.174850820285058     
 -0.861065591471479     
  0.244413662054438     
  0.213902708627775     
 -0.467486579893664     
 -0.284689334205459     
 -0.600655171512118     
  0.174594674057897     
  0.196653601080721     
  0.137973675218767     
  0.669950684995971     
 -1.042610029848503E-002
  0.366855152142645     
 -0.223927672213214     
 -0.147687971364749     
 -5.663681736564361E-004
 -0.228140965870055     
 -0.574221571446557     
  0.377590590185379     
  0.142444513163050     
  0.277022438220699     
  0.234827636144723     
 -0.231291438502798     
 -0.396866165337686     
 -0.116145598726889     
  0.193151923211422     
 -0.191954722597068     
 -0.186947215695976     
  0.297591848318884     
 -0.229498840256564     
  7.742672748799198E-002
  0.261166042222941     
  0.376939638482340     
  0.477507856548783     
 -0.666019159425378     
  7.795046038336312E-002
 -0.168291637339564     
 -0.122473210070303     
   1.15888401777866     
  0.819108237823611     
 -0.150145552579948     
  0.308687730550376     
 -0.668380459544225     
  0.279308205177492     
  4.451865122381492E-002
  7.133310541610018E-002
  1.490265377473375E-003
  0.539159034759532     
 -0.234253993012483     
  4.534772403684538E-002
  7.121935675143927E-002
 -0.393124543260417     
  8.247272404524987E-002
  0.600110977374054     
 -0.327988062854051     
 -0.241008515443966     
 -0.212583066000218     
 -0.491573482427602     
 -0.514894363870798     
  1.811455282713548E-002
 -0.309404787851127     
 -0.252116287213314     
 -0.409622898971806     
  4.644717993853227E-002
 -0.793583559874714     
  0.464867064285667     
 -3.165352526239150E-002
  3.748440218926304E-002
  0.387049587626538     
  0.134028037970841     
 -0.218541826761422     
 -0.610115491440332     
 -5.162076043151852E-002
  0.128252828771031     
 -0.371360248989850     
 -0.313706803021622     
  1.150877279393710E-002
  0.113498475013472     
  0.437615018507978     
  0.178804965158681     
 -0.175531689107787     
  0.190206150845657     
 -0.269204393257700     
 -0.284716940687453     
 -0.161608791459511     
  7.979521730129720E-002
  2.466449022874715E-002
 -0.431092669057198     
 -0.415511291504963     
  0.393426115355508     
 -0.281211686924067     
  8.465200738552121E-002
 -0.173204714152071     
  7.042571465775660E-002
 -0.383502429513265     
  0.357863725065473     
 -0.608478199616422     
  0.748317638958127     
  0.371439574697046     
  0.371496723336746     
 -5.348080342144548E-002
  0.185979623192707     
 -0.381815390794501     
  0.265747740326745     
 -0.375006347814416     
  0.564267742517840     
 -0.405870035960033     
 -4.062009103593759E-003
  0.242187500015441     
 -0.173928989140103     
 -0.202734949508216     
  0.264998075752824     
 -7.365586473049254E-002
 -7.237040214153379E-002
 -0.331633209265573     
 -1.308962252243917E-002
  0.136538520486126     
 -0.123209418828903     
 -0.455276331620473     
 -0.142758668815930     
  -1.13235973418532     
  1.718299971273919E-002
 -0.843947800117654     
 -0.186378931240064     
  1.067428469398825E-002
  0.243798265767147     
  0.444703954307053     
 -0.341097813035591     
  0.552359173871038     
  5.778492669043074E-002
  0.591276072726900     
 -0.552826939124152     
 -0.247532333948025     
  0.136453023967699     
  0.286264929386275     
 -0.302602776331655     
 -9.444794503421592E-003
   1.41967466427322     
 -0.272900333040490     
 -0.200736486221225     
 -7.323644859156903E-002
  0.134325145976027     
 -0.652501203062145     
  0.345947801305651     
  3.138117957030484E-003
  0.132321384943213     
  0.171723306354960     
 -0.462388677241458     
 -9.496063567868369E-002
  0.102169108588872     
  0.826404125415688     
  0.239520371658191     
 -0.227952416024730     
 -0.284538405672766     
   1.12042609935397     
  6.952899625161362E-003
 -8.731232928792143E-002
 -0.309069876716092     
 -0.245633746948148     
  0.858557764854475     
 -6.150385632661285E-002
 -0.432972287790938     
 -0.638784614387359     
  0.372973139091557     
 -0.105531138329825     
 -4.498715024528195E-002
  -1.05505233386906     
 -0.146861656091554     
 -0.303335010450274     
  0.653424079068725     
  0.399116162564207     
 -0.295739228240196     
 -0.615589660090038     
 -0.529101957246061     
 -0.520717078971817     
 -0.200023360538647     
 -0.136729317944759     
  0.279481443570422     
 -0.246123501814426     
 -0.496791596609025     
 -8.887839494611549E-002
  0.251807438258881     
  9.713258895604181E-002
  0.149334537740905     
  0.243787189735255     
 -0.142458770191802     
  0.381166133605869     
 -0.197896577098624     
  9.315061036402499E-002
  0.135802022521455     
  0.436413554398962     
  3.291740371840455E-002
  0.193153859497194     
  0.133317103621099     
  0.503387756833463     
  7.912908809950414E-002
 -0.129635512012889     
  5.004088075723059E-002
  0.551809725388399     
  6.909500174328113E-002
 -0.409839670317072     
 -4.941739557250345E-002
 -4.640502612762643E-002
  0.182345988147163     
 -0.385996691656046     
 -0.225110207713238     
  3.356234853206384E-002
 -0.387526517475200     
  0.345153093256065     
  1.351650971897723E-002
 -0.685246121190091     
  0.637258555002075     
 -0.265317004490006     
 -0.117058074379897     
  0.194705687835766     
 -7.521675924304028E-002
 -0.973943901787878     
  0.208241417223126     
  1.405337814191386E-002
  0.236322221998533     
 -0.171680804836783     
  0.311077461854496     
  0.808946684945184     
  0.437340349330330     
  0.526092129280612     
  0.225392031399933     
 -0.348883655523718     
  3.161627918851723E-002
 -0.457456748852386     
  0.485214801787451     
 -0.150978330606726     
 -0.351213414763044     
  0.280482002595338     
  0.147533626311847     
  0.173322766000953     
 -0.127391808658348     
 -3.554608464598050E-002
  0.509759357148411     
 -0.167702244599506     
  0.145588973691768     
  0.104441100553505     
 -0.160781760109333     
  0.204958117086195     
 -0.189142257838550     
 -3.449760850990506E-002
  0.303939203034826     
  6.574883159688780E-003
 -0.351268131331429     
 -9.697430559506854E-003
 -0.300010220176133     
  0.145186731454408     
  8.215595752474028E-002
 -0.207149573165051     
  9.756260143581609E-002
 -9.457461803320512E-002
  7.165956180631222E-002
  0.218783985176527     
 -0.200268554225333     
  0.225442631459134     
  0.301411231199989     
 -0.205496148080603     
 -0.226576836817765     
  0.202424155624809     
 -4.917052230338864E-002
  3.975530020272588E-002
 -0.117630488384530     
 -4.519749577870434E-002
  0.178471282184084     
  2.565936707178948E-002
 -0.334761567468005     
 -5.932960163507118E-002
 -0.176146616501804     
 -0.254719753298109     
  0.311354419653640     
  0.297589786011817     
  0.246732479805641     
 -0.271094223754366     
 -0.233821898513582     
 -0.697097958389384     
  0.439801987141153     
 -6.367279409777069E-002
  0.376560432200681     
 -0.452906863152012     
 -0.572676013058178     
 -0.173345900367630     
 -0.311888007418425     
 -5.161201502009401E-002
 -8.951988739260919E-002
 -7.044269672275749E-002
  0.210011094555582     
 -0.189115364951178     
  0.291920619594638     
  0.263030286162933     
 -0.295396311332562     
  0.217634920210895     
  0.594591588541068     
  0.215711392647991     
 -6.210054863796745E-002
  0.669378602023824     
  0.101603145733439     
 -3.051630271158879E-002
 -3.820194431270407E-002
  0.485666887948501     
  6.023101242371001E-002
 -0.238449070052733     
  5.587020485638244E-002
 -0.219213215659823     
  0.395034659388592     
  6.005911324060210E-002
 -9.138141934599890E-002
  0.153354235721195     
  7.241785506525344E-002
 -0.121126343682171     
 -0.552581647254954     
 -3.108577576379132E-002
  0.663864357862060     
 -0.177396532683884     
 -0.196760096097514     
 -0.255938100558582     
 -0.340496449420137     
  0.399422895712973     
 -1.500590498111967E-002
 -0.499203381480287     
 -8.198448825115670E-002
  0.116253108110709     
  3.059527169412508E-002
 -0.262071544310231     
  0.655866994789793     
 -0.713735321803403     
 -0.209818782514857     
  0.383065623764399     
 -0.141363096012420     
  0.265525072872209     
  5.946735340026879E-002
 -0.947496843282211     
  -1.00228378381818     
 -8.925786038838276E-002
 -0.292807761557416     
  9.056144398000018E-002
  0.424796756093924     
 -7.329110323532780E-003
  0.511251433778395     
 -0.917570156661286     
 -9.305453359332094E-002
  0.633485971300229     
 -0.134653353097143     
  8.393413014010227E-002
  0.512843430631091     
  4.157725662076847E-002
 -0.270767130498768     
  0.481580191452827     
 -0.205368155146798     
 -0.608220713370127     
 -0.162289172585806     
 -0.659367740385596     
 -0.101714119852316     
 -0.685356913227353     
 -0.465866948997062     
  0.361224450073300     
  0.471409364055787     
  0.241938951015352     
  0.137300300905782     
 -0.450869646831087     
 -0.382097965262068     
  0.115481589833043     
 -0.352420537517892     
  0.534800199569575     
  0.472085733121728     
 -0.459804020444924     
  0.339816762660862     
 -0.493376649607619     
 -0.365542023976338     
 -0.950865210536759     
 -0.676150871016565     
 -0.292022165438024     
  0.286795921842698     
  0.183167180595425     
 -0.421524412460446     
 -8.196092315306486E-002
  0.221670841418948     
  0.244884954630927     
  0.173695057991244     
  0.724874681258470     
 -4.716578894435305E-002
 -0.267339622449311     
  4.918800472564506E-004
  0.215670376127783     
  0.705275074612279     
 -0.470317501306305     
  0.162355185288625     
  8.071243420816120E-003
 -0.959167875758762     
  0.117143431090377     
  6.066583700299687E-002
 -9.670669085085754E-002
 -0.662540368187075     
 -0.159936246820367     
  0.860815118767943     
  7.542098090296247E-002
 -0.255080308825700     
  0.565599719205457     
  7.275495286289843E-002
 -3.466599451970443E-002
  0.348818582407211     
  0.172882557687098     
 -5.845397017219232E-002
  0.703094423419329     
 -0.155986452088042     
 -0.221688110210976     
 -0.120236186249036     
  0.181279730313077     
 -0.590112440135982     
 -0.186815666574515     
 -3.470540761245523E-002
 -0.387520435575478     
  0.161990959150589     
 -0.342486198880286     
  0.768916740125304     
  0.287097246937423     
  0.104466124557376     
 -0.343429351817991     
  6.862951756618559E-003
 -0.426134985477181     
  0.205361247018798     
 -0.790695261389061     
 -0.241755169036210     
  4.809649622506732E-002
 -5.532710044011994E-002
  8.937445080507388E-003
  0.518730105267189     
  0.386241950108718     
 -0.124169752147220     
 -0.376936672367951     
 -0.317094704873324     
 -0.116645001110009     
  0.364058008622226     
 -0.356812030128501     
  0.718448049100023     
  0.378399027416914     
  0.352001802275315     
 -0.135145081051696     
 -0.296504981007274     
  0.238528130796007     
 -0.268665518392985     
 -0.677279778997813     
  0.347018686118500     
  1.968007190711657E-002
 -8.754137225105894E-002
 -9.389862211034206E-002
 -0.129507169810612     
 -0.100553215888242     
  9.458449767571767E-002
  5.031870037407168E-002
  0.239360893388515     
  0.210525335019887     
 -9.070540025648484E-002
  2.638474563594455E-002
  0.184602684493058     
 -0.299749675951937     
 -0.128956874660266     
 -3.963030483414872E-002
  6.794697589988857E-002
 -3.223511525254189E-002
  0.180464269041298     
 -5.160625290280912E-004
 -0.127209963705813     
  8.946177720946338E-002
 -0.111702588743178     
  8.336309968871282E-002
 -2.136255922460761E-002
 -0.186828052537180     
  0.118099590108145     
  0.166893207885107     
 -0.140556958817309     
  0.158627241232776     
 -0.167918651106875     
 -0.253362553932392     
 -7.970842982692676E-002
  6.665871836809714E-002
 -0.100627424476552     
  0.586577844377578     
 -0.201998827262888     
  0.212229626146984     
  0.373914704445133     
 -0.400871133357109     
 -0.215893023061484     
  0.188446635790823     
  5.019002116252423E-002
 -0.106229077525902     
  0.394876633722822     
 -0.285488410007277     
  0.229665736884244     
  0.287712239568169     
  0.210107963844666     
 -0.129959601458388     
  0.815089376273958     
 -1.366894045367023E-002
  0.362493721156299     
  0.101071080707854     
  0.102532062022753     
  0.165335576353008     
 -0.261025853182322     
  0.409259918006786     
 -0.338571921643476     
 -7.593037052079515E-002
 -2.312036935055212E-002
 -4.199980873457137E-002
  0.255340283011369     
  0.382019355344775     
 -0.112576928518172     
  0.104599978958782     
  0.265884519551612     
 -0.190016474909747     
 -0.544420041872221     
 -0.533179431987850     
  0.412014899312125     
 -7.952436438589845E-002
 -2.631237504802132E-002
 -0.109696896131263     
 -0.464712488830239     
 -0.871084280287817     
   1.10652906371468     
  0.795357766892840     
  0.149098072990532     
  1.875073037836357E-003
  0.200716403253963     
  0.947476147713913     
 -0.214217778196001     
  0.310061807309404     
  0.155836304932517     
 -0.492569605967214     
  0.601021344527902     
 -9.090172526960244E-002
 -0.342685187679000     
  0.680686641699944     
 -0.418906627391959     
  2.148358305527029E-002
 -3.187198753654283E-002
  0.518389746573059     
 -4.286833306597686E-003
  0.295481863299140     
  0.180201140925385     
  0.177573259648909     
  0.275361360523991     
  0.546539551165701     
  0.399225704679990     
  5.377880264483513E-002
 -0.392915628520881     
  0.284470948812897     
  0.153497386905465     
  0.495441038186336     
  0.300655494032009     
 -0.208449090266724     
 -0.194487905682399     
 -0.160644750963093     
  0.147266661557566     
 -0.514220494735605     
 -3.515377538180497E-003
  0.358796377360770     
  0.327140221883790     
 -8.388074325677349E-002
 -1.843636707699523E-003
  0.168172316017919     
  0.218537639212235     
  0.269957568700643     
 -0.116946391738725     
  3.262022195974731E-003
  0.526434433867213     
  4.520313493773303E-005
  0.116990162965207     
  0.717863282196250     
  0.308816924760316     
  0.225276829319555     
 -0.316112623590326     
  1.311244158809003E-002
 -5.570630093779259E-002
  0.107700274797341     
 -5.579609395152188E-002
  0.308176339189338     
 -0.587455865314901     
 -0.766274628646997     
 -0.384516805663106     
  0.352274456795062     
  0.252843330651399     
  0.303694712389809     
  4.314668067205824E-002
  0.208974509601062     
 -0.300697932651457     
  0.540181857528051     
 -4.451658384336154E-002
  0.551774401700139     
 -0.273443538566045     
  0.343150924584880     
 -0.433056330594301     
 -0.585047307349620     
  1.074907783617330E-002
 -0.296559731137114     
  0.115158429023848     
  0.310635300927194     
  2.581436452508640E-002
 -0.338721447436768     
  6.874218752674512E-002
 -1.540418756526532E-002
  8.553997707275905E-002
 -0.111018997820610     
 -0.209719946648619     
 -4.739795413446228E-002
 -0.450878737666678     
  0.212497079140047     
  6.576581652700063E-002
  0.523585307246678     
  0.373676045536192     
  0.396037900888727     
  0.141179676533778     
  0.186255328606223     
 -0.616988935230333     
  0.597470718511859     
  9.568702191352620E-002
  0.502896756611809     
  0.118362813282639     
 -0.600208915709337     
 -1.381549376339180E-003
  0.973066606634508     
  0.353908889974950     
  0.230032027130568     
  0.147915507165781     
  0.122719745793612     
  0.257419907199441     
 -0.420203742878974     
 -0.411316686878556     
  0.127098990492770     
 -0.263353478511798     
 -0.195723893825446     
 -0.717442437059966     
 -2.752574317719953E-002
 -0.473965843508029     
  0.267789530636232     
  0.309570118468059     
  0.441913167501670     
  0.226286993439145     
 -0.688202940986184     
  0.224775672217911     
  0.315168792666649     
  0.220631529799531     
  0.858394605845912     
 -0.272460489816712     
 -0.119551705385844     
 -0.130509439015671     
 -0.843852255911459     
  7.127505483681479E-002
 -0.366215649041176     
 -0.175392004098324     
  0.544509805807619     
 -0.162125237893070     
  0.515292772807456     
  0.319636405471007     
 -8.031447996295484E-002
  0.359314042420283     
 -8.905706530697206E-003
  6.165105273826315E-002
 -0.635186011415606     
 -0.247086286093301     
 -0.467965744811809     
 -5.286883707847075E-002
 -0.258671353517019     
  8.294493722872777E-002
  0.366236339367470     
 -0.183296599049864     
 -0.532587410713672     
 -0.347209822337728     
 -0.540464187709543     
 -0.411974101557668     
  8.250931805660780E-002
 -4.735901587591027E-002
 -0.221590360675740     
 -0.971330564119069     
 -0.607459050755752     
  -1.11589456973289     
  0.904656005200176     
  1.729798533448976E-002
  0.137980478766801     
 -0.128082924461036     
 -0.393215818278447     
 -3.080353943066618E-002
 -0.244008128483118     
   1.80870019956967     
  0.303327957440272     
 -9.056099584704409E-002
  0.464267222402457     
  0.168465612740594     
  0.620645834253242     
 -0.352015078821601     
 -0.253679023630192     
 -0.541241778090188     
 -0.652526184443034     
 -0.349884201853112     
  0.395296705893460     
 -0.721241975185427     
  0.472911989020714     
  0.290438096477475     
  0.950692624263023     
   1.46032754558218     
  0.247778729003509     
  0.543113834169942     
 -0.455666334112649     
  0.971787276768691     
 -0.794795444373627     
  0.476757385501268     
 -0.175123616507128     
 -0.560536923076364     
 -0.509409898478448     
  0.170288700825335     
 -0.727402047947506     
  0.412580886975195     
  -1.31670404521108     
 -0.664814543104914     
 -0.731281294597096     
  0.666691795035974     
 -6.755140344416925E-002
 -0.232034987317395     
  0.300896485046856     
 -0.366979932700964     
 -0.452172110471478     
 -0.175935754070424     
 -0.566712765435853     
 -0.344500338769891     
  0.140434859083129     
  0.736764007318332     
  0.327208375085173     
  0.147571409531484     
 -0.424909289174162     
  0.230894943845727     
 -0.494790552188869     
  0.120223942206248     
 -0.404901698860078     
  0.533073449066942     
 -0.303419894724776     
  0.147260433542990     
  4.139315187814663E-002
 -0.376100028816963     
  0.196305561694021     
  0.288616289148684     
   1.00317064790017     
  0.397995723754163     
 -0.291203811412807     
 -0.565077987727985     
  0.578338256779197     
  0.283051175889538     
  7.690912066121056E-002
  8.191237449294320E-002
 -0.325411036886913     
 -0.182699714770667     
  0.469013831194750     
  9.974417585350723E-002
  0.136211827496797     
 -0.341230352931948     
  0.519821712953675     
  0.371432714782473     
  -1.02590517733829     
 -0.407632405644939     
 -0.441491463446396     
 -7.926868484257674E-002
  0.620981572683226     
 -0.148431348136994     
 -0.469756111805257     
 -0.517951123983391     
  0.151614507388852     
  0.170201353037792     
  0.159791216004974     
 -6.519278704339984E-002
 -0.282700529048260     
 -0.648597812224226     
  -1.21305912615791     
 -0.690218785736017     
  0.540079625315725     
  0.667981966649961     
  0.308911273660653     
  0.152021964857379     
 -6.204060519782571E-002
 -2.092269929698910E-002
  0.342306158902735     
 -0.286740628340972     
 -0.126694531068044     
  0.124610567312056     
  0.349809966025417     
 -0.361388833300501     
  3.041196929016351E-002
  0.642492268094485     
  6.753776671889675E-003
  0.389357422275486     
  0.242512535542875     
  0.349742210292871     
  0.257184531726944     
  0.180359090523409     
 -0.228772140068691     
 -7.640722355956488E-002
 -0.461363379682043     
  0.467657559130588     
   1.06019434941983     
 -0.377852875190780     
 -0.196187580960887     
  0.681028870409462     
  0.155183383313496     
 -0.359191672675795     
  0.518106611304193     
  0.510712604164789     
  0.155236661765785     
 -0.269248262160167     
  0.240273069088425     
  0.176265935617544     
 -9.186807722386037E-002
 -0.306774085530642     
 -0.398938702760392     
 -1.573008986599362E-002
 -8.847389619228056E-002
 -0.652343153848239     
 -0.213008091017273     
  -1.17749664868231     
  8.181300530765412E-002
 -0.258886248449586     
  0.115186488075706     
 -0.135309622080739     
  0.351280769608364     
  5.206417535298569E-002
  0.476589755236633     
  2.704515577697025E-002
  0.123261475225752     
  0.193632473060627     
  0.247145181926292     
  0.142570791917177     
 -0.389025046230788     
 -0.433284345046412     
  0.766114687254169     
 -0.223894794650520     
  0.325552427637312     
  3.100466232454633E-003
  0.307528571506355     
  0.310700820620073     
 -0.841665018293222     
  0.351636487505612     
 -4.168394668648833E-002
 -0.231915365611632     
 -0.676648063687196     
 -0.645307517164936     
  1.109580418912888E-003
  0.295124402382621     
 -0.629799394532293     
  0.362681196582937     
  0.648623812875511     
 -0.702516497102438     
 -0.891935808435602     
  8.975856574923568E-003
 -0.609858987299159     
 -0.125322121332992     
  0.915447976211611     
 -0.774862340508412     
 -0.192760379668103     
 -0.443691428699185     
  0.172909676578348     
  0.623870453287621     
  0.560402950365117     
  0.118728715034108     
 -0.302127079550568     
 -0.255388697432465     
  0.645479120221168     
 -0.161280731269176     
  0.252662544619524     
 -0.365138690107625     
 -0.529438705875816     
  0.187172919640284     
  0.442286301396228     
 -0.432853234711708     
 -7.269856941515433E-002
 -3.660386631294892E-002
  7.748520649430458E-002
 -0.381164471678388     
 -0.218196127967250     
 -0.319012790572124     
 -0.180511874605605     
  0.154510911595443     
  3.638687494998846E-002
 -0.521781781021790     
  1.513287169117650E-002
  -1.23089090655078     
 -6.937142990186285E-002
 -0.356303819029855     
  0.698829746492934     
 -0.131521950382224     
 -0.170244554083495     
  0.185845911615467     
 -3.994956290824059E-002
  0.146808689409129     
 -0.293764667975257     
  0.352543621918341     
 -0.224593794246104     
  6.091751148421572E-002
 -0.198836131475310     
  7.405397320935363E-002
 
 -0.188151153355872     
 -0.139503279279939     
  7.431735661870476E-002
 -0.238184975970575     
  7.915384986748333E-002
 -4.762139243129238E-002
  0.154328748703972     
 -0.277364099221552     
  6.135632976735347E-002
  3.473949642276726E-002
  0.526654298865142     
  0.367900331688041     
 -0.172580697591446     
 -0.234611547821683     
  0.503692459410167     
  6.596276339863900E-002
  0.351686059108363     
  0.344119438147981     
 -0.263125628801167     
  0.536598248943327     
 -0.118564300355769     
 -0.121908998155095     
 -0.444129497476957     
  0.436797326683552     
  0.698393563953374     
 -0.156532471094239     
  0.559675308619677     
  0.138014095809359     
  2.879901113247608E-002
 -0.138603148432755     
 
   1.16101150351359     
   11.4065846255852     
  -13.2448480195992     
   3.52634306096852     
   9.63474395445684     
  -12.5704230755524     
 -0.940781711476452     
   4.21467146782637     
 -0.311078832513319     
  -34.3865661509679     
  -10.2974151931894     
   6.94770456261319     
   4.51513524158104     
  0.704631002583021     
   14.8476399313385     
  0.165292738819924     
   10.6780261123725     
   8.53330561707085     
   21.8163403177324     
  -10.8072927570080     
  -11.7762089451561     
   4.18788180040631     
  -18.2035699666474     
   14.3232153755543     
   12.9169223896375     
  -20.7580160667222     
   10.7803463635133     
   1.64903883136204     
  -6.85862555299807     
   10.6693846199013     
 
  -9.31962385287500     
 
  tansig  tansig 
