 0.613532356670661105E+01
 0.702671837853713210E+01
 0.242491561925477184E+01
 0.219645474704170907E+01
 0.106290137289269793E+01
 0.837501828099118328E+00
 0.549616756340927548E+00
 0.797562820636763870E+00
 0.579621298745687907E+00
 0.552485406560686676E+00
 0.550621757747450258E+00
 0.562185482342708820E+00
 0.760399275789902074E+00
 0.645083750251100208E+00
 0.100857371510493876E+01
 0.116238395277287809E+01
 0.205169006040206048E+01
 0.208255308899174985E+01
 0.418802898230147491E+01
 0.486331575776454450E+01
 0.119098078786898522E+02
 0.583823883270086430E+01
 0.604204973570763482E+01
 0.578668216676285496E+01
 0.258140522956894092E+01
 0.305577886648822217E+01
 0.140687182019439816E+01
 0.152016410659681722E+01
 0.861419795526066623E+00
 0.903305771376580302E+00
 0.621070844992165139E+00
 0.625294450638678279E+00
 0.568070076831321158E+00
 0.609354386127681225E+00
 0.689000063834955045E+00
 0.716076605817338896E+00
 0.100261356849857153E+01
 0.102427157461000307E+01
 0.171773422088927030E+01
 0.182328646073530587E+01
 0.333346997512010068E+01
 0.274748777702557367E+01
 0.638480691613748963E+01
 0.706439482463961177E+01
 0.323674381359522290E+01
 0.294828817426067724E+01
 0.103507665142653837E+01
 0.940441632815878892E+00
 0.412678832192989453E+00
 0.430633430254580563E+00
 0.214879821458728859E+00
 0.223831624501766885E+00
 0.157908101831228692E+00
 0.175926096010228572E+00
 0.158674440838862563E+00
 0.170246907754116578E+00
 0.174797476802826673E+00
 0.174852990320493035E+00
 0.223750719116582147E+00
 0.229117266121400015E+00
 0.317181628984994191E+00
 0.321176841004485791E+00
 0.546603658672134118E+00
 0.387095903858876100E+00
 0.866901997949235059E+00
 0.000000000000000000E+00
