 0.114342632435276137E+01
 0.349623195153281019E+01
 0.258009799667313078E-01
 0.158308818852101951E+01
 0.531311344444326261E+00
 0.725269703197523485E+00
-0.308530219103002712E+00
 0.358133226624104906E+00
 0.170513809189539706E+00
 0.117123908664032261E+01
 0.174666182302883194E+00
 0.645854114142786040E+00
 0.421535693202333750E+00
-0.252761748519014194E-01
 0.718463925311324664E-01
 0.228902242442554443E+00
 0.168372694445554499E+00
 0.120001091213025018E+00
 0.212774062482788101E+00
-0.714904329241594222E-01
-0.711324144668634556E-01
 0.326946606108610149E+00
 0.151271644190446392E+00
 0.228759129374471626E+00
 0.308186071342919254E+00
 0.806266992658376952E-01
 0.180656137392058574E+00
 0.248665972958165893E+00
 0.394624367397520603E+00
 0.165760191641987700E-01
 0.638108843799506054E+00
 0.447212098194526342E+00
 0.790813923982891520E+00
 0.648033854391246611E+00
 0.486101382384949543E+00
 0.404818504665096224E+00
 0.806373226374759167E+00
 0.137351658265694354E+01
 0.178735332932358038E+01
 0.151128263306893151E+01
 0.367764753123330301E+01
 0.396508040599859513E+01
 0.403471095728220597E+01
 0.225888339932268112E+01
 0.183595794981490479E+01
 0.259672410339243287E+01
 0.340627433397792867E+01
 0.192129310478209958E+01
 0.916351636468291653E+00
 0.137786541829961462E+01
 0.144360129628396439E+01
 0.832958918805110082E+00
 0.455228008985468613E+00
 0.848153140651554893E+00
 0.729966276328799180E+00
 0.517019678365845836E+00
 0.293129877519373805E+00
 0.313367234426966124E+00
 0.373468469404006520E+00
 0.272848171071256196E+00
 0.187172350379055830E+00
 0.425467712737810588E+00
 0.346083055887722868E+00
 0.164310176297000954E+00
 0.150678298644054631E+00
 0.292340480648076440E+00
 0.977959215785985519E-01
 0.138379368647273876E+00
 0.155945678980044911E+00
 0.482619617972201431E+00
 0.262478709152417500E+00
 0.159075402598612220E+00
 0.220872037205937316E+00
 0.415865294804039942E+00
 0.289651731206877316E+00
 0.304837045924849670E+00
 0.511220889615415564E+00
 0.584589051682214644E+00
 0.368109891684226143E+00
 0.431912510494451007E+00
 0.789655063325243933E+00
 0.159827300974492936E+01
 0.131278649196944852E+01
 0.101632868689318090E+01
 0.241395165562139136E+01
 0.245322296019327668E+01
 0.250948295235429075E+01
 0.169783858828740097E+01
 0.847503105492060649E+00
 0.190771778830143068E+01
 0.116153975721744729E+01
 0.139274701686723312E+01
 0.452011405927318866E+00
 0.648820154290369211E+00
 0.276958753148539460E+00
 0.427288511729515097E+00
 0.182151632114289780E+00
 0.163289663941664720E+00
 0.370234275509001676E+00
 0.247011091901811974E+00
 0.125725448898984349E+00
 0.124635012345433501E-01
 0.113569405725388983E+00
 0.701749561111807280E-01
 0.495300187554669549E-01
 0.128955963534294948E+00
 0.690640903072825829E-01
 0.378505552890799832E-01
 0.334523586099026438E-01
 0.933031741000298342E-01
 0.608498951244273167E-01
 0.275114649748147873E-01
 0.282701065136626989E-01
 0.106855491387992288E+00
 0.854376093865280850E-01
 0.450802036070951720E-01
 0.576393989972220563E-01
 0.806148905264833932E-01
 0.930017776007276975E-01
 0.565561480613099785E-01
 0.784712171230543820E-01
 0.178003771227998875E+00
 0.976971677899740459E-01
 0.864320382739938858E-01
 0.148570437570352792E+00
 0.206304733493710091E+00
 0.791734503653934163E-01
 0.152535246252939627E+00
 0.340725559353334873E+00
 0.478250205625097680E+00
 0.248457615270016113E+00
 0.555818207490119676E+00
