 0.230499858936322699E+01
 0.173257968499843651E+01
 0.182053604803433000E+01
-0.376106493795902108E+00
-0.246277432512947703E+00
 0.259128543851844428E+01
 0.119210104346262247E+01
 0.223068244840768903E+01
 0.119480348296907191E+01
 0.824503527341610254E+00
 0.638516019972687032E+00
 0.864543693594929774E+00
 0.634198470992059615E+00
 0.548937869812690327E+00
 0.468392617482148221E+00
 0.557717784787443271E+00
 0.515721156061852648E+00
 0.620449058006827259E+00
 0.433122250657281216E+00
 0.760373015690774867E+00
 0.815177867541325818E+00
 0.291507582138885557E+00
 0.464340087548671898E+00
 0.336913818011357391E+00
 0.413879811077394300E+00
 0.874841287402398859E+00
 0.570415867311879210E+00
 0.733213056590880652E+00
 0.102358862559806107E+01
 0.699179544715928136E+00
 0.796318598520104781E+00
 0.879672748955245276E+00
 0.144501183035074421E+01
 0.130779746246622874E+01
 0.130808848740228423E+01
 0.145517502470724169E+01
 0.300929217708320618E+01
 0.266889310477380004E+01
 0.270511820587646712E+01
 0.337366853540851430E+01
 0.929476448080415985E+01
 0.741896023697769547E+01
 0.745284735369317186E+01
 0.804144435545267378E+01
 0.206909620214602308E+01
 0.288847261934704092E+01
 0.191764780965552206E+01
 0.158285118154001014E+01
 0.965808200582315091E+00
 0.159873729211722115E+01
 0.117009103698053618E+01
 0.186649778837156810E+01
 0.921583598071469057E+00
 0.265731781569290615E+00
 0.577732647019366330E+00
 0.474463853397525115E+00
 0.300049214463586567E+00
 0.342739263602032551E+00
 0.365356023787319351E+00
 0.277929579997612308E+00
 0.221402849608576840E+00
 0.429597609391892621E+00
 0.291048058968269685E+00
 0.200034127424713715E+00
 0.195788310438974211E+00
 0.394096320653516574E+00
 0.284870429139084225E+00
 0.363387418018685404E+00
 0.395666766275980353E+00
 0.234034475608262571E+00
 0.310175190213428098E+00
 0.348221164753110712E+00
 0.448242200776257316E+00
 0.451042885266168370E+00
 0.399268120264993864E+00
 0.456382309764288507E+00
 0.694770767069802897E+00
 0.547483837936017292E+00
 0.607823336374056722E+00
 0.836297859704248636E+00
 0.162080196787275299E+01
 0.117266630393550053E+01
 0.117800284705074976E+01
 0.164365067853692493E+01
 0.410522836353487008E+01
 0.294546636156793840E+01
 0.294221318628496320E+01
 0.266213921408569698E+01
 0.163407367669561832E+01
 0.208938822252753553E+01
 0.180598861753599960E+01
 0.207007087689892488E+01
 0.951316311201927167E+00
 0.866295396386368322E+00
 0.829955364755804559E+00
 0.114558311955857706E+01
 0.540165804597384058E+00
 0.312697534165437718E+00
 0.391340881101653604E+00
 0.459802106271047339E+00
 0.260599541567546000E+00
 0.182920353818223302E+00
 0.221798144942843473E+00
 0.219142050053391241E+00
 0.157939790000361430E+00
 0.148531389030774452E+00
 0.159854087457006161E+00
 0.185925436228524699E+00
 0.157211504956732556E+00
 0.878899740532135820E-01
 0.135166560167228472E+00
 0.155503286675790303E+00
 0.156681793858974489E+00
 0.956442904035804120E-01
 0.136190942130392290E+00
 0.107590318412887076E+00
 0.122816825690713477E+00
 0.206346425518516535E+00
 0.155465096181729906E+00
 0.151787641484786739E+00
 0.214631917980612680E+00
 0.212266754926608819E+00
 0.219831940506628687E+00
 0.185581056319861493E+00
 0.343010675392779740E+00
 0.409756675306585216E+00
 0.406316807767916677E+00
 0.431379153246778446E+00
 0.976659652833409719E+00
 0.921326562238915292E+00
 0.919917500482405059E+00
 0.000000000000000000E+00
