     33 -    30 -    30 -     1 
rmse=  13.5361meV
 -0.230197725766292     
 -0.349616154733990     
  0.109443099921663     
 -0.274077042970648     
 -3.156151825793926E-002
  6.930425070917258E-002
  0.632634606473142     
 -0.381069681815134     
  0.269598479808813     
  9.045772971389505E-002
 -0.459815422900558     
 -0.246225862810059     
  0.587707276336217     
 -0.305168136312635     
 -0.212133527660191     
  0.574841685905745     
  0.298025269328233     
 -0.356364911753780     
 -0.725922261564388     
  0.617912726040522     
 -0.420989103326631     
  0.171648827834543     
 -0.122305709849351     
  0.127423707079512     
  0.176602180727808     
  0.405024795415245     
 -6.684650458223221E-002
 -9.219409403089518E-003
  0.607106338527510     
 -0.142713143008856     
  2.492602386383289E-002
  0.398349999379051     
  0.205152020049411     
 -0.170828665526072     
 -0.447693277247212     
 -0.510123067218433     
  0.173015716729701     
 -0.491221461236749     
  0.196209746973650     
  -1.73575223945231     
 -4.873288021032673E-002
  0.718780644507639     
 -0.423650527012568     
  0.857585248364821     
  0.453641102472881     
 -9.773798523391848E-002
  0.285703209918649     
 -0.428912077450880     
  5.800061752695896E-003
  0.296032337196620     
  0.298363059077663     
 -0.722520157178133     
 -0.262130638580915     
  0.217318499686336     
 -0.219931275672221     
  0.415018757234181     
 -0.222976426484430     
  0.303466942809572     
 -0.424920448622108     
 -0.149011103387031     
   1.09677577411908     
  0.497606111869101     
 -0.831299079589510     
  0.617981059839951     
  8.840312695432559E-002
  -1.40103400548925     
 -0.597875455251833     
 -0.540031678850650     
  0.493017468112822     
  0.444042864404536     
  0.383406260268005     
 -0.774163608443276     
  0.452893915671218     
 -0.676031293830277     
 -0.373717993524147     
  1.079222071587644E-002
  0.322298160440261     
   1.07540525783147     
  -1.15194763226373     
  0.377763941595308     
 -1.146634763562775E-002
  0.357002586561952     
 -0.211691984593517     
  6.040008749214920E-002
 -9.308812078319816E-002
 -0.178389638496169     
  8.276279525548894E-002
  2.930061849200449E-002
  0.138913405321293     
  0.273768492918355     
 -0.667557991138061     
 -0.433307997745301     
  0.582393624307825     
  2.633703737069885E-002
 -0.375483068958183     
  0.276116248233359     
 -8.659423956694744E-002
  0.205483084728077     
 -0.882064318259177     
 -5.934381078890522E-002
   1.76478741562315     
 -0.563090321157778     
  -1.25229954611088     
 -0.391088896499347     
  0.624473783662361     
  -1.23779387576505     
  0.250968572783486     
  0.680816528555366     
 -5.774041861960535E-002
 -0.453044386430337     
  -1.02605179567604     
  0.831241750323009     
 -0.439869389829006     
  0.333985810005150     
  0.271883009610421     
 -0.105424501294521     
  9.218916524789775E-002
 -0.170029725093940     
  0.545191152761266     
 -0.174044181332265     
 -0.218778160083522     
 -0.156567199157573     
 -0.763661068476817     
  0.730416239826794     
  0.397780064284639     
  0.225712502365891     
 -0.590059486926787     
  0.863705643540490     
 -0.359033161115553     
  0.202793305583651     
  6.789174274519308E-002
  0.482976235560979     
 -0.337923404201407     
  0.234307442267542     
  -1.03810326252594     
  0.441551141191712     
 -0.542913045968691     
 -0.587692707745007     
 -0.609187799175550     
 -0.732247869779329     
 -0.234129241875858     
 -0.815949163666836     
  0.133365906287776     
   1.08729456964425     
  9.884705302430612E-002
  0.431243210653506     
  0.398545088793583     
 -0.561632834734738     
  0.329690312556980     
 -1.724783029596103E-002
  0.263955269255565     
  -1.07015207337586     
   1.00338652895967     
  5.976845556936573E-002
 -0.553025231587222     
 -1.351230427439599E-002
  0.238115839406415     
  0.730578843418739     
  0.621545707764503     
  0.247442961905917     
  0.266438309095498     
  0.105618972114382     
 -8.686327259031631E-002
  0.385885489071632     
 -2.713654259440266E-002
  0.529663103665535     
 -0.423610032512751     
   1.49987965672998     
  0.609782155863961     
 -9.990851946600568E-002
  0.521433527042161     
 -0.826814649885924     
  0.142368052889671     
  0.565709807558731     
 -7.455517540258973E-002
  0.163744224141806     
 -0.243501444133968     
 -0.591695901944652     
 -0.451219433898138     
 -0.321264820020630     
  0.112283647757623     
  0.276468994583974     
 -0.418260276663647     
  0.645999907979796     
 -0.463731946078340     
 -7.361487107559381E-003
  0.504679491044722     
 -0.249803402272788     
  0.136250529268348     
 -0.122063101901452     
 -0.571779757225685     
 -0.306575942611268     
  0.324739130098030     
  0.456611263446550     
 -0.687360317632917     
  0.450841196571481     
 -0.700969633707625     
 -0.304820980330114     
  2.628213567271701E-003
 -0.222491966467428     
 -0.259046342499601     
 -0.650814612841574     
  0.391274028029091     
 -0.230430983457242     
  0.206699320540819     
  0.151300455764426     
 -0.253051183271614     
 -0.678591288475596     
  0.599293494905533     
  0.438338960170987     
 -0.634551729765235     
  0.409219459902820     
 -0.187199082715601     
  7.381682256069726E-002
  0.276709240363606     
 -0.370983551895329     
  5.451440972736665E-002
 -0.120467549712234     
  0.328639387579124     
 -0.551662189716762     
  0.648465191840534     
  0.172171664060057     
  2.696584465997002E-002
  1.435856398063236E-002
 -0.184111619576545     
  0.390905030004485     
  -1.00889235859801     
  0.290764280120016     
  0.127519489548787     
  0.417366479017150     
 -0.246599556873842     
  0.345936159973980     
  0.637956262962074     
  0.841808065587847     
  0.377509868935668     
  0.138315529967822     
  0.499292045182213     
  -1.24000245582990     
 -0.263642749104018     
  0.310549550805388     
  0.417714495589332     
 -4.621572388020245E-002
 -0.898051497496425     
  0.298284201696151     
 -0.371335234342112     
  0.498548053942175     
 -0.887179489038810     
 -0.284288389651445     
   1.17083448872860     
 -0.176762375919939     
  7.244952973494406E-002
 -0.378793545270331     
  0.510607284239947     
 -0.740325530635972     
  5.983171376659842E-002
 -0.537036556810503     
  0.812666300259199     
 -0.374142310061352     
 -4.076945361667439E-003
  0.606798654961441     
 -0.106800881888274     
  6.158248720206054E-002
  -1.11486537632982     
  0.492262697025161     
  -1.97459227972530     
  0.227357919921220     
 -0.643969642268198     
  9.090577952378714E-002
 -0.466379974842671     
 -0.162827298790576     
   1.00772245020287     
  -1.11779119640379     
 -0.732175379044983     
  0.565597714558830     
 -0.452002629615955     
 -0.667089820477620     
  0.954275243069103     
 -0.537193220739760     
  0.508920180090835     
  0.792417970444085     
 -0.316249409138513     
 -6.035476992524980E-002
  0.526181498538745     
  0.154204178779088     
  0.136750811405035     
  9.081994140228762E-002
 -0.200672475000512     
 -0.375531659337637     
  0.435295433670477     
 -0.344628940300361     
  0.264116781682587     
  0.268773492682810     
  0.553335458754851     
  0.171009782837122     
 -0.315642869635805     
 -0.310116915968293     
  0.529379374390692     
   1.38670520528707     
  -1.45987074185956     
 -0.541413591309888     
 -0.127163466692424     
 -0.178194913678825     
 -0.275080082363779     
  0.706899181346689     
 -0.689421393650872     
  0.690005712718477     
 -0.677440718027476     
  0.352229876383161     
 -0.143338614969590     
  0.149738889822755     
  0.392638020369090     
 -0.183830296176614     
  0.144780064531901     
  0.226344614808109     
  0.338858351753640     
 -0.100520803109127     
 -0.249255728240728     
  0.851613817307216     
  -1.15533094380499     
  0.363530698550582     
 -0.360666875864363     
 -0.277433633730565     
  0.964879292777847     
  0.183875017784372     
 -0.297668731418580     
  0.514351234504680     
 -0.321315028647736     
  0.588020562659491     
  0.847829781110577     
 -0.749634973451618     
 -0.380782238275863     
  1.131033686559208E-002
  0.843152733052902     
 -0.850441257195382     
 -0.125804860465148     
 -7.918696705778577E-002
  0.276766820927294     
  -1.12112877708603     
 -0.878598982564238     
  0.153207795859434     
  4.486812709868562E-002
  0.162856820066169     
 -0.468292864720174     
  0.721761576523310     
  8.019740504699290E-002
  0.126045742049702     
 -0.465932582450889     
  0.523809839972991     
 -9.051440190273786E-002
  0.244682461859559     
  5.238019087912008E-002
 -0.289701450197181     
  0.799961576971283     
  8.379349137264437E-002
 -0.237602695959180     
  0.269030752277774     
  0.839308662730047     
 -0.626471946195328     
  0.142276687495602     
  0.905481419774351     
 -0.529629011998474     
  0.388287079104054     
 -4.542987410219985E-002
 -0.275264098511218     
  1.924004936347371E-002
  0.852786316430912     
   1.33923192019841     
 -0.459890140992883     
   1.50803813683572     
   1.18696607228768     
 -0.556094405672293     
  -1.20017441312293     
 -6.944897839499981E-002
  0.301758494195525     
  0.325896684175533     
 -0.175440290103220     
 -0.387139014827189     
 -0.201692213357673     
 -0.932179475708895     
  0.428264415670944     
 -0.411816814582737     
  0.443291668393829     
  0.121564160491010     
 -8.175961676515450E-002
  0.139287972191995     
 -0.720586718518171     
  0.573172065115854     
 -0.592672757777458     
 -0.856989745570650     
  4.441594488676438E-002
 -0.311403092567827     
 -6.480135963084652E-002
  0.289411967138626     
  8.535027148224970E-002
 -0.611401391727332     
  0.435679593269665     
  3.429646015804581E-002
   1.13904944538981     
  0.121874483670739     
 -0.495813065673865     
 -0.197295874419622     
 -0.201110202162837     
 -0.345988190685524     
  0.150385592900382     
 -0.383194702142982     
  0.500591922495056     
 -0.575163008717415     
 -0.678487864309666     
  0.718450290548042     
 -0.415556844022530     
  4.602407706681156E-002
  0.628579945521828     
  0.265356036951026     
 -0.203886670940107     
 -0.149014283349863     
  5.315484096900550E-002
  3.069077024226195E-002
  0.294555383553331     
  -1.34307165270127     
  0.741507806149063     
 -9.560160221861649E-003
  0.378853338280814     
  9.929940703355387E-002
 -0.229638404307401     
  0.104721914274998     
 -3.407597477333508E-002
 -0.431331730298615     
  0.452231466940712     
 -2.508263635425349E-002
  -1.46325566417050     
  0.933333601483949     
  0.142783936572165     
 -0.594015512689715     
  0.258575279524615     
  0.277947507505318     
  0.394125214080478     
 -3.094722605718544E-002
  0.288376765816286     
  0.111491231208801     
  0.277335809951329     
  0.119119636641759     
  -1.00241674466906     
  5.816164154745083E-002
  0.271619333217125     
  -1.05323757103667     
  0.440120715295807     
  0.486043087494236     
 -0.520683996204299     
 -0.120134808386580     
 -9.670529343243409E-002
  0.162658109555212     
  0.611669785974436     
 -0.183619947441397     
 -9.887035576253775E-002
 -0.922856729925787     
  0.404509876811579     
 -0.703358634634463     
  -1.32176797189422     
  0.648995218526454     
 -0.556228299151420     
  0.553148312559573     
 -0.694563949944502     
  0.168715941683232     
  0.487951289321859     
  -1.16258569772179     
 -0.138016409804044     
  0.219855502647381     
  0.435042780716015     
  0.494410375650466     
   1.18917778705450     
 -5.070027586312563E-002
 -0.716738378194893     
  0.597239544708962     
 -0.264135702277763     
  0.950893334625979     
 -0.103581112722807     
  0.890425190410453     
 -0.583683851606211     
  -1.42115846688669     
 -0.118948780824189     
 -0.751888095173745     
  0.341610161234664     
  0.274095797839757     
 -0.516553177907343     
 -0.685820927607210     
 -0.733007701502873     
  0.212201863855268     
 -0.157375919017033     
 -0.256957574155134     
 -0.368928844374913     
 -7.625436055620817E-002
 -0.172089619132192     
  0.362367123950623     
 -0.151156883296504     
  0.304182527529678     
 -0.519202610636960     
  0.673332736059602     
  0.586761076189309     
  -1.00507288779377     
   1.25561931726823     
 -0.236133246965265     
  0.317340766385540     
  6.932705145175044E-002
 -9.495306681827573E-002
  0.229900287636592     
  1.492924528654221E-002
 -0.162312797475077     
 -0.153392795928198     
  0.457388474205692     
  0.181948073788228     
 -6.811252470757538E-002
 -0.232222518725897     
 -0.687115276452088     
  0.757422850895830     
 -0.482255328587009     
  0.312997373112300     
 -0.576804708288011     
 -0.106756298883206     
 -0.293828887023079     
 -0.315261801097188     
 -0.286416503033753     
 -7.512831869684489E-002
 -0.145240927789854     
  0.336845273428330     
 -0.203651499998319     
  0.199597771018768     
 -0.795409681593262     
  0.563352173225820     
 -0.275543947436495     
 -0.335513480154001     
 -0.371088646151647     
  0.388203818867996     
  0.559710551738361     
  0.145604216348970     
  -1.38469150067630     
 -7.197918835766424E-002
  0.782647134261065     
 -0.190433928466829     
 -0.336042860658006     
 -0.268130622715857     
 -0.166153411639448     
 -0.477604826022689     
  0.110092699056978     
  0.257036574564484     
  0.139798111985159     
 -0.553912809240045     
  0.865608418533096     
 -0.267057583744998     
 -9.051295277627604E-002
 -5.327342090700940E-002
  0.890700999903316     
 -0.433078469986420     
  0.100773095136394     
 -0.624404092460361     
 -0.245793892928463     
  0.625222194749635     
  9.836386939586034E-002
 -0.306710584713484     
  0.400953038808455     
 -0.142777150566067     
  0.850737173756339     
 -0.218152667006556     
  0.255018428922699     
 -0.496632803239426     
 -0.225345343070099     
  -1.15709760911619     
  0.596009017452281     
   1.30350557697269     
 -0.657577549817667     
 -0.357392006384157     
 -0.195198174538504     
  0.171144004249843     
  0.393868364404744     
 -5.063359270677432E-002
 -0.205323255698691     
  0.199963779294065     
  3.825984654525130E-002
  0.559917557431038     
  0.250183832506549     
 -4.649442160701089E-002
  0.498732586332815     
 -0.155007002865484     
  3.311307530338031E-002
 -0.220003577764138     
  0.170397626316337     
  0.537351669128163     
  0.274477640795176     
  0.528351718137615     
  8.875312356489615E-002
  -1.11795159562541     
  0.445180403390552     
  9.574702784927169E-002
 -0.320290983460081     
  4.485731169153494E-002
 -0.116411775730798     
 -3.116475627591330E-002
 -0.948209988981894     
 -0.325904540331588     
  0.396314079701652     
   1.00070615565015     
  0.555278327930539     
 -0.158976960870097     
  0.310812466831803     
  5.422083276702497E-002
 -6.507597642586919E-002
 -0.259634694151491     
  0.494373056931573     
  0.993104246097075     
 -1.534063379976507E-004
 -0.948564339884903     
 -9.587896775945993E-002
  0.562381189574819     
  4.112183884968542E-002
 -0.274295265947486     
  0.143068083105241     
  0.313928661928122     
 -0.265826703051345     
  0.110286811429888     
 -0.350326358919104     
  0.583564776247785     
 -0.293684668881440     
  -1.72570885136920     
  0.633383289548750     
 -0.310221429294926     
  0.191948599418183     
 -0.329483370997546     
 -0.485892281087154     
  0.853594197265562     
 -0.742169011974272     
 -0.959801586265210     
 -0.906831302250872     
  0.541704658986126     
  2.737661937391919E-002
  0.321895084401092     
  0.916425770135113     
  0.844850226960692     
 -0.479425023993293     
  0.108040079911981     
 -0.390448830208161     
   1.14534191038893     
 -0.627271136531943     
  0.191997944656225     
  3.257792871479501E-002
 -0.189849229928126     
 -0.359913875069771     
 -0.306758503093639     
  0.411154321637222     
  5.663453868686636E-002
 -0.378780393722122     
 -3.645201130128995E-003
   1.07382215930327     
 -1.328803724310264E-002
  0.161204732639550     
 -0.384987140482593     
 -0.263973774599438     
  0.294465169108703     
 -0.229737859111562     
 -1.505945869212173E-002
  0.919817227868520     
 -0.147815933735105     
  0.881103483905342     
  0.753448473088967     
 -4.741329196290836E-002
 -0.506146761529345     
  0.523573490285630     
 -0.846576594710475     
  0.449646524732015     
 -0.308967888069606     
  0.443841393187419     
  0.142956630531408     
 -0.128080790490224     
  0.117661346779668     
  0.235571651592404     
 -0.247513631008000     
  0.246104638823894     
 -0.306485214180022     
 -0.391887197685691     
 -0.210521127555545     
 -2.515198175618016E-002
  0.358077590649577     
 -0.247497397784469     
 -0.235506193217312     
 -0.633376712948662     
  0.183995498131412     
 -0.307895470551662     
  0.339947885113048     
  0.372889060742007     
 -0.235131558652845     
  7.361383858563800E-002
  0.518812079448832     
 -0.291865002521885     
  0.404913314279589     
  0.198580988648902     
 -0.586756088312871     
  0.430917317861013     
  0.146093191099632     
  0.813468549916647     
 -0.176509080653034     
  -1.32540911795550     
  0.290840158692895     
  0.834226815229795     
 -0.272046497427301     
  0.242843298081047     
 -0.127875795103161     
  0.700170152799608     
 -0.621487074932481     
  0.589998414882763     
 -0.126556053418211     
 -3.529939054851750E-002
  0.246718718628081     
 -0.474255231642122     
  -1.07880015585117     
  0.986221996529153     
 -0.578756834961982     
  0.677219526443740     
 -0.122426424292329     
  0.266448830739455     
 -0.333756718758592     
 -0.133207395412026     
  0.398352481268722     
 -0.195972009267839     
 -0.334593548715989     
  0.140472364863051     
 -0.440113614686619     
  0.163074247725789     
  3.064847769357346E-002
  0.956232568563892     
  0.224787905001362     
  0.127786773698963     
 -0.901511657177023     
  0.606088047087335     
 -0.427675920961813     
  0.621436563812869     
 -0.350699586685424     
 -0.850243968808248     
  5.887848395928082E-002
 -0.383106212665140     
 -9.799408060757531E-002
  0.166394444157042     
  0.228574979258462     
  0.118367425904106     
 -1.244918207996787E-002
 -0.149412491509825     
 -0.857903542751658     
  0.236749232511997     
  0.333050060376725     
 -2.605631357429547E-002
 -0.452002280174280     
  0.565007080882556     
  0.122078414105546     
 -0.106370439506475     
 -9.163643521975365E-002
 -4.379819743291129E-002
 -6.636065922590963E-002
  0.928565751950447     
  5.101016561905371E-002
  0.116463756241213     
  0.509492946141726     
  0.446448670385497     
 -0.376913468915231     
 -0.216956516285996     
 -0.145241175748243     
  0.304052177923548     
 -0.217451247775386     
  -1.21446307651752     
  0.517563621543928     
 -0.677053996771737     
  -1.58724627558194     
  0.684095293311019     
  -1.24888226642374     
  0.887884122927480     
 -2.378232148576517E-002
 -0.346356595165520     
 -0.700843415820652     
  0.240339232018317     
 -0.131168266076406     
 -0.248958715800464     
   1.08716833788076     
 -0.266519414496642     
 -9.495141866604674E-003
  0.569081242185589     
 -0.594562337302722     
  0.798145279789620     
 -0.239107025823130     
  0.187297854007345     
  0.457174052675704     
  0.402617567989068     
  0.218682934737386     
  0.497072393819503     
 -0.488312863674890     
  0.495689529960343     
  0.997731861052630     
  0.676191352561842     
 -0.592078402542318     
  0.101813509757337     
 -0.561499077215952     
  0.316099409083087     
 -0.561410995405809     
 -0.304110245907595     
  0.777014358235340     
  0.184068814439707     
 -9.196595641275848E-002
  0.397477485158245     
 -0.203430924648732     
 -0.271584896187802     
  0.524394538237319     
 -0.320502940953808     
 -0.230303021834228     
  4.531382802992986E-002
 -0.928888152515184     
  0.638584250126110     
  -1.09281772631164     
  0.266065303239373     
 -0.494909219099254     
  0.548354855319714     
  0.439837358442370     
  0.101347933162838     
  9.416462065403458E-002
 -0.141262255815723     
 -2.822880679837098E-002
  7.738179035014801E-002
 -4.362092158226541E-002
 -0.180422173724650     
  0.260803228585012     
 -0.446130148900785     
 -0.919379146200259     
  0.853018392911011     
  0.502476515577560     
 -0.745567044140023     
 -0.314631237267272     
  5.423655514568258E-002
   1.46941321600543     
 -6.636682055738481E-002
  0.877172904278219     
  0.230532562400891     
 -0.378819006583124     
  0.184254764495306     
  0.106806440778254     
 -7.039032204542847E-002
 -9.085532351330981E-002
  0.242233291101694     
  2.915470878275668E-002
  -1.27965298312004     
  8.639320082641028E-002
 -0.135198530347754     
  4.530910496476612E-002
 -0.323505213798056     
 -0.662864025309807     
 -0.188896999561573     
  0.370584803832944     
  0.318355059469912     
 -4.959029083752083E-002
  0.544561325469130     
 -0.303896138234435     
 -0.579291388481700     
  0.146163839348495     
  0.452965525185027     
 -0.644132877207314     
 -0.452294180666096     
 -9.550659637255174E-002
  0.973337318979346     
  2.993968036961922E-002
 -0.705567170626519     
  -1.47379218155309     
  0.348669758223442     
 -0.109241802973505     
 -0.809810860972733     
 -0.492201286964245     
  0.284071805298647     
  0.341451140461769     
 -0.692884802946322     
  0.385736178634778     
 -0.192590995701147     
  0.464426275119518     
  0.383843432820613     
  0.338864224594770     
 -0.530675585832621     
 -0.185503669662771     
  0.344784323084737     
 -0.661509741932437     
 -0.158445893234332     
   1.50908950396411     
  0.334179706707992     
 -0.249115677812020     
   1.45629805978475     
 -0.229338306067187     
  0.813404137303413     
 -0.316633297609836     
  0.545735055859274     
  0.357637746985090     
 -0.654560755465621     
 -0.763176018434627     
  -1.02595640366588     
 -0.594654458189988     
  0.970231117259837     
 -0.388311980463096     
  0.104385402697783     
  0.587572069583957     
 -0.437913865842672     
 -0.374477902936858     
 -0.402212182464018     
  0.917513844507965     
   1.16120834067560     
  0.868249247346997     
 -0.700603493100684     
  0.520773884003048     
 -0.166310808433929     
 -0.302127610143263     
  0.752405653518490     
  0.567022579363679     
  4.544096140017068E-002
  0.301978052163391     
 -0.199947548982102     
  -1.13585272480093     
 -0.599968590236619     
  5.604184723749753E-002
  7.690945917080477E-002
 -0.213171494321289     
  0.506797365617280     
 -0.809535421590576     
  0.727700826302955     
 -0.179874776125798     
 -5.184102555575949E-002
 -0.266097363655443     
 -0.111374742625582     
   1.45647010983573     
  0.274059275514931     
 -0.228464974143738     
  0.276595584944911     
  0.688405462283778     
 -0.642678257356669     
 -0.498798317423060     
 -0.862115249046868     
  0.153569072890701     
  0.168800998871616     
  -1.25447677378178     
   1.02008035143383     
  0.112884412116643     
 -0.116575657929964     
 -0.172777615344137     
  0.274676277415383     
  0.690464084544102     
 -0.328527179008068     
  0.208976705581195     
 -0.277436103425074     
  0.267188779876527     
 -0.543820598908597     
 -0.932267884167300     
 -6.141418042739657E-002
  0.412618478954788     
 -0.368978468396211     
  2.808282816545573E-003
 -1.183577511389886E-002
  0.308873828085340     
  6.174600943718835E-002
 -0.685199020081884     
  0.266410108738198     
 -0.404585195882921     
 -0.597706653398042     
  -1.58811115187295     
  0.592213239975826     
 -0.599755518020958     
  0.433152045243973     
  0.222190890982697     
  0.795901008107789     
  9.284049915921982E-002
 -0.650663033618370     
  0.332673979012799     
  0.369420278661666     
  0.409405673562434     
 -0.360866798076621     
  0.978857215104317     
 -0.821035355355783     
  -1.12677552506805     
  0.417013039118602     
  -1.13927255675156     
  0.487757213018804     
  0.192367602793072     
 -0.570360911317509     
  0.632755990129027     
 -0.949181796512285     
  0.422348372812656     
  1.740875879111586E-002
  0.171311576367543     
 -0.225228116216598     
 -0.464240331336985     
 -1.081896043557447E-002
  0.291299635896205     
  0.157505503898282     
  0.190718468555626     
 
  0.262632483977721     
   1.01137121995580     
  0.991545123224384     
 -0.767942731975902     
  0.809415496141449     
  0.109808910152191     
 -0.482200176810938     
 -4.202162078227710E-002
 -0.700554472281742     
 -0.863584549423210     
  0.125557913311028     
 -0.684106383964312     
  0.373527621284902     
  0.643404361619902     
 -0.935716614467980     
  0.420813765272408     
 -0.954882689226803     
 -0.378567884397721     
  0.261110559631607     
 -0.113277734253049     
 -0.556316621681444     
 -0.291268767392705     
  0.266508145634105     
  0.119624923117720     
  0.312832585595672     
  0.653885929673787     
   1.30923559853409     
  -1.33326355435165     
 -0.491154368459011     
 -0.703094929927704     
 
 -2.822621619673463E-002
  0.184269232638696     
  0.471662978751072     
 -0.770891833224748     
  0.466561892132861     
 -0.797212392285208     
 -8.660570147393609E-002
  0.143034387712594     
  0.753443016064549     
  -1.04954457241888     
 -0.224605630032038     
   1.03149611736584     
  -1.13715068899461     
  0.708670450655227     
 -0.132571153651559     
  0.364576254702666     
  0.920997708892232     
  0.730693392773884     
   1.14712604634850     
  0.692378226134219     
 -0.852346898587474     
   1.20948615660111     
 -4.910475305046165E-003
 -0.490834599136995     
 -0.405029858331622     
  0.557328421365530     
  0.142295394913870     
  0.489606016517338     
 -0.521483082063543     
 -0.359949532780627     
  0.105645590188836     
 -0.175213200237913     
 -0.214865848461087     
  0.469377941821507     
 -0.415337606196164     
  0.839781993255770     
  0.209209428226292     
  0.649868600000419     
 -0.146905170987077     
 -0.282500035478996     
  0.700783295101211     
  0.121249476558876     
  0.124700628781273     
  0.288459647677529     
 -0.634988102536710     
  0.692139524193991     
 -0.873653872499054     
  0.599609777888464     
  0.149229518498679     
  0.648122123961120     
  0.569471584160760     
   1.31554270632118     
 -0.161501924548878     
 -0.540027505936541     
 -0.596892842058877     
   1.65301239807936     
 -0.738646615880103     
 -0.531862828173685     
  9.947953617151355E-002
 -0.590139629861005     
  0.130840814134227     
   1.26241244926862     
 -0.814055076260275     
  0.170069185366419     
  0.345656930873965     
   1.69992457092382     
   1.02722115304703     
  0.155379472587742     
 -0.741070399808862     
  0.662246078600341     
  0.724843364935653     
 -0.837664538059004     
  4.435582300175095E-002
 -0.139594682218894     
 -0.773801771374873     
  0.238058138874197     
 -0.613293764742213     
  0.201735562825149     
   2.30623031542432     
  -1.23008237860048     
  0.648805049717970     
 -0.284241537703049     
  0.910634860173989     
  -1.28459072360678     
   1.03750525314131     
 -1.731567340978051E-002
   1.44136145471749     
  0.639941328419842     
 -0.450116830419018     
  0.346588679927480     
   1.45129960664338     
 -0.631250567256443     
  0.375888523502347     
   1.06354670251645     
  7.341373886318046E-002
  0.297529664192657     
  -1.08874183889876     
 -0.756652319262989     
  0.424831444398748     
  0.219529321732671     
 -0.746856309529985     
  0.149679198524274     
 -0.968595424164097     
  0.669479274871078     
  0.375893797138371     
  0.247523777664250     
 -0.855784956568355     
 -2.166946044890238E-002
  6.104992838975334E-003
 -0.678153652985276     
  0.159594672142163     
   1.03945998158680     
 -0.160916139263090     
  0.478450128212208     
 -4.277055558553119E-002
  0.389127838403602     
 -0.171662827383363     
 -0.602288614561983     
 -0.931235770316253     
 -0.544913886058596     
  0.272071545420972     
  0.594629262284319     
  -1.08664784976283     
  0.564768684557365     
  0.775003667150581     
  0.486118461219255     
  1.569407873516188E-002
 -0.308918176887267     
 -3.798023489383515E-002
  0.445830424415072     
 -0.647838637242259     
  -1.05887655611767     
  0.291169603785216     
 -0.984648097295073     
  0.235311336126618     
  0.238322812241407     
  -2.03736195687110     
 -0.665604629581459     
  -2.17012282365473     
  0.251266715671836     
  0.582295539344379     
 -0.453668847437457     
 -0.415252384268967     
  0.664527069563290     
  0.143668830503131     
  0.607924189360075     
 -0.741746424691790     
  2.645395758365451E-002
   1.10336274741484     
  0.361127751878519     
  0.444518665304261     
 -3.756605537679179E-002
  -1.34254302436148     
   1.06992076275340     
 -0.219518288137869     
 -0.718646663298449     
 -0.742604446892719     
 -0.685100916537150     
  0.499148584115855     
  8.468386272975194E-002
  0.420952125223620     
  0.689658477083078     
  0.249004261913455     
  0.246455331993617     
  0.182840329516798     
  -1.03043957482180     
 -0.428830091701781     
 -0.825793916291013     
 -0.832138326602457     
  -1.19000227032060     
 -8.907656616998693E-003
  -2.48419338741826     
 -0.949683434273943     
  -1.01260846588746     
  -1.01061735602619     
  0.612746967544897     
 -0.342360496823000     
  0.156461542296906     
 -0.330327714868896     
  0.295045161394342     
 -0.248813678519623     
  8.349755908596459E-003
 -0.434112714591797     
  2.534111697491220E-002
   1.53349470722005     
  0.188683023612340     
  0.114558528349571     
 -2.786584658743491E-002
  0.280048073445676     
 -8.874828020717637E-002
 -8.510665585005811E-002
  0.480745276789942     
 -0.293763393792610     
  0.310330286063847     
  0.886449929187917     
  6.997459167437077E-002
  4.745345391705599E-002
  7.291915261838790E-002
  0.174137861672452     
 -0.409053771258882     
 -0.726083067333238     
  0.117243240800449     
 -0.941442422227634     
 -0.306994181043466     
  8.008874400228969E-002
 -0.449007107450111     
 -7.213348656692398E-002
 -0.229542146886519     
 -0.321943573517174     
  0.224168080974666     
 -0.504276272930445     
  0.730034822012490     
  0.382671863172701     
 -0.162873737398311     
 -4.968109177170195E-003
 -0.309866619870189     
 -0.362085105316580     
 -9.635401094190386E-002
  0.410913575858522     
  0.376813431724108     
 -1.758275927553483E-003
  0.226685692278538     
 -0.439950452963520     
 -0.423906698648888     
  0.167905882432109     
 -0.380936692189500     
  0.373981686743763     
  0.440083235063192     
 -0.218036478291939     
 -0.191426182544926     
 -0.181031594954519     
  0.574326170293837     
 -0.530197957727672     
 -7.224111602916411E-002
  0.576549657408707     
  4.099862351705261E-002
 -0.419169937007905     
  3.271317812712083E-002
  0.109015985141916     
  0.134481151980158     
 -0.913346340786662     
  -1.56289017189008     
   1.16486069238513     
  0.278489608817616     
 -0.414215085155886     
 -0.400601346956162     
  0.978690579763316     
  0.383157633836854     
  0.336639954616577     
  -1.41933234560248     
  9.030912198702606E-002
  4.217906334784853E-003
  0.462605264847415     
 -0.264238064355043     
 -0.567291830428476     
  0.175569185704298     
  0.948153933291159     
 -0.278103105731652     
  0.125117890441691     
  0.263769717099248     
 -0.193862399939841     
   1.15383726600012     
 -0.887938662114074     
   1.44276139453471     
 -0.283691595269902     
   1.07796235245195     
  0.822210204299492     
  0.445581769127291     
  0.935602707810635     
  0.544582153069476     
 -0.415197767232168     
 -0.499883882532631     
 -0.313950973183520     
  0.219872924204977     
 -0.276575068206548     
 -0.607665442357198     
 -0.440607797020546     
  3.918769022645516E-002
  9.677319769019881E-002
 -0.159940944780055     
   1.11805049101146     
  0.309875617495693     
  0.154225169492302     
  0.227688564969614     
 -0.537468709976563     
 -0.457387770404640     
  0.845830022075459     
  0.480552262717197     
 -4.584848660357184E-003
  3.404419532057888E-002
  -1.22368501003196     
  0.138391606771481     
  0.291181087103075     
  0.546398159982794     
  0.745661899332486     
  0.513147660206659     
  -1.21321314526064     
  0.154988674200673     
 -0.255644530554232     
 -0.271763191541931     
  0.255900803126487     
 -0.216305144016716     
  0.285224087165144     
  -1.31162663074306     
  0.195884834704588     
 -0.389224431863265     
  0.251552415295116     
  0.951657331199642     
  0.473670487661706     
 -0.399457534867400     
 -0.341904456117652     
  0.734533630740037     
  0.145637509584021     
 -0.106774099231702     
  0.527765019088879     
 -2.358024040785492E-002
  0.551510094469665     
  0.443288796721355     
 -0.399995023836366     
  0.444246340871086     
 -0.689903293280210     
  0.401183643810752     
  3.401827756184105E-002
  7.957903242657582E-002
  0.550182455325240     
  0.428653018644935     
 -0.765293114962528     
  0.261678305679415     
 -0.794344933550266     
 -0.384521582185577     
  0.928392916335498     
   1.20782843501141     
  0.230904784171120     
 -0.522612754037614     
 -0.122075620868548     
  -1.31826453769238     
 -0.588579499861422     
  -1.11530748690133     
  0.729098047037695     
  0.101548357764765     
  -2.11732185792170     
   1.96248872504060     
  0.481041912561781     
  0.540259513969662     
  -1.09517506557294     
  -1.63932161984302     
 -0.135897206834181     
 -0.814414492935437     
  0.252455924214068     
  0.438291470893615     
  0.471302187435443     
  -1.08455049913979     
  8.655733591472786E-002
 -0.607123163476983     
 -5.959706807446466E-002
 -0.438310071688914     
   1.20794799015397     
   1.13587104450088     
 -7.043078723479350E-002
  0.719512516716105     
   1.30033008534149     
  0.489269977066986     
 -0.870237667310115     
 -2.012207163204632E-003
  0.504781241739231     
  0.495178817917123     
  0.204165512308373     
 -0.608606437370052     
 -0.710692590109474     
 -0.660635912003509     
  0.207734789181888     
  -1.10890650917945     
 -0.124618039303180     
  0.365567311565007     
   1.49655049997757     
 -0.643504994586158     
  0.344256908474382     
 -0.702890910260037     
  7.605500996393386E-002
  -1.83014446340638     
  0.288008533983774     
  0.108153823324972     
 -0.157377873274261     
  0.843337516328634     
  -1.13946920386951     
  0.668001267303651     
  0.304753950539928     
 -0.966527823716983     
 -0.588329816355179     
  -1.57566290569512     
  0.599881770163173     
 -0.219649916134290     
  0.302061965504211     
 -0.997662640926471     
  0.647358967498686     
  5.800920626367259E-003
  4.495642382704944E-003
  0.478073917974861     
 -0.597597777121397     
 -0.165088710685618     
 -0.449522104237240     
  0.639078557240548     
 -0.620990080016786     
 -0.213269052444470     
  0.601530536365996     
  7.378706456432137E-002
  0.440243350476861     
 -0.466400311758083     
 -0.182123529774525     
  0.238146921584084     
 -0.192700941284604     
 -0.341220624463321     
  0.265143769148880     
  0.879129555668801     
  -1.28113305553717     
 -0.523498255751161     
 -0.152859950333463     
 -0.258113984322226     
 -1.964323043000286E-002
  0.643050850398330     
 -0.932293107220031     
 -0.294892681262724     
 -0.827775455614874     
  -2.03861546319078     
 -0.343538098927932     
 -0.116008706302846     
  0.201995416331221     
 -0.102568887962621     
   1.07938870077404     
  0.363370863609811     
   1.09056189695594     
   1.14720111423237     
  0.595153558289944     
  -1.11015053866301     
 -0.640340514913948     
   1.76325753120245     
 -0.298097296832309     
  0.410431094704923     
  0.300414493222411     
  0.359254309424463     
  0.316827577654061     
  0.680165675232513     
 -0.462484468011207     
 -0.550456316919748     
  0.711786839573640     
  0.557954164297242     
  0.143344100635816     
 -2.297029245851177E-002
  0.167201746257215     
   1.23134187014659     
 -0.159035296478446     
  0.280278165963381     
  0.738833518919314     
 -5.298587946133135E-002
 -1.008804274740094E-002
 -0.321280502716127     
  0.561113726778458     
  0.593900279169813     
   1.01726743668528     
  0.259000275054067     
 -0.204970087894824     
 -0.912300704444852     
  0.367674785400908     
  7.087234273201917E-002
  0.468188227928365     
 -0.407279366400936     
   1.11562879289866     
  0.587860344815910     
  0.571028114516926     
 -0.486368495254965     
 -0.298510150284692     
  0.410763071558145     
 -0.311407942085505     
  0.997119782437805     
 -0.206973581671892     
 -7.867173857079568E-002
 -0.797841270466302     
 -0.542014348149539     
  0.141578434924985     
  0.827015994552927     
 -0.661378654459402     
  0.138478892624787     
 -0.224676672809878     
 -0.521028322340726     
  0.550271803181412     
   1.27696219368870     
 -0.778265015381832     
 -0.678392134811325     
  -1.02148319808698     
 -0.483278297630929     
   1.15149496392227     
 -0.674465479927948     
   1.90455116504789     
  -1.25658597283357     
 -0.441982450527420     
 -0.166157773084703     
  0.990950805194719     
  -1.25361479785326     
  0.929944975803439     
 -0.417758371301529     
  2.224859535321303E-002
 -0.982680134963728     
  0.795793996483083     
  0.286182810498213     
  3.189798013141770E-002
  -1.21370854901714     
  0.535153694214627     
  0.586218675064066     
 -2.802052700750079E-002
  0.203555748993795     
 -4.054588952384994E-002
  0.163642001729602     
  0.250131993903777     
 -0.842831014920801     
  4.577451287453749E-004
  0.367530707611958     
  0.126830838950867     
  3.807242749309526E-002
 -0.309135052617702     
 -0.740434333847741     
 -0.307398766567648     
 -0.565167757514176     
 -0.437229656729994     
  0.581357345756377     
  0.600527649304603     
  0.337935903036345     
 -0.582152747290966     
  0.750105081418604     
 -0.327744177485595     
 -0.382955055729862     
  0.219411096056119     
  1.489736791094167E-002
 -0.402728650689079     
  0.279935948380694     
  0.224360367711652     
  0.488276801871417     
 -0.250137740459073     
  1.897014665374481E-002
  0.473705707110157     
 -0.707265288255896     
 -5.132603324751624E-002
   1.23105489552969     
  0.169757703715308     
   1.32203766644544     
 -0.113572226505229     
  -1.69532309005764     
  -1.42398949593437     
  -1.30609609699897     
 -0.204814057954946     
  0.678000793007916     
 -0.175914110182407     
  1.541521327022421E-002
  0.140479768563760     
 -0.481809886309875     
 -0.744605900672593     
 -2.600055524947167E-002
  0.216320123545253     
 -0.609504671018765     
  0.117599288176541     
 -5.164489658758931E-002
 -0.652353931402999     
  0.417490329695416     
 -0.829984863678407     
  0.323810753777194     
  9.019059012208684E-002
 -7.282061615038156E-002
   1.42950631195970     
 -0.788365602289059     
  4.586206885985055E-002
  0.128176014515802     
  2.677316753655174E-002
  0.600802937705198     
 -8.067058307707206E-002
  0.340744776714336     
  0.179054723654861     
  -1.05869336445341     
  0.154975853023673     
  0.554318134382384     
  -1.36215123670125     
  0.601427562597511     
  0.120572238484593     
 -0.539652889352100     
 -0.361412850687856     
 -0.451396568692684     
  3.066327257097307E-002
 -0.946766139962704     
  0.872767085472397     
 -0.283619485364626     
 -0.133478560663295     
 -0.815929172255846     
 -0.989544783732216     
  0.850037931653287     
 -1.862710766816845E-002
  8.481084592868562E-002
  0.189940288621717     
  0.115585289578458     
  0.566775957810860     
 -0.270763260500935     
  -1.21831443172366     
 -0.882898930833645     
 -0.341012267567083     
  0.460646602694104     
   1.33965138810257     
 -0.834680606415621     
  0.554563776043169     
   1.35596466327012     
  0.178653296534693     
   1.55251585970694     
  0.138354275640791     
 -0.205512508516044     
  0.194351264189956     
  -2.07370378661867     
 -0.372131449600190     
 -0.268040078168636     
 -0.249177442999361     
 -0.628534164785516     
  0.960293734533942     
  0.318110563013715     
 -0.547527583385069     
  5.485763105222672E-003
  0.382830620202443     
   1.85648279540956     
  0.390147802391845     
 -0.445905789729229     
 -0.464340937043945     
 -3.090521528020007E-002
 -0.384539530281252     
 -0.263493005706533     
  0.354849426158875     
  0.299425338924325     
  0.482575201239354     
 -0.559144676300405     
  0.565030508199738     
 -0.840322663048645     
 -0.120185736182883     
  6.598424072238381E-002
  -1.07243190745203     
 -0.126964634783317     
  -1.29723544927577     
  0.431196529296833     
  0.853263814338999     
 -0.178509062833485     
  0.256274501473467     
 -0.140701288398489     
 -0.626124482425956     
  0.362470741929206     
  0.400579562299633     
  0.448849404770139     
  0.125082543342512     
 -0.347191298157047     
 -3.908471755665389E-002
  0.254527145171899     
  0.787530471979782     
 -0.266804430593596     
 -0.347684468913169     
 -0.604695536964378     
 -0.502707433659144     
   1.03530929223619     
 -0.858007670044658     
  0.177683444157198     
  0.275000950657567     
 -0.376287209747940     
  0.163088861522273     
  -1.25468028339562     
 -0.249530610126378     
  0.545712490408233     
 -0.252138138443377     
 -0.183148678541492     
 -0.236857777280388     
  0.653822980244143     
 -0.247412952121486     
 -0.184863606292829     
 -0.412475589955113     
 -9.554240677220482E-002
 -0.558611865337013     
 -0.501526585497236     
  0.469256086429795     
 -0.667329088622484     
  0.482679156195748     
 -0.190016135287510     
  0.644601693212780     
  0.173479851473765     
 -0.405971632959292     
  0.171878957366792     
 -0.142308745911148     
 -0.554114274332951     
 -0.378394067763878     
  -2.15792953606913     
 -0.186757438115382     
  0.538078927389430     
  0.389546570724059     
  0.377434730788851     
 -0.207315916871526     
  9.586982347546860E-002
 -0.850970870852405     
  0.547514000486016     
  0.348577432899746     
 -0.527527094702383     
 -0.126411658340493     
 -0.358546000137490     
 -0.712617282799917     
  5.127202062609359E-002
 -0.628096899993246     
  0.418034919963117     
  -1.05871121536925     
  0.384138130891073     
  -1.41277056618919     
 -0.207817544602616     
  0.843306468466642     
  0.374991267083203     
  0.226515802208254     
   1.65753110668631     
   1.03730782042549     
  0.784694831394039     
  0.598155534154911     
 -9.595728570853404E-003
 -0.693462347683172     
 -0.306059830308734     
 -0.150436618639867     
  -1.11538369756928     
  0.329128227509930     
 -0.998060936838533     
  -1.25070505057328     
  0.233182481745659     
 -0.682848935148701     
  0.259319801975147     
  0.586505020744218     
  -1.08661198419614     
 -0.135585170456483     
 -0.394345257001171     
  8.898614956531008E-002
 -0.428441080708219     
  0.195710053162652     
  0.694510752416028     
 -0.686805299033918     
  7.468529838374974E-002
 -0.848925028210755     
  -1.56479558125452     
 -0.235430333467524     
  0.130753615396089     
  0.572673632682217     
  -1.39089173259474     
 -0.271056206321509     
 -0.220281431502895     
  -1.74136917727163     
 -0.220386747711159     
  0.253173401940016     
  0.201184127119196     
 -0.135877233480765     
  2.977863670859027E-003
  0.563285108308556     
  -1.08822558702490     
   2.14527629550718     
  0.340469505705903     
 -0.258858462781960     
 -0.398643678075725     
  0.769578915989839     
  0.306300738264935     
   1.03852396429827     
  -1.33328686651971     
  6.685213859257379E-002
  0.558968451200485     
   1.24969529910239     
 -0.360367415449948     
   1.02201763103109     
  5.446601303024889E-002
  7.136173862923409E-002
 -1.810832226684821E-002
 -0.575880857977614     
  0.204648560049676     
  0.672851480840034     
 -0.669251918324129     
  0.578865080113009     
  0.471597960749269     
 -0.295334847074856     
  0.345059178903824     
 -0.282448259172109     
 -0.677727342435187     
  0.736832405008146     
 -0.882425321232374     
  0.428578726507177     
 -0.904714043267671     
 -0.589191161311388     
  -1.17500403219884     
  0.341448146151235     
 -0.686267519306957     
 -0.327558146801677     
 -0.445052766441017     
  7.008846653415396E-003
   1.36141949302796     
  0.592642412854927     
 -0.178245169782014     
  -1.23564363435622     
   1.09328325375984     
 -0.936596108389824     
   1.58084429297050     
   1.35458019121053     
 -0.632244469242486     
  3.183947063797574E-002
  0.605009673234205     
  0.534553505923069     
  0.484302345671508     
 -0.528846404131999     
  0.547424015574918     
 -0.767414466508721     
  0.107552809215833     
  0.148747098859157     
 -0.899863750962161     
 -0.353547134205283     
  0.307162969543039     
  -1.14425171991832     
  0.470647557507346     
  -1.23433810564388     
  0.559755159374910     
 -0.290283359006012     
 -0.349247900361275     
   1.56716210996038     
   1.09161476975745     
 -0.320729007412327     
 -0.134488508511317     
  -1.31309043862556     
  0.335697128368439     
 -0.277210552194018     
 -0.988550251080802     
  0.959486718100824     
   1.31244606218723     
  0.208998641915755     
  0.773398126697692     
  3.341578837612959E-002
  0.194936588770566     
 -0.921640570753400     
 -0.195481451495865     
 -0.885712691406578     
  0.206425363429966     
  0.196712926059193     
  0.154682394867781     
 -0.236398641990091     
  0.172981983447918     
  0.451714722054956     
  0.255546675470621     
   1.05455450174777     
  2.636670997452332E-003
 -0.316775853363816     
 -0.193175422431118     
  0.194496867344415     
  0.800838132397143     
 -0.698593915231858     
 -0.122323167650590     
 -0.382630467598767     
  0.312329423637876     
  0.288402020980049     
 -5.360097357811080E-002
  7.202994657020884E-002
   1.27353687122676     
  0.699957924009213     
  0.374440301645504     
  9.342855152949152E-002
  0.367371562966819     
  0.270127165794202     
 -0.392440213222911     
  0.187247542810237     
 -0.767077168336424     
  0.327020622888338     
  0.273557344489370     
  0.401932991229756     
 -0.183799635200877     
  0.244618919328493     
 -0.187868786905086     
 -8.230546250756761E-002
 -0.626683843601157     
 -0.324065866679527     
  0.196589231521472     
  -1.38998853780729     
  -1.57193845621187     
 -0.161158189976244     
  0.795351981206239     
  2.658370885741794E-002
 -0.199871232938177     
  0.136550776207794     
  6.769882388460430E-002
 -0.167853385995601     
 -0.494649380595889     
  0.277620141907336     
  0.661786166179116     
  -1.66364535300605     
 -0.546378337654018     
  0.406052595818771     
  0.545104752437140     
 -0.363823569905230     
 -0.107088219621137     
  0.121408909288288     
 -0.303301909479341     
   1.22152364443116     
 -0.772458494442089     
  0.166064971299869     
  0.779013612122608     
  0.799459760655680     
   1.37936213423219     
 -0.294806613496458     
   1.52511173787623     
 
 -0.339887819068001     
  0.879452941946388     
  0.169619870509165     
   1.46915650481320     
  0.734278453312110     
  -1.12468226568171     
  0.233905796759105     
 -0.155783664385791     
  0.205548624831868     
  0.816510984593970     
  0.277771156889978     
  0.266446332470143     
 -0.796468706898159     
  0.209927181288934     
 -0.490269075252308     
 -0.500426894436688     
  0.632379393654110     
  0.524022577227367     
 -0.521531128539401     
 -3.268882637955698E-002
 -0.651521589912124     
 -0.318038961612615     
  0.413911939016890     
  0.856291406585229     
  0.455073250888251     
 -0.282200495093036     
 -0.128148368922833     
 -0.461802244045905     
  0.262498132560357     
 -0.126429331580643     
 
  6.162405837622981E-002
 -0.238187931532539     
 -0.161148394839354     
  0.393960644561456     
 -0.141283969980411     
  -1.64418306807746     
 -9.062189049669855E-002
   6.11047116207508     
 -0.347856672648765     
  0.474882648924231     
 -0.612098327735140     
  0.182211125135774     
 -0.624255050175305     
  7.575059496658698E-002
 -0.836568586218049     
  -4.61586982576117     
  0.564126840330308     
  0.889368958244351     
  0.606706695432539     
 -0.778795346637163     
  0.283124200778093     
 -0.583815710399170     
  0.120094418936130     
 -2.694832980607674E-002
  0.368665357735252     
 -0.174377856978220     
  0.259089601420607     
  0.303116895564541     
  -1.68338904822671     
 -0.403471463311827     
 
 -1.366165487804878E-003
 
  tansig  tansig 
