     33 -    30 -    30 -     1 
rmse=  23.6642meV
  9.046657017678092E-002
  1.174118424426597E-002
  0.185114533183704     
  4.301927434166587E-002
 -0.109968661655137     
 -8.644401519733771E-002
  9.804980480764919E-002
 -0.252765924272078     
  3.369979130679805E-002
  0.240532086284919     
  0.136979391149419     
  9.193579492228496E-002
  0.218222595184205     
 -0.128738797109295     
  0.101931038368253     
 -7.135441632922425E-002
 -0.190703143875783     
  5.713569668378136E-002
  0.400650534522971     
 -0.320419097784007     
  0.166218137278286     
  0.286772284231428     
 -0.398466269504256     
 -0.265515787482153     
 -0.181882913642625     
 -0.205369018966980     
 -5.001584572411757E-002
 -0.395315876552294     
  2.915537440860489E-002
 -7.141061048958028E-002
 -0.402864117259447     
 -0.164845612876462     
  0.123163741149832     
 -0.129539164521387     
 -3.770107180395387E-003
 -3.095129790402665E-002
 -0.172272635370942     
  0.235303563625979     
 -0.246849793668909     
 -0.241619957095391     
 -0.189108375333296     
 -0.109569379240912     
 -6.374850010050481E-002
  0.149733076511447     
 -0.262621655395378     
  7.158965584938255E-002
  0.455803110791515     
 -1.126250612208319E-002
 -0.308551232665628     
  0.236143210084678     
 -2.322172393467992E-003
  0.235924170569674     
  0.281917525247880     
 -3.069753553526907E-002
  9.157311765102605E-002
  0.190872049632806     
 -0.194284279680311     
  0.116553919811032     
 -0.222264915552524     
 -4.118566069855355E-002
  0.265444894998201     
 -4.708389550916182E-002
  0.423183959176871     
  0.257099233760471     
  9.075156146778791E-003
 -0.140690097001198     
 -0.251284394059064     
  0.443377484412627     
 -0.261794301570322     
 -0.178790606822865     
  0.214020439587959     
 -0.117536398710808     
 -0.220460965424187     
  2.274699746307965E-003
  0.109282664416172     
  7.514439679228188E-002
 -3.394777495318675E-002
 -4.498778810958688E-002
  0.682687769109632     
  3.219798757357201E-002
  1.756886595354703E-002
  0.284791197107515     
  3.478130915135205E-002
 -0.176938356244802     
  0.353955080561243     
  0.138930947584579     
  0.168135319287452     
  3.564942234036028E-002
  0.306310065783493     
  1.834162815329120E-002
 -0.106870893851125     
  0.163353296298600     
 -1.545450861928104E-002
  0.362450626934374     
 -7.150254964673655E-003
 -0.234576394414744     
  0.194257148947010     
  0.364304864493620     
  0.107364535046793     
  0.408895268238300     
  0.278597730493738     
  0.320829975277633     
  0.238545353692636     
  2.509713137705432E-002
  1.291248826169811E-002
 -4.095186809081173E-002
  0.150893478778462     
 -0.404789110489761     
  0.102448512093419     
  5.939710161833291E-003
  0.254794537240847     
  0.140535861360524     
 -9.152772371270695E-002
  3.998261102682971E-002
  0.141544344513789     
  5.970874006926280E-002
  8.029492895860975E-002
 -2.464454209979968E-002
 -0.293621778853473     
 -0.369597630151941     
 -0.160127344938333     
  0.199704767374535     
  0.200315060225906     
 -0.268408366480107     
  8.343549077955023E-002
 -6.866297744260404E-002
  4.243830026319018E-002
  0.371783576408295     
  0.109909310969584     
  0.127252132252499     
 -8.724556926385872E-002
 -0.365440582159143     
  0.176099226450238     
 -8.955473231236742E-002
  5.477508214932229E-003
  0.152648369619623     
  6.035358651830281E-002
  0.135567756910103     
 -0.409389165033683     
 -3.754975728743112E-002
  6.450893773869981E-004
  0.155147697713074     
 -0.122363295827273     
 -7.272343041278208E-002
 -0.722900362926296     
  0.206797173885374     
  0.620101890573174     
  6.277266941182783E-002
 -3.802632998525450E-003
  0.203630465990533     
 -0.110820331234985     
 -0.128459994380402     
 -0.191714628801933     
  0.144173282174746     
  0.363623731792614     
  0.688026714989646     
  0.446755583791302     
  0.104907315379299     
 -0.170084745132357     
  0.182913508048208     
  1.226980322822157E-002
  0.279206806480937     
  0.126247250279439     
  0.231888396116653     
 -0.148448502347288     
  2.995341037901979E-002
  4.225227974251224E-002
  1.053342390884099E-003
 -0.226234044928171     
  0.152634294985324     
  0.177182662016856     
 -0.194729171902089     
 -0.180984909959830     
 -0.243637585250197     
  0.210332618767133     
 -0.211853382940358     
 -0.165906183024008     
  0.432553193111582     
  0.410665509382732     
  0.298181620812000     
  2.781492929868591E-002
  0.221817443860005     
 -0.185165191770023     
  0.181240236166693     
  0.116880813761291     
 -0.137290774128677     
 -4.000062993333788E-002
 -6.682927335567777E-002
 -0.240840646958499     
  5.026171615867520E-002
  2.501193008182747E-002
 -0.283467659432421     
 -0.224865747207737     
  4.372513375683153E-002
  0.167290770929918     
 -5.194906791477320E-004
  1.281571789804046E-002
  4.318238429015500E-002
  0.419547364232256     
 -0.256551627422437     
 -6.863291380673313E-002
 -3.244226161117052E-002
 -1.374210728199869E-002
 -3.145035105694998E-002
 -0.328069513079836     
  9.550460809346085E-002
 -0.204275752474026     
  3.608281599149550E-002
 -0.333662079598883     
  0.278842750381456     
 -0.711247493803583     
 -0.172328878197748     
 -8.630226167441037E-002
 -0.319163335197080     
 -0.186787854484733     
 -1.134825728607007E-003
 -2.524566124049742E-002
  0.330838522976461     
  0.417308871343936     
  3.955272824069234E-002
  0.810740405182834     
  7.826093970971050E-002
 -0.273192603943032     
  0.402474818864507     
  0.156712524995552     
 -0.166989739484387     
 -6.032629037524152E-002
  1.049893602657285E-002
 -0.110781227122849     
 -5.724823342286826E-002
 -9.233179524262990E-002
 -0.169910971860680     
 -0.356603250318258     
  0.218468521021118     
  5.319542901303022E-002
 -0.428384522046836     
 -0.245885321440069     
  0.178917262143425     
  1.074589075774905E-003
  4.361424743433015E-002
  7.180267150009448E-003
  1.613710126525417E-002
 -0.634611029226443     
  3.836760108509814E-002
  8.164949772425394E-002
  2.430317075231618E-002
  0.387687611304648     
  1.401801800243213E-002
 -0.448514832683969     
  0.219117223173048     
 -6.859304642893609E-002
 -6.518020021217778E-002
 -0.241791505848054     
 -9.491327729970697E-002
 -0.228598391405318     
  0.133333743919446     
 -3.534279583902171E-002
  0.457578006247468     
  0.449228055687478     
 -0.103692305702953     
 -0.193976001089931     
  0.321874592831175     
  0.166018672247289     
  2.456967438791350E-002
 -0.132932722268266     
  2.177170947594323E-002
  9.026854022641138E-002
 -0.589358859811900     
 -0.179663241938469     
 -0.216279672115163     
 -0.479715012762802     
 -5.495174210677409E-002
 -5.263590150170659E-003
 -5.012079150016127E-002
  0.145614027481576     
 -0.221654069958965     
 -0.143723724815954     
 -0.337848363482334     
  0.127936022124978     
 -5.383867641009486E-002
  4.342828832058240E-002
 -0.404242277886015     
  1.372386858839388E-002
 -9.328444768985963E-002
 -0.152811122608486     
  0.134668064740942     
 -0.200892363188282     
 -0.339808438810791     
 -0.288856489193275     
  0.398155255520738     
 -9.486345022121531E-002
  0.222839166884935     
 -0.168342526637753     
 -1.171891962066269E-002
  8.087105460196799E-002
  2.601365432117977E-002
  4.996183507974400E-002
 -0.386048834287722     
  3.615164414712312E-002
  0.136367001339415     
 -6.542467536447144E-002
 -4.719480904165882E-002
 -1.679714652649476E-002
  4.033996848335862E-002
  0.259964488881472     
 -2.476326969662623E-002
 -0.121507734486838     
 -6.577492785238620E-002
  2.022780441643542E-002
  0.242601501538812     
  4.455399045621371E-002
 -0.497362928961057     
 -0.163697657702267     
 -0.215273213981492     
  0.176491708026899     
 -0.220747298252855     
 -0.150402272314382     
 -0.212338070874233     
 -7.563039803064205E-002
 -0.212132964854498     
 -0.511088814574670     
  0.171577671009543     
  2.408116112273327E-002
 -8.580563403689487E-002
 -0.136113089242731     
  0.231717780713182     
  0.150844576024011     
 -8.542043515357238E-002
 -8.858655152640341E-002
 -0.118469348993955     
  0.249481361569386     
 -0.267381085180200     
  0.134648096143011     
 -4.935049448899499E-002
 -5.280264238506437E-002
  6.315351764421728E-002
 -0.343784314178324     
 -0.247302391367543     
  5.409844631590124E-002
  2.764899639982682E-002
  0.300601160772579     
  0.144766373872671     
 -7.080237360844391E-002
 -0.221543088913210     
 -0.196077130162709     
  6.455483248393983E-002
 -0.429390877535343     
  9.270931919411721E-002
 -7.281054563515106E-002
 -6.647473884730947E-003
 -0.169713638242627     
  0.129434150828685     
  1.015990546327377E-002
 -0.237260595467765     
 -7.135250642003596E-002
  0.238829227804720     
 -0.101976845846251     
  0.298051992624885     
  5.388749074068956E-002
  0.153478154268596     
  7.482227511461746E-002
 -0.118726590467475     
  3.186109182038799E-002
 -0.357967051311089     
  6.581486897690846E-002
  9.673098823901902E-002
 -8.864216844907341E-003
 -2.526637109889508E-002
  0.136430376621963     
 -0.256112342328916     
  0.239698934224880     
 -0.207150194536112     
 -0.290602223924290     
 -5.129699608428618E-002
 -0.199660894033275     
  6.694303740220824E-002
  0.222057047076386     
  0.308790793096099     
  0.164366537842474     
  0.107108933076113     
 -0.128055286087993     
 -0.289954914030575     
 -8.312523758410051E-002
  0.158729904672482     
  0.245318292240463     
 -4.939519324834719E-002
 -0.608561165672863     
 -0.350915449941195     
  0.451180784519485     
 -9.787286132028877E-003
 -0.126611520687772     
  4.083320911551493E-002
 -5.541791242787096E-002
  1.023443422470613E-003
 -0.117010006763063     
  0.247275370059680     
  0.243632232596661     
 -0.272042155312744     
 -0.162188233827185     
  0.390336371793200     
  0.176868618530601     
  0.241690035659576     
 -0.353182848736177     
  8.612442092042859E-002
  0.216757560006218     
  0.193434226059476     
  0.197502897005507     
  0.534614779848489     
 -0.352279770260597     
  6.133997378511862E-002
  1.997397121202149E-002
  0.126305345930593     
 -0.240590144386763     
 -9.110810778950147E-002
 -0.152492908733816     
  0.130037708860093     
  1.902638324195575E-002
  3.472815616415072E-002
 -0.407359512773559     
  0.282866953222467     
  0.173345692279673     
  4.264871051769701E-002
  0.126490149540273     
  0.128874618214159     
 -0.101786477011645     
 -0.132077694336316     
  2.136282411430712E-003
  5.776123951875640E-002
 -3.732386737923536E-002
  0.254339361103976     
  1.527020428676626E-002
  0.311268627512304     
  0.152046224242521     
 -0.120934082820494     
 -0.122465494717984     
  9.918988842344119E-002
 -0.277274802319906     
  0.230414962706108     
  5.542663915222189E-002
  0.136195725311906     
  0.329167860212500     
 -4.043645555713854E-002
  8.960285365942396E-002
 -3.926080888878920E-002
 -0.103960686717497     
 -0.375815593736302     
 -7.070861014248515E-002
 -7.363058949172871E-003
 -0.121062068467198     
 -0.242580448909996     
 -0.213969088053839     
 -0.343090828724284     
  0.334072112266939     
 -0.490601265073424     
 -2.248303337060090E-002
 -6.615480647052716E-002
 -0.218720083873638     
  0.145999653500880     
 -1.725695620068093E-003
 -0.104917700950310     
  0.224784177462866     
 -0.216509143029873     
 -0.419337506705412     
  3.320781297940759E-002
  1.629741687209505E-002
  0.223452193761456     
 -0.211057734154061     
 -0.122264833007802     
 -0.122899802442802     
  4.894132013655068E-002
  0.172495301859347     
  7.699049791224885E-002
 -0.147643285584462     
 -0.441675033287620     
  0.203545768525673     
  0.535137421159872     
 -0.110747241043677     
  0.176819527968348     
 -0.213252183715479     
 -0.200232645213292     
  0.301827246459842     
  0.144389544134515     
 -2.668475877670944E-002
 -0.123655087062950     
 -4.115654302493123E-002
  0.198770213899742     
  0.293554182815828     
 -6.657557862616204E-002
  7.645458997356658E-002
 -0.110791867950860     
  0.348329441848188     
  0.184609342228740     
  4.286393547873926E-002
  7.570141206769496E-002
 -0.133997208278179     
  4.165564931176437E-002
 -0.291036694163450     
 -0.152728451792886     
  0.107514699911716     
  0.137019126069783     
  2.199467090855071E-002
  1.549494818331640E-002
 -5.774088576763047E-002
 -1.454447973789478E-002
  9.155563036553843E-002
  9.643794259584929E-002
  0.373865774534582     
 -0.144634223049751     
  0.219866420825966     
  0.158776169365124     
  0.287675107033456     
 -0.474403424341400     
 -0.246620382173201     
 -0.257121896914803     
  6.751120875531261E-002
  3.011721911924539E-002
 -0.268923510958678     
  0.126249543435001     
 -0.128103518401252     
  0.264323037722579     
  3.481816797007362E-004
  0.216511338738326     
 -0.180458757302548     
 -6.654864677145980E-002
 -4.279276445941365E-002
 -4.898463588192285E-002
 -1.485239865533430E-002
  0.315611327182924     
 -0.689120212910479     
  0.287866342065555     
  0.457333678033227     
  0.366449134746058     
  0.354094062546980     
  0.170702803161489     
 -0.151546629901649     
 -0.170531676713104     
 -0.149912409446587     
  1.441876992719633E-003
  7.624373130821357E-002
 -0.429209890706104     
  0.204858423614380     
  0.177897498186670     
 -0.133384887931675     
 -7.760208405772442E-002
  0.198908902714670     
 -0.177415557934288     
 -4.188136162970744E-002
 -0.107778516005428     
  0.274730483257866     
  0.472513121250708     
 -0.409752763053334     
  6.912508402572218E-002
  8.290211911162809E-002
 -0.207512511892375     
 -0.130448918557468     
  0.441079337997776     
 -0.154695128474543     
 -0.126853964414511     
 -0.278141684949416     
 -8.637568450185160E-002
 -0.211042921160766     
  -1.11057842133435     
  4.999062981504529E-002
 -0.275539933768691     
  0.262812859341904     
  4.130546740382019E-003
  0.156148007325216     
 -0.236032080634580     
 -9.207200335780429E-002
  0.254867020397208     
 -7.921080677054512E-002
  0.212642592509052     
  2.724244135772112E-002
  0.320777350070739     
 -0.546225056346467     
  0.478658094345101     
 -8.332958750941227E-002
 -1.608194623799265E-002
 -0.193498226614147     
 -9.854205091566137E-002
 -1.513819197360801E-002
 -0.103474820300668     
 -0.158741396379593     
  0.264741353445645     
  0.311952060532204     
 -0.439647139504425     
  0.175706564801111     
  2.853749590839482E-002
  0.133592056663758     
 -0.400965868874965     
  8.348193611297285E-002
 -0.167891193134934     
 -1.560540789056138E-002
 -1.931128889749115E-002
 -0.380818858276613     
  0.236378285791872     
 -8.419701753050798E-002
 -0.279836327669197     
 -0.290291211566604     
 -5.283452649321121E-002
  9.927266633864557E-002
  2.309268983515464E-002
  0.290668327008361     
  0.139919496980470     
 -7.733904568718578E-002
 -0.446116169985002     
  3.284525975457324E-002
  0.217495037759877     
 -8.502141472861209E-002
  0.160311128172081     
 -0.289679839030050     
 -0.385353030600139     
 -0.161541990144518     
 -0.467898363587671     
 -2.665245733889295E-003
 -0.174122215369118     
 -8.726975379558422E-002
  0.166972157158813     
  0.235881345399502     
 -0.242054495952099     
  1.170580612023821E-002
  0.215856712020177     
 -0.224483141641355     
  0.339763226498292     
  0.203154467554428     
  0.157457155801978     
 -0.256713601473401     
 -6.598826848944146E-002
 -0.364019210586589     
  0.133273145760298     
 -0.146308162027486     
 -0.242052770519649     
  0.286678683337682     
  5.325455569529658E-002
  0.314560057622824     
  2.528977200865656E-002
 -3.623322132384577E-002
  0.178101487716435     
 -1.595085349569321E-002
  1.181580301765577E-002
  0.339842008013766     
 -4.083410419682820E-002
  0.219353362603420     
 -0.287007291383340     
 -6.102377560727674E-002
  4.630673632131076E-002
  0.167043159113219     
  9.559132515324826E-003
  0.167777156238371     
 -0.552817982922093     
  0.217321016709224     
 -7.497929353921998E-002
  0.125539142321391     
 -0.231623291609500     
 -0.320626177365082     
  0.176929901358323     
  3.871756573996536E-002
  0.240299787292603     
  0.212722196849922     
 -8.743510265839166E-002
  0.207983578706488     
 -0.131513921695638     
  3.318372785151867E-002
 -0.275334422051240     
 -0.272259223120773     
 -0.135551404571541     
 -0.178705019521817     
 -4.168270903049390E-002
  0.248165019545201     
  9.268367424338042E-002
 -2.994256192805171E-002
  0.263407062172262     
  3.700688916643259E-002
  0.137262253966573     
 -0.342250661589153     
 -1.174062216784617E-002
 -9.616991593332898E-002
  0.193810978902186     
  0.240734571687979     
 -2.051550040610828E-002
 -7.661143169366780E-002
 -4.408006443811466E-002
 -7.893631686768973E-002
 -0.380882334795594     
  0.232027829766575     
  0.212131132068576     
  0.175276755218558     
 -0.149107875968305     
  0.214404466381642     
  0.394676862691203     
  0.126831398731101     
 -0.148919804402802     
 -0.106342849886225     
 -0.168987189850184     
 -5.045898598280196E-002
  0.394259608057894     
  8.801907163415999E-002
  4.571367043500361E-002
 -0.217003573666608     
  9.017953221375884E-002
  0.152300435411591     
  0.232898511403839     
  6.459364658946359E-002
  7.359425289395270E-003
  0.287636218762598     
  0.204718686345717     
  0.337960199237055     
  6.687145123082774E-002
  0.161658317536222     
 -4.667061815418624E-002
  0.190720319774329     
  0.259329482298226     
  6.450074439642257E-002
  8.180019496469712E-002
  0.125618551901550     
  4.450084139795304E-002
 -0.137760064570698     
  7.514330978508364E-003
 -0.183434381296158     
 -0.132391048406331     
  4.269246723425521E-002
 -0.253510619812384     
 -0.372890080984947     
  0.195591253998804     
  4.791983997826869E-002
  0.382561214169606     
 -0.301782801954295     
  0.106464653894618     
 -9.921186957855822E-002
 -0.230003925632501     
 -0.247597119286386     
 -7.504420648629724E-003
  0.142483116467586     
 -0.135649691572313     
 -1.488982101253888E-002
 -5.935435529311829E-002
  0.265029391716595     
 -0.538603173370735     
  0.240687502144032     
 -0.291568402734332     
  1.068651842999567E-002
  0.298327283746062     
  0.121547710625909     
  0.139460283072329     
  0.316613848531935     
  0.256402509139564     
  1.454731123332032E-002
  0.168193998558135     
 -0.355167813554799     
  0.282360138505398     
 -0.194768633301446     
  0.156601839258934     
 -0.146354048168595     
 -0.139466144780424     
 -2.379784152257708E-002
 -0.154063747857929     
  0.223421132367730     
  0.403071765314553     
 -0.163430528514616     
  0.218171523229382     
 -1.962438120695583E-002
 -0.229263522717746     
 -0.340613660765133     
  9.008537693309360E-002
 -8.763033709616283E-002
 -0.236388905472688     
  1.459142624804162E-002
  0.114339214786903     
 -9.092663642694296E-002
  6.570705150641085E-002
 -2.156016404741325E-002
  8.552852264186048E-002
  0.375508854010450     
  0.421012923548467     
  0.110485496483495     
 -0.200524136588161     
 -0.410519373123532     
  0.128345758333728     
 -7.841925312830948E-002
 -2.222427795583564E-002
 -0.243417822459034     
  0.151812709121827     
 -0.200555372150663     
  0.289115929782823     
 -0.103156899072809     
  4.322797772670321E-002
  4.637344107079838E-002
  9.478107262424935E-002
  0.188567355977324     
 -0.124518325646742     
  0.335230958566931     
  0.358585673059369     
 -0.558277551903807     
  0.125822594778196     
 -2.479104517995314E-002
 -0.283829394085343     
 -4.439237147834673E-002
  7.733588892900223E-002
  4.331709299546219E-002
 -0.161607757701900     
 -5.788426677601403E-002
 -7.923150706839199E-002
  0.154019762451962     
 -0.674332901170088     
 -0.246409715659720     
 -0.159796960024245     
  0.105632114044755     
  6.590118104863299E-002
  4.681412566973393E-002
 -0.233371614384897     
  4.758996918989813E-002
 -0.105540333148591     
  8.488100952538127E-003
 -0.255281986210056     
  0.281034569655725     
 -8.029473604943800E-002
  6.093592299548295E-002
 -6.900578221140011E-002
  0.145924669022866     
 -0.185249186834934     
 -0.142899603200800     
  0.250359211228268     
 -0.134737729662934     
  0.154386862806559     
  4.287900232412064E-002
  0.391687796903382     
 -0.190538663208358     
  0.152471224388535     
  7.597315536729929E-002
 -0.257553771987258     
 -0.240974800076122     
 -0.444519719193053     
 -0.271487857232150     
 -0.166217888231903     
  3.052166242051189E-003
 -3.396120613933218E-002
  0.362974965542851     
  0.200379877788151     
  0.113977290321261     
 -0.103269515601439     
  0.118137271863003     
  8.805000366792459E-002
  0.119760314439865     
 -0.343230187833163     
 -9.369863243998931E-002
  0.140191827930294     
  0.170920170855439     
  0.409395110623560     
  0.119453269888051     
  0.131790528542064     
 -7.173336460532034E-002
  0.449938408460806     
 -6.478460867001623E-002
 -0.363037067968787     
  0.425317634217764     
  0.110982199137378     
 -0.250242954815560     
  0.228535831797422     
  0.555823321581585     
 -0.135406169734968     
 -2.535479565644768E-002
 -0.181140734205203     
  0.181945221839953     
  0.276957108026194     
  0.155116444505923     
 -0.230615328880113     
 -8.430555038433209E-002
  0.212678183339030     
 -0.195249526434090     
  0.106812612092936     
 -0.315628898602160     
 -5.779399438369583E-002
  0.189256745250398     
  3.456751262766126E-003
 -0.288616530414478     
  5.321651135251512E-002
  0.280981685498146     
  0.167650890729657     
  0.108605416208100     
 -0.129297830793871     
  0.197879113051820     
  0.204546692937467     
 -0.186166720359926     
  3.648168898758378E-002
 -0.194387614106691     
  1.210622622502305E-002
  6.065990188489487E-002
  2.112035289159614E-002
  7.580191574897892E-002
 -0.223698627866637     
  0.314033818396222     
 -0.117792308758982     
  0.533690340304673     
  4.190257110384718E-002
 -0.452810284114559     
 -0.316549876640464     
  7.185265229357059E-002
  0.320254951917686     
 -4.546915066858713E-002
 -0.256052018521591     
  0.132739818230883     
 -0.191326977588926     
 -0.611703965135016     
  0.807318652446614     
 -0.309561650971043     
 -0.198334479313350     
 -0.142058147480064     
  1.068172763030941E-002
 -0.302867513200242     
 -1.043891991777292E-002
 -2.551581034054584E-002
 -0.166851716362598     
 -7.970892246404082E-002
 -0.423903616025490     
 -2.367735580834598E-002
  0.547012993784540     
 -0.225489834356975     
  0.457866396900804     
 -0.148509646240146     
  0.119057689066625     
  1.707998683957676E-002
 -0.140978585602555     
  0.299841095384100     
 -7.150715664378508E-002
  0.239454508233453     
 -5.928755784375334E-002
  5.177530121600053E-002
  0.398483918662209     
  0.183725895942761     
  0.279753825016346     
  6.379558401755794E-002
  4.598586751814245E-002
  6.616562247262811E-002
  1.411983325092245E-002
 -0.248933812835454     
  0.595364879235468     
 -0.268064100233668     
 -6.109553334180291E-002
 -0.305803607527446     
 -0.367882993663919     
 -0.391983750999367     
 -0.292142209224165     
 -8.220476179179753E-002
 -0.121430551986787     
 -0.142919633166411     
  0.347467739602589     
  0.284307654317870     
 -8.626295455743938E-002
 -0.245315991986748     
 -0.369166130522965     
  7.345461072892687E-002
 -9.046685905184960E-002
 -0.115260685031589     
 -0.108682719549051     
 -0.193945936845223     
  4.636969985298856E-002
 -0.278758875335842     
  0.278206361667556     
  4.269729840729536E-002
  0.291036459049574     
  4.495444268209014E-002
  3.364479382901283E-002
 -0.226942570026063     
 -7.621603475998313E-002
 -0.331680871321406     
  0.106683878588157     
 -4.874093188165166E-002
 -0.349234415179006     
 -2.852226997336695E-002
 -0.246291642536269     
 -7.080134022373076E-002
  6.386755760185250E-002
  0.237490628947665     
 -2.897855854104663E-002
  7.111563706773318E-002
  0.223717955160306     
  0.311806605579215     
  0.166827361854787     
 -0.255672563887399     
 -0.325525855803372     
  5.758505819654419E-002
  0.175179456273821     
  0.275807245887550     
 -0.338238767462861     
 -0.436312135171618     
 -0.121671541755183     
  0.202115103255145     
 -0.105965179012990     
  6.443666773444870E-002
 -0.345264361433846     
 
  1.323465786681224E-002
  0.227172337372501     
  0.137149297811904     
  6.369614453017150E-002
 -9.355688152817181E-002
  1.748155135255257E-002
 -8.443588536944432E-004
  0.325451644653311     
 -1.530139876820850E-002
  7.997149805828133E-002
  0.233385936244961     
  0.149741124140238     
 -8.841562974987376E-002
 -0.332852927855255     
 -0.214466637914222     
 -0.560221148333452     
  0.131098226817839     
  0.296944863394077     
  0.289414396700218     
  4.130954961642851E-002
 -3.622039309586704E-002
  0.242609972776942     
  0.229717452460887     
 -0.269670968195728     
 -4.055509755720878E-002
  0.173029102266156     
  0.181420895351497     
 -0.228240943025661     
 -0.291595265838306     
 -0.377492422178169     
 
 -0.126421145109944     
 -9.617068091129381E-002
 -0.314181264604776     
  0.221451032734740     
  0.353439543306844     
 -0.312179961249423     
 -0.176658788529827     
  3.489549272017537E-003
 -0.333916020932687     
 -0.360212787544972     
  0.448540921196915     
 -9.627696736178452E-002
  0.409249608876393     
 -0.193918246119090     
  4.384062123151636E-002
  2.560595414929645E-002
  0.109661400549278     
 -0.334294649339315     
 -1.474125243573229E-003
  2.852284533441443E-002
  7.539514634918468E-002
  0.136877018467648     
 -0.279231089590593     
 -0.183434370835089     
 -6.967518086836146E-002
 -3.880304695778414E-002
  0.258898364325512     
 -0.138347016070138     
  0.135962132867894     
 -0.540433278379768     
  0.156195581765327     
 -0.135104336555014     
  0.126228720725729     
 -1.049703278353964E-002
  0.189593866666549     
  1.716367603931486E-002
  0.205005224253152     
 -0.121430521474127     
 -5.079049467813129E-003
 -0.277044695394369     
  0.320834849771659     
 -0.112913715679277     
  0.101521104164818     
 -0.172920165811203     
 -4.689872562394892E-002
  0.312356356097581     
 -0.119091734682382     
  7.194298871863196E-002
 -0.229848069754167     
 -7.155720987491908E-002
 -0.256583641252434     
 -2.736150202867042E-002
 -5.333496238920035E-002
  0.279102619586315     
 -6.132503607144669E-003
 -3.915360368299477E-002
 -7.866816733635106E-002
  0.222518900024759     
 -2.777261344682221E-002
  9.145138323494868E-002
 -0.279777578399430     
  0.230667416522833     
 -0.113951430476326     
  6.259722535132344E-002
  0.116458888059506     
 -9.613830403054913E-003
 -5.457759562854131E-002
  6.220284840775587E-002
  0.121165551087810     
 -0.370109948331796     
  7.206758082028900E-002
  8.378137052228013E-002
 -0.128379301369789     
 -0.111083369107589     
 -5.721737208283329E-002
 -0.188651671747644     
 -7.638953959554237E-002
  0.187179241718347     
  0.150407951308103     
  1.375488758561903E-002
  0.381496081948813     
 -9.248393394635236E-002
 -0.101095194950417     
 -0.211884114325469     
  0.147330036947580     
  0.160595324236736     
 -0.180675168070865     
 -0.591660088303863     
 -0.122595825446684     
  0.322391598421884     
  4.918116414911514E-002
 -0.216082584945112     
 -2.487018280305252E-002
  5.413336596552622E-002
 -0.202608108383626     
 -0.404961090751377     
 -0.260283153984419     
  0.224571527744431     
  0.166922348132198     
 -7.360711104975742E-002
  7.888201164859994E-002
  0.373924705366147     
  0.195811674161489     
  0.347340283364036     
 -5.180759557261060E-002
  4.691950510029713E-002
  5.893260068668522E-002
 -0.152721460021854     
  0.246850082412338     
  0.193561084116699     
  1.764816597332897E-002
 -0.144986369713390     
  4.365762884618347E-002
 -0.429428164004224     
  0.187231838334341     
 -3.062802905047980E-002
 -1.540653788553432E-002
  0.377601511382322     
  9.676532396029697E-002
  0.187914934322737     
 -0.297127910751935     
  7.571944525418964E-002
 -7.157641647183099E-002
 -0.300368518806108     
 -6.896671013479777E-002
 -0.181227051173884     
  0.199201242093925     
 -0.312649238074022     
 -0.124888656373296     
 -0.106814793336841     
 -0.244507304427535     
 -0.199263983767215     
 -0.100238069573486     
 -0.186675980038229     
  7.181621471199889E-002
 -5.256073881674436E-002
  3.105588187571805E-002
  9.893292928046712E-002
  3.986577508541336E-002
 -0.186313840461232     
  0.230966960651284     
  0.145665131210520     
 -0.349179053598023     
  0.129396534729964     
  0.200477337163401     
 -0.123959048141651     
 -5.746276632269466E-002
  8.109943965861345E-002
  0.273990305656781     
 -0.403192366463394     
 -5.370122425912764E-002
 -0.113127974475213     
 -7.583537971283398E-002
 -0.178198948594773     
  0.197542605585868     
 -3.944391695176298E-002
  0.198419819353903     
  7.811350987116927E-002
 -0.507588384670317     
  0.124548291622300     
  0.220179046161780     
  2.659068861195314E-002
  0.134768132832694     
  0.183124956310113     
  3.537784239002118E-002
  0.203537722010863     
  9.711715525241376E-003
  0.283946229133475     
  0.175030166182301     
 -0.269800137871702     
 -0.115448895981988     
  0.126035457222428     
  7.135376376826770E-004
  9.037264069253835E-002
  5.258979835668998E-002
  7.835546268771906E-002
 -0.142396495310309     
  0.161801328616817     
  0.576431340847174     
 -6.093972674469124E-002
  6.830957920396561E-003
  3.068184013410431E-002
  0.189635233521310     
  9.692425769437782E-003
 -1.458705930666789E-002
  0.128377801415370     
  0.286914913509832     
  0.143065019629969     
  0.292515708120074     
 -0.166347958623854     
  8.138969656321283E-002
  0.170806911979653     
 -0.125490589896378     
  0.106114212241910     
 -1.086957012038810E-002
  2.762599459940700E-002
 -0.127144363780840     
  0.371113221063140     
 -7.125558718861266E-002
 -0.146854639644177     
  0.133769469935052     
  0.197820050980685     
 -0.213516536615459     
 -0.173104897570782     
  0.122068800529760     
 -2.990035909363851E-002
  9.238277907910718E-002
 -0.264016783527788     
 -0.133993897351095     
  0.290440853821860     
  3.062440633629061E-002
 -0.206377354188399     
 -8.851194799971192E-002
  3.704119228078286E-002
 -5.027597547887316E-002
 -0.139008728502048     
  0.168547137562400     
  0.114597270703587     
  0.231563970151052     
 -0.310072983379682     
 -6.347407541676223E-002
 -0.140317518097181     
  7.036739653143159E-002
 -4.268981682715349E-003
 -9.341206245270400E-002
 -2.034066243720053E-002
  3.633266246148165E-002
  0.168296792452545     
  0.282371095470641     
  0.143395524968723     
 -0.209004716143305     
  0.120944329691013     
 -0.220830556151743     
  2.651964063168852E-002
 -6.182735883269452E-002
 -7.879210090044953E-003
  1.936718542569506E-002
  0.152333940079550     
  0.188421952184244     
 -0.220171725672290     
 -0.297611697971872     
 -0.247333852717499     
 -0.289846407780335     
 -0.105589142531615     
  0.225515868560304     
 -0.239268895414359     
  0.317552700991064     
 -0.235237784609726     
 -0.274654899850541     
 -0.199944623727958     
 -0.119689126332050     
  7.678044500737224E-002
  0.493874112687379     
 -3.480014637242778E-002
 -0.162879234508538     
  7.090294611370181E-002
 -4.182012074788236E-002
  0.145122090499059     
 -0.362446949757203     
 -0.116045054342161     
 -7.582174306602067E-002
  0.157839762953230     
 -0.167035229812438     
  0.102932692153885     
 -0.245189368636984     
  0.130483922106163     
 -0.143106790445918     
 -1.626389787655172E-002
  0.311512501391385     
  0.315003545352858     
 -7.318426449015449E-002
 -0.143441555790318     
 -7.630973945634195E-002
 -0.184236445925357     
  8.526957092509334E-002
  0.215577944372192     
  7.586551962627207E-002
  4.175314568411854E-002
 -0.148551042186205     
 -5.824242793056891E-002
 -0.139914012475230     
 -0.123737091840527     
 -0.149404299932956     
  0.144417040923968     
 -0.301281338203966     
 -3.411334232617549E-002
  9.674765482033344E-002
 -0.111695917328970     
  0.226950237148081     
  0.118418586136638     
  0.120079621508734     
  0.245834349804371     
  9.919625661233122E-002
 -0.140731731509267     
  0.257073100592368     
  0.318811967268598     
 -2.400204179452322E-002
  0.201917134029241     
  6.693809578413389E-002
  4.844791752108871E-002
  6.935677583331469E-003
  7.450302007024442E-002
  0.185997069360936     
 -6.503250085067534E-002
  2.656618559559547E-002
 -0.205665649283018     
  7.893566295909028E-002
 -6.687320314989089E-003
 -0.309866841135565     
 -0.225499886100351     
 -0.417761917506549     
 -9.662105977387331E-002
  0.210784927822034     
  0.383849535472477     
 -0.223844198532487     
  0.206231125907790     
 -0.620532293001799     
 -2.023125608412355E-002
  1.580476555753667E-002
  0.171997358221677     
 -2.802998012832136E-003
  0.106112350347005     
  6.938988624413808E-002
 -5.839214347511146E-002
  5.555938473090094E-002
  0.266095489092797     
  0.231472740066866     
 -6.566396893944683E-002
 -6.832864964021362E-002
  1.980143314764146E-002
 -4.049181117245246E-002
  2.251867951343534E-002
 -5.206311132539310E-002
 -0.220001057211838     
 -0.159986024389766     
 -0.184838986790099     
  9.726200843616219E-002
  0.250349796367506     
  0.273841635530702     
 -7.592647404450560E-002
  2.591244647413539E-003
 -0.259280837394881     
 -1.554398158568974E-003
  0.307649695065919     
  9.185113764138157E-002
  5.600181641871286E-002
 -0.228475729653659     
 -0.201719404513867     
  0.175977935821562     
  7.483509837987992E-002
  0.219157090251174     
 -0.121886174537750     
  0.167984725153118     
 -3.281984632382780E-002
  0.193170380918132     
 -5.240793815789131E-002
  0.186417564176534     
 -6.222626432120585E-002
 -0.176825929089172     
  4.997840352812032E-002
 -0.128456759741683     
  0.205158154609971     
 -0.123074087474780     
 -0.196614203270323     
  0.293528700273325     
 -0.255427711275596     
  0.112679577757984     
  0.359502891874261     
  0.196805243632828     
  7.521669474899799E-002
  5.053071220362084E-002
 -0.222665618209897     
 -9.689594298516517E-002
 -0.270030941633015     
 -3.862767013780628E-002
  0.121628717198840     
  0.501823853990549     
 -0.248595242457731     
 -0.498574543791804     
  0.245518876234156     
 -0.372145712641072     
  5.292304630554491E-002
 -0.311691597840705     
 -2.773984729771601E-002
 -0.281118657320577     
 -9.375734251882327E-002
  0.343357852976888     
  3.522094823283192E-002
  0.233007151503856     
 -7.688577469807785E-002
 -7.596520466625561E-002
  0.280572956030228     
 -0.149692277913301     
  0.218822912863154     
  0.126780850061903     
  0.325907656642649     
 -2.217857379463253E-002
  0.366450160310919     
 -0.168783509392887     
 -9.769279284497048E-002
 -0.130874122296288     
  0.184233262075151     
 -1.392553140383494E-002
  0.211578308296193     
  0.155858919106676     
  0.167035864125580     
  0.169378708446175     
  0.280031742542667     
 -0.178495632241196     
  8.891411938195086E-003
 -5.046786179539182E-002
  0.235256819330165     
 -0.145864112433031     
 -0.217703774876679     
 -0.195224723270154     
 -0.103445805453733     
 -0.347382015915292     
 -0.216799689169654     
 -0.134854060047383     
 -9.155930966873237E-002
  3.978340334351096E-002
  5.287007611385681E-002
  0.249316156778002     
  0.315062722875525     
  0.127670818087361     
  0.128787739697789     
  0.157208929882846     
  3.481546647465451E-002
  3.335898851001440E-002
  9.807124855103273E-003
  0.287083011238794     
 -0.334152959175302     
 -1.008931749522393E-002
  0.172229805950008     
  0.382398765966186     
  0.156968198197573     
 -6.208980931249485E-002
 -6.075462422673674E-002
 -0.140060548335881     
  0.192417868883315     
 -4.555592607072191E-002
 -0.496730560477192     
  0.122293663376145     
  0.205222767172439     
 -0.165932613191602     
 -7.062330558625321E-002
  5.804631066829331E-002
  9.360853337614983E-002
  0.200760134285382     
 -4.062770695514407E-002
  0.205137118516324     
 -6.342424787922293E-002
 -0.231442140277202     
 -4.016160499579224E-002
 -8.637747564309657E-002
  0.191124247623987     
  0.315317608982580     
 -0.287125968094169     
  0.161074271353406     
 -9.216333820931089E-002
 -0.299284981890739     
 -7.022775521860529E-002
 -4.203657741085637E-002
 -7.701765463939429E-002
  0.212281480916670     
  0.139158407332663     
  0.194545889414676     
  4.500896427991911E-002
 -0.108575217712662     
 -9.480134342363164E-002
  5.957557130740779E-003
 -0.240083119989737     
  0.179168487021726     
 -0.147774496846677     
  0.115465149343609     
 -0.234283872600553     
  0.290671007072013     
  0.420858208091165     
  5.631420130067605E-002
 -0.188579837203866     
  0.140393499524834     
  3.985332308567523E-002
 -0.140709466551974     
 -0.520159200018355     
 -0.111415318117190     
  5.680186112470426E-002
 -0.175178779400018     
 -0.247959958201552     
  8.053343514385071E-002
  0.239727628346646     
 -0.496591458039709     
  3.778233653548426E-003
  9.608316335924620E-003
 -0.169177467633454     
 -0.131073254582873     
  8.131831762527006E-002
 -2.651964265476149E-003
 -6.925681551614299E-002
  0.101919582319848     
 -0.453172196858194     
  0.170022972383154     
 -0.315274779396631     
  0.187753271903837     
 -0.203400458897302     
  4.392024829094519E-002
 -0.477898439015231     
 -0.299522932521864     
 -0.205166006386039     
  1.504909407258170E-002
 -6.961573795436027E-002
  8.562499633156227E-002
 -0.146323786601770     
 -3.381256867132280E-002
 -0.193392189170866     
 -0.213167070550228     
 -6.537192516533014E-002
 -0.167684884638078     
  0.230070010123886     
 -6.457707035105030E-003
 -0.144134826769730     
 -0.243830029761038     
 -0.158016005881935     
 -0.109884746078287     
 -0.214110314295072     
 -0.123414865039472     
 -7.646905412068018E-002
 -0.349512570621346     
  0.301917370638015     
  1.512817783942319E-002
  0.124591393418421     
  6.162559374641714E-002
 -0.132679588118588     
 -4.631143539714851E-002
 -0.217888672834884     
 -0.258279939478358     
  0.366918620778269     
  8.766062479955704E-002
  0.232368102964405     
  0.145093893339363     
  6.325856951322216E-002
 -0.122956728804620     
  0.215087835228110     
  0.420582913886675     
 -0.120942526248009     
 -0.190308755789168     
 -3.223726270182698E-002
 -2.599455438550729E-002
  4.328916981674611E-002
  0.159680196169361     
 -0.169977487429776     
 -7.619406822515370E-002
  3.919088305823109E-003
 -0.395233315487349     
 -3.902302589428853E-002
 -0.121680942650899     
 -0.221474547267416     
  0.339396555513142     
  7.048968883438851E-002
  0.137797980551678     
 -0.150363948338102     
  0.118566773704124     
 -7.882615283667792E-002
  0.344140604653231     
 -2.545442680812556E-002
 -0.115855110294775     
  0.111786077428276     
 -0.304862748680571     
  0.280645022817510     
  0.152313029351527     
 -0.169696599641615     
 -0.233932558105948     
 -0.149131676593209     
  0.271622763343925     
 -4.535547600185438E-002
  5.843488774311385E-002
 -0.217388569161647     
 -0.253780438232730     
  0.376692431901465     
  0.128193140290348     
  0.271042111000725     
 -5.311215695504708E-002
  3.742497971847947E-002
 -0.278442141176342     
 -0.142664203116332     
 -0.118724936212425     
  0.162432817009752     
  0.353380833747281     
 -5.143572374650374E-003
 -8.403850357750431E-002
  0.140445218837098     
 -0.285516043806270     
  0.160148556999558     
  2.466266277505605E-002
  0.125803111515421     
  8.619519325999760E-002
 -0.212362605219845     
 -0.341942238972576     
  0.197348734597026     
  0.107212717194836     
  2.195021358184733E-002
  0.375085520237480     
 -0.117104477192035     
 -0.394410137381848     
 -0.299395779600368     
 -9.165268023984621E-003
 -3.059300894867235E-002
 -0.154766890799770     
 -0.149700338766751     
 -0.425049826763185     
  0.247475600207613     
  5.785077693396007E-003
  0.140274465236058     
  0.119571566702940     
  0.327589582606195     
  4.123474273947753E-002
  0.335134246473785     
 -5.549518543230219E-002
  0.235835550561653     
 -2.592037735297209E-002
  0.284075579269026     
  0.245516524192685     
  0.121074944777844     
 -6.303013182647321E-002
  9.320496603139287E-002
 -0.301991328220324     
 -0.291974097642115     
  8.609910216752811E-002
  0.147498114296153     
  3.754137979112478E-002
  0.285919096470041     
  0.155720515343229     
  0.153481330072840     
  9.223614708859439E-002
 -0.281659973844466     
  0.101742641186584     
 -0.231472894403790     
  0.425960466089491     
 -0.174866270624233     
  0.138807497232795     
  7.764796318203503E-002
 -0.116565034986785     
  0.366220357414986     
 -0.265365415813137     
 -0.215780634220330     
 -0.405219824522946     
  0.225368595869933     
 -0.309459490840473     
 -0.168282809989287     
 -0.218055686629404     
 -0.205648610027268     
 -6.106571358010478E-002
  0.151466191688831     
 -0.136485866396188     
 -4.230702690468392E-002
  0.268001462387502     
  0.250420325579527     
  0.293392462641095     
 -6.238798150250824E-002
  0.131207046465080     
 -0.235021484792708     
  0.119190509266939     
  0.126778542528072     
  0.311676157189671     
  6.336875736077331E-002
 -2.165970855189916E-002
 -0.109380457771082     
  0.259083441516011     
 -8.762526360126921E-002
 -0.116936038864069     
 -0.210819082577302     
  1.020430332352404E-002
  1.573292559640341E-002
 -0.264302089537862     
  7.368253328157283E-002
  3.441548357894524E-002
 -0.131018481664521     
 -1.405052880850024E-002
  0.128277177218286     
  0.179060765334453     
 -2.708422623353095E-002
  0.231838804663816     
  6.418986814387158E-002
 -2.781964352578243E-002
 -0.218269258798385     
 -0.132502430907061     
 -9.853158240005920E-002
 -0.165986253476060     
  2.356626730603962E-002
  9.865136355367136E-002
  0.257067772132389     
  0.162729261658821     
 -0.192411212738027     
  0.246539373781026     
 -0.110996190022151     
 -8.597126547840871E-002
  9.008393963702316E-003
 -0.176063471019810     
  0.285847527567198     
  0.139812240858000     
  3.062268055905243E-002
 -0.153047986653340     
  0.154576540285988     
  9.289720435700018E-002
 -0.339100578964618     
 -0.103167317659842     
  0.194031702131940     
  2.216618229546787E-002
 -8.287575638445885E-002
  0.524777851143288     
  5.034346585000488E-002
 -0.152047606601153     
 -0.141625223199643     
 -0.345983507116008     
 -0.347567850467146     
 -1.342498399589057E-002
  0.188169805671824     
 -8.280090723412442E-002
 -0.234727986433511     
  3.100967338517933E-002
 -9.145951726979662E-002
 -8.878946298360954E-002
  0.237470318048435     
 -0.238082649531217     
  7.352329103313499E-002
  4.028109967000420E-002
  2.067343941581538E-002
  0.360287013359366     
 -0.218984301055460     
  0.174264553094150     
 -0.377570948519927     
  0.218988171618424     
  1.303736599509437E-002
  0.206748658429846     
  0.476165952212885     
 -0.112162600171222     
 -0.235957978195632     
 -0.218512166157999     
  0.274476139551954     
 -0.130726255705002     
  0.147947419226891     
 -0.233475958959207     
  0.208644926869999     
 -0.106441309693843     
  0.192649793221427     
 -0.268995718115626     
 -3.706976070929181E-002
  0.231877189449030     
 -0.299407014808434     
  0.470665252501137     
  1.176327397247520E-002
  6.839548087257804E-003
 -6.780824183858471E-003
 -0.287184154621884     
 -9.013138334109194E-002
 -0.124957657648119     
  6.944194573269004E-002
  4.235157541586163E-002
  4.975702245832060E-002
 -0.241895098347337     
  0.372806977545015     
  0.181746865645572     
 -4.728076471325930E-002
  0.224351475749215     
  0.188823997056370     
  0.238644779833952     
  0.332635065626537     
  3.144252985439300E-002
  0.275795267000809     
  0.170691706922408     
 -2.705473690974377E-003
  0.177546050073331     
 -0.126894937381983     
 -0.116853104687879     
  8.931114586150239E-002
  0.159066490053161     
  0.212384993945730     
 -0.156857213901276     
 -0.271957823834251     
  4.407598816058078E-002
 -1.672016704347224E-002
  0.135426959488557     
  1.108412641428967E-002
  6.555632033679812E-002
 -1.009628392322447E-002
  0.350549038275974     
 -0.333128753180756     
 -7.327792061907416E-002
  0.375186668741931     
 -4.545181650100972E-002
  5.107845167237696E-002
 -0.124270993365732     
 -0.103145391875864     
 -0.211632087239710     
 -1.100425261161106E-002
  0.138605821385214     
 -0.165752529234170     
  0.194558760301051     
  0.568116791056675     
  4.612791622141789E-002
 -0.216188906688962     
 -5.690423193717781E-002
  9.469931337570096E-002
  0.180538862084879     
 -0.209005119356794     
 -8.012777562392456E-002
  0.288614964150964     
 -0.192056148963307     
 -4.083202179149929E-002
  4.271429330514943E-002
 -3.044921571553952E-002
 -0.100497578155788     
  0.349737282812433     
 -0.180003305600610     
  0.273255958240977     
  0.164570646206707     
 -0.157426221161810     
 -0.111643403903788     
 -5.698086836812407E-002
 -0.132092418872674     
 -0.146627805895589     
 -2.725937849339787E-002
  0.296623677749946     
  1.356294264098961E-002
 -2.635835847415515E-002
  0.121208115689623     
 -0.165214638679956     
 -2.507883477975906E-002
 -0.206623324839214     
  4.835338345609698E-002
  0.203410659076880     
  0.104539127481351     
  0.177228121482434     
 -0.167753843188292     
 -3.669197767286533E-002
  0.213616077548515     
 -0.227272421539063     
 -0.272360319953271     
  0.343798689208958     
 -0.251709210703645     
  0.158653765140662     
 -5.317563453763186E-002
 -1.594542295984196E-002
 -9.586526869935481E-003
 -2.875757898406353E-002
 -7.108183753350496E-002
 -0.156190042929223     
  0.170931983913866     
  0.117872010396880     
 -5.997714194844755E-002
  0.200200726619162     
  4.108110868152701E-002
  0.141818335373435     
  7.301340888022825E-002
 -3.472287665776373E-002
 -0.298434200683135     
 -0.183814423430917     
  8.261750208499626E-002
 -0.159111448082058     
  6.760351620668391E-003
 -0.242061198158282     
 -0.121719548325272     
 -0.133157287332888     
  0.221861868961238     
 -0.130418172697625     
 -4.098526378988755E-002
  0.265599124678232     
  9.621697470407257E-002
  0.129916772567617     
  4.765885949627312E-002
 -8.030172780618919E-002
 -6.703175299248319E-003
 -0.187123260882490     
  0.312461381534137     
 -3.594470227133531E-002
  0.171398526183145     
 -0.255350103859878     
 -0.196987057406639     
 -0.148014339216251     
  4.497801448337442E-002
  0.109563797363610     
  0.247797942523369     
 -0.257266150643939     
  0.269121448812962     
  9.847816596022628E-002
  6.567989082472143E-002
  8.822791279071766E-002
 -0.334570123608062     
  0.384566054208388     
 -6.748969292659143E-002
  0.226499642795785     
 -1.943554694738008E-002
 -1.829887631427720E-002
  0.184801849419660     
 -0.222201912551393     
 -0.253430725826213     
 -0.539249774504431     
  0.288310438123634     
 -0.466557999244320     
 -8.760608886355030E-002
  0.142322498865060     
 
 -3.038710405560556E-003
 -0.187645149214644     
  4.665421462815669E-002
 -7.027721088041589E-002
 -0.273439158702925     
 -0.181028931602292     
 -0.228118826168331     
  0.264381004396253     
 -0.104766859836796     
  0.158999975984481     
 -0.109838252502400     
 -4.337208898464439E-002
 -0.316155949184915     
  0.377134103626579     
  5.825131590418368E-002
 -0.382188140261780     
 -0.266678842914868     
 -0.240423135287812     
  0.186567540207683     
 -0.357712801872220     
 -4.399628131023899E-002
 -0.415352300212098     
  2.553769351330501E-002
 -9.781074445344979E-003
 -0.152300266910954     
 -9.340091308912954E-002
  0.338622195872952     
  8.415399630970320E-002
  9.200204311129315E-002
  0.380747560667588     
 
  -1.72968586800913     
  -2.26340930414059     
   1.41053910706762     
   1.70433508387540     
   1.09234843846143     
   6.54556355650712     
 -0.767741202756163     
  -2.42371912554790     
 -0.222182425493644     
 -0.558425870420721     
  -2.46223070095962     
 -0.825311639702549     
   1.11802217632599     
  0.125396933919818     
 -0.581027838420637     
  -7.08286312416976     
   1.41350062251957     
  -2.38769878161485     
 -8.960466190458949E-002
 -1.791570833312539E-002
  -5.13449157229928     
   1.18454022259764     
  0.148157944055448     
  0.204086950939178     
  0.362849691823929     
  -2.11685296371636     
  -7.33221596252372     
  -1.86312241858649     
  -3.41046051198058     
   3.85505614978939     
 
 -1.366165487804878E-003
 
  tansig  tansig 
