     33 -    30 -    30 -     1 
rmse=  25.2205meV
 -0.361512421020859     
  2.319279239259327E-002
  0.537559904380092     
 -0.104211877606778     
 -0.357076107917573     
  0.404494693822346     
 -1.526334567374997E-002
  0.128915757853026     
 -0.133807627359377     
  0.270377198707785     
 -0.494109199529540     
  0.415162689116601     
 -0.700421349015581     
 -0.416579906054346     
  0.200160715773757     
 -5.223691228719793E-002
  1.651952040458174E-002
  0.701728902714422     
 -0.323308515833653     
 -0.226465198433366     
 -0.167766887077488     
  8.089640838484177E-002
 -8.168351898107250E-002
  0.334461003870745     
  0.284760938901505     
 -0.280624030230293     
  0.259748879220823     
  0.264025633398677     
 -0.137569740743150     
  0.154826533617837     
  0.178230641117793     
  0.256786390706752     
  0.231156202518021     
 -0.328214876431085     
  0.380558660257049     
  0.497371271464144     
  0.474305337081877     
  0.651910699001868     
  0.927641470145750     
 -0.601677594138013     
 -3.722610644022038E-002
 -0.112202528368611     
  0.473209417639327     
 -0.262117693859631     
  0.285595732861279     
 -0.264708446195830     
 -0.100766575523683     
  0.640153735324622     
 -0.789210879407918     
  0.359418124775458     
 -0.339115899003454     
  0.492897389366489     
 -0.174756477588394     
 -0.401672358363019     
  5.161806826170233E-002
 -0.611867424554482     
  0.596780971634315     
  0.207147877603233     
 -0.151231854863759     
 -0.122809042657414     
  5.160311854749626E-002
  0.259789147315283     
 -0.174698907254663     
  6.072721870808158E-002
 -5.553934458658069E-002
  0.110676916485079     
  9.734544396899468E-002
 -7.483221319899193E-002
 -0.165087452422810     
 -0.163262884202223     
  8.911228378398571E-002
 -0.102811891801638     
 -9.094025404868510E-002
 -0.283633255288689     
  0.187359723393873     
  5.053825659563340E-002
  3.051966731340318E-002
  5.939168264198683E-002
  0.339273161985395     
  4.762499355366769E-002
  2.081776169539488E-002
 -0.147793948175552     
 -4.673495821457892E-002
  0.196571466192206     
 -0.209377521872448     
  0.186587444357455     
  3.760194167338502E-002
 -3.427106122623033E-002
 -1.973266074634157E-002
  0.181692746176502     
 -0.172941662377762     
  0.120825337900220     
 -7.113699123611329E-002
 -0.115512701398102     
  0.242356358204430     
 -0.158099938375223     
 -0.127486262753574     
  0.195227497127975     
  4.576242368549752E-003
 -0.289796039992206     
 -0.383086286662856     
  0.392034893698627     
  0.459619945107965     
  6.812018200602211E-002
 -0.656620743185072     
 -6.690377648124297E-002
  7.164683403448663E-002
 -6.262726796292871E-002
  0.344225475458145     
 -0.103494223200718     
  0.812104218026542     
 -0.172764116259768     
 -2.977151127138512E-002
 -0.236871962773753     
 -0.340577342833013     
  0.533356105489092     
  0.338603376613430     
  6.964832986845126E-002
  0.111879756399247     
 -0.305677017123537     
  1.006787065126950E-002
  0.290786066275620     
 -0.579141370570418     
  0.454739690611615     
 -7.547851767765533E-002
 -0.374866812013370     
 -0.218903594817658     
 -0.441030471657519     
  0.483415294027665     
  0.102582725203069     
  0.345700959770887     
  3.376620112655086E-002
  0.648691055259093     
  0.232008379129561     
 -0.200522211669946     
 -0.541920659042489     
 -0.831290530656491     
  0.393916140910074     
  0.593488925583810     
 -0.310571667585279     
 -0.266142503833224     
  0.418604367885589     
 -1.522077121537198E-002
  1.516256001507141E-002
 -0.246023660367546     
  5.132891853313892E-002
  0.204673953073251     
  0.263720179191603     
  0.591576947340331     
 -0.457611991437014     
 -0.430209700567231     
  0.318219371353329     
 -0.345073146000837     
  0.288245040708840     
  0.965951386452834     
  0.301377933095868     
 -0.342901707209639     
 -0.108142598067096     
  9.019333289854625E-002
 -0.479134602275509     
  4.626658190414938E-002
  0.345707808592766     
  0.161152182665032     
  5.663122771660990E-002
 -3.573267319086655E-002
 -0.123261702504548     
  0.217992349936100     
 -7.795895858606687E-002
 -6.459739757697132E-002
  6.240322109277625E-002
 -0.113070151164500     
  7.602407980186557E-002
 -0.247703859047552     
 -7.177170625931502E-002
 -0.115885845680090     
  0.304976735652479     
  0.161169687338471     
  0.298134241421559     
  0.108357529388367     
 -0.148207672604329     
  0.279339620173073     
  9.201721477104542E-002
  0.173307506503772     
  0.239183535442821     
  0.125815205164209     
 -0.266270653297165     
 -0.377416835764279     
  1.663070987242351E-003
  0.300650362075736     
  0.246474169084738     
  0.193908980933199     
  9.465436643221192E-002
  0.443048530526869     
  3.091613359416460E-003
 -0.253909023987467     
  0.230827955766036     
  0.299224262910581     
  0.175832637188966     
 -0.233215539158435     
 -0.658985185950080     
  0.211172971546531     
 -0.102591803999361     
  0.100556454232436     
 -6.354923245986167E-004
  0.114268484148280     
  0.202948730589840     
  8.398613611440187E-002
 -2.090276296778964E-002
 -0.140790598096766     
 -0.105364961933863     
 -0.307767507969980     
  0.338014645010489     
  0.627455816565690     
  0.276546456850355     
 -0.351962864177010     
 -0.572718432829708     
  0.339451213788098     
  0.614290004675615     
 -0.294540349919951     
  5.441949251082293E-002
 -0.229592942613259     
  0.525841689315790     
 -0.600038355066798     
  0.381556660709942     
  3.130554889984243E-002
 -8.438360579251147E-002
 -0.336015761846537     
  0.296657142276352     
 -1.485776566416159E-003
 -0.255762084570812     
  0.158759940135149     
 -0.390622190399447     
  0.261665093403768     
 -0.326062502603347     
  0.213364236756704     
 -0.826264136994122     
 -0.252458038638434     
  0.147857942537015     
  0.267840772126826     
 -0.232338818425105     
  0.340633529603016     
 -0.354196935515451     
 -3.761340911046570E-004
  0.164512065449303     
 -1.810107390482388E-002
 -0.207439636794099     
  0.401423734775617     
 -6.383656073989476E-002
  0.155023951897836     
  0.105380729176406     
 -0.205366603310646     
 -8.964101134158108E-002
  0.229776532181843     
 -6.188569473876724E-002
  7.807070565363439E-002
  9.411932963371539E-002
  7.451862572865442E-002
  0.327629663288526     
  0.713327322682345     
 -0.464535681514903     
  9.848772261959376E-002
  8.807400274830238E-002
 -0.358519072629896     
 -7.519252831723067E-002
 -0.344205017686729     
 -1.361619845290955E-003
  0.477458074788537     
 -9.985573781765619E-002
  0.682214318370704     
 -0.676322122935313     
  0.671446174041743     
 -0.418878341357412     
 -0.264071821181840     
  0.363112187105946     
 -0.133033850699858     
 -0.343459456251900     
 -4.343933413245742E-002
 -0.245445128813160     
  0.187525321842988     
 -1.402956432137778E-002
 -0.403329874681673     
  0.416806517887930     
 -0.315190460971250     
  0.225233115363544     
  0.168840274629552     
 -0.403966444237710     
 -7.710594404973044E-002
 -0.558803789393259     
  0.119857415926830     
 -0.217021617066606     
 -0.395774873494649     
 -0.372991731706011     
  0.138941331063475     
  0.500928328537281     
 -0.122072069391500     
  0.334623462281964     
  0.145656174701629     
  9.242862105734949E-002
 -0.514200426651693     
 -0.127028167738722     
  0.418951466481046     
  0.191064638130381     
  0.115683547367193     
 -0.170608683155455     
  0.619498083087295     
  0.341691431765534     
 -0.366025120311928     
  0.281318182245367     
  0.454718326971285     
 -0.521426306427792     
 -0.261577221507248     
 -0.149362387233493     
 -0.466250642204149     
  0.258167372334586     
  0.414352673238827     
 -0.445716031267482     
  6.436578142645015E-002
  5.947024401057502E-003
 -0.406972845185502     
 -0.514924554003892     
  0.296774974951675     
  3.778527866084617E-003
 -0.339386474931459     
  0.523007152066869     
 -2.804965617036952E-002
  7.721676691971080E-002
 -0.454760242569582     
  0.117676813937239     
  0.485721509440279     
  0.374501634645550     
  4.201659859174894E-002
 -5.878366527205942E-002
 -5.121101108682413E-002
 -5.834043951830278E-002
  6.039018223153385E-002
  2.845918559598485E-002
  3.522613393700943E-002
 -4.665495165760546E-002
  0.214868961483812     
 -2.743979263316874E-002
 -4.876572026007525E-002
  0.195953384040289     
 -2.086967508083200E-002
  0.417602236297931     
  0.392907289831483     
 -0.702444951448404     
 -9.271826430908294E-003
  0.257969547684813     
 -0.390896529182861     
  0.280263210813784     
  0.124808941957365     
 -0.215690927348861     
  2.271420401216525E-002
  2.713179286898773E-003
 -0.412039658075128     
  0.490647733299564     
 -0.374755129376672     
  0.302962003080277     
  6.694799746048956E-002
 -0.177236086782376     
 -9.508457596515160E-002
 -0.168860236261077     
  0.134569462035842     
 -0.135824400474362     
 -0.387377089640066     
 -9.656501486993768E-002
 -0.395321113470242     
  7.683974945160824E-002
  8.082281364595473E-002
  3.875602379944116E-002
 -0.409126665275904     
  3.532291395641760E-002
 -0.239220689633942     
  0.267669119662811     
  0.137044376424088     
  0.171094480536332     
 -0.405938192654843     
 -0.163517709993139     
  0.119680393061877     
 -0.189030579466804     
  0.308448828852009     
 -0.217831596128912     
  0.149861695338560     
 -4.560866655492411E-003
 -4.855419487546509E-002
  1.256475328664654E-002
 -9.548840307779929E-002
  0.155298716928790     
 -5.586002447477222E-002
  0.191605410783865     
 -0.129981669370868     
  0.220142738213279     
  7.944234851670261E-002
  9.261169249041427E-002
  0.478138050548525     
 -0.101647793503260     
 -0.253212489021481     
  0.132812419740688     
  0.594230754435161     
  0.124035022241721     
 -0.462159617917461     
 -0.130874191035897     
  0.114461726509044     
 -0.469004098384931     
 -0.174889566488337     
  0.365480998053657     
 -0.109535241886114     
 -0.725804042604978     
   1.10093631233286     
 -7.783326545094063E-002
 -0.575834465558481     
  0.250703534548057     
  0.271943950118705     
 -1.856022823474140E-002
 -0.457748342127763     
 -1.965163018128572E-002
  8.015970381094095E-002
  0.228301725796528     
 -0.131231538075032     
 -0.477466865224495     
 -5.585918069704880E-002
  0.191387275247759     
  7.927012959488083E-002
  0.298964309310778     
  0.190989477875391     
  0.155031742130172     
 -1.821423929214164E-002
 -0.279650535411091     
 -0.337142936900415     
  0.322078006467568     
  3.480283090783606E-002
 -0.224879880476468     
  3.051829955761277E-002
  0.415669679589312     
 -0.402639432096726     
  5.338865038090432E-002
 -0.116346104112918     
 -0.181157667256627     
  0.613060984220435     
  2.173254665788981E-002
  0.145783832030810     
 -0.191336364925054     
 -7.199335572857009E-002
  2.579439322333570E-002
 -7.433106400034538E-002
  0.636067672732771     
 -0.287910743451863     
 -3.024300635402489E-002
 -0.259265264074397     
 -0.194033348134402     
  0.105692231435640     
  0.383643287522453     
  0.139818943182954     
 -0.331276493581395     
 -7.412827700537669E-002
  0.220104002509290     
 -0.276346656520150     
  0.228569278641369     
  5.000863418137542E-002
 -7.670690674192607E-002
  0.145724227150903     
 -4.233126512881120E-002
  0.127475086168244     
  0.166004108467248     
  0.229493476049593     
 -0.316798572082536     
 -0.320962528077910     
 -0.243532490554029     
 -0.232804464205922     
  4.646717159873856E-002
 -0.195896354837399     
  0.264459553437741     
  8.853024140333277E-002
 -0.129702597831788     
  0.749148591180225     
  7.540112629772798E-002
 -0.453865806034740     
  0.195429391901443     
  6.609335516047488E-002
  0.128849771447551     
  3.139167539230424E-002
 -5.040415665924010E-002
  1.128534168660683E-003
  0.261622071561994     
 -0.117027383491213     
  0.345874461379021     
 -0.614114034674847     
  0.211791372643683     
  1.605454530456967E-002
 -9.840017260175515E-002
  0.119758143926469     
 -0.293172402296651     
 -1.684500866448058E-002
 -0.267863637158256     
 -0.292509140017425     
 -0.261452939218039     
 -0.337927529849217     
 -4.671550427422191E-002
  0.609798084588475     
  3.064599715782069E-003
  0.143901048776651     
  1.235072357537357E-002
  0.108633459205827     
  9.321778134450208E-002
 -0.261651824843299     
  0.274692158919336     
  0.951741422115701     
  -1.10214178795738     
 -0.928535687755272     
   1.10620339120247     
 -0.994797177288761     
 -1.249256383993218E-002
  0.438962970830565     
 -0.369887447878577     
 -0.522807057914002     
  4.439358474965027E-002
 -0.491735782552914     
  -1.00512369206241     
   1.10765813199472     
 -0.482641173038972     
 -0.692703271379994     
 -1.855578449902892E-002
  0.236148915111718     
 -0.157999460063266     
 -2.433433630468305E-004
  0.264887063151514     
  0.292805379919124     
  5.316744296768575E-002
  0.283130535172263     
 -0.287988944735117     
 -0.141344585438437     
  0.166567181872789     
 -0.122622661147811     
  0.105449847673308     
 -1.838022547786316E-002
 -8.029576300307438E-002
  6.530435134498198E-002
  1.841347132082212E-002
  8.178588921114041E-002
  0.122637572626841     
  0.604513097796550     
 -2.999874304791592E-002
 -0.232431313483607     
  2.762990530795665E-002
  0.102203421503702     
 -8.123756825180908E-002
 -2.146877703492815E-002
  0.212065146799011     
  0.125897026099007     
 -0.175695968119211     
 -0.226843387122102     
  0.378543544340187     
  0.135414025325370     
  0.121793569029362     
 -0.289749662077801     
  2.272923010186026E-002
  0.135962349908990     
 -0.351296915112206     
 -9.897921437270675E-002
 -1.292498615814686E-002
  2.464215357586509E-002
  0.267222894959185     
  0.138600143736178     
 -0.324234520411128     
 -0.669012913048759     
 -0.240582634899078     
 -0.948110284495894     
 -0.178110340773744     
  8.215631675382024E-002
  0.173469982505362     
  0.257833466269618     
 -0.197978400382023     
 -0.690890585747798     
   1.01382401536805     
  0.174166030725776     
 -0.557718378134257     
  0.222280443849128     
 -0.351392120051737     
  0.581466228649955     
  0.371281549926420     
 -2.150544558826583E-002
 -9.846826004539562E-002
  0.279565561337058     
  0.398836672452507     
  0.324115141955604     
 -5.448046598204574E-002
  0.576865993343240     
  0.365096022473138     
   1.10055607011130     
 -0.622975676770334     
  0.299126734189758     
 -0.238616231137963     
  0.194925382044129     
 -0.129617577232494     
 -0.244778742046227     
 -0.345082056366170     
 -0.545411689436304     
  0.720206818607965     
  0.479967259363676     
  0.487557466982607     
 -0.401481954707444     
  0.410338682174405     
  0.197038479770939     
  0.119172392843508     
 -0.212374368263956     
  0.973938041460196     
 -0.514215109119267     
 -0.651327340463100     
  0.210263877187745     
 -0.186249136267573     
  0.807608326941042     
 -0.398711663787006     
 -0.282476539805987     
 -0.545009130884854     
  0.225125803313397     
 -0.200614873802665     
 -0.204535071572466     
  6.828138129255794E-002
  8.641160955222443E-002
 -0.608778801755975     
 -0.144433180886165     
 -0.598896758918612     
  6.392125823039708E-002
  5.479927176435977E-002
 -4.491761067434394E-002
 -8.658882581912195E-002
  0.162817270550223     
  0.122698144968527     
  0.290327191695267     
   1.10387564749373     
 -0.981627867760193     
 -0.672137574932490     
  0.752303335837000     
  0.308598905296418     
  0.525490569998910     
 -0.188672583254558     
 -8.660693315459271E-002
 -7.918809491858077E-003
 -0.395450679240911     
  0.116601658615034     
  0.362473075766160     
 -0.195944136420751     
  0.739333868816779     
 -0.170846019901244     
 -0.574552243079883     
  0.393299169902164     
 -0.127998723758086     
  5.164642027080275E-002
  6.669307413445394E-002
  7.266650900245825E-002
  3.968644441146260E-003
 -0.428136812383385     
  0.211214905282172     
  0.643284942102409     
 -0.224344338183972     
 -0.572312700445626     
  3.711228558512901E-002
  2.223038811552626E-002
 -0.193414553428279     
 -2.512374145727684E-002
 -4.662885509078049E-003
  3.685938320748153E-002
  0.588343422339620     
 -0.720278356520866     
 -0.248548127640365     
 -0.297350883384880     
  0.236677946844739     
  0.242877222332253     
  9.591879974117973E-002
  0.280358987202500     
 -5.012980083492219E-002
 -0.372907679268276     
  0.242201384219585     
  0.691295587890295     
  3.963246275491346E-002
  0.186736324916936     
 -3.386903014015242E-002
 -0.334117489791256     
  7.017286588362515E-002
 -0.159683862172455     
 -1.917393549890756E-002
 -6.713146127176696E-003
 -0.319399776469840     
  0.527753743006406     
 -9.055654286842837E-003
  0.631896405830482     
  0.477714263442083     
  5.489118383217553E-003
 -6.683582383355416E-002
  0.218966786050202     
 -0.326471982679582     
  0.130333248854076     
  9.792435221466294E-003
 -1.598248398152125E-003
 -0.305877734212418     
  0.222380180483518     
 -0.290968061320970     
 -0.287777151062405     
 -0.254050653907698     
  0.164779294484938     
  0.356769970913709     
 -0.227643333879768     
 -0.387335015018460     
  0.501713934448106     
  8.177589900819120E-002
  0.460285081722011     
 -0.200852670033533     
 -0.657056681886477     
  0.985276220709224     
  0.124787075585478     
 -0.217174281185980     
 -0.231703795866145     
  0.130015503242599     
  0.139076284979454     
 -0.262991549293107     
 -3.055403232422569E-002
 -0.166794551831488     
  0.661837432915567     
  0.128804332164636     
  0.199638075073023     
 -5.244179043291628E-002
 -3.289662024169546E-002
 -0.213301197036380     
  0.240988338479498     
 -2.461782243667403E-002
 -0.125518522760610     
  0.354934718790703     
 -0.215030460446325     
  0.135938774471916     
 -3.769489776150745E-002
  0.207703413491127     
  0.135764297934199     
  1.024303695264331E-003
  0.134096681944579     
 -0.117424490096116     
  5.701740523650876E-002
 -0.224154113273051     
 -0.165844346889610     
  0.299909950009308     
 -5.199964075752322E-002
 -0.588406726381140     
  0.141990940635844     
  0.136424214062372     
  1.112110223356361E-002
 -0.249565366883319     
  0.374021323594728     
  2.374860999112927E-002
 -0.186481903685048     
  0.144828674606302     
 -0.422365986540977     
  2.729744385487404E-002
  0.363804453620512     
 -0.257182056455858     
 -0.366833105641703     
  2.065286382785433E-002
  0.177083875576312     
  4.436361148371799E-002
  0.135635017231530     
  0.233912825111638     
  0.168217003710801     
  0.128000537135155     
  1.236130135485709E-002
  0.261897430265634     
 -0.402251038740944     
 -0.460313041780064     
 -0.514703501311179     
 -0.284714965883260     
  0.610529045869198     
  0.423684504386370     
 -0.195591354507782     
 -0.730759543004631     
  0.346560948944738     
  0.994941740606204     
  0.215100582045524     
 -0.218546912549157     
  2.019375788642378E-002
  6.057044791401439E-002
  3.786456672694399E-002
 -6.150205099534851E-002
  3.407062897194989E-002
  0.121897453650774     
 -3.032161258893656E-002
 -0.116083885824744     
 -8.257554962330863E-002
 -4.236975989083284E-002
  0.761554662469778     
  0.572950625190854     
  3.936800716437094E-002
 -0.156464052502136     
 -0.468196364189126     
  0.127884524230205     
 -8.434004529383776E-002
  0.336780749861835     
  0.162663869514767     
 -0.298447299668687     
  0.123138145021887     
 -0.684695757411229     
  0.385594183083997     
 -0.118751950026658     
  8.811096252051406E-002
  0.194962989935067     
 -0.299296695972024     
 -3.274968823044286E-002
 -6.757703298030394E-002
  0.107663236448779     
  0.392074717816445     
 -0.397127449555677     
 -0.251219129788230     
  0.238455153368447     
 -0.169848028366672     
  0.269882950090343     
 -0.308975351761384     
  0.159496897634394     
 -0.219206662533563     
 -6.950782549355194E-002
  0.122558752922137     
  0.371257169273896     
  0.266008012627328     
  3.023508105947681E-002
  0.634990328120679     
 -0.209019813892248     
  0.138021996837747     
 -4.272858583315889E-002
 -0.370527463497133     
  0.192536937603620     
 -0.135921749820957     
  0.876392404298683     
  0.359033183959127     
 -0.485993018027157     
  0.119041247041920     
 -0.153164287401926     
  0.340597198771686     
  0.589640445858168     
  0.122616584552829     
 -8.334285171481824E-002
  0.162039511247108     
 -0.272032679270313     
 -0.150991414170860     
  0.688355582051928     
  0.324851280564170     
 -0.303368520573198     
 -8.197114910512766E-003
  0.197509235923759     
 -0.523573280447140     
 -0.379831420519342     
  0.482466262100102     
 -0.272114299910111     
  0.220530224017957     
 -0.518889527750332     
  0.543027078308754     
  0.606938754238655     
 -8.787570266669800E-002
 -0.187301663351247     
 -0.249442902282355     
  0.265451213050197     
 -0.228338695399411     
  0.207919555065481     
 -0.123051443506422     
 -0.581035175958976     
   1.09036303538392     
 -8.949849326492759E-002
  0.749052647440280     
  0.113810044086642     
  0.385296208535656     
  0.352467846748782     
 -0.732179276987650     
  8.292372300396010E-002
 -6.058971189892935E-002
  0.292382252845086     
  0.500326363326992     
 -0.266905543882730     
 -0.528520559878621     
  0.150027677886491     
  4.172468393963263E-002
  0.288080411683455     
  4.001776569510369E-002
 -4.034436041837774E-002
 -3.527208388238229E-002
 -0.359586270777424     
  0.410506706793490     
 -0.485401621647372     
  0.749196594939945     
 -0.319002750684000     
 -0.816711810122515     
 -0.194099960057680     
  0.131409938926773     
 -5.998102611856518E-002
  0.191273876581357     
  0.251432998526951     
 -0.183472701286162     
 -0.277818506173189     
 -0.403659992094407     
  0.745897178229334     
  0.696204580656601     
 -0.557341327746289     
  0.118794861637881     
 -0.451757403910415     
 -0.191082169020496     
  0.310780453658309     
  0.342690117676508     
 -0.166942106348451     
  2.900386927485759E-002
 -0.400644485968105     
  0.236906793429387     
  4.043687965889516E-002
 -0.174945286950143     
  9.659526743217747E-002
 -4.491540700638545E-002
  4.261684027766552E-002
 -0.137394037808377     
 -0.197177539054467     
  2.656764539657606E-002
 -4.833421472950190E-003
  2.089842948487007E-002
 -0.198441513937132     
 -0.451162691887159     
  0.151531483630027     
  0.481689032573536     
  6.294246080191353E-002
 -0.191487929013219     
  0.109757393026980     
 -9.145756839063282E-002
  0.182490408767759     
  7.133921913415492E-002
  0.309735607053844     
 -0.424733794208494     
 -0.282626407814859     
  0.287025469532796     
 -0.405986309997532     
 -0.136682921452839     
  0.247353729271120     
  0.222898019065012     
 -0.389867276276723     
 -0.309736817858320     
  0.519313375313572     
  0.134315713235320     
 -7.580534698261765E-002
  2.896196973107635E-002
 -0.192185424093603     
  0.614608259282041     
  0.193936391270107     
 -0.458660085483182     
  0.181108524336152     
 -1.161578481333504E-002
 -1.351273664458717E-002
  4.265688858173601E-002
  0.110824379491063     
  6.767801544178828E-002
  0.540953228084300     
 -0.205191927402015     
  7.895955264899016E-002
  4.575457034044336E-002
 -0.117933778852654     
 -7.613281060578184E-002
  0.276487036023293     
 -0.506249476705309     
 -0.309247861276463     
  7.216573526274897E-002
 -0.620820576366694     
  0.177443244792343     
 -1.511074662988380E-002
 -3.705080137477779E-002
 -0.177348737903487     
  0.156065392162684     
  0.182349939348265     
 -0.413593953923112     
  0.267557862662998     
  0.134177882974328     
  7.894359100769879E-003
  0.724368113873610     
 -0.218283950418909     
 -9.738980577605263E-002
  0.451487121179530     
  0.105767780791819     
 -0.242426621970160     
  2.012239946596326E-002
 -0.294900899859974     
  0.106167867320069     
 -0.224600461175684     
 -3.680266818458977E-002
  4.546902971213183E-002
  0.300125547982026     
 -0.471440849795937     
  0.331525685067388     
  0.232939971744865     
 -1.366047948713230E-002
 -0.366425662171813     
  0.143966240150974     
 -0.461278341422591     
 -0.131799886522289     
 
 -0.109363337399662     
  0.297607658243350     
  8.087666098882816E-002
  0.590712918679132     
 -0.291514195096519     
  0.784242912580582     
 -0.713505052255124     
  -1.02734952524291     
  0.928057986161626     
   1.42923550430770     
  0.227281892219934     
   1.97603657887278     
 -0.633504367705317     
  0.489493464763459     
 -0.345547292428487     
   2.42749020500841     
 -0.337214052746702     
  -1.43352538967006     
   1.20920921253064     
  -1.62364732115650     
  0.430872617035769     
 -0.416770740575473     
 -0.687876451337805     
 -0.245122326856573     
 -0.265301917748509     
 -0.461396707055462     
  0.882926928133749     
  0.269009481593275     
 -0.678398192884069     
 -0.143060775488638     
 
   1.18680627397579     
  0.570946818587931     
 -0.307200544598960     
  0.181933054614957     
  0.920899810519601     
 -5.984562642529041E-002
   1.29746055658492     
 -0.315212569834615     
 -0.220994738059992     
 -0.611098961656231     
   1.20368804965233     
 -0.390148927119283     
 -0.381825054756730     
  0.501390276642929     
 -0.111185628615984     
  0.135520199319566     
 -0.437632845304522     
 -0.867213457490742     
  0.584485172661244     
 -0.335329569238684     
  0.510930143928051     
 -0.612244350543021     
 -0.898037466956357     
 -0.975745019064904     
 -0.166032484503345     
 -0.313398442795347     
 -0.660520089208030     
  0.436453976809230     
  0.196979293450424     
 -5.750659916593166E-002
 -8.441814204326029E-002
  0.342069969635094     
 -0.226281338776134     
 -0.159777964305654     
 -4.207437239505205E-002
 -8.644551870587104E-002
  4.275873926026814E-002
 -0.352078069761263     
 -0.501752947760159     
 -0.326904342731991     
 -0.173052293231651     
 -0.151869489105544     
  0.648811213114867     
  0.199611040485719     
 -0.572496040922879     
  0.628394693674309     
  0.165801347657035     
 -0.479606480615266     
  7.721855641295261E-003
 -0.692487223145156     
  8.552221806498086E-002
 -0.707656626312484     
 -0.142713515740148     
  4.661441137496009E-002
 -0.581879280060087     
 -0.540338363387747     
 -0.946294302620173     
  5.206664779673233E-002
  0.210778550812268     
  0.339181615148926     
  0.184425351584227     
 -1.527075146251919E-002
  0.148419314457374     
 -7.594349313347325E-002
 -0.108793527912200     
  0.164046155056952     
  3.891739375058785E-002
  0.406449044583538     
 -0.376049802550239     
 -0.534551374233801     
  0.452078247387219     
 -0.431549564093537     
  0.305341798497032     
  0.474041606920128     
 -0.276593202120382     
  0.259195193201606     
 -6.200151310312819E-002
 -0.468445935252370     
  0.150864279732514     
  -1.11277491765110     
  0.227476146718121     
 -0.586433677139922     
 -0.161135116260402     
 -0.103881071021489     
 -0.341568223137585     
 -0.283968929028543     
 -0.981191919085270     
  0.282156560881647     
  0.744776261216119     
  0.283476152473602     
  0.632703631347677     
 -0.178349230062167     
 -4.937783964473150E-002
  7.937109693663665E-002
  0.185211203125578     
  0.223594246367724     
  0.515824450271717     
 -0.589447712838666     
 -3.833278930637199E-002
  0.178287191102525     
  0.356326590017914     
 -0.343616695432742     
  0.308494048364507     
  7.869891800734241E-002
  0.289958823634130     
 -0.146495153451634     
 -0.462143288229064     
 -8.930407267563609E-002
 -0.656752741625269     
  0.379966175345012     
  0.172964715327591     
 -0.306015295696849     
  0.204434897595302     
 -0.127877086663472     
 -0.285141178433788     
 -1.840322968339698E-003
  0.358409334885849     
 -0.200278820955951     
 -0.166022850708056     
 -4.706705298963772E-002
  0.204519145267147     
 -4.552159259389368E-004
 -0.243372253195758     
  0.645083376167970     
  0.252339695408963     
 -6.346299802206418E-002
  0.136103509659302     
 -0.544210607313188     
  8.535802478235692E-002
  3.914549854086466E-002
 -0.652451273338225     
  0.338564396946578     
  0.759189713891735     
  0.105913806937851     
 -0.165580836218007     
  0.226718513651726     
 -3.357218139511645E-002
  0.304193212086160     
 -0.636129639472154     
  0.282987275697181     
 -8.716660227006842E-002
 -0.237198019067007     
  0.200061780913376     
  4.375578725598332E-002
 -0.163954310504253     
 -0.172327074213130     
  0.431795270025420     
 -0.170196888164671     
 -0.152919743390122     
 -7.431163519598620E-002
 -0.628987915214782     
  0.104562645333018     
  0.342949185327810     
  0.462970165986645     
  0.128514782710494     
  0.201876926691202     
  0.685594988782509     
 -0.371495489564622     
 -0.290072131872763     
 -0.169921012936220     
  0.313286039012891     
  0.777040721202992     
 -0.158943045032002     
 -8.091550970262307E-002
  0.317863921198584     
 -0.880007431258504     
   1.01112760795125     
 -0.258774182530874     
 -0.313434247332024     
 -0.295435348558664     
  0.255269148031712     
   1.06913754265118     
  0.235790241875426     
 -0.412147528862828     
 -0.337058648935633     
  0.216597300886832     
  0.315204697923216     
  0.123686762377640     
  0.759576202320363     
  0.278597628997477     
  0.144349111739304     
 -0.672071896743424     
  7.973782468591695E-002
 -5.676468413273390E-002
 -6.043832169414785E-002
  0.503836661681336     
  0.187192609756997     
  -1.21043859619100     
  3.298685045243585E-002
  0.456228978557851     
  0.221654890655828     
 -0.480352014015991     
  0.160407844462314     
 -0.252242396571406     
  0.203914499499064     
 -0.261632556767107     
 -0.652601135766135     
   1.18157121727872     
  0.203286136358334     
  0.874509334291828     
  0.233236478453507     
  0.277487843375472     
 -0.158586225469384     
 -0.292873726259270     
 -0.342537761630784     
  0.314840420594580     
 -9.099618844697862E-003
 -0.284334065446252     
  5.890051047804873E-002
 -0.214800539772668     
 -9.469841887871762E-003
 -0.278590883853902     
  0.192736938706346     
  0.101483324210249     
 -0.149737771504902     
  0.200436237448651     
  0.200173201366387     
 -0.299940109950774     
 -0.287012426927150     
 -0.141814277155977     
 -0.253076564215450     
 -0.471052833065346     
  0.183572772820082     
  0.259137057114234     
 -0.187216446257718     
 -0.120700966462582     
 -0.529699452132091     
  0.365750478215936     
  0.284134998309105     
 -6.880696569801659E-002
  1.939276761873569E-002
 -0.353344189426924     
 -0.217058806150411     
 -5.711298790204751E-002
 -0.250815628395855     
  0.144364076250059     
 -0.418554681728728     
 -0.416012765129825     
 -0.445405814172056     
  0.261509469335085     
  -1.02253233708001     
  0.775936850644076     
 -2.098505551936726E-002
  0.148904175463053     
   1.23777733673942     
  2.803765765329847E-002
  0.298064359875659     
 -0.260895143450648     
  0.574462369597211     
  0.559848468540394     
  0.267162815429244     
  -1.35519639212506     
 -0.541927099150316     
 -0.478952995105332     
  0.389185402116167     
  -1.99251139721066     
 -0.250826199344041     
   1.04710341200312     
  -1.47768017470730     
  0.620276670050473     
  0.293112451211139     
  0.366207972499873     
 -0.458640804862491     
 -0.639067359666306     
  9.373164391089736E-002
 -0.608119788944423     
  0.539857411283858     
  -1.00564528314527     
 -2.328014570839568E-002
 -5.698514991230280E-002
  0.379911419006086     
  1.741929111245004E-002
   1.12976965195473     
  0.236344136131395     
 -6.983022128789344E-002
 -2.041572041461888E-003
  0.257183987006999     
  7.642081578232728E-002
 -9.137269003476957E-002
  0.321545147248538     
  1.005705583306232E-002
 -0.501627132894045     
   1.02644166882315     
 -8.751074319003121E-002
 -8.669841150307273E-002
 -0.520054309299614     
 -0.232241061071128     
  0.307606861908597     
 -0.216747401364631     
 -5.129286621921518E-002
  0.277487054452022     
 -0.424872503303123     
 -0.960236777870870     
 -0.378769306733332     
 -9.269564877289534E-002
 -0.279908792959549     
 -0.111440118952386     
 -0.516842757469016     
 -0.392930509818492     
  0.259523940892706     
  0.423366977866764     
  0.749844595031986     
  0.677131411157702     
  0.341843743759314     
 -0.884826818302995     
 -0.190361412303558     
 -0.438677171862532     
 -4.398288072885384E-002
 -0.135403731998769     
 -0.129748628623801     
 -0.136053862999842     
  0.892896355371646     
  0.122703044370115     
  0.379290914544488     
 -0.457369668966372     
   1.51105177173865     
 -0.453356915774454     
 -2.998127547221869E-002
   1.10757717095182     
  0.759286158222881     
 -0.506960218213533     
 -0.928676007522442     
  0.650110756900927     
  0.684504803688479     
  0.170511515365921     
  0.481209551886081     
 -2.901503684848925E-002
  0.107316649003551     
  0.461998398156830     
  3.990493929938079E-002
 -0.276945191706021     
  0.368746079122134     
  0.416055346126970     
 -0.247302545110496     
  0.146826513123378     
  0.233934155279389     
  0.991981881825954     
 -0.442124017619993     
 -0.470837273805529     
  0.394882745194646     
  0.610914196018360     
  0.101789922629164     
  0.199659727572994     
  0.153559719604849     
 -0.930434586218150     
   1.00454612377247     
 -0.721057835190075     
 -0.183378644043307     
   1.02592768913637     
  0.702131547802936     
 -0.437335966946102     
  0.547825190895173     
 -0.112119352514556     
 -3.302125765003856E-002
 -9.904114539466011E-002
 -0.303662414415067     
 -0.226930139881343     
  0.126284388331101     
  0.486889746086814     
 -0.302796661211454     
 -0.381681615399595     
 -0.522975057827164     
  1.314426617571256E-002
  0.189914618086226     
  5.231816863500674E-003
  9.495001845770339E-002
  0.750736114678554     
  0.196688284190342     
 -0.252874949974149     
 -0.795695366699739     
 -0.226118239972226     
 -0.224162965626590     
  0.951157300877344     
 -6.991408031792141E-002
  0.249697141786968     
 -0.133358451809466     
  0.328380212051021     
  0.609015674997575     
 -0.796336165122195     
  0.204462496104763     
  4.259444925482991E-002
  0.278653287908829     
  0.126303000537342     
 -0.108859407689897     
  0.961791638326316     
 -0.175635692875797     
 -0.538301512370454     
 -0.413663230357671     
  0.438687583241295     
  0.159810583206631     
  2.363183039460709E-002
 -0.394946151483527     
 -5.938932606754897E-004
  0.228652273901739     
  0.115655656979948     
 -0.310389674230090     
  0.540171153702107     
  0.300164285757326     
 -0.205223896219421     
  6.134766071902760E-002
 -4.005275130317119E-002
 -0.639747505799212     
  0.154588246007907     
  0.157608997414778     
  0.145931558064109     
 -0.782950559665214     
 -0.400629512147030     
 -0.587299443266627     
 -0.562392618747831     
 -0.290606570352067     
 -8.161425500668703E-003
  0.518388248043924     
 -0.599242528590809     
 -0.217889999013239     
 -0.288618092473325     
 -0.311563570584406     
 -0.330219267224678     
 -0.191049304599476     
  0.230463431024984     
 -0.335181050133621     
 -0.460927004903295     
  4.626800075732787E-002
  0.441597087724329     
 -0.683512297028777     
 -0.618867417100467     
 -0.397568198614838     
 -9.797436171338639E-002
 -0.238123948438228     
  0.270341402071074     
  0.195175725587552     
 -7.805844466536438E-002
  0.376465468226442     
  0.887538511379049     
  1.746553470725521E-002
  0.469908483249608     
 -0.910354055422833     
  0.136893036298960     
  7.804501693009167E-002
  7.014218210876733E-002
 -0.676915765816444     
 -2.783884937863576E-002
 -0.191017860303371     
 -0.617567346900631     
 -0.349936714426724     
 -0.147839488386488     
 -0.302386359850162     
 -0.619351577295918     
  0.241102022993486     
 -0.225805091322750     
  0.446881486724024     
 -7.803129908981386E-002
  0.717807170467731     
  0.510870508511341     
  0.578606783023697     
  6.123484009474808E-002
  0.748535147159075     
  0.155837988264225     
 -0.516401641880048     
  0.663719086727434     
  0.203954829392310     
 -0.906114811220381     
 -0.170025504175471     
  0.365555615113738     
 -0.245271405708369     
  0.416291974947868     
  0.323955393208691     
 -0.500111423534502     
   1.13486020526103     
  0.595094521299489     
 -1.780822141524668E-002
  0.628413368653348     
  0.119155157236223     
  0.480550729771286     
 -0.124436711460834     
  0.781459830134821     
 -0.413624102795734     
  0.153963581811870     
 -0.303918473478378     
  0.610945733370927     
  0.196738687173344     
  0.150411919027260     
  0.297711223116236     
  0.235441909700788     
  0.114309305719653     
 -0.139900828475257     
 -0.216125288739565     
  0.271535360512774     
  0.211975520302466     
 -0.324392048802653     
 -0.285198669088933     
  0.342427943360032     
  0.170595594927402     
  8.657006325244428E-002
 -0.114565085457893     
 -2.771830754876315E-002
 -0.100255047895621     
 -6.510046155909269E-002
  0.122572520554316     
 -0.129253099441257     
 -0.292800663639365     
 -0.463437429222301     
 -0.306690759932519     
  7.656987568562082E-002
 -7.210810532659194E-002
  2.410092614351989E-003
 -0.191427723013791     
 -2.848471918848694E-002
  3.295144489183358E-002
  9.157161569659095E-002
 -0.137930491882988     
  -1.12387415489063     
  0.400511943947422     
  0.586920069475826     
 -0.947106210153583     
  0.389753230362319     
  0.138743377953483     
 -0.733178874398592     
 -0.237724398938953     
  0.301600408295119     
  0.467252132351713     
  0.767145290277986     
  -1.01993390839059     
 -0.660486443386799     
  0.147092299400236     
 -0.485815087825644     
 -0.144967483986691     
  1.712187778090991E-002
  2.833121442825486E-003
  1.756839068464813E-002
 -0.355520537503333     
  0.624763945308744     
 -0.846048851663885     
  0.375420900191262     
 -0.189849834258873     
 -0.551700041687153     
 -0.341371382777948     
  0.604622244512314     
 -0.644622785533664     
  8.280697076002518E-002
 -0.151214360494920     
  5.321535538078244E-002
 -0.129277052833838     
 -0.309993906625859     
 -9.121724359829761E-002
 -9.727954249732747E-002
 -0.186124209752155     
  0.274632685939488     
 -0.245508847723174     
 -0.427565791301259     
  6.696852722154979E-002
  0.391876633099101     
 -0.876833393084749     
  0.321764919802603     
  0.371809023931212     
 -9.814429222324723E-002
 -4.009728874676186E-002
 -0.169225879965422     
  0.789990704928770     
  0.340507151128083     
 -0.271538776951271     
 -3.085380313164745E-002
 -0.115448691650797     
  0.128234227490259     
 -0.171605773515644     
 -0.379696547077660     
  0.522641566937866     
 -0.287554167439165     
 -0.415212257729798     
  3.805542372030658E-002
  0.304053577710605     
 -0.367103963943655     
 -0.230022777218190     
  -1.40344955028276     
  0.236487291519875     
 -3.141665565064159E-002
 -0.187985900311626     
  0.129984348232453     
  0.616556625749342     
 -0.343205888695207     
 -0.123986385681906     
 -0.243734399788083     
 -9.089932334659057E-002
  0.231644565163533     
  0.581263330539141     
 -0.306334142748758     
  0.447646657509849     
  0.698760134498327     
 -6.399567792878108E-002
  0.563200552477069     
  0.310691007696938     
 -0.278310314907207     
  0.434414357049179     
 -0.240484511888255     
 -0.201195680956386     
 -0.370979024220795     
  2.318239132034866E-002
 -0.387623418635121     
  0.122167949135509     
 -0.377756997675226     
 -3.402294745892050E-002
  0.200616509534449     
 -0.335769381582845     
 -0.382202867900209     
 -0.330616627149545     
 -0.208156838097399     
 -0.814867889495396     
 -0.332518127543337     
  0.579570615602063     
  5.057136375722640E-002
  0.335152837920854     
  0.468068485614837     
  0.344685519305561     
 -0.110909142108914     
 -0.200543467765595     
  0.632025386098972     
 -1.668107653231879E-002
 -0.902144899758028     
 -0.261784439284600     
  8.192892363810797E-002
 -0.934275249083056     
  9.270326575194268E-002
 -0.317525725825082     
 -0.364414409729339     
  0.401666870745606     
 -0.126687467263687     
  0.125080413548904     
  0.149688188669195     
 -9.067367473200746E-003
  0.320808829215424     
 -0.158824209620375     
 -3.726544045557818E-002
 -0.177660442457698     
  0.469880469909793     
 -5.429474381955575E-002
  8.799132425319017E-002
  0.294762891886650     
 -0.240713547934563     
  0.248275321660086     
  0.341114968771461     
 -0.806001112770142     
  0.302281869509874     
  0.178328932073217     
 -0.889382612477856     
 -0.277680684345454     
 -0.423238760286524     
 -0.278890391203881     
 -0.159476625748654     
 -0.389134964097739     
  0.899623760389436     
 -0.357612408351712     
  0.982657292440440     
 -0.164851945018954     
  0.403901038198926     
 -0.885530370107411     
  0.329043897505490     
 -0.388020139996741     
  0.180447757700293     
  0.526646702799891     
  0.446286984244187     
 -0.174042606539299     
  4.288929503876335E-002
  0.168301421925551     
  0.502823587588083     
 -2.686523150478976E-002
  8.441060008642175E-002
 -0.193190037220668     
 -0.374745111600237     
  0.308115330588686     
 -7.621004419849947E-002
 -0.209816621839256     
  2.697142000953552E-002
 -0.157654794153449     
  0.104732877405867     
 -1.611999480657045E-002
 -0.428230877108320     
  3.063481283998279E-002
  0.180017263215538     
 -0.464975927473554     
 -6.608163164128296E-002
  -1.26193112978353     
  0.171508245299737     
 -3.666398267493340E-002
  7.362278918420046E-003
  9.139941500489955E-002
  7.846226590935557E-002
 -0.304106126479040     
 -0.369581383430302     
  0.289432725459929     
  0.460764048260799     
  4.358525063033988E-002
  0.529109382387293     
 -0.670985501308545     
 -0.625518988226161     
  0.102716633548553     
 -0.241297562110842     
  0.156964157849757     
  0.537914662756978     
  0.182096212654955     
 -0.347368966669358     
 -0.339560408051339     
  1.341660762869910E-002
 -0.147124216875448     
 -0.739281730152140     
  0.360391223590494     
 -0.427280446144106     
 -0.750291970290004     
 -0.114657326573312     
  1.911211681592252E-002
 -0.423464385136384     
  0.175991479388398     
  0.179609559611369     
 -0.190918347335651     
  0.283772431135836     
  0.701089891361863     
 -0.507979246743765     
 -0.602028514447289     
 -0.705308372846834     
  0.263626917220200     
  0.992736010087185     
 -0.433419374436530     
  1.347985919730224E-002
  0.965839927843558     
  -1.24161542466987     
 -0.257731362358931     
  0.186518211219833     
  0.220479558418696     
 -0.274561560395243     
  0.156065894628256     
  9.802932750496492E-002
 -0.419866752811231     
  0.240464760323130     
  -1.34412441620200     
 -0.217651111568000     
  0.550813684064302     
  1.562910111923032E-002
  0.241066825228995     
  0.925855551356506     
 -0.722721836023566     
 -0.975541308522753     
 -0.503737566534639     
  0.185491145341048     
 -0.309097894507251     
  5.495524110621981E-002
  0.164601348240078     
  0.469237021371108     
 -0.430951087062028     
  0.936053494764692     
  0.181992156494151     
  4.399016673176065E-002
 -0.125514050002662     
 -0.112880451519713     
 -0.153770631294027     
  0.434211863111500     
  0.322253889273390     
 -3.442727328637556E-003
 -0.358371599900924     
 -0.208408801042092     
 -0.645840695887831     
  4.833493675821512E-002
 -1.007138471798898E-002
 -9.762121421640582E-003
 -0.214858539600155     
 -0.176052793400514     
 -0.551803785214121     
  0.221701846093646     
  0.496281891282279     
  0.674825702055111     
 -0.577393665518542     
  0.318595827142731     
  0.123811861781486     
 -0.615003111398222     
  0.643096874145049     
  0.208793715626032     
  0.321843385773440     
  0.501401775604069     
  5.639015466367833E-002
  0.384304486498515     
  5.826391516183995E-003
 -0.438893930448564     
 -0.221438020075060     
  4.843199082244436E-003
  0.296846927769539     
   1.11230864736112     
  7.346942091738638E-002
  4.793084061166263E-003
 -9.632621928897397E-002
  0.443112367474319     
 -0.117827252458356     
 -2.021135216696288E-002
  0.157752422920009     
 -0.147076386723910     
 -0.418644759674860     
 -0.476619596029230     
 -0.222736078881321     
 -0.378649765183426     
 -0.187812052049120     
  0.139841499690159     
 -0.354934858269554     
  0.563329199377796     
 -4.373748551823153E-003
  4.042453130696159E-002
  0.240213408821329     
  0.158293850887334     
 -0.116792045073460     
 -7.585001926236129E-002
 -0.213385003849972     
 -0.550198970079757     
  0.441831356329247     
 -0.187887979097357     
 -0.397357837820619     
 -8.156331288807485E-002
  0.109450308856450     
  0.100991397372606     
 -0.128996896249396     
  7.704176798790130E-003
 -0.405902407298407     
  5.648942641340748E-003
 -0.127046475517249     
 -5.653081530989889E-002
  0.695797494524952     
 -0.425634613368742     
 -0.293491719306385     
 -0.211416638866724     
 -5.455884194674777E-002
  0.180299372049546     
 -0.158460416162644     
 -0.505292344872125     
  0.297412824778340     
  0.259645098842661     
  0.906921365799166     
 -7.254749908345624E-002
  0.237080703394518     
 -0.395799003853117     
 -0.240963411112219     
 -4.385232936783386E-003
  0.343201285553054     
  0.251611453842048     
 -0.400302126513912     
 -0.394486353048953     
 -0.167015617843577     
 -0.937827703757702     
  0.272094101381677     
  0.171419307552636     
  0.378222142435675     
 -0.169661924065552     
  0.724195931210832     
 -0.463071253525927     
 -0.415466178810215     
 -0.504790678547075     
 -0.279335494728339     
 -0.233970833500192     
  0.197495441203558     
 -0.683033324824355     
 -0.188375797346670     
 -0.346935056488202     
  0.827600324629559     
 -0.120490676892502     
  0.620025382137392     
  0.167630860656480     
 -3.537421618124829E-002
 -0.404061519339065     
  0.157249293189347     
   1.33275867714191     
  0.216833057297503     
 -0.393263827097221     
  0.394632058634006     
 -0.320171713114004     
 -1.996722834075508E-002
  9.576262775960047E-003
  0.114724098511654     
 -0.370138888258053     
 -0.274445645600649     
  0.108937403402021     
 -4.263125445122690E-002
  7.083196563054847E-002
  0.329382966935659     
 -0.635972921732232     
 -0.524200253815278     
  0.214334338125531     
 -0.537705892002826     
 -0.846825824964558     
 -0.188849640585603     
 -0.223187784314404     
  0.140235685019595     
 -0.674988671470951     
 -0.179529860099218     
  0.889061968492579     
 -0.104960736396023     
 -0.743747074249777     
 -0.403381387111144     
  0.196793384551338     
  0.764232713872282     
 -2.316808540751104E-002
  0.146302707555588     
  0.605959705166645     
  1.045018403519019E-002
  0.429987114264644     
  0.147680177093221     
  0.201975985140760     
 -1.312485739179315E-002
 
 -7.835409192801724E-003
  0.261845027787393     
  0.122961490990198     
  0.795385975278284     
  0.252738395578598     
  0.347896018167206     
  0.394613878707682     
  5.250886868184570E-002
  0.148204947400920     
  0.188185289466734     
  0.253106818072412     
  0.129638240348495     
 -0.212391652336850     
 -0.265235044650115     
 -0.292266690093510     
  0.998454437130207     
  0.207671229993307     
  8.709179226497560E-002
  4.527637687169130E-002
 -0.108277642363783     
 -0.603537770103877     
  0.106504803332902     
 -0.574133235548431     
  0.124841467979461     
  0.386232723065346     
 -0.335265609899266     
 -0.150706166381207     
 -0.522299283653267     
  0.937785478259904     
  0.197339990532913     
 
 -0.238053082953777     
  -1.54877479788164     
   3.51166859183996     
  -1.95410018746745     
   2.39957404973064     
 -0.217116133064333     
  -4.75345315594600     
  -5.16004840367536     
  -1.15665477371632     
   1.53509430657032     
  -3.34402009676119     
 -0.293685059310863     
  0.284947192040750     
  -4.11156783142559     
 -0.295549811386794     
  -5.65485481053043     
  1.068799915021348E-002
  0.487143934604462     
   4.48395993593875     
  -1.36006554148319     
   1.27095639670191     
   1.34351456433840     
  -4.32935107626801     
   1.37194922447031     
  -2.28087013248174     
  -1.44856893748810     
   1.70469161915017     
   3.27871335051803     
   6.69439021091171     
   1.11034818473135     
 
 -3.939104761904762E-004
 
  tansig  tansig 
