     33 -    30 -    30 -     1 
rmse=  25.2205meV
  0.300892414599695     
  0.752847861655329     
 -9.698033136845452E-002
  0.469383060535918     
 -0.924433367574898     
 -0.330795428399059     
 -0.134514796606380     
 -0.505410411212648     
  0.337030672286129     
  4.101816256478651E-002
  6.978099963334837E-002
  8.080577262954447E-002
  0.278007254230234     
 -0.637534552765545     
  0.758057408818377     
  0.301485602362764     
 -5.578393267416620E-002
  0.114719440035111     
 -0.871956932600165     
  0.151512698913885     
  0.213528539254062     
 -0.229003991045334     
  0.353271027194546     
 -0.255731381386421     
  0.402137634487459     
  8.074170399139344E-002
 -0.130693611837144     
  0.365946328210854     
  0.112084057804796     
 -0.112165680308886     
  1.086011934473185E-002
 -0.112130660603945     
  8.134563308800886E-002
 -0.349401784437786     
  0.407742847228012     
  0.864970866891626     
 -0.302487836023570     
  0.293460804454237     
  -1.03484108976181     
  -1.15353784281569     
 -0.304613093848081     
  0.202652610034425     
  4.379575866011471E-002
  6.344779117052228E-002
  0.595879706127628     
 -0.265151192177317     
 -0.303347882359148     
 -0.296250767876904     
 -0.256903181175337     
 -0.610150876907604     
  0.269300338051242     
 -0.188679497128675     
 -0.249665921268954     
  0.288408959315443     
 -0.157664971575312     
 -0.548006493696538     
  0.117700092614288     
 -0.462601623189741     
  0.530288501298862     
  0.275520221554856     
  0.215853274913461     
  0.394397787846173     
 -0.168564147971394     
  6.527231743492158E-002
 -0.294227052235220     
  0.223733807499871     
 -0.156922396853107     
 -0.397811929856932     
  0.667632043565234     
  0.697448157379908     
 -0.598536449695149     
 -0.150099131055848     
 -0.199582796922656     
 -1.980930190339182E-002
 -0.563859504432323     
  0.402406782889001     
 -0.173907243453647     
  6.823572098123878E-002
  0.183763586959833     
 -0.417814154265352     
  0.536995774895360     
  0.450384276605965     
  0.464475323486651     
 -0.133786532769782     
 -0.144150254162646     
  0.325365564965161     
 -7.532101952400333E-002
  8.130912580307054E-002
 -0.195223078881564     
  1.927948965626552E-002
 -0.298716657055987     
  2.985185171246084E-002
  0.211142623114926     
 -0.107486438768297     
  6.063554517302346E-002
  0.275933490474957     
 -0.233288079748592     
  5.220358150803302E-002
 -4.084333752247287E-002
 -6.349712764029664E-002
  7.748069214608591E-002
   1.38658877467835     
  7.448765822623132E-002
  0.293575668935063     
  1.374843104630958E-002
 -0.536611346583762     
 -0.350677590486838     
  0.328877846206398     
 -0.104778605008097     
  2.261115729115367E-002
 -0.441773967331776     
  0.357052001854057     
 -0.408676008237830     
 -0.286971283199331     
  9.031243449842442E-004
 -1.458943054270354E-002
 -4.766977988293493E-002
  0.198689160269894     
 -1.090107013279591E-002
  6.566610093272936E-002
 -6.013151785241753E-002
 -0.165084024613461     
 -0.301698452787944     
 -0.456566690914717     
  0.251541699601336     
 -0.201009281514932     
  0.350412467399938     
 -0.128032641662324     
 -7.228304237743012E-002
 -2.655761549821955E-003
 -2.210030461936840E-002
 -1.345050181251238E-002
 -0.128647505639292     
 -0.821084440828260     
  0.953900260086768     
  0.416672087495701     
  0.177690730098243     
 -0.323577005801582     
 -8.994401990026227E-002
 -0.198600917486014     
 -3.080783104760478E-002
  0.146252998395421     
 -0.303904190925596     
  0.465026608140204     
 -1.950352214340232E-002
 -6.795938891696600E-002
 -5.615238014457412E-002
  2.504874664705775E-002
  0.472346064101218     
 -7.245208833360087E-002
 -0.260251618761586     
  0.695865976084380     
 -0.288657511990787     
  0.187424311884912     
 -0.210500639407165     
  0.335202933815959     
 -2.793423780281329E-002
 -0.457417362485588     
  0.228735353094831     
 -0.246560425671386     
  0.107035864845773     
  0.357901573498608     
 -0.423087092932073     
  0.209678990203685     
 -1.269035893494522E-002
  0.115253537607935     
 -0.806143455752816     
 -0.916951971010981     
  0.608085535834766     
  4.771807419936137E-002
  0.476074039236089     
 -0.187725800089891     
  0.590689343984907     
 -2.962967128843190E-002
  0.352835490388718     
  0.407988994632385     
 -0.461638420057758     
 -0.175546661627025     
  0.295041533867770     
 -0.214878686350987     
  0.241350096211436     
 -0.286834727877493     
  0.365857710378237     
 -7.704701669376274E-002
 -0.522512486480717     
  0.262230087643974     
 -2.469114403898830E-002
  0.135042364513628     
 -0.655772323718613     
  0.669459932900566     
 -0.193131640761524     
  0.249589217069567     
 -0.712137796673454     
 -0.223975174729349     
  0.161380414255064     
 -0.154261291906584     
 -0.312995514679123     
 -1.052363325492049E-002
 -0.157743530668841     
  0.213627737021820     
 -0.337267024479124     
  0.161293085249777     
  0.180865257475063     
  8.012929438733260E-002
 -0.344798337638593     
 -0.376690965534522     
 -0.195768839737687     
  0.149649137591836     
  0.321401170785357     
  0.267231048419316     
 -3.455320135749759E-002
 -0.353403355748254     
 -6.583616696821175E-002
 -0.234275173180901     
 -0.118385799254000     
  0.300232727168127     
  7.289753617783867E-002
 -0.322514845536688     
  2.144862719323521E-002
  0.137838082867431     
 -0.229739783955470     
  1.623952801216010E-002
 -0.183820917501318     
 -0.257755826441527     
 -4.199048049936654E-002
 -0.220138570737801     
  0.173799901471528     
  0.132140597528945     
  0.276929181851528     
 -0.196435498237626     
 -0.239005430428066     
  0.715836131368030     
 -9.726036910351661E-002
 -2.403967067926662E-002
 -0.236620752824012     
 -0.169436720137840     
  0.569670405304133     
  0.221864295211301     
  0.292636613008511     
 -0.120692805618535     
  0.121260902884220     
  0.350224265681116     
  0.171757016800724     
  0.188751288171014     
 -0.179704926557181     
  0.194759343482540     
 -0.266146114945754     
  0.419191328717996     
  0.331833865096910     
  0.255424999424040     
 -2.414682486377568E-003
 -0.148561351451566     
  0.157052648872991     
  0.501566280441814     
 -0.123671562296183     
  5.215899116914491E-002
  0.176250204239296     
  7.101367447666745E-002
 -2.985288616172685E-002
  0.241132649649589     
 -0.147915432096741     
 -0.103725290409286     
 -8.048827484970249E-003
 -5.348359009307087E-002
 -0.150116909815322     
 -0.349646021413202     
  0.766250016264340     
  8.679350959261493E-002
 -0.140442145994598     
  6.788138345108025E-002
 -0.725972856741010     
 -8.277259640929238E-002
  0.532021255798606     
  0.123947415132668     
  0.141406140495956     
 -1.522832044741218E-002
  2.695941028768412E-003
 -0.102895724191874     
 -0.392493518929519     
  2.669575823070395E-002
 -0.105963838927236     
  1.641551167204001E-002
  0.312758812002397     
 -0.162152159922879     
 -1.564619773989190E-002
  8.576614327503512E-002
 -0.168827829893343     
 -0.402762788644646     
 -9.463668069843671E-002
 -4.739810281682685E-003
  0.363111558427855     
 -0.459951590846765     
  0.336801649568284     
 -6.181704906011190E-002
  4.675223967635405E-002
 -0.170264946529414     
  3.778364055765594E-002
   1.03176560208535     
  -1.35982344424123     
  8.801325848515354E-002
 -0.119545228247863     
   2.08290157443640     
  0.285464759697438     
 -0.343556161660993     
 -0.686087314538775     
  5.222900154007848E-002
  0.740154452879263     
 -0.113756762935006     
  0.957707052450507     
  0.755676280830166     
 -0.853758223030720     
 -6.970358553427650E-002
  0.473542346484622     
  0.724780978169640     
 -7.915768096304542E-002
 -0.214550171320678     
  0.636336933798056     
 -0.557394615714926     
  0.492283771477711     
 -0.363802406153076     
 -0.451856955222390     
 -0.532167479479289     
 -0.636000833016826     
  7.159192459670584E-002
 -4.793375910732365E-002
 -0.821877099798880     
  0.510095593635275     
 -5.392729775574322E-002
 -3.876611481059546E-002
 -0.151402622530155     
  0.465925570132755     
  0.545850114720348     
 -0.145645907661209     
  0.652792033738311     
  0.306403231394977     
  0.412938732803201     
 -0.368341524221194     
  6.694469776390885E-002
  0.386859293098391     
  0.244422507219252     
  0.165835953695010     
  3.777171123595516E-002
 -2.296801236042392E-002
 -9.807253945069008E-002
 -0.476343162088522     
 -1.613725161416081E-002
 -0.664659571543287     
  0.319263794001889     
 -0.476940424154872     
 -0.107383669463219     
  0.135630052441645     
 -6.816486089556875E-002
  8.729918654810631E-002
  0.272598481672706     
  0.311560758001502     
 -0.474827470636244     
  9.841558611259446E-002
 -0.259120259763368     
 -0.155922272593839     
 -0.125358922375573     
  0.168659626358207     
 -0.348820066480095     
  0.289157444784365     
  0.128447779828024     
  0.533375861994585     
 -0.651234059309282     
  0.376044946024414     
  0.364287815085916     
  0.489155850014588     
  0.141739789892482     
 -0.439283904218118     
 -0.139231691993774     
  0.170468952697105     
 -0.270551727376793     
 -5.151484149563859E-003
 -0.439460597837845     
  0.292945369565177     
  0.225591744039706     
 -0.104628184191478     
 -3.739868404030607E-002
  0.264363447685882     
  0.112164638379578     
 -9.435435098731279E-002
 -4.903499099448037E-002
  0.113001986714887     
  2.711862983889723E-002
  0.175481480971724     
  0.694538278550842     
 -0.523186368081448     
 -0.868484500794681     
  0.381311896264119     
  0.374602956858294     
 -0.507685475908189     
 -6.032733739567522E-002
  0.320879237884438     
 -0.324179572143077     
  0.228701364571261     
 -0.104266048886179     
  0.571475403252704     
 -0.469863763904936     
 -0.872521677312651     
  0.435877410513238     
 -0.151352886671886     
  0.169562006929906     
  0.192235551533060     
  0.307224062688533     
 -5.322306783877626E-002
 -0.176838097670083     
  0.332958920468714     
 -0.450035448719212     
  0.146235482484218     
  0.704625599184110     
  0.669666392483398     
 -3.814166315261340E-002
 -0.486998598161106     
  0.103158878972243     
 -0.511897035276881     
  0.311667951211313     
 -0.628074881215183     
  0.855775047893064     
 -0.207547738213158     
 -0.405078857367636     
  0.163110540808180     
 -0.161179322160765     
 -0.686342857947350     
  0.257083030540861     
  0.139436151151725     
  0.194940330617700     
 -0.158182071947277     
 -0.238053793245944     
  0.234500952567636     
 -5.352006087575848E-002
 -0.157916287138088     
  0.516090596848589     
 -0.631313040826804     
  0.106211395444177     
  0.259405366591011     
 -1.934746958688841E-002
 -0.113796650360870     
 -4.194759969161262E-002
 -0.207415732144764     
 -0.397694393101839     
  0.652771480018936     
 -0.415198027149216     
 -0.712778900078886     
 -0.685202528877999     
 -0.163817899896742     
  3.192068340397702E-002
 -4.485047210135337E-003
  0.154651355539945     
 -5.642885900183574E-002
  7.050712903878087E-002
 -0.341189394886396     
 -0.553661801782996     
  0.218523047368265     
  0.406237367369756     
 -0.148472618130466     
 -0.377137687640383     
  0.559453689774632     
 -0.251007185124796     
 -4.867160131947526E-002
 -4.200939542048214E-002
 -0.245958529757075     
  0.327960876290142     
 -0.374436611283347     
  0.230925216685283     
 -0.385597607389080     
  0.214343482283260     
  0.140727326489071     
 -0.277998068136150     
  4.297355297680869E-002
  0.182579542308243     
 -0.253732166059740     
  2.368023762113482E-002
  1.648292467074778E-002
  9.157683316382181E-002
  0.515463265331441     
 -4.218285459459193E-002
  7.878408448203916E-002
 -4.706365761899256E-002
 -0.303993555305623     
  0.468095897192644     
 -0.305086463308229     
  0.179233497456638     
 -2.405361724267575E-002
  0.209113144685270     
 -0.295149252158867     
 -0.299171968747424     
  0.260369459997364     
 -0.233772777542989     
  0.336470543124720     
  2.419539769475306E-002
 -0.172942065183482     
  0.280549831320343     
 -0.275800615790841     
 -9.159783190302873E-002
  0.562450221106216     
  0.653012388376796     
 -0.475078190909563     
 -0.724136273329168     
 -0.607902892287196     
 -2.112098932415694E-002
  0.383259325041107     
 -0.133762331088235     
  5.093206514019243E-003
 -9.452543437432030E-002
 -0.568477865180963     
 -1.486165445774236E-002
  4.477670776663802E-002
  0.469627476443379     
 -0.472715612102508     
 -0.917059630933140     
 -0.100440805233778     
  1.928396605514296E-002
  5.231066864939665E-002
 -1.308199254401455E-002
 -3.754380493740853E-002
  0.529183388755307     
 -5.604642213495829E-003
 -0.828857640090586     
  0.824675403563761     
  0.573319092962021     
 -0.128021317643727     
  0.385531806651426     
 -0.328195224040142     
  0.144416573838280     
  9.588333031869066E-003
  1.305194857070142E-002
  0.391317062921976     
 -0.109105325447532     
  0.282847126339421     
 -0.279689700127426     
  0.146695693648074     
  0.101827438387158     
 -0.673665472190377     
  0.121913808431914     
  0.121596328928991     
 -0.225727921590633     
  9.914611074899214E-002
 -0.195726396665157     
  0.571235500100504     
 -0.308244483191895     
 -0.356192572643971     
 -0.109101331518743     
 -0.506288058042293     
 -0.187325226281515     
  0.723930895443629     
 -0.116819974356962     
 -7.770701599204981E-002
  7.564239741689195E-002
 -0.296007393883020     
 -0.432018796798934     
 -0.418819074807630     
  0.700509782297949     
  0.272378354786698     
 -0.331704910105773     
 -0.143171748631080     
  0.372846541785081     
  0.287575275178295     
 -0.183447094733200     
  0.112828571578058     
  0.159138535626990     
 -0.409294157888086     
  0.312363677002525     
  0.207938750996976     
 -0.148102244881907     
  3.651954974009207E-002
 -0.352405339008924     
 -0.313805711987124     
 -2.996257542376517E-002
 -0.121597753798777     
  9.909368266111846E-003
  1.097246046000749E-002
 -0.511860701402155     
  0.386598791334261     
 -2.405774050991682E-002
  1.488351154208118E-002
 -0.492149533739731     
 -3.556536583320286E-002
  0.199614751365267     
 -0.219987101607676     
  0.177835082052961     
 -5.468854384697507E-002
 -0.110018808644724     
  0.295989914418797     
 -0.367557810270483     
  0.452855804372711     
  0.119300568697551     
  6.849401963555319E-004
 -8.618443689131708E-002
  0.372630338655309     
 -1.194404435692274E-002
 -0.131092831961301     
  0.136474380195876     
  5.520894396915625E-002
  0.598648761871781     
  0.245734594827834     
 -4.266749834082131E-002
  0.165966203284848     
 -0.360522103944413     
 -0.125461045120807     
 -5.701741090442444E-002
 -0.295703976759645     
 -0.286978594577908     
  0.166141125299212     
 -0.113483156130651     
  1.652157010932540E-002
 -9.920897773624307E-002
  0.206430506484895     
 -0.199433101454733     
 -2.924562043991288E-002
  0.167805176547246     
 -8.943958984258088E-002
  0.124399596076157     
 -9.162749254850626E-002
  0.133251906980254     
  0.195196910800046     
  0.199725403314447     
 -0.413525612374447     
  0.106992225680455     
 -0.188362188246376     
  0.380000588833493     
 -0.421085155334089     
  0.112322842617925     
  0.195323641581440     
 -1.388737967534007E-002
 -0.144622323059917     
 -0.368896670981518     
   1.23889692985674     
 -0.394253709145243     
  0.478147183576231     
 -0.559959288961396     
 -0.598980740908854     
  4.415793229470304E-002
  0.318214615141728     
  7.766037005522873E-002
  5.341271187232313E-002
 -0.138730569969368     
  0.245229683090511     
 -0.167823161922930     
  0.161144009347280     
  0.114331709455855     
  0.279727002309164     
 -9.866241968433032E-002
 -0.188755986926839     
  0.203892420565862     
 -0.185363307799424     
  0.210264224946797     
 -2.057647341845514E-002
 -0.428193600610866     
  0.406261830871316     
  0.139510535612793     
 -3.357125483870387E-002
  0.506546934546280     
 -0.305550558643601     
  0.237293584187103     
 -0.187170523878102     
 -7.300110738133448E-003
 -7.139414986482229E-002
  3.162387741548987E-002
  0.674170454729109     
 -0.837001599320248     
  0.268182569920495     
  0.137137975306350     
  0.201681865681022     
  0.402852136681643     
 -1.933475280212822E-002
  0.157885113330230     
  0.108644572535229     
  6.767210034675938E-002
  0.215118986621636     
  0.256956811408494     
  0.524602525490717     
 -0.407459238555174     
  0.224949401506916     
  0.103205299222323     
 -0.315822735866747     
  0.291900669592495     
 -0.147753418608966     
 -0.517063544481778     
  0.310590551120049     
 -0.129006573963402     
 -0.130554850661030     
 -2.425628002668516E-002
 -0.124048340408129     
 -0.292677544452383     
  0.340037114531411     
 -0.194275874535618     
 -0.530942559989996     
  0.142697405492871     
  0.193546528090800     
 -0.374142603288648     
  0.252169175090022     
 -0.396679912940561     
  0.256341247505350     
 -0.325492428857735     
  0.261560889747875     
 -0.235683760515303     
 -0.306359913492336     
 -5.877697382669312E-003
  4.581734735214375E-002
 -7.040273137177587E-002
 -8.589124784678992E-002
  0.136816579143732     
  0.284062284758235     
 -0.161960451947584     
  0.717439265300383     
 -0.219429316567789     
  0.460580017270503     
  0.512028108635804     
 -6.967438880396160E-002
 -1.524259635197344E-003
  0.341886193306876     
  8.287077855941567E-002
  0.190620211837901     
 -0.505645577623818     
 -0.248268419739193     
 -0.308460303101076     
  0.238306039223103     
 -8.763099709047389E-002
  3.632011822090656E-002
  0.240040597387829     
 -0.186862671575570     
 -0.249424686513078     
 -0.151868504803404     
 -0.101483606996743     
 -4.432320418658771E-002
  0.139024748905312     
  0.181582149720924     
 -0.677217057341791     
  0.251028171593716     
 -0.260012520585286     
 -0.158051922717682     
  0.273314566615539     
  0.492828736809369     
  3.713355477973936E-002
 -0.494600525755180     
  0.167551370125185     
 -0.406210488604633     
  4.403006763321715E-003
 -8.899571108268349E-003
  0.647714788766844     
   1.01864558658230     
 -0.704467451009834     
 -0.218280058456013     
  0.740127677075251     
  3.498436187912712E-002
 -0.395233491805403     
 -0.148463141250624     
  0.111868884717517     
  0.110110345534390     
 -0.621413033737041     
 -0.247166415085409     
  0.356009831631994     
  2.520975760008343E-002
 -9.137220042454020E-002
 -0.654717615960318     
  0.241920291530732     
  0.470814086252632     
 -5.619629788135041E-002
 -4.750471767706999E-002
 -3.001003197247914E-002
  9.312810077103059E-002
  0.196579158730018     
  0.732614510238314     
  0.107035412679986     
 -7.827881926617941E-002
 -0.376375190838077     
 -8.157909944272228E-003
  0.368860430726030     
 -0.718761431717385     
 -0.355728151547812     
  0.522363877930221     
 -0.285394655405126     
 -1.772712114641155E-002
 -0.534261802120126     
  0.134719772895317     
  0.189383116673735     
 -0.559209090575919     
  0.230573264792579     
 -0.187816357169517     
  8.960299556260336E-002
 -8.493978208480579E-005
  9.249087059569826E-002
  7.029088568107669E-002
  0.164336806533169     
 -0.324762128235960     
  6.701145424211319E-002
  5.076420031072543E-002
  0.370026219774632     
 -0.296324536405421     
  8.918072344840720E-002
 -0.186688232415722     
  0.294136270448998     
  0.329760082967952     
 -0.100764731462866     
 -7.770684138330614E-002
  0.310580687487139     
  0.274169134920019     
 -0.584991088524408     
 -0.392395675727586     
 -0.365634875853668     
 -0.105579055301713     
  0.375455761105809     
  4.369102386182698E-002
  0.172907323685122     
  0.196826697666685     
 -0.389575020197701     
 -0.276379717087203     
 -2.016940668993787E-002
 -0.295805647148937     
  9.346300608436302E-002
 -6.690965093595327E-002
 -5.395887331812912E-002
 -0.177864534100001     
  0.113463226064751     
  5.084512343155747E-002
  0.455453613500620     
 -0.587975259343936     
  0.666789578603126     
  4.911675699289297E-002
  8.599462344427383E-003
  0.287057621104711     
  0.197253326566891     
 -7.433361364266758E-002
 -0.152409735501535     
  0.469552509527800     
  1.650410184129886E-002
 -0.564236828212254     
  0.283185016262823     
 -7.898049586832663E-002
 -0.226721489797599     
  0.225174991387873     
  0.357888849703624     
 -1.930701564897983E-002
 -0.297469000021573     
 -3.842455840181145E-002
 -0.234871088112711     
  6.178213803221699E-002
 -0.100096695853012     
  0.391449538451814     
  0.470836643758668     
 -0.497855436297165     
 -5.136740574851414E-002
  0.739956017602613     
 -0.130662654307003     
 -0.160653547391231     
 -0.129583018020418     
  0.178527596248421     
  0.238312771327268     
 -0.132070963864573     
 -0.126059831182451     
  0.138213909979793     
  0.387001725311460     
 -0.453424318997039     
 -0.255746140359920     
  0.149318503384540     
  0.330558425813237     
  0.275345899631198     
  3.588113609676015E-002
 -0.676045895219859     
 -0.103421009535069     
  0.474666792491334     
  0.394442692339871     
   1.00059109674797     
  0.254380251243721     
  0.114787416087393     
 -0.227620476917367     
  2.538403754404058E-002
  0.138353428793121     
 -0.398044191789156     
   1.02248528675255     
 -0.867260837441325     
 -0.224066057788807     
  0.618955528923518     
 -0.262323052297441     
 -2.315510430155501E-002
  0.124253032216231     
  0.303680549389501     
 -0.237590548410349     
  0.508355285132744     
 -0.318441586301916     
  0.706076248792069     
 -0.424947069614789     
 -0.140468682428631     
 -0.145182969562937     
 -0.226665165236087     
 -4.505174154270175E-002
 -0.139893030632956     
 -8.598536689277513E-002
  0.192628193496152     
 -2.647076129353807E-002
  0.410160351078353     
 -0.492063906353177     
  0.590321189469818     
 -0.374148848547104     
 -0.383969153771608     
  0.211905409957421     
 -0.156191384886461     
 -0.252104895080061     
 -0.202072720065986     
 -8.788523325211839E-002
  1.178971469180155E-002
 -1.600569466493799E-002
  0.319694859909596     
 -0.314894597562421     
  0.783425912549131     
  0.310497331466393     
 -0.471236410554533     
 -0.512536973477714     
  0.626053926641530     
  0.173913003035055     
 -8.568161243714967E-002
 -0.398730389692217     
  0.538255738725765     
 -0.228822018457364     
 -9.739946210654811E-002
  7.583173989930000E-002
  0.354412012931993     
 -0.327883327524885     
  6.418782803176737E-002
  6.995510992009661E-002
 -0.188079187773031     
  0.225028802903671     
  0.137730108618427     
 -0.873326883853128     
   1.07435300719045     
  9.906659769952757E-002
 -4.979449765096504E-002
 -0.573525727574281     
 -0.326963889500373     
  0.125992892875804     
  0.140278212278390     
  8.485332338707077E-002
 -0.211922761331106     
 -8.392966879024140E-002
  0.367324568981757     
 -0.506666920874269     
 -0.258487488967089     
  3.922491927317313E-002
 -0.386811038845079     
 -6.189617192186076E-002
  0.243485520958816     
 -0.210325788484945     
  0.180256837336586     
 -7.118973644536490E-002
 -0.352601492888995     
 -0.128027445011324     
 -0.446262807248437     
  0.433098326139687     
  0.119611240225765     
  0.328356269294756     
 -0.328085547565030     
 -3.948029495962417E-002
  9.103377714832319E-003
 -0.109026705855831     
  0.176593749394384     
  0.310175714978427     
  5.390184529980674E-003
 -0.254956828586652     
  0.331444766874683     
  0.609172022741110     
 -0.365890927402633     
 -0.237861127197787     
  0.617087394095900     
  0.523004008600101     
  0.311874877808467     
  0.324299017884465     
 -0.577256967854536     
  0.112722748447918     
 -0.217496927970213     
 -0.326032333311109     
  0.364011433715239     
  0.224978007404855     
  0.117806688097775     
  0.317831928710687     
 -0.407018460712127     
  0.263891365938591     
 -5.464387115361462E-002
  0.318728985901932     
 -6.955467622133354E-002
  8.612309082666121E-002
 -0.678275726770564     
  0.541553329443748     
 -0.520936102829693     
 -0.571076746214564     
  3.576593074236320E-002
 -0.308947759169063     
 -0.291873874781860     
  6.048566189446450E-003
 
  0.426303066020396     
  0.536614545045479     
 -0.580823037868182     
  0.210724457426924     
 -0.606202949342924     
  0.175178273509043     
 -0.212596472389918     
 -4.692588866443993E-002
  0.279678053224380     
  0.785328233437254     
  0.407876910743104     
  -1.22859689906852     
 -0.287377709238823     
  0.969713241325652     
  0.818762299433742     
   1.39805519580554     
   1.11906201556056     
 -0.832498278087882     
  0.209674006313782     
 -0.344938624508876     
 -7.139760392495814E-002
 -0.462421677368428     
 -0.550750618938939     
 -0.393071810989498     
 -0.130985542563828     
 -0.266118776675529     
 -0.675256154470127     
 -0.514323947036021     
  0.218599829349122     
  0.107670254239529     
 
 -0.383798118913680     
 -1.522650633290799E-002
   1.53574095444904     
  0.471559258233454     
  0.306195380706565     
 -0.172210914853950     
  0.690005135205540     
 -0.925223409099995     
  0.168955058944504     
  9.790857466404503E-002
  0.563499047464895     
  -1.16928527309934     
 -0.802554167225361     
 -0.742409465193659     
 -0.228628312437095     
 -0.356215158190515     
 -0.953796266045562     
 -0.957443997348642     
  0.521069882201020     
   1.54878334365786     
 -0.717053769578202     
 -3.208217265287120E-002
  5.477920234505401E-002
 -0.298228446280193     
  0.234096316961573     
  0.850061093310389     
  6.128517994827599E-002
  0.202543600509017     
  0.589826605483146     
  9.213964135449379E-002
  0.685278092322423     
  0.830163474587817     
 -9.116588122027855E-002
  0.610771454630375     
  6.705562860678127E-002
 -0.535333456070658     
  9.531088325968597E-002
  0.255713569404010     
  -1.23069194263793     
 -0.281999036339348     
 -2.493136985114939E-002
  0.116781177361031     
 -6.550050116364824E-002
  0.221891921223678     
 -0.358269188244352     
 -0.999440324437211     
  0.765411885225862     
 -0.664091283824327     
  -1.49615418119532     
  0.523726145586242     
  7.288721191464845E-002
  0.200746059626027     
 -0.995913230355219     
  0.557942520651785     
 -0.700003510165610     
  0.155987522131048     
  3.022817149015664E-002
 -0.105003915888605     
 -0.782164326986323     
 -0.400755417681829     
 -0.773576790456114     
 -0.452015502091015     
  0.425418048359307     
 -0.297771920815120     
 -0.176667791267781     
 -0.255633004641156     
  0.309929781635399     
 -0.303576417132036     
  0.103149351158628     
 -0.678640036845916     
  0.129812030911853     
 -0.472727909632102     
 -0.354440670530566     
 -0.563541407069342     
 -0.429522783668364     
  0.664551848845720     
  0.318413089723724     
 -0.253916692475571     
  0.600734646361426     
 -0.127489247803817     
  0.135466437948755     
 -4.501666513523749E-002
 -8.931522344133191E-002
  0.327455443230689     
  0.388193833893231     
 -0.373347659946714     
  0.207106930884658     
  0.308643341557712     
  3.864183310260941E-002
  0.150432916422299     
  2.911092719884937E-003
  0.355362866855009     
 -0.605821783302866     
 -0.114154733333977     
  0.112405225538931     
  0.220982799797803     
 -7.859546375560118E-002
  0.275547645562521     
 -0.446116253229461     
  -1.16500712662274     
 -0.643737162069065     
  0.603134917277919     
  -1.01283917857050     
  0.109578615519264     
  -1.27434301840896     
  0.154628743231124     
 -0.343245823635863     
 -0.414561747339245     
 -0.499010211319390     
 -4.990861303079467E-002
 -0.448224329871956     
 -0.419195477399161     
 -7.099229750982476E-002
  0.435544039409381     
 -0.287068420637564     
 -0.884806649443037     
  7.602171644802380E-002
 -0.639184420329835     
 -0.635152334868504     
 -2.204099728777164E-002
  0.696470377801770     
 -0.161602404067536     
 -0.565418918871308     
 -0.623637509425957     
  0.137982566543531     
  0.594542653930770     
 -0.508288068620359     
 -0.456681075064080     
 -0.367285572686555     
  0.697127781981050     
 -0.193883042835875     
 -0.529596355598925     
 -0.330450522892619     
 -0.316846083041265     
 -0.267128669221896     
  0.982868894476624     
 -0.541741646716427     
 -0.270161427049151     
 -0.170911114698421     
 -0.294195468221279     
 -0.584688427088189     
  0.447550711692357     
 -0.937131322873335     
 -0.362511826092524     
 -0.603906389593764     
  9.497067501159379E-002
  0.452798111960164     
 -0.327436618009696     
 -0.401859479007624     
 -0.209287404034236     
 -8.014558990538603E-002
  0.364138566817919     
 -0.328693894677868     
 -0.725495249427999     
 -0.512420449051530     
 -3.812690966628537E-002
 -0.166214960142767     
 -3.141474155451804E-002
 -0.143015875509370     
 -0.626649475533547     
 -0.392636271379238     
   1.30449126482298     
 -0.100379183286228     
  0.287225350526468     
  0.186035342149110     
  0.325256666051913     
  0.701151878983363     
  0.704117918016997     
 -9.612157233482370E-002
 -0.367793333608927     
  0.493361203917261     
 -8.308480707308163E-002
 -0.711245842393715     
 -0.687233401031639     
 -0.159969222223296     
  0.662628098009899     
 -0.185500121346511     
 -9.754870164806120E-002
 -0.614944187870586     
 -0.179447039467921     
 -7.094979814924290E-002
 -0.234153937706778     
 -9.769383273394724E-002
 -0.992252598773470     
 -0.391652447106569     
 -0.344859603947545     
  0.342434604701332     
 -0.101164313939996     
  8.473294381136888E-002
 -0.806211531447706     
 -0.257435892757636     
  0.584257154708084     
  0.332499090479676     
 -0.195662601303018     
  0.333745977205232     
  0.400567948042850     
  0.558674882850789     
 -0.387244430544350     
  0.557275158260227     
 -0.288115647554142     
  0.252393570750633     
  0.656355525038893     
 -0.348110914465641     
  0.270696455208967     
  0.548096645302979     
  0.442488126537683     
  0.431033438444224     
 -9.288449509877905E-002
  0.525006353094158     
  0.457222508873864     
  0.190031323003814     
 -0.501007816628637     
 -0.168847225233693     
  0.831819174775953     
  0.153043492264414     
 -6.115168880022907E-002
 -0.327229388830680     
  0.470826069420270     
 -0.658613723568503     
 -0.316371046841139     
  0.479388345658939     
  5.181835004596516E-002
  0.322837091459396     
  0.575540075299735     
 -0.897748457273093     
  0.835725477934747     
 -0.154295695033221     
  1.630135380449673E-002
 -0.250456976815609     
 -0.526292278392929     
  0.502585168352296     
  0.598997321638240     
  0.412718875453636     
 -1.338477314852462E-002
 -0.510630715421298     
 -7.768005911826577E-002
 -0.297538644977782     
 -0.591475901542547     
 -0.762304139776162     
 -0.354884326982123     
 -0.395583621666883     
 -0.380433953568346     
 -0.190891082693097     
  0.236179913555440     
 -0.108692183322434     
 -0.155286827101437     
  0.505155515291984     
  9.664958200523217E-002
  0.312913674530981     
  0.861569373817157     
  0.123221163109278     
 -5.525560418809220E-002
  0.187219519693769     
 -0.178278245873190     
  0.411865260374018     
 -0.790977957583761     
 -2.491021002253708E-002
  0.601161306932496     
 -0.698551726783715     
 -7.120214398469002E-002
  0.101345945148602     
 -8.941858944756964E-002
 -5.770653420666938E-002
 -0.458877024134887     
  0.724319436835270     
 -0.222257096054287     
  0.574060667889094     
  0.184376205546565     
  0.522479765690212     
  0.125204434689212     
  1.888330777196071E-003
  0.250923011425517     
  0.305418165375809     
 -0.176403987147672     
 -0.224238213508227     
  0.457949515034651     
  0.250766458493012     
  0.601705227061744     
 -0.525016427075730     
  0.554211806312791     
  0.360469853543805     
  0.606984670852057     
 -8.965612214428499E-002
  1.171782963407076E-002
 -0.527441303678887     
 -0.375839289166629     
  0.421442213473138     
 -0.162822849239976     
 -0.103256632552906     
  0.267407896564289     
 -0.147597887895396     
  0.447600764632571     
  0.538494316313115     
 -3.636635058767337E-002
  0.380427941452125     
 -8.644732126812972E-002
  0.130517108661403     
 -0.631336953918359     
 -0.198332081623882     
  0.165322443610355     
 -6.080669507246785E-002
  0.327898266192808     
  0.862963342449643     
 -0.913998916766822     
  1.122724711129078E-002
  8.879211904675419E-003
 -7.429643742684014E-002
  0.167253919408172     
 -0.448148346258842     
 -0.394741550798280     
 -0.145235399384676     
  0.679464280566855     
  0.366589751420721     
  0.363578062095446     
  0.646058828201235     
 -0.300704093232779     
  0.398466708310196     
 -0.145840801766926     
  8.466277184745545E-002
 -0.749821457141961     
  0.237550046463399     
  0.170917766898065     
 -8.543768527846826E-002
  0.116964215133871     
 -0.277335669523420     
  0.753861809873098     
  0.277172614081919     
 -0.420148901644647     
  0.665635954295761     
 -2.556460816118539E-002
  0.422558968038452     
 -0.106231461880484     
 -0.237383337654741     
  4.047205121934105E-002
  0.392282029750526     
  0.262814815491380     
 -0.204156394204863     
  0.160851391613438     
 -0.424531729295344     
 -0.283243939801333     
 -0.176949184794330     
  0.702753197982682     
 -4.484986192303862E-002
 -7.140468246267398E-002
  0.171878520987743     
 -0.700194607401141     
  0.528949929788797     
 -0.297953412640039     
  0.320351748654799     
 -0.460640267030135     
  0.225691070781613     
  6.971157314039840E-002
 -0.549660313988683     
  0.185968273200682     
 -0.207284963127922     
  0.334521469368719     
  0.145731860728262     
  0.104004290842688     
  0.235757975560890     
  0.125742541077129     
 -0.337571642753730     
 -3.870135717558453E-002
  0.531560814657015     
 -0.492634133634433     
 -0.365241295206817     
 -0.595014169529614     
 -0.340083100914076     
 -1.691987330242304E-003
  0.516947506059089     
 -0.672401547807215     
 -1.115763851702352E-002
  0.321488843930862     
  0.201543746583854     
  0.301935254560216     
 -0.651364143497281     
  8.085054680228401E-002
  1.606939589671320E-002
 -0.516817818417852     
 -0.778158062907403     
  0.518455134288376     
 -5.986289044800884E-002
  0.719291592270967     
  -1.31813973007383     
 -0.968048620432774     
  0.116276956388239     
  0.232666014305697     
 -0.326297391477573     
 -0.134234322933941     
 -0.602083980852296     
  0.109746709578017     
  0.519628575828062     
  5.903932214854363E-002
 -0.496950922485628     
 -0.149127628161148     
 -0.223823515520336     
 -0.304745495052159     
 -0.302947671664396     
  0.381384022622469     
 -0.226894347983008     
  0.115191485435125     
 -0.184101823405350     
 -0.162026111385083     
 -4.373658413593611E-002
  0.254110607585522     
 -0.236604538711899     
 -0.129705496279460     
  0.303618582238447     
  0.460280404980279     
  0.272034243228181     
  0.228574093423584     
  0.205133979902535     
 -0.331242870466116     
  0.111699646155859     
 -4.952288130975465E-002
 -0.527764719454531     
 -1.168849367450624E-002
 -1.231693050430920E-002
  0.151607447083596     
 -0.361047952766658     
 -7.192771616817834E-002
  0.318074019347290     
  9.570509824483668E-003
  0.283891269123323     
 -6.628646832390771E-002
  0.633963216920287     
  0.410679232834763     
 -0.658267417039620     
  0.153686861769873     
 -0.323454394726016     
 -0.229878522664472     
  0.519724036544625     
  0.359593842260743     
  9.405987848566058E-002
  0.635199395273012     
 -0.900187631008579     
 -0.270674773028750     
 -0.119055510611944     
  -1.14858358903760     
  0.332441622578436     
  0.871569203309967     
  0.284197171530733     
  0.113578073191836     
  3.373574176323193E-002
  0.293478873712682     
  -1.17076753961205     
  0.238124215589444     
 -0.550821173427016     
 -0.515603301121808     
  3.107619422958229E-002
 -0.939948693563369     
 -0.173957605134807     
 -0.156112420474076     
 -0.371044439920350     
 -0.588578911998258     
  0.222054025271844     
 -0.432374702523966     
 -0.255483681251910     
  0.344694178372125     
  0.314544798051680     
 -4.611283691993460E-002
 -0.645593945058503     
  0.241753603284240     
 -0.178604705646328     
 -0.396553074226680     
 -0.271453346142238     
 -0.256010274683222     
  0.245384564034257     
 -0.262877895227153     
 -6.199591696757568E-002
  0.712412546472685     
 -0.133890593373722     
 -0.421515496117488     
 -0.157802327477919     
 -2.861030730604812E-002
  0.601045675859506     
 -0.534030745236139     
 -0.279982778591606     
  0.683203579936654     
  0.104060715150027     
  0.657470677364593     
 -0.691846146192516     
 -2.754474981885250E-002
  0.268931537440286     
  6.864140905181450E-002
  0.207855354533853     
 -0.347527257488859     
  0.235565255292223     
 -0.525590343378681     
 -0.565429626019220     
  0.643175687722653     
  9.777247882418835E-002
 -0.283926569923913     
  0.345544293219276     
  0.165493173674042     
 -0.127163016490224     
 -9.894242206151117E-002
  0.183194616595033     
 -0.317070559517954     
 -0.704477851147310     
  0.410221081076174     
  1.871095912652832E-002
 -0.160799290104743     
  0.243402475823828     
 -4.075441185007682E-003
 -0.687240372453230     
 -7.691836625101132E-002
 -0.592175593419919     
  0.210241496443752     
  0.226577266374240     
 -0.278936734696843     
  0.157667893066807     
  5.994702548833854E-002
  0.729164330388711     
 -0.598011054198015     
 -0.324898187898615     
  -1.08024924849455     
  0.187651819708530     
 -0.564513921886670     
  1.877328117097506E-002
  0.438387228363354     
  0.334808944540801     
  0.453287514161046     
 -0.296567792619750     
  0.350330747291183     
  0.822154600723081     
  9.623180935110280E-002
  0.243584089574413     
 -0.179887400368299     
 -6.316428700500176E-002
 -0.261294344099290     
 -0.220948540614419     
 -0.403838633769366     
 -0.240744692636694     
  0.366544850403459     
 -0.358392829313033     
  0.116968221721533     
 -0.354731056991803     
 -0.129356973864911     
 -0.613042677138389     
 -0.351512146119819     
 -0.223635054723589     
  0.148473884945901     
  0.495752814188612     
 -0.269670583552516     
  0.806755177813932     
 -0.142831090385794     
 -0.172332040708385     
  0.769828358986596     
  -1.47866331674828     
 -5.006196390770916E-002
  0.259858057669050     
 -2.641882979860621E-002
 -2.882089266537136E-002
  0.335854764869897     
 -0.748738992273249     
   1.20739271097219     
  4.482290798997243E-002
 -1.337537575026331E-002
 -0.773579701938839     
 -0.350245480484939     
 -7.822233838516797E-002
 -0.472476621612919     
  0.312325358744736     
 -0.200253826927772     
 -0.789500281334072     
 -0.732565679423921     
 -0.331855710776201     
  0.381016778556186     
 -0.415626528047830     
  0.322469490366689     
  0.341232259642449     
 -0.885521485310140     
  -1.09674257673222     
  0.350177063847765     
  0.789338888686759     
  0.484506100296642     
 -0.137789314167897     
 -0.310379169292603     
  0.510268017192546     
 -0.740532980640789     
 -0.812847776124452     
 -0.306493411542389     
 -5.528246715321544E-002
 -0.517100897693753     
  0.881150991060935     
 -0.178627292273084     
 -0.907763359010713     
  0.140054837426513     
  0.139290406022820     
  0.292873737623033     
  0.291666382684720     
 -0.118905376445243     
 -0.241565604167871     
 -0.355514045549251     
  0.720154828244824     
 -0.107453673024274     
 -0.141406598108177     
  0.386328906489160     
   1.04629165364527     
  0.186962296274897     
  7.830749537650460E-004
  0.112317785609845     
 -0.741543787259922     
  0.543763984817407     
 -0.558528564957902     
 -0.181387424577135     
 -0.732672734845154     
  0.341473698559968     
  -1.07199088766153     
  0.351837543841244     
 -0.353931095549110     
  0.221181038685320     
  0.334501846795420     
 -0.375175933601397     
 -0.260963027238411     
  0.100612507254216     
   1.20345629850213     
 -0.860172015667232     
  -1.09573749020716     
  0.651532107457645     
  0.790322211531438     
 -0.134013360660494     
  -1.18005646312993     
  0.386934586202940     
  -1.18865555136071     
 -0.521309284018570     
  0.371809049783569     
  0.847146943513549     
  -1.18815447296961     
  -1.24802037044608     
 -0.179449997256679     
 -0.144407554363247     
 -0.128781195442979     
 -0.502772960418230     
 -0.220058379634164     
  3.634517595040181E-002
 -0.155222128766313     
  0.217585612929701     
 -0.647142720799901     
 -0.365828707371437     
 -0.303385137191723     
  0.715406545073711     
 -0.101498877730478     
  0.303946925565264     
 -0.627939905366553     
  0.755230532613647     
  0.155759559652492     
  0.270936567354797     
 -0.615457500445081     
  0.327917101524847     
   1.02043532163819     
 -0.220141053123676     
  3.729205587869766E-002
 -0.379806773815937     
 -0.833660862460286     
 -0.339002768825594     
 -0.249368079652198     
 -5.886561441484368E-003
 -0.275766693698365     
 -0.654630771612636     
  0.286162498709556     
 -0.324378231006577     
  0.129418689922691     
 -0.394570489228391     
  0.127542571108637     
 -5.979978182351649E-002
  0.692044910347628     
  0.136308507746525     
 -0.374326909259420     
 -0.398806922422549     
  0.269266428646933     
  1.038818817291900E-002
 -0.291749129080708     
 -0.182611146226336     
  0.446701233789236     
  0.110228113853339     
 -8.320909715554106E-002
  0.114004037582035     
 -0.226049588504632     
 -0.220746850724931     
 -0.101989866581157     
 -8.184451077512257E-002
 -7.532921500870877E-003
 -0.163617944184774     
  0.481283282717355     
  5.641109159925861E-002
  0.149653710535020     
  0.104734226785943     
  0.536173099807379     
  0.446351976675111     
  0.181358874846930     
 -0.243881522867955     
  0.607150965586336     
 -7.819230220721402E-002
  0.254391440131246     
  8.870360112846441E-002
  0.230894800204505     
 -0.297253012510854     
 -0.111539413983504     
 -3.385428790211807E-002
  0.278374940350779     
 -0.166401446322438     
 -1.307248045136750E-002
  0.437287624471200     
 -0.157651410163883     
 -0.358452319395679     
  0.257687847507902     
 -0.317711130104024     
 -0.146717054199855     
  0.278536843691881     
  0.245159420458661     
  0.205010346975317     
 -0.238928248383216     
  3.397473811172672E-002
  0.237026632197453     
  0.631977229860362     
 -0.195274115507549     
 -0.858341048068867     
  0.611443904917484     
  0.270398923244139     
  5.838778351918468E-002
 -0.716799069560028     
  0.754231957248889     
  0.465711369688178     
 -0.291419359885272     
 -0.271333877511756     
 -0.317108049559203     
  0.501288457664187     
  0.128475940901961     
  0.317498573672240     
  0.944631655961915     
 -0.845880344300559     
  0.527299449968041     
 -0.160607010697146     
  9.317772307211997E-002
 -0.224876247637076     
 -0.926647702514655     
  0.529549897462746     
  0.419697003822216     
  -1.93947832077670     
 -0.751220786533915     
  0.306955992349565     
   1.22996729136103     
  0.156212525576282     
  0.162986441628212     
  -1.03382198213481     
 -0.428402552718638     
  3.664152071237419E-002
  1.433387220048751E-003
  0.692239963576039     
  0.229855410028031     
 -0.178453725815107     
  0.637322013386303     
  0.269924540910342     
 -0.227870943841589     
  -1.12248868154990     
 -0.262208581259414     
  0.587163688730088     
  0.365271714269195     
  0.653127165038789     
  0.404055420769526     
   1.08566834632491     
  8.156309539011318E-002
  0.319251878337312     
 -0.426252567146832     
  0.378862472303988     
 -0.129890673189681     
  0.109275239660914     
 -0.135257937125953     
 -2.285338026136265E-002
 -0.228966040536728     
  5.948496123290629E-002
 -0.472640974697275     
   1.01444706437521     
  0.482924861937027     
  0.332702295107262     
 -0.109273272149533     
 -0.199914114546433     
 -0.441835031437717     
  0.676689182903644     
 -5.885167150984690E-003
  0.549755996060258     
  0.156097729699343     
  0.464215941072932     
 -0.300326704338728     
 -0.540943382947720     
 -0.145567829972012     
 -0.805745299776102     
  0.511180470434947     
 -0.156676575426760     
  -1.41028908493222     
 -0.718144532315180     
 -0.472389730491589     
 -0.180284339154934     
 -0.817559464703945     
 -7.632637740860780E-002
 -0.259424463996870     
 -0.492290978202068     
 -0.129421709667230     
  0.580231239598387     
 -0.279919282327023     
  0.559292324498814     
  -1.22840665085629     
  0.826268457076397     
  0.583790711888048     
  0.243216455372444     
  0.329568155169029     
  0.686071796346661     
 -0.276172595789970     
  3.211836448470440E-002
  0.398149042087076     
  0.436987365308855     
 -0.844168252147902     
  0.484766663550963     
 -2.124611172691796E-003
 -0.121669401726172     
 -0.218596040648076     
 -0.194519124277280     
  2.329096990162787E-002
 -0.151540233884816     
 -0.927547899173229     
  0.606021323738291     
  2.193533261788523E-002
 -0.244487040669684     
  0.191947794071157     
 -0.281663344178089     
  0.754763606368030     
 -9.034925940992079E-002
 -0.847825994116304     
  5.790658209254090E-002
  0.415468418587238     
 -5.842955507911368E-002
 -0.645192933808846     
  0.232175550390354     
  0.252518046072725     
 -0.310731993550367     
 -7.082425301721265E-002
  0.411544905883051     
 -0.468443777667865     
  0.439763571965421     
 -0.631051695733166     
 -0.833899565780097     
 -0.460735243612145     
 -0.642052993055963     
  0.182945524279482     
 -0.660755042859698     
 -0.603918432080977     
  0.197140637871082     
  0.303183949030601     
 -0.225091587312224     
 -0.689053886976268     
 -0.578680383957041     
  8.314865217439218E-002
  0.795219744430026     
 -0.822873417337818     
 -0.787311143288491     
 -0.467895848043436     
 -0.640057830553306     
  0.133592562127756     
  0.123271888330643     
  0.349750994299592     
 -0.229763540594238     
 -0.270237681224033     
  8.894360067452176E-002
  0.314191472275168     
 -0.291593415434275     
 -0.364278233212280     
  0.394541116167453     
  0.271331862335117     
  0.755777286641679     
 -0.422135406192348     
   1.49290191605946     
  0.248998099638657     
   1.63361460487758     
   1.63528355770489     
  0.693696568579454     
  0.536966439560051     
 -0.799567047089231     
  0.760713980921725     
  0.249752326038784     
  0.410394235916998     
  -1.04089891269183     
   1.16647476636065     
 -0.205522606524405     
  0.158430038561113     
  0.733788671845107     
  -1.33637724900468     
 -1.254999728616948E-003
 -6.297564054078897E-002
 -0.506452592131946     
 -0.751685078811639     
   1.38339201116203     
  0.200685924501580     
 -0.416647022084468     
  0.263933089656562     
  0.592833401735361     
  0.433850217323818     
  -1.32459594035629     
   1.37303548740664     
   1.73896255106103     
 
 -0.961744171280888     
  0.247229371940201     
 -8.047342243365067E-002
  0.365323290393191     
 -0.321858318625903     
  0.338382410648786     
  0.386286061487835     
  2.931458733184606E-002
  0.255738940560904     
  0.749340929601032     
  0.221063409983727     
 -0.295332362573190     
 -0.106344252056095     
  0.201373524777186     
  0.174708629936817     
 -0.528597298934446     
  -1.00998118273898     
 -0.266958049668263     
  0.268020685411407     
 -5.292400926988507E-002
  0.203783148079906     
  0.122449764052315     
  0.553981788528695     
 -7.479761471181109E-002
  0.144587260178785     
  0.370091636852182     
 -0.557108947808118     
  8.604314354134911E-002
  0.520197598627644     
  -1.34935518421401     
 
 -0.475223775819176     
 -0.956964636967071     
   2.01591143066725     
 -0.103758895392577     
  0.562696963247989     
   1.13805633950339     
  -1.50491550871994     
  -1.39574202082491     
  0.691989533538711     
   2.07930419081771     
   2.03505069115523     
  -1.67105689818284     
  0.624519922498125     
   7.22566400024716     
   2.11009118825929     
  -2.29214844612286     
   1.69277919662123     
 -0.354735727174965     
  -3.34761941400211     
   1.55675356487838     
   1.41118418145998     
  -1.84768308049829     
   2.31705785632809     
  -1.78808138915461     
  0.179862170051841     
   1.26872297819598     
 -0.621396833039777     
   2.26866955239094     
  0.698324091668856     
 -0.371116530430608     
 
 -3.939104761904762E-004
 
  tansig  tansig 
