-0.342841535635523553E+00
 0.232218663443341500E+01
 0.184391088333124542E+01
 0.491026126511357019E+00
 0.309705781247129996E+00
-0.258442606544938593E-01
 0.133085785616958874E+01
-0.560523513126489958E+00
-0.372014262557825659E+00
-0.133180422483129363E+00
 0.895960169815032792E+00
 0.281742788039288261E+00
 0.220175998986846533E+00
 0.893711285516243903E+00
 0.984680217782184841E+00
 0.276687964345120108E+00
 0.245655148520423139E+00
 0.857906203159545466E+00
 0.897902962564295026E+00
-0.107704685039058362E+00
-0.108977451674465473E+00
 0.115104730365752217E+01
 0.106694952684179611E+01
 0.342318311113320506E+00
 0.448035618911110878E+00
 0.116394861922052617E+01
-0.479994269675984409E+00
 0.702387425529444991E-02
 0.100682971256144359E-01
 0.330373945967215565E+01
 0.309740480918982364E+01
 0.852635254105202578E+00
 0.153978843757962980E+01
 0.489127517340522733E+00
 0.158357047158036779E+01
 0.125609743598535517E+01
 0.290985659701105659E+01
 0.550779064285175224E+01
 0.432771774226062389E+00
 0.346532405762870210E+01
 0.913788882712637296E+01
 0.530821501554475805E+01
-0.264323831463742120E+01
-0.139717140790521599E+01
-0.315798589634470495E+00
-0.935257442145450368E+00
 0.269080108582038502E+01
 0.595180039234344593E+00
 0.339815759569298825E+00
-0.754924580875111939E+00
 0.823094567152816814E+00
-0.267303455838431681E+00
-0.161631305551399679E+00
 0.141102793549155714E+01
-0.228984974293154397E+00
 0.339324224626339627E-01
 0.238287635188252564E-01
 0.394127487917189601E+00
 0.512109279171818366E+00
 0.123100630207888681E+00
 0.992613862457424057E-01
 0.614655556633017519E+00
-0.325229515414911019E+00
 0.157547404965247800E+00
 0.146953336918198924E+00
 0.400047100081286078E+00
 0.447402818918986478E+00
 0.567820935997071924E-01
 0.610947518019783822E-01
 0.106563813783135442E+01
-0.635929138647334691E+00
 0.101196446075573751E+00
 0.134915315036658379E+00
 0.100237871856542848E+01
-0.929060860368856378E+00
 0.151447245260286245E+00
 0.239627472034756206E+00
 0.914784230340839555E+00
-0.232532184717169965E+01
 0.228216900997123523E+00
 0.447107206144889191E+00
 0.329259631649943296E+01
 0.183485173567374527E+01
 0.885554820045124313E+00
 0.220607678841649957E+01
 0.106335785659592430E+01
 0.274909009611113708E+01
-0.122297388557635989E+01
-0.440291214963243194E+00
-0.156246846586770793E+01
 0.132894231724882883E+01
 0.585381157482977033E+00
 0.284764598071986841E+00
 0.143610451777947623E+01
 0.263291204127068412E+00
 0.205171885049203445E+00
 0.104094189643859136E+00
 0.124557535911521359E-01
 0.410797669674300869E+00
-0.283900361505357926E-01
-0.166904437096981745E-01
 0.325176105218178191E+00
 0.214045627057135313E+00
 0.770569631060502719E-01
 0.535067396119303790E-01
 0.147280005845046663E+00
 0.175340999752484766E+00
-0.214474402001505263E-01
-0.199666045143915179E-01
 0.270155814407664951E+00
 0.180688298179618456E+00
 0.264565011919440408E-01
 0.257588316782732842E-01
 0.268192321994128235E+00
 0.156235194447569947E+00
-0.116889235883488752E-01
-0.143444056794899289E-01
 0.263491144827188217E+00
 0.354338939318146084E+00
 0.731905388711362043E-01
 0.112176686443325860E+00
 0.100595703827298447E+00
 0.460058184376068713E+00
 0.819460880566670602E-01
 0.160747549513366256E+00
-0.702340612434723788E+00
 0.873753822078029874E+00
 0.204016360658903217E+00
 0.446577521464562532E+00
 0.114658135747464196E+01
-0.936604114456830339E+00
 0.511758141099723396E+00
