 0.450768029052031505E+00
-0.312093158996383346E+00
 0.294304175875318652E+01
 0.561724323252653646E+00
 0.327665919527561689E+00
 0.102993227037764434E+01
-0.113162898304037718E+01
-0.344221570216925177E-01
-0.240809291333185897E-01
 0.564765232208965240E+00
 0.197842721701756236E+00
 0.267036549439473081E+00
 0.200253706623060301E+00
 0.116025111332081418E+00
 0.110728173058966806E+01
 0.244722095484375290E+00
 0.215417722566195985E+00
 0.510495166531638511E+00
-0.252820347888939145E+00
-0.748464334854908875E-01
-0.810390397539232643E-01
-0.159091475536457050E-02
 0.148219425545578920E+01
-0.460238546731709802E-01
-0.601608890877100358E-01
-0.659369092216515296E+00
 0.306033999186967254E+01
 0.342603687334176010E+00
 0.493724078068585259E+00
 0.130036672221204364E+01
 0.108475168770841512E+01
 0.426413790332521969E+00
 0.723800979668094646E+00
-0.154153503822482141E+01
 0.599081365965360657E+01
 0.910636917078146424E+00
 0.199836162059275191E+01
-0.992120056149363627E+01
 0.930104082740200688E+01
 0.174963198747917326E+01
 0.492082689522291172E+01
 0.546707573435766125E+01
-0.994432825288157751E+01
-0.178090377643219999E+01
-0.318516320682170173E+00
 0.156844077812084315E+01
-0.846245776002359618E+00
 0.157007642561195815E+00
 0.909036412895209561E-01
 0.844829230144208299E+00
 0.989376521867102281E-02
 0.137656654819389462E+00
 0.744112157770223798E-01
 0.319518184299248942E+00
-0.584060219311436479E+00
 0.262153326982783319E+00
 0.161676115128500275E+00
-0.277547944323590423E+00
-0.164767937141527709E+00
-0.308516504134258400E-01
-0.246784210135813468E-01
 0.543040935556102999E+00
-0.678620847860050835E-01
 0.619311937082390115E-01
 0.661803404758334046E-01
-0.148316097708925204E+00
 0.374134150548799060E+00
 0.968889775528993386E-01
 0.109244343887257095E+00
 0.734646390336480715E+00
 0.895999437157475875E-01
-0.364239117482837368E-01
-0.472395124971655631E-01
 0.149739100729075214E+01
-0.673666498032185812E+00
 0.206295913893722316E+00
 0.335541572786126063E+00
-0.170588477744672073E+01
 0.149120442922956764E+01
 0.587649046990827359E-01
 0.124897126584995563E+00
 0.466192315430696080E+01
 0.142151593149506206E+01
 0.912048496857299940E+00
 0.234245582072108149E+01
-0.432869074071550486E+01
 0.430488106214712563E+01
 0.130725134837469059E+01
 0.566290362452404494E+00
 0.664471002768078467E+00
 0.757540778120033176E+00
-0.268751400511100136E+00
-0.114504956719047160E+00
 0.405308105282145392E+00
-0.659625437602264081E-01
 0.498546180781482690E-01
 0.225396483558943234E-01
 0.241893860716369646E+00
-0.192844226145091641E+00
-0.805664905748328386E-01
-0.458535150579003348E-01
-0.946664037132201458E-01
 0.182931321613828163E+00
 0.691007729294857848E-01
 0.530172076810011966E-01
 0.208970150012219136E+00
-0.300419759588000622E-01
-0.196085515072070117E-02
-0.168726067414154803E-02
 0.164889548493915017E+00
-0.256473363970428858E+00
-0.163201394975579436E-01
-0.170347240397838856E-01
 0.297079569462597393E+00
-0.145115721049901818E-02
 0.643438405497093052E-01
 0.804084997483733854E-01
-0.216859136613028802E+00
 0.750724721211343121E-01
-0.826546530405607577E-01
-0.123466658290643141E+00
 0.676437800279783702E-01
 0.461329616765293715E+00
-0.963577018812809966E-01
-0.192833232841528368E+00
 0.117907925553066639E+01
 0.595262233134898344E+00
 0.223672198070288986E+00
 0.530276868316384098E+00
-0.130713314410723558E+01
 0.389709133517327333E+00
 0.000000000000000000E+00
