     33 -    30 -    30 -     1 
rmse=  28.9700meV
   2.05032213202940     
 -0.683569576052681     
  -1.04194992164926     
   1.87134469253767     
  -1.59651808763994     
   1.58918898603683     
  0.328930012922379     
  2.875921155958382E-002
  0.741723011247549     
 -0.476132511535345     
 -0.558241387943285     
   1.61647739055822     
 -0.961739160026915     
  2.218250218588629E-002
  -1.14987144116256     
  0.421565916222121     
  0.847530706742012     
  -1.77591272223258     
 -0.849273135591013     
  0.415809386137702     
 -2.235498690531483E-002
 -0.540079690009644     
  -1.05740776543707     
   1.47240680949195     
 -0.218791091384377     
 -0.153870530465892     
  0.126073513633202     
  0.693568077709139     
   1.38496276079906     
  0.351258549369031     
  0.188355629262463     
 -0.460112888941066     
  0.843144354796488     
   4.78180566280590     
  -1.32749765473663     
  0.931240679255315     
   1.92995711950818     
 -0.757825321569692     
   1.86781439655190     
  -2.03125757435204     
 -0.643725184042156     
  0.311751075601827     
   2.52062063237463     
  -1.16365107581990     
  0.382868971880257     
  0.227026884764872     
  -2.30932346319374     
  0.189410771883989     
 -0.721093545550116     
   2.40611813261520     
 -0.444328128560317     
  8.911926251915375E-002
  -2.44034321636591     
   1.84141915018527     
  0.305825789895707     
  -2.85452753136581     
  -1.86805336128563     
   2.24646699999144     
  -2.06534783953822     
 -0.728855801558220     
   2.03646596676940     
 -0.623003979692324     
  -1.31932804219859     
   1.54130839091581     
  -1.73717995543663     
  0.288999755254113     
   2.70182154498583     
   1.00631837462765     
   3.20045318093787     
  -1.22427529723154     
  -1.12975167343204     
   1.08698950789719     
  -2.03443004378361     
  0.513582262639723     
  -1.19753356996666     
  0.434236062368179     
 -0.288189150434665     
  -3.27619421640423     
   1.10408216926494     
   1.78744289218573     
  -1.63293662284209     
   1.71668817950583     
 -0.196414536057499     
   1.11751397868221     
   1.51962844318584     
 -0.525411758832683     
 -0.692591234584176     
  0.773560960898113     
 -0.762422391024109     
  0.295669482609843     
 -0.537076069309139     
  -1.05163517441542     
  0.351925866830581     
   2.24214568240492     
  -1.48529211197315     
  0.459353844151739     
  -1.26087603164832     
  0.710039120104080     
 -0.833881641405063     
  -4.25582412803604     
 -0.187948726105301     
  -1.86691834446091     
  0.455291755350146     
  0.154076404182712     
  0.229625413403306     
 -0.267292067067987     
 -0.349939747519889     
  0.534385749992742     
   1.26097561448118     
  -1.36897836082445     
  0.989200143023886     
  -1.04516394619739     
   2.01373320497947     
  0.544194522658526     
 -0.115419580307643     
  0.188254795897801     
  -1.41426008529071     
  -2.23533090685435     
   1.25214199359031     
  0.677328001923437     
 -0.676639593971221     
  -1.49745490428413     
 -0.768639118466909     
  9.572696765241978E-002
  7.961334333299787E-002
  -1.75098851043813     
  0.714354097405177     
   1.92279226002279     
  0.207400538471236     
 -0.571285868009628     
 -2.788845641747256E-002
  0.538862771092183     
   4.40484235795013     
  0.250312667085942     
   3.63599748812705     
  -1.11479042715506     
   1.10211393661073     
   1.20583567186429     
  -1.20086586925578     
  0.375707960083593     
  0.181978291702441     
  0.125132572989198     
  -1.31632698820501     
  -1.81361056839089     
  0.406944384052456     
   1.51648892688441     
  0.598877260821663     
  0.798268523375697     
 -0.223896467382920     
  0.763234904676832     
   1.38607325342124     
  0.131831769320672     
 -0.912075750974606     
 -0.287286036021893     
 -0.607416295929869     
  0.689101335461957     
  -1.72906079702909     
  -1.77381125241029     
  1.701307798295406E-002
   1.74313127687673     
  3.521190663415016E-002
 -0.980747326316297     
 -0.159432924748034     
   1.17159916751411     
  0.315434854913369     
  -2.20296240285371     
 -0.332748754037288     
  -1.69968422253594     
  0.839877324967859     
   1.16088641274365     
   1.19515167815744     
 -0.402430141023370     
   1.66983439859203     
  -1.20042714599569     
   1.38573022026622     
  -1.38372417874300     
 -0.886278040157837     
 -3.044113363533643E-002
  -3.50623800495562     
  0.160389525046944     
  0.955309949655753     
  0.934926063880498     
 -0.721013419964612     
  -1.67635785051627     
  0.815071108555615     
  0.322894056484335     
 -0.506567319714753     
  0.335092638211924     
 -0.138890981994080     
  -1.73460327059301     
  0.246148167009519     
  -2.33633170293125     
   1.17315827543715     
  0.951157570133266     
 -0.973590955386373     
  0.191335679582378     
  2.052605670900146E-002
  0.997060606163353     
  -1.03494837083961     
   3.67226824255686     
  -2.75558995943415     
  -3.55899191264756     
  -1.19848045179283     
   1.46468251885378     
  0.376233122674908     
 -0.839251442445600     
  0.517181611823013     
   1.04082205630435     
 -0.524968644837923     
  0.118056057920518     
  0.175248596387242     
   3.02353312421116     
   5.06030469632367     
  -1.34421579191782     
   1.63987122950030     
 -0.509684534653490     
   1.06481107407404     
  -1.95462031198684     
  0.686737418916663     
   2.30464031137052     
   3.82361277366979     
  0.139847311863718     
   3.77154427176427     
  -1.31818559957413     
  0.764035126450282     
  -2.29253374661114     
 -0.802939445608500     
   2.27428955374760     
 -0.792395593045063     
 -0.579328749624390     
  -1.95526119186963     
  -2.33970487104951     
  0.908425305463301     
  0.770913792045459     
 -0.616885437455777     
  -1.17344400435793     
 -2.605103499651570E-002
  -1.13847395492222     
 -0.144412789450093     
  -1.38721271843860     
   1.25879312067897     
   1.92756706101789     
 -0.969697086764572     
   1.11004579068600     
  1.981135091136588E-002
  -1.37361519722587     
   3.61142910357574     
 -0.124070287524539     
 -0.356035107537842     
 -0.858638381215777     
  0.790530896548206     
  0.452030367557851     
  0.425444091519759     
   1.05654902407238     
   1.01525619010825     
 -0.404799909385706     
   1.48441291588925     
  0.519658119585318     
   1.29413954311021     
  0.947526971015561     
 -0.611297982198541     
 -0.433331349477556     
 -4.110355596337541E-002
  -1.47050070677645     
 -0.483233810736277     
 -0.605731586573647     
 -0.977162275648352     
  0.399303779031757     
  -1.03320313672086     
 -0.502390387317513     
 -0.192526329855208     
  -1.35874459914717     
   1.07488855019816     
 -0.693331026749138     
 -7.073074665969854E-002
  0.802432391259877     
 -0.239261750460589     
 -3.177803487677779E-002
  8.175319543475457E-002
  -1.07868971112429     
  0.661004933843372     
  0.122381555464553     
  0.532856337376932     
 -0.322202265760803     
 -0.353764946485376     
 -0.314568618371578     
 -3.603304273269631E-002
  -1.33763196153949     
 -0.349553198058597     
 -0.786458161984059     
   1.45152054893348     
  0.419253257571211     
 -0.366084765279862     
  0.678085989573537     
  0.130309734931379     
 -6.648475524245742E-002
  0.469126306827837     
  0.525536422936227     
  0.298922006100099     
  -1.77531579515765     
  0.447275243874584     
 -0.889410512061832     
   1.89720821253903     
 -0.318093794684152     
  0.398359741998983     
  0.333135085782276     
  0.513698659656572     
 -0.529643884851966     
 -0.864336856063129     
 -0.640122253397848     
   1.58479571782695     
  0.314519801804364     
 -0.680521136508002     
   1.28261505220369     
 -0.804641483921377     
 -0.314662223439902     
  0.870828080464405     
 -0.666018694441802     
 -0.820922582726157     
   1.00591396589596     
  -2.46420930650386     
  0.150120472144591     
   1.52591993124940     
  0.647511084359033     
  0.988983341165536     
  0.134276574122102     
 -0.410290768594946     
 -0.381933325592655     
  0.583026229157843     
   1.05320500727378     
  7.558901399245160E-002
  -1.97180707874026     
  -2.04796439356711     
 -0.142333466442272     
  0.264098252990510     
 -0.542202547637820     
 -0.141348292376520     
  7.588389277108342E-003
   1.57000965066089     
  -1.91735096392100     
 -0.279172119136554     
   1.71328818508109     
  0.305136268301767     
   2.37980493575471     
 -0.636917586295568     
   1.00357942463116     
  -2.53901702823649     
   1.74630506928703     
   1.23755199585633     
 -0.578882258804373     
  -2.26068668079152     
 -0.476781129360887     
  -2.45862509102883     
   4.36737328701114     
 -0.556946178473086     
  1.622968813418446E-002
  -1.02620409427620     
  0.471488606701419     
 -0.845651721053953     
  0.261337386711250     
  0.161938775852427     
  7.987065254779674E-002
  0.784942988079952     
  -2.46329635003895     
   1.27282443060979     
 -0.863003087380337     
   1.03394340052996     
   3.08608218424715     
   1.87435824865594     
  0.525237844929348     
  0.602875715036716     
  9.464578271477005E-002
  0.556543442132353     
  0.440561853495140     
 -0.388991497756319     
 -0.433142813790190     
  -1.22744543120281     
  -2.15669307683680     
  -1.07344849225847     
 -0.678995781702720     
  -2.08008025046345     
 -0.389023898965805     
  7.415390803139423E-002
  0.629410739662920     
  -1.14298025414247     
  0.217898645624644     
  -4.26316903533414     
   3.53232164483590     
  2.981392456164916E-002
 -0.274487045825335     
  0.354107548441783     
 -0.269730025629997     
 -0.613157285961926     
   1.67356827066555     
  -1.22507492089741     
   1.48865623878449     
  0.739546375300388     
  -1.11640414263917     
  -1.55062211543556     
  -2.29265835085138     
  0.731203631258245     
 -0.330201978114502     
  0.133750707341728     
   1.71184759715365     
 -0.519258577101685     
 -0.454576028428131     
  0.893333317821806     
   1.62510249086734     
  -1.68736219129830     
   3.05630161421112     
   2.76064698078696     
 -0.863605812024039     
   1.77145742932464     
  0.341406575264090     
 -0.608711271792518     
   1.51060097555515     
 -0.690636159844835     
 -0.602259286339852     
  0.236028779384431     
   3.31605869335165     
  -2.11212187597040     
   1.77126127426185     
  -1.15356621036563     
  -2.52674039511762     
  -1.53300855511356     
  -1.10259035635962     
 -0.433047861262535     
   1.02665363137798     
  1.296025164180956E-002
   1.92252120670719     
 -8.492694166357216E-002
  -3.18249247937990     
 -0.192891717457094     
 -0.304607957525412     
   1.92167197864940     
 -0.946795368623310     
  -1.00035390066711     
  0.819983112168456     
  0.607980513003325     
 -0.747445212230041     
   3.64956175993457     
  0.977149434381220     
   3.50287137300180     
  0.328740885717501     
   3.90384013763738     
  -1.89902893518092     
   2.25229092727938     
   3.76511170859325     
  -1.57722172318447     
   3.04664146613182     
 -0.372548215702005     
  -1.76906615088919     
   2.55798882999499     
  0.170690140836650     
 -6.827582369239907E-002
  0.182965298784382     
   1.10900384685616     
 -0.343708030024463     
 -0.355590227375838     
   1.18436882505120     
  -1.09964695596752     
  0.911340627065266     
 -0.455656994542672     
  0.985389399698679     
  -1.33491176009686     
 -0.591801782586870     
  0.684163737136144     
   1.14270312123247     
  0.361929344495880     
  0.458002704401908     
 -0.308060442264373     
 -0.135779646546163     
  0.786826363094065     
   1.86566680140158     
 -0.408744561699249     
   2.51018713939210     
 -0.236601521876394     
  0.131032261979703     
  0.394311215412201     
 -0.409743163712510     
 -0.839339358711239     
 -0.737214013335596     
 -0.157353230672465     
 -0.164397179070566     
 -0.653947578839381     
  0.626440417199630     
 -0.697308548642162     
 -0.692436122413512     
 -0.639387076832073     
  -1.87421199940107     
  0.288176285849830     
  6.562138010630911E-002
  6.685839554060437E-002
 -0.272403358794308     
  0.398445652327784     
  0.387984704881750     
  -1.26408512080782     
   4.85836585447042     
  -1.42627172720701     
 -0.472135969244189     
 -0.375456426983658     
 -4.707353266366352E-002
  -2.19734945805478     
   1.05175761877485     
 -0.351746250907684     
 -0.239130341721482     
  -1.49777190368205     
 -0.349614013035726     
   2.11976140865956     
   1.02997825037476     
  0.384942886652743     
  -2.16231694374205     
   2.48743994343294     
  0.742822000937458     
 -0.329653270860094     
 -9.253872002756261E-002
  0.484999426012859     
  0.295003572577550     
 -0.575984216609426     
  -3.55690500315727     
   1.26063140033339     
  0.508551713261517     
   1.47870569230276     
 -0.205561740995281     
  0.597680064096700     
 -0.586165332155236     
   1.31417498576383     
  -1.02681348437300     
   1.20978267741000     
  0.594937567098960     
   3.76649531044520     
 -0.996749331850760     
  -1.04213679880866     
  0.995513769662848     
 -0.898237796972791     
  0.358613362637228     
 -0.565277803541190     
  0.810794975995484     
  -1.22252186102852     
  -1.33529376503391     
 -0.708215931671203     
   3.84480206855835     
  0.786923329547082     
  0.506826148588560     
 -0.209083732583070     
   2.51530956680718     
   1.25262023242491     
 -0.754380290700012     
 -0.813794911769630     
  0.998601015999320     
  -3.17924081871786     
   2.63953118841974     
 -0.639961860034424     
  0.617868048886499     
  1.193939367342434E-002
   1.65306695219800     
  -1.28968286467133     
 -0.521359572668640     
  0.724060744753764     
 -0.981834145784546     
 -0.502602977038528     
 -0.178764481683499     
  -1.21356941164743     
 -0.688855106752142     
 -0.248779655480890     
   1.05263583912234     
   2.54168803877203     
 -0.728015580296623     
   2.43880075194736     
 -0.846181172478934     
  0.686681535352117     
  -1.52827873590022     
  0.948023328996226     
   2.70813212736054     
  -1.94839892690138     
  -1.34345593497121     
  0.841210229124923     
   1.26696144413193     
  -1.53311987935550     
 -0.688755467227727     
  -1.05864617374195     
  0.113604250522925     
   1.40238926030705     
   1.48029179817664     
  0.106192002868463     
  0.470344268360634     
  -2.67816983955584     
  -1.59249848832378     
  -1.93757241978713     
 -5.888602103259608E-002
   1.32550642337188     
  -1.87094793965512     
 -0.217731835797249     
 -1.290560309148071E-002
  -2.88309075666186     
  3.692444700654021E-002
  -1.53853901491616     
 -0.129094782280462     
   1.32235488590421     
 -0.149741785395928     
 -0.787861378188117     
  0.995943683078546     
  0.941657748457575     
   1.84704298030686     
 -0.649467839751980     
   1.09192606124420     
  0.642314939878635     
   1.73288090196660     
   1.05619294632638     
 -0.800266815039631     
  0.680196687831782     
  0.398522849338674     
 -0.643744709974622     
  0.341745655849634     
  0.334700002889431     
   1.38334606351254     
  -1.17909005506790     
   1.77602156521697     
  -3.46495069481891     
   1.40339025518803     
  -3.27420130971289     
  0.361558271252636     
 -0.561551665904410     
 -0.972766703317588     
  -2.63569877294152     
   2.28005160641285     
  -1.92068438761900     
   6.34707594768890     
   1.33256792157987     
 -0.494525480396809     
   1.28355783199353     
  0.101871440464404     
  -1.25180307096763     
   3.20065262190400     
  0.135477988198303     
   1.20353062034184     
  0.601633146988878     
   1.02485553356271     
  -1.00749329445073     
  -2.73751003797616     
  -1.13924914738872     
  0.536365842033063     
   1.75454280710285     
  -1.45783431229156     
  -1.52436719781566     
 -0.218138099552854     
   1.17163212492534     
 -0.973952696785643     
  -1.97383285932525     
  0.793486465823779     
 -0.213619106626911     
  -1.83706979760908     
   3.02486678459559     
 -3.941667467365513E-002
 -6.380847148472807E-002
   1.33004819122622     
  -1.87527707935152     
 -0.365564028161560     
   1.48533933401183     
   1.14963246703801     
  -2.35857548184010     
  -2.49432591886495     
   5.64577826831724     
  -1.09783791261524     
  0.327872286220937     
 -0.374569656809274     
 -0.260105657516944     
  -1.41702085842272     
  5.965178952062882E-002
  7.231479283038077E-002
  -1.04862078771784     
   1.22750246893729     
  -2.47579855783180     
  0.829986553673401     
   1.08379787378791     
 -0.248655276251786     
   1.33744741024590     
  0.626990269013077     
 -0.733596542882983     
 -0.619133507845174     
  0.846634638166778     
  0.476093415994754     
  -2.08435693279540     
 -0.939960795385373     
  -3.71170781077555     
   2.55928367176460     
 -0.867088151401787     
   1.35680320600230     
  7.252320496530032E-002
   1.23531725390779     
  0.257777224349686     
 -0.579752599805141     
 -0.173711940402948     
  0.198856186884168     
 -0.423908273696850     
  -1.93332297667877     
 -0.381566402640392     
 -0.534055974829422     
   2.08639371657733     
  0.698961068769758     
  0.158217197642101     
 -0.192111147297201     
  -1.42398571241345     
  0.402163175064195     
 -0.969658732357093     
   1.27997497177788     
  0.300828367278170     
  0.871388869696433     
  -1.91485718400916     
 -0.926611278481410     
   1.40627030140456     
  0.707720582497730     
  2.906083056890035E-003
  -1.00352195587879     
 -0.361580025999850     
  7.966612687496714E-002
   1.64997650438783     
 -0.299902716676776     
   1.46632659409502     
 -0.465887779453236     
  -2.04216684553108     
 -0.964649581865383     
   1.15917801177967     
 -0.340777757228846     
  0.336115889020782     
  0.611006910692810     
 -0.720178710471988     
 -0.609076275853243     
 -0.195321809245675     
  0.450390568123347     
  0.912304323767712     
   1.20099554036610     
  -1.16214286575165     
   2.09424640283468     
  -2.35726858828432     
  0.326763086046922     
 -0.806051641389938     
  0.149077631775137     
   1.02075563906411     
 -0.688547964036436     
 -0.475617178929555     
  0.270248930691467     
  -3.86581611560088     
  0.471245328355817     
 -7.925250687336204E-002
 -0.647391516494973     
  0.431981377969854     
  0.117509350403077     
   1.31590716771785     
   1.26404002471273     
  0.988195218216464     
  0.799377022445105     
  -1.39154023839874     
   1.45323069904907     
  -2.29554615477779     
 -0.349240853175564     
   1.01594287552727     
  -1.09106397321914     
  0.194905215391284     
  -4.48700775986243     
 -0.461565364893356     
   2.32903013959764     
  -2.03230834327111     
  0.245868563288104     
  -1.45178080003289     
  0.102259779850310     
  0.810367584700694     
 -0.746569689264517     
  0.492594054025335     
  0.301784833225008     
 -0.276615911110036     
 -0.219274700147907     
 -0.862648765036000     
   2.37247883541792     
  -1.17729310214499     
   2.72128316160318     
  -1.03494890086650     
  -1.29203261426507     
 -6.483851574051112E-002
 -0.775857843207561     
 -0.132898886858960     
  0.494785471160620     
  -2.27472076873071     
  3.391825683545952E-002
 -0.401867741937657     
 -0.986518456670711     
  -2.19263525575974     
 -0.161982522802527     
 -0.187986997627927     
  9.051080490706359E-002
 -5.233473405257406E-002
 -0.184260321757559     
   4.50899779898135     
   1.55892873883922     
 -0.252411623022373     
  0.481490187416145     
 -0.659476057811988     
  0.812042919272763     
 -0.256087071652872     
   1.44702057981959     
  -2.19285141076446     
   1.76383844426092     
   2.20830241553489     
 -0.585525067650675     
  0.876093810269970     
 -0.115862367775107     
  -1.12955125839999     
   3.60529664081738     
  -1.87329139605768     
  0.100634993355474     
 -0.537386459190326     
 -0.212775423653301     
 -0.323875342458256     
  0.944763724564870     
  0.799826856984040     
   3.49044886618268     
   2.29556253645762     
   1.38686773398249     
  0.151044362754219     
  0.780240594111090     
   2.37185521841197     
  -1.53048585606395     
 -0.115874904532583     
 -8.037578822739833E-002
  -1.76367826018343     
  -1.43733705148301     
  7.712628362161754E-002
   1.25700715325061     
   1.40557610062716     
   1.00889706183006     
  0.102799447514094     
  0.618415348143585     
 -0.825869443793485     
  0.105425858870964     
 -0.619171562483569     
 -0.553408546754587     
  -1.71832324361923     
  0.715967020209695     
   1.69270403235848     
  -1.19624072379653     
  0.936009799082163     
 -0.848689103670048     
  -1.52554149951770     
  -1.94790258590054     
  0.662015318728512     
  -1.87049226779724     
  -1.50745804877882     
 -0.387590547459679     
  -1.03562862894010     
  0.761944491905731     
   1.54967848299950     
 -0.377335985416063     
  8.468455424020019E-002
   2.05568146950766     
   2.07512349619010     
 -0.696498437097463     
 -0.594745341135361     
   1.97038229080617     
  -1.98470644567660     
  -1.62011256112125     
 -0.851049566365481     
  0.460128014764593     
   3.43893401603072     
 -5.525576445977748E-002
   1.72265992060024     
  -1.66200484196900     
   2.42040724514771     
 -0.822790476245040     
  -3.10893002131638     
   1.53463714979938     
  3.136404867159644E-002
   1.88271016003804     
 -0.776281442094564     
 -0.910132018990390     
   1.39696794984779     
 -7.393002178142120E-002
  0.617203606347342     
  0.927907322658170     
   1.17570245266851     
  0.202370114269777     
  -1.30278563560701     
  0.234777945604290     
  -1.93685462957810     
 -0.495632692306223     
  -1.76779878152898     
  -1.74949742418709     
  -1.26155464914274     
  0.556496572641143     
 -0.189694864323158     
 -1.308347909011611E-002
  0.998527838213222     
   2.34601536479641     
 -0.236516418273955     
  0.787779155370300     
  -1.82372665248921     
  -4.82206139899228     
 -0.655016621794654     
  -1.89349953901428     
 -0.285190836172425     
   2.01851624582694     
  -2.83116089254019     
 -0.779287247851050     
 -0.852468416877600     
  0.779711011876024     
  6.319288186712006E-002
   1.35702802341296     
  0.990128891025668     
  -1.10321317976044     
 -0.384295674044800     
  0.181557153192740     
 -0.589138155164919     
 -0.212315657497109     
 -0.959329998045454     
   1.43613457442645     
  -1.28759616631035     
   1.42573594988127     
  -1.39552514685998     
  0.564992880210876     
   1.44127768220449     
  0.167617041285008     
  0.524566649200318     
  0.251390064901956     
 -0.998612606075603     
   1.55302370504651     
  3.803187003326679E-002
  0.394811781691133     
   4.26375551491146     
  -1.56009239089564     
   1.13903148235284     
   1.42904421368114     
  -1.52348897440612     
  0.303629085518213     
 -0.162843933897623     
  0.370201193332966     
  0.259682339005826     
  -1.33225469130229     
  7.489035671517591E-002
   2.20619600864799     
  6.505024103106904E-002
   1.53177769072084     
   1.32714210319132     
 -0.415879051511839     
 -0.925258063771037     
  0.777416405416000     
 -0.509669159895829     
  0.145135334204740     
 -0.396636286426202     
  -1.16962000145935     
   1.19930485397378     
  -1.00859599883223     
 -0.359407620668955     
  0.963679415472303     
   1.22799114967577     
 -0.913975547574315     
 -0.353732398614959     
  0.602069136671937     
 -0.603572635819755     
   2.65883437737932     
 -0.144444041593295     
 -0.103640843403143     
  8.619172250667222E-002
  -2.01020659307331     
  -1.58483211291947     
  0.628466927236473     
 -0.171777492019537     
 -1.514022934628024E-002
  0.577458942109715     
 -0.267181522646761     
 -0.644146657620339     
   3.54314802354966     
 -8.363491503629164E-002
  0.362091063674718     
   3.28154186870945     
 -0.562223250596095     
   1.44654381334672     
   2.51598577524958     
 -0.478756485117737     
  0.831272905931077     
  0.640840871590537     
  -2.15585164413570     
  2.915142506563038E-002
  -2.37402726428316     
   2.59925993851237     
  7.483859778880461E-002
  5.054689427518484E-002
 -0.967070281295847     
 -0.564143034775952     
  6.854344572078916E-002
 -0.258684236394851     
 -0.691116978558191     
 
 -0.690897826989587     
 -0.789626985781930     
  -1.85795437817306     
   2.86712545283570     
  -1.75036174037331     
 -4.979585682537335E-002
  0.929442359027002     
  -2.93675946806369     
   1.84950007634978     
  0.265642129108280     
  -1.90451809334353     
   1.47230876943051     
 -0.293767780586005     
  -6.09983371002454     
  0.764613078966805     
  -1.05930027059791     
  -3.12092269867212     
   1.19892403830903     
   2.70683093663375     
 -0.935456754796760     
  0.519628922980546     
   2.27883595805427     
  -2.12217329254322     
   2.05579857063790     
  -5.14327668219684     
 -0.664585324462213     
   2.76621620374038     
  0.847618975298747     
  -2.11294807147705     
  -3.34443835856774     
 
  0.909732034617444     
   1.47183412390847     
   2.06978233888618     
   1.83538965199560     
  0.574964167686360     
 -9.589258950468797E-003
 -8.410539243359653E-002
  -1.10389224430908     
  -3.21852691290681     
   1.36722802784668     
  0.403520378839591     
 -0.420676685052748     
  -2.00696548302404     
  0.749900169554112     
  0.498867496260213     
  0.406238455426182     
  -2.46991882921429     
  0.587577382601987     
 -0.762170243679733     
 -0.283433788168872     
  -1.08968050029151     
  -1.11219787134334     
   2.91345235762797     
  8.792817119465106E-002
 -4.545971201571079E-002
 -0.107044387915954     
  0.981466236738041     
  -2.07684629963109     
 -0.345944962538947     
  -1.09453281217213     
 -0.538898220713874     
  -1.72510615151319     
  -1.71281608970369     
 -0.148303529366696     
  9.725770593368824E-002
 -0.706298200898340     
  -2.43163034853842     
  -2.62535592843043     
 -0.531844502896735     
  -3.21399981120010     
  0.371119341892214     
   3.56030607834856     
  0.791236454276921     
  0.536651431937184     
 -0.470228905886838     
   2.79742260477451     
   2.40396894095211     
   4.40100075089445     
 -0.772097165962341     
   2.57998963560259     
  0.614256518667760     
   1.96810475792733     
   3.00620812936274     
 -0.676819529359011     
  0.528795034802245     
  -1.19454246090817     
  -2.59300856346371     
 -0.841675964045130     
 -0.940134594930059     
   3.65936032478714     
  5.306375521039459E-002
   3.00364304205674     
  -1.37042370765077     
   1.30411196589785     
 -0.313208360051315     
   1.73048206572438     
  -1.24481857226853     
   3.27445380317411     
   3.25360952397864     
  0.315999145791424     
  -1.61971448269154     
  -1.10722389256396     
 -0.734829125969338     
 -0.108990787632351     
   2.79524270457323     
   1.16558583861233     
 -0.642580165340577     
  -1.83770616128263     
  0.749102891917854     
 -0.969652555936670     
  -2.07726506061060     
  8.912527213489194E-002
  0.618164260118238     
 -3.199868576969086E-002
  -1.69119105245757     
  0.776025756232219     
  -3.53599301552394     
  0.308417153206275     
  0.526878898490599     
  -2.62276434526527     
  -1.72380890363612     
   1.87004280639913     
  0.925481252389444     
  0.876774616261686     
  6.304333157142943E-002
  -3.54910936384436     
  -1.24175541580311     
   1.60800824295342     
  -3.63363803085685     
   2.01105411568903     
  -1.24328106784291     
 -0.681809804895755     
 -0.521796080422998     
   1.48597606714412     
 -0.908574575728171     
 -8.735949071555757E-002
  -3.17019078179038     
  -1.24880175022802     
 -3.129686323677031E-002
  0.104527608746415     
   1.14850012553497     
   1.45672504708792     
   4.34108327241301     
 -0.670673605626484     
  -2.03021557256347     
 -0.384249017090236     
  0.776714200005907     
  0.174768125378458     
  -1.43182515905397     
  -2.09629133675071     
  0.571297791156767     
 -0.210840938093055     
  0.756130736464697     
  0.851145819666312     
 -0.913430515773871     
  -1.00737500811258     
  0.636638567532530     
  -1.43195899956181     
  -3.23175791761596     
  0.474020710187297     
 -0.131610588079466     
 -6.041332177456026E-002
 -0.642238434915257     
   1.32978673039165     
   1.55961025971649     
  0.941562847548407     
  0.967644780739182     
  -1.02496120305119     
 -0.177865305565500     
  1.028411518407730E-002
 -0.308008018731457     
 -0.513360667316750     
  -1.76259696448192     
  0.992103805026770     
  0.640052580233644     
  0.124118665866069     
  -2.43335383286816     
 -0.139754195702031     
  -1.02017844876814     
   2.38603385265403     
  0.702179141578022     
 -0.129471484978877     
  0.370544134341884     
  -1.93009288101445     
 -0.141174503879752     
 -0.698814525537963     
   1.65287802106555     
 -0.767641186397978     
  -4.52784299317197     
 -8.203471697520154E-002
   1.13545498632369     
   1.20712314843215     
 -7.165040537446624E-002
  0.303113041304082     
   1.46476727003691     
   1.04803268228906     
  0.375762214860813     
  -1.05344795508609     
  0.660718614517135     
 -9.743703212075618E-002
 -0.112284892419822     
  8.317885852713172E-002
  -3.92491499503453     
  0.613927713553834     
  -1.25900600649846     
  0.582975341600739     
  1.483217322920388E-002
  0.293220175535213     
  0.928389546022576     
   1.28672564518154     
  0.471354585269933     
   2.30838222818142     
  0.232857127497019     
 -0.821126865436685     
  0.990989115895526     
  -1.02564322352731     
   1.21345355252130     
  0.431778165017779     
   2.49576403093322     
 -0.676257202924401     
  -1.02663529973090     
 -0.233847411199050     
   1.04078761335102     
   1.74127423305952     
  -2.40179908832573     
 -0.791435271025547     
  0.763601053160410     
  -1.65057631910709     
   2.35497337554150     
 -0.121814398174771     
  0.212770372176059     
 -0.832554413594434     
  -1.38064168995545     
  0.698840378897735     
  4.046360621401267E-002
  0.376269056004454     
  0.929078250312644     
 -0.340252573398746     
  -2.04855747934718     
  -1.56165847333819     
 -0.353826768531877     
 -0.664836450573272     
  -1.30753933056750     
   1.27106238600340     
  0.223425474518377     
   2.68258160790072     
  -2.10293589812566     
   2.59551660789098     
   3.51653202654832     
  0.177433484354913     
  0.392901264610108     
  -1.01285718894363     
 -0.272046628956332     
  -1.43894836436125     
  -2.20086241772263     
 -0.471050073362957     
   1.17188031489215     
  0.616232086721995     
 -0.621371802977584     
 -0.202196949110738     
  0.513208413370792     
  -1.62067729495377     
 -0.895331122355281     
 -8.748506794012850E-002
 -0.168433889834953     
 -0.268761737838749     
   3.48791008763579     
 -0.377426650059800     
  -1.03125336456373     
 -0.323818827833868     
  -2.39145559033674     
  -6.08433435991697     
   1.87678891971495     
   1.32648131856280     
 -0.904395598874621     
   1.55157658805497     
 -0.945474584989437     
   1.49292773719627     
   1.49923762168040     
   1.04819919990043     
  -1.51230908491759     
 -0.854474806199718     
  0.693498710035882     
  0.166313998316971     
  -1.45393218419092     
  -2.47332095320379     
  -1.55995620774429     
  -1.26523609407457     
  5.868822334861758E-002
 -0.461903187546858     
   1.80861582548656     
 -0.694123413137595     
  0.850657260592975     
  -1.19927913972398     
 -0.812376675008482     
  0.451565640274586     
  0.393534387925432     
   1.05054370330197     
   1.52603312179794     
 -0.841290297921606     
  -3.20803486295716     
  -1.53017836250463     
   1.05437917018911     
  0.551635457326453     
  0.809645892472198     
   3.20586904331359     
  -2.48902639700849     
  0.731738273985994     
   4.42271921035062     
   1.38685364945789     
  -1.70105355224251     
  -3.47667183010292     
 -0.187487064138206     
  -1.91493621204549     
  -1.47964397711492     
  -4.55843929003372     
   1.48167500612051     
  -1.99923074306709     
 -0.315437474717619     
 -0.999896023222483     
   2.64721963258415     
  -1.03382770913967     
  0.762625553545435     
  -1.11853150935672     
   1.04090891181366     
 -0.339550320946972     
   4.28403946601235     
 -0.335522212123159     
  0.470447957572737     
  -2.50030455727547     
  0.843323943215260     
  -2.30467677113175     
   2.28345838826440     
  -1.47964943142119     
  -1.27133216864836     
   2.79097273527799     
   1.04924928415604     
  -1.30383744048457     
 -0.185046927817643     
  0.716247786080222     
  0.979494531394181     
  -1.83838303050734     
 -0.902198794441260     
   1.17434247447448     
 -0.968919060637962     
  -1.89768114870431     
  -2.63355171212718     
 -0.873400805675302     
  2.722462107082157E-002
  -1.05363681008404     
 -0.618432944079776     
 -0.886264844187132     
   1.81629172275449     
   1.42940762300146     
  -2.23704677527606     
 -0.401143457132880     
  0.757881675691172     
 -0.114905223369587     
   1.94536117739396     
  0.240215953470118     
   1.72649420973962     
   2.33487221705172     
  0.173810186049918     
 -4.308589222381602E-002
   1.78830992412786     
  0.770119425944810     
   1.05922975627237     
 -0.860033086336813     
 -1.407138881674841E-002
 -0.433937266462584     
   1.65933862109558     
  -1.71569124344847     
  0.358466781546781     
  -1.77075806558952     
  0.327313111842279     
   1.80418038024237     
  0.984970700168346     
   1.69059595320996     
  0.176476324632416     
  -2.24148192145762     
  -2.81032752692328     
  0.540346435978261     
   1.04572343030984     
 -0.850307994582755     
  0.145895600575374     
 -0.438507112868078     
   1.73118077925229     
   2.05792900000905     
   1.33255706988718     
  -1.15429244713809     
 -0.149660034467283     
   2.24297032822986     
  -1.57213635760081     
   1.87523050071837     
  0.153225704964796     
 -0.297506171289877     
   1.79217481479924     
  0.372249155778005     
  -2.20711935753255     
   1.24225606656031     
  0.233967251751398     
 -0.406819213913774     
 -0.661955208965500     
   1.79387956992925     
 -0.464386996888175     
  0.626832621546395     
  -1.52526999761473     
  0.683091683002306     
  0.524521579355883     
 -0.331997114707098     
 -0.196558479660261     
 -0.561971340158007     
 -0.125928233751635     
   1.18324117843210     
 -0.638899657256528     
 -0.183318642863571     
 -0.754645194030531     
 -1.051455627281316E-002
  -1.04319844729676     
  6.925975318184922E-002
  0.249081182364898     
   1.06205033105432     
  -2.29491318972242     
  -1.04573945790578     
  0.215882586541484     
   1.86725396613007     
  0.704956260366901     
   3.24498613048014     
  -3.58089724193991     
  -1.50068672588030     
  0.681528989371571     
 -0.652038653585506     
  7.084368494579836E-002
  -2.01776868966515     
  -1.16562273321060     
  0.326692118307834     
  -1.25120357965677     
  0.685584838460350     
   1.39751671709394     
 -0.277876688030635     
 -0.104587898512787     
  -2.91304150039985     
  -3.59180668069919     
   2.10075004174527     
 -0.705136740810392     
 -0.181260710684323     
   1.52376147770128     
 -0.340731787380333     
 -0.869111393676910     
  0.476927699030955     
 -0.456237078678668     
  0.139195538250037     
  0.771170982705454     
  0.420730484309339     
  -1.26117677745018     
 -0.853480650299282     
 -0.145881615694375     
  7.755398293057890E-002
  -2.02798292816908     
  0.694095292056084     
 -0.102516209273576     
 -0.172806281184496     
 -0.245315641777437     
   1.76257102581405     
   1.86607300216899     
  0.605618676357593     
 -0.589088713046159     
 -6.900823981925439E-002
  7.774736358778339E-002
 -6.500672114474969E-002
  0.189064290138203     
 -0.406261384169717     
   4.57051211008569     
 -0.659595640453139     
 -0.742259181775255     
 -3.193203813686508E-002
  0.497745834714961     
  5.806725144462532E-002
 -0.942547606472571     
  -1.03148063798635     
  0.684962506446817     
  -1.30823678267292     
   2.44962195238807     
  -1.55732291172108     
 -0.587588826006647     
   2.29764784583013     
   2.55966424099430     
  -3.28260341987741     
   1.36766943354547     
  0.366880359119870     
  0.810173221973100     
  0.234875347264745     
 -0.495094998533065     
  0.926544631078340     
 -0.529638900875987     
  0.375965585539397     
  -2.13702102570955     
 -0.855730563629419     
  0.358906190893189     
 -0.881446311012300     
 -0.891215654893910     
  -1.56129364328281     
 -7.252817366771799E-002
   1.21336896017694     
   1.87376153657750     
 -0.229566407929780     
   1.25079002791987     
  2.422716655042280E-002
   1.16147953637715     
  0.718001995837986     
 -0.400983573955891     
   2.30839593214957     
   1.69566334310342     
  0.195171443016781     
  -1.08949687283744     
  -1.32632243594039     
  -1.40117124827601     
 -0.511985643483753     
  0.450255336038176     
  0.617130213991850     
 -0.536143780449252     
  -2.16479191238174     
  0.587224629869568     
  0.307173444844946     
  0.743945134138167     
 -0.391365495811511     
  0.707780127520281     
   1.66499932648136     
  0.907135583487291     
 -0.559489845816645     
  0.367336571734860     
   1.21860873717192     
 -0.380778975514549     
  -1.12528786837262     
  -2.42357884124612     
 -0.161903820548464     
  -1.40729292680084     
  0.797133234993166     
   1.42734898974305     
  1.366691354135829E-002
  -1.31302582027576     
  0.241484478100675     
   2.89768962097807     
   1.34354429420559     
   2.51419196566683     
  -2.86854927586137     
  0.697036956877533     
   2.93651367538622     
   1.57924507553786     
   1.83533445696475     
   4.71174369528452     
  0.251487034842893     
  -1.61720301184602     
  -1.97369828310372     
 -0.153876387338447     
  -3.05589999206811     
  -4.12892753608502     
  -2.79762908899340     
  0.245895891800609     
  0.496143382947513     
   4.66956802770081     
   2.70087536276711     
   3.37842701086363     
   1.35634806576429     
  0.603995171786265     
  -1.90192478153232     
   4.30392214554873     
  -1.29889928919907     
  -2.17671799112583     
   3.48958580054431     
 -0.174004412050010     
  1.837202427064338E-002
  0.524478553561483     
 -0.543984824669834     
  0.131687287745544     
  -2.42724050370884     
   3.84033519353247     
  -3.34066631344953     
 -0.862615413029599     
  1.402588339713739E-002
  0.511013030356126     
   1.28948068003912     
  0.320633047262678     
  -2.48869580045565     
  0.493705655729905     
  0.345699221756905     
   4.36940679548277     
  0.705368354550575     
  -1.12048109801067     
  0.490565539883693     
  0.748526806388247     
  8.511803056843965E-002
  0.710918092617816     
  0.675537966544243     
 -0.767202522632934     
  -1.17494278240655     
  -1.32134725047768     
 -0.278953290713099     
 -0.657990197318562     
   4.97249931351532     
   2.23323364358047     
   2.64650790171943     
   3.05917965584800     
   4.98487792552157     
  -2.32401724866508     
  -1.94834860362849     
  0.393207658388236     
  -3.75472002956286     
 -0.869492660093915     
  -3.36064495790229     
  -1.92324061082705     
  -2.84716915037172     
  0.348462642077802     
   1.61072368949779     
   5.26861756891687     
   1.61226663602986     
   4.48150961845883     
 -0.703587439132283     
  9.573970460653632E-002
  -2.73522772545898     
  -4.72197974235857     
 -0.683495390016687     
   1.82865897171454     
  -1.08335325724506     
  -1.30579198030562     
  0.420405433540776     
 -0.220363989401150     
 -0.814157189654948     
 -0.749421557673211     
  -1.84520076828605     
  0.574614797502957     
 -0.649260756538236     
 -0.418873540512682     
  -3.13727429613830     
  0.233092990814903     
  0.950945634921516     
  0.851888619986215     
   4.13141029025904     
  -1.93481431418900     
 -0.166648173191307     
  0.627067190134537     
 -0.690855963096634     
  0.151688872559150     
 -0.172418317817724     
 -0.318016945094679     
  0.443551232779552     
 -0.847913127950160     
 -0.468368098226207     
   1.21097572496213     
 -0.218005597313210     
 -0.251056286767067     
 -0.686117894077610     
 -0.321219563158570     
 -0.110907627653640     
  -1.19179646347369     
  0.152543096010178     
   1.52586673044313     
 -0.264840044936555     
  -1.80140614394923     
  -2.77747879519025     
 -0.765709380032269     
  0.164906417907029     
  -1.70060076811895     
  0.413533315434830     
  -1.11657139570951     
 -0.422331330318829     
  0.111203920281589     
  -2.06242354396559     
  -3.75319984718146     
  0.800219117608703     
  -1.30532094769497     
  4.783756832261899E-002
  3.305399667657933E-003
 -0.907883477656333     
  0.363877662548894     
 -0.798745817804960     
  0.617339109345491     
 -0.660565090019861     
  6.795669407392395E-002
  6.883150813558314E-002
   1.25546578546841     
 -0.693603421154693     
  -2.11967999606847     
  -1.64984050105333     
   1.00913129586215     
 -0.455739642908754     
   2.27687943089595     
  0.394492290411876     
  0.371788180976355     
   3.20034148460127     
   2.36362991756777     
  0.967650467242487     
  -2.83981293877942     
  -1.73748090920003     
  -1.53783284857454     
  0.458713938727141     
  -1.48126870227709     
 -0.878279725943832     
  0.549557712946804     
 -0.855865013103404     
  0.269728071031489     
   3.02615610543883     
  -1.30904306058306     
  0.456618959406450     
 -0.568641760929793     
 -0.675484107581672     
   4.07643796208445     
   2.76416373245288     
  0.436444215075570     
 -8.225894809096757E-002
  -3.66191246981651     
   2.02686559066549     
   3.19084456035419     
 -0.703983532568820     
  -2.70103413459624     
  -3.28714076344221     
  0.462100402059101     
   3.94673869724903     
   2.83000302584711     
  -6.71980499729378     
 -0.706673096686108     
   2.61694749770169     
   1.44736670454202     
   2.92828407469435     
  -1.78796398271296     
  -2.85473322685354     
  0.941412143913195     
   1.34906567721839     
  -4.94916398013113     
   1.44863506855044     
  7.570933275386763E-002
  -2.10215254323939     
 -8.908289259074684E-002
   1.28853611292470     
  -3.14992447942716     
  -2.54877247613367     
  -1.71933080963074     
  0.774460806846588     
   1.76031874017909     
  0.147585733252010     
  0.714285650522633     
   2.54863510888789     
  -2.09468502951114     
   1.22638927432448     
 -0.754105387658189     
 -0.431881320267683     
  -3.20134513058044     
  0.187662879184115     
 -0.352056538100795     
 -7.193579102665716E-002
 -9.901707208324430E-002
 -2.763298072931963E-002
  -1.16113279782639     
   1.85620243579451     
  0.659079469717311     
  0.527319347893728     
  0.134158404984621     
  -1.69627548895362     
  -2.17839741525717     
  0.503588149794781     
  -1.74082276748608     
  0.281508570247989     
 -0.146567225891701     
  0.442876298213891     
 -6.054775627940094E-002
 -0.126905939853880     
   1.69094492521998     
 -0.184274453704755     
  -1.64407466520392     
  0.304396803353860     
 -6.233677817105590E-002
  0.240048082412789     
 -0.265848447582576     
  0.793757496788205     
   2.13935239980710     
  8.135154058414393E-003
   2.75196153168172     
  0.391217622285633     
 -0.779999400713111     
  0.590610853343886     
 -0.843106794145113     
  0.307400272344516     
 -0.268604456031457     
  9.677646012483745E-003
  0.290107715663249     
 -0.349844078885711     
 -0.507769447883063     
 -0.430338105663874     
  0.472442131909756     
  0.166102102314469     
   1.87405382339577     
   1.31370659483225     
   1.00415234050519     
   1.78007097321571     
 -0.575731909617923     
 -0.835550400492487     
  0.411497499106610     
   2.48579480029197     
   1.14469518948035     
  0.325305451261514     
   1.03849347148391     
  0.589759879285639     
  -1.63702036066285     
 -0.356722554267939     
   2.10274910424126     
  0.308521114595291     
   2.21859573827211     
  0.693973458800499     
   1.02725167146673     
  -1.25759076262319     
  -2.84941997229497     
 -0.652976438395385     
  -2.71396692020442     
   1.92154580999751     
  -1.22989218187614     
  -1.50757360612582     
  8.129376043449779E-003
 -0.501907752955773     
  -4.06301428369580     
  0.436281869758465     
  -1.43843674228334     
  0.564968782492213     
 -0.476585613234566     
  0.962541365503402     
   1.44011259634832     
 -0.201158654065353     
  -2.16934065066235     
 -0.504346917574166     
 -0.868865688383293     
  0.498022287195720     
   1.65845084446263     
   1.77398227266979     
 -0.120591245698359     
  -2.38506303356681     
   4.23672653751752     
  0.304119509884803     
   1.05036093354009     
  0.457518718963363     
   2.96592255296052     
   1.62406767649717     
 -0.400305055245512     
  0.682833244440424     
   1.37372908571896     
  0.752744860754058     
  9.240130235315852E-002
 -0.460012578780078     
  0.499194504044238     
 -0.792128908745989     
  -2.49767249263072     
   1.07112560641966     
   1.08109041799733     
   1.62083774625207     
 -0.333672725787107     
  0.657633177332171     
   2.04942087045545     
   1.44145295696233     
  -2.05798179463732     
 -0.437933977790002     
  -1.58949294958920     
 -0.122226453369595     
 -0.859527233957670     
  0.335808226609622     
  0.834338015185519     
  0.438559893328042     
   1.20721827327692     
  0.189948615429548     
   2.24853665410482     
  0.379377176319556     
  0.168515370441188     
  0.731375682655484     
  7.775076535486175E-002
  0.598246527614096     
 -0.721932220521784     
   1.34335523873547     
  0.860685966522086     
 -0.245261600369775     
 -0.928781763194108     
   1.60868606921591     
 -0.392421227829122     
  0.417816376357805     
  0.914138303929367     
  0.551855526762690     
 -0.201449776825272     
  -1.90291378687158     
 -2.321264914641526E-002
 -6.924901347481818E-002
   1.86575871053495     
  0.495743321996420     
  -1.34523607371137     
  0.251411797192988     
  4.887355825305373E-002
  0.238457812374316     
  -1.81573727061324     
  0.634519511071081     
  -1.40149428176323     
 -0.129439103384165     
  0.282310642360942     
 -5.291011402865397E-004
 -0.536701036603377     
   1.05954356680325     
 -0.562801415265915     
   1.46069634661086     
  0.499160498881109     
 -0.334675640974175     
  -1.92244878622029     
   1.03175784256637     
  0.883508378823735     
   2.84156902992051     
   2.35237658719807     
  0.230521703230718     
   1.01207652154173     
  0.761193391291508     
 -0.908665326818756     
  0.409853973595321     
   1.58767049728435     
   2.23635935894108     
 -0.926590123890601     
  0.172714827579122     
 -0.264494114449831     
 -0.967168462921720     
  -1.05781631481047     
  -1.53149158057485     
   2.10184759660938     
  0.277942671594891     
 -0.607757548931761     
  0.497059875676773     
 -0.562676289969270     
  0.272636699681303     
  0.382546306211651     
  -3.26517759551698     
 
  -1.34527815969466     
   1.01873693679344     
  -1.41854079287792     
   3.23804706350953     
   5.05091321843593     
   1.05062070731298     
  0.803275851063247     
  -1.69480998076506     
  -3.23611727307903     
  0.754721170952128     
   1.21941062245513     
 -0.216828272600699     
  -1.74874080117079     
  -1.45085221601429     
   2.29524534713950     
 -0.403139268789736     
   1.34103252762952     
   2.52266102053141     
 -0.754985114255679     
   2.13373284972306     
   1.05629441413025     
 -0.504453052769481     
 -0.255395754454488     
  -1.10151456597910     
 -0.470063758068702     
  -2.60772919608246     
 -0.339817595616274     
  0.717692352012292     
 -0.491420873899313     
  -1.40263023203057     
 
  0.270211059608837     
  9.712002863596658E-002
 -7.104316061060401E-002
 -0.400822031754936     
 -0.189501860150060     
  0.196710428602493     
 -0.457458494322894     
  0.153832856805375     
  6.342434807107850E-002
  0.131241934853099     
  0.166042560886319     
 -7.149122884893014E-003
  0.189783625883308     
 -4.214808057173321E-002
 -0.161246892507713     
 -0.412556207061423     
 -6.169195478681823E-002
  0.388088037414808     
  6.999323423554572E-002
 -6.650385317291962E-002
 -0.223985393927584     
  0.229468050131276     
 -0.166120918719917     
 -5.298542084723364E-002
 -0.264000816793712     
 -0.109291470422430     
 -0.115252194024703     
  0.232767324924648     
 -0.356711703815640     
  0.240406545034030     
 
 -3.939104761904762E-004
 
  tansig  tansig 
