     33 -    30 -    30 -     1 
rmse=  40.5231meV
 -0.257622834383753     
 -0.484633884039423     
 -3.208769047244715E-002
 -2.047507784348364E-002
 -0.118729180137840     
 -0.302452767290423     
 -0.195221952848472     
 -0.109118942848248     
  0.219094161634233     
  0.299631734387014     
  9.999536055590839E-002
  0.160779503279684     
 -5.870560114236291E-003
 -2.472015857633232E-002
  0.643565121813113     
 -0.299082061044347     
  0.689366454299085     
  0.365094136248531     
 -0.439705305527110     
  0.216709152425571     
 -0.108391131690014     
  0.142805241734433     
 -0.187974929013505     
 -0.322529351458289     
  0.285552060354532     
  6.494967067127244E-003
  0.271433421368637     
  0.180421114751803     
 -1.899363923300416E-003
  0.398518439027511     
  0.224297894523430     
 -7.530266066578496E-002
 -0.212933782968233     
  0.257081391914573     
 -0.178348576534829     
 -3.674843734372306E-002
 -0.255885964140149     
 -3.617092298040495E-002
 -0.231766961562961     
 -2.862044694539020E-002
  0.352015856274313     
  0.154157890415305     
  0.137054331579407     
 -0.241742634225057     
  0.787532393941781     
 -0.540334114806846     
  0.267039294835137     
 -0.464727414563880     
 -0.108034072299188     
  0.397495350663048     
  -1.20494750177875     
  9.276227539840973E-002
 -0.300582201390723     
  0.156912991544710     
  0.427465280993957     
  0.544300186603067     
 -0.293327564931763     
  0.443774085374908     
 -0.322725128438182     
 -0.119612041625307     
  0.272137060653315     
 -0.897323466114810     
 -0.452243231313101     
  0.126387156426483     
  0.354540225253766     
  0.160486424213123     
 -0.182736994268016     
 -0.138216750334090     
 -3.012296757069258E-002
  0.174552705493061     
  0.192616197557294     
 -0.343990894560607     
 -9.937490612608180E-002
  2.808190552066313E-002
 -0.372138165496905     
 -0.321170783628365     
  0.170073194980339     
 -6.086604519821036E-003
 -0.258592625891197     
 -0.247946781885343     
  0.624995306975675     
  3.653609840898066E-002
 -2.337360090280842E-003
  2.047573048958752E-002
 -0.146314258271019     
 -4.516963761194782E-002
  0.148005891127547     
  2.797009285654917E-002
 -0.468672432307026     
  0.283200831056551     
  0.227085390291954     
 -5.067891806830840E-002
 -0.478812411799115     
   1.25921653144923     
  0.299023142929341     
 -0.379023088049037     
 -9.129485924086371E-002
 -0.248487081774622     
  0.177091550228742     
 -0.379126960364418     
 -0.293731585845803     
 -0.384917810681397     
 -0.573346495594854     
 -0.313591785365811     
  0.236291760361257     
  1.484479980425946E-002
 -0.107253060532081     
 -0.429807806134493     
 -0.299643352482716     
  1.022912346428783E-002
  0.404746354356808     
 -0.198675547777599     
  9.812712220752784E-002
 -6.422842419107058E-002
 -0.639113024991782     
  0.838346886831017     
  0.128763183534823     
 -0.121986470208668     
 -0.128524984899578     
 -0.498684782300709     
  0.195898077743192     
  0.363289400250294     
 -0.192301442305780     
  0.530815231081660     
 -0.143115210924903     
 -0.182272836224318     
  0.526191004924840     
  0.833351930459979     
 -0.234491222379354     
 -3.626880187491260E-002
 -0.224150154511295     
  0.741669121352280     
 -6.468078732327159E-002
 -0.261300382368187     
 -0.340919754099968     
  0.168910914481663     
  0.354878553336310     
  0.132650492775403     
  4.664183984288223E-002
 -0.289934613060194     
 -0.123781160815480     
  0.245101857106149     
  0.158387802046110     
  0.599127308422264     
  -1.05223519990721     
 -0.352394746449150     
  6.607810296830163E-002
 -0.390274080907621     
 -0.289179909815009     
  0.165422700819651     
  6.557426172425393E-003
  8.988773487187859E-002
 -1.702627597265077E-002
 -6.139469381306374E-002
  0.402776760637598     
 -6.385912761379206E-002
  0.123728238499237     
  0.811080963235322     
  0.228671574054082     
 -0.332549980480708     
 -0.346069446813241     
  0.217798382997451     
  0.254915027370084     
 -4.425244645303994E-002
 -3.073627913621042E-002
  0.511612695189674     
  0.262648890732264     
  0.357815194661724     
 -0.211248943960217     
  9.551374952086672E-002
 -4.103088464939205E-002
 -0.544609429652885     
  0.427509935983302     
 -3.286470185379212E-002
 -0.208420186911124     
 -0.521069663685569     
  0.360096027319568     
 -0.316002208682975     
 -7.879739537393597E-003
 -2.364452648402866E-002
 -0.189648550737206     
  0.366274065925109     
 -0.323856898142459     
  8.820006824987497E-002
 -1.975640975581761E-002
  0.744109084634361     
 -0.157514178501017     
 -4.865621955366201E-002
  6.307298294766452E-002
  0.149316033455591     
  0.112603909647395     
  0.116010679627154     
 -0.137063379852543     
 -0.426579244679820     
 -0.243117262662441     
 -0.141779646264881     
  0.323922867310548     
  0.561131953651112     
  0.177290837818653     
  9.298016526173714E-002
  0.489033026119139     
 -0.264459079750894     
 -3.800979390629410E-002
 -0.488446977560856     
 -0.724230934700526     
  5.796705106970231E-002
  1.829909059075890E-002
 -0.145366797596435     
 -0.536295904913745     
 -3.802677872696025E-002
 -0.144324333821575     
 -0.434653919276873     
  0.185801118439198     
 -0.569662961842993     
 -0.357404403571516     
  8.043501536889619E-002
 -0.547895255536498     
 -0.141928162615616     
 -0.345397833566297     
 -0.314772948055755     
 -0.208681662480016     
  0.231591070248186     
  0.185708949417361     
 -6.487833056355755E-002
 -0.147786068534515     
  0.416782528107818     
  5.267109923376034E-002
 -0.129979853761420     
  0.571185857039116     
  0.498405096572067     
  0.205605464287054     
 -0.596505994768923     
 -0.259072897324868     
  0.713996468272339     
 -4.202199802590235E-002
  0.298043737041079     
 -6.054887089967729E-002
  8.995465328968918E-002
  3.639932942613135E-002
  0.405671836377527     
  0.376979269657621     
 -3.629102548656804E-002
  0.262516600201320     
 -0.355111800786790     
 -0.227065637335401     
 -0.131688834294218     
  0.285267564934710     
  0.280167747612128     
  0.207576851731162     
  0.483561849902673     
  0.563898753768066     
  0.109229792283566     
 -0.504047492297372     
 -0.471369640438328     
 -2.761324032667186E-002
  0.265267686120296     
  9.441963172164554E-002
  0.106345652080579     
 -4.724432027861197E-002
  0.771010734385301     
  0.577258450787755     
 -0.155390572808178     
 -7.813423968354188E-002
 -0.256425335006135     
  9.457214861351088E-002
  0.323870270546415     
 -0.336236785901206     
  9.651256264401596E-002
  0.267041428331852     
 -0.197861001575794     
  0.395245118814519     
 -9.825262574263222E-002
 -0.259213382944280     
  0.202289157057508     
  0.310675483956900     
  0.236692980877488     
  3.301392453506641E-002
 -0.220438594043613     
  3.938629756899716E-002
 -0.224090568487543     
 -6.102649394807586E-002
 -1.278958440354236E-002
  0.261015412395042     
 -0.439936271220395     
  0.453993775845255     
 -0.129294197727080     
  0.233510492373591     
  0.408183146657773     
 -0.516285331125330     
  0.131630278092925     
  0.435629840063806     
  0.464119816529245     
  0.147492733580463     
  1.702274292532642E-002
 -0.302802574021109     
 -0.356184222807180     
  0.272597120068160     
 -0.635658127086453     
  0.674317881584048     
  0.791650565936313     
  0.822584526573096     
  0.386206587480630     
  0.353613347235110     
 -0.116372297731682     
 -0.122142693595944     
  4.351548500584268E-002
  0.349410049449245     
 -7.572865014184911E-002
 -7.523118300888279E-002
 -2.688865249266145E-002
 -0.245544312593848     
 -0.291376230875366     
 -6.852308047119468E-002
 -0.125676863572100     
  0.120960886329582     
  0.396986494245652     
  0.526982312505290     
  0.233466539464470     
 -0.300282288572041     
  4.880545959503170E-003
 -0.776325654906039     
  -1.07736019510273     
  0.958831066078510     
  0.546804736850244     
 -0.618421894783475     
 -0.137877406887383     
 -9.631514817982670E-002
  7.346896305061747E-002
  3.526801146024766E-002
 -0.114247475100011     
 -9.761137908087327E-003
  5.628077420936910E-002
  0.468980028564327     
  0.442555879783697     
  0.445052122115518     
  0.167708470652192     
  0.467730877121300     
 -0.185497117792337     
  0.112803051017553     
 -0.210023005997459     
  9.341395113170775E-002
  0.172235236459924     
  0.596609796864018     
  0.193554796437048     
  2.676503972243396E-002
  0.709983053285232     
 -6.955767986928077E-002
 -0.930853970261286     
  0.683073219829778     
 -0.237101319027113     
 -0.217217143917736     
 -0.200988039547386     
  6.779993267857161E-002
 -0.298772401612003     
 -1.346294423677476E-002
  0.163893212530774     
  0.116974606829686     
  0.137714682752591     
 -0.358929491697272     
  0.209350609590463     
 -9.447237814091503E-002
 -0.300972359133144     
  8.490336998579748E-003
 -0.278055365842143     
  5.449938524204552E-002
 -0.262516707238840     
 -0.516138252495578     
 -0.370315831176956     
 -3.641650153094754E-002
 -0.313036653965850     
 -0.625954595444233     
 -6.750404315118731E-002
  0.119339078315080     
 -0.125997256286316     
  0.536199291293494     
 -0.145339698351123     
  0.434302438931620     
 -3.518928204133939E-002
  0.289170495897714     
 -9.903229524637522E-002
  0.164680481037236     
  0.247662233334565     
 -0.680462881105969     
  0.572826949146417     
  0.154254368653487     
  0.717914967407011     
 -0.548240316790934     
  0.123156099433669     
 -0.471844411986568     
  0.298875549787373     
  0.845934401325704     
  0.290450218384684     
 -0.269312156262246     
  0.309342780762462     
  1.276848094029559E-003
 -0.374786640872404     
 -0.359667529087723     
  0.117721555654052     
  0.640532961750275     
  0.309828630716754     
  0.451563984296757     
  0.127786643522224     
 -0.155272140500458     
 -0.123393575095787     
  0.223745008106990     
 -0.200950992672032     
  0.157486588822945     
  0.728150848465123     
 -0.297412253663865     
 -8.439073311509032E-003
 -0.511551053483605     
  0.609761225348272     
 -0.537333707699688     
 -5.857010066440978E-002
  4.144743074506305E-002
 -1.154174652632289E-002
  0.212279454536710     
  4.158138818560081E-002
 -0.200736947204133     
  0.210237302133863     
 -0.387158241242954     
 -0.308839085622214     
 -4.217047171629870E-002
  0.102343968860582     
  0.256988454932069     
  0.840501895946290     
  7.727829034575097E-002
  8.707292913557191E-002
  0.212310099794262     
  1.413442316346850E-002
  3.029489375349647E-002
  0.767103170645387     
  0.348608090225506     
  0.187622834390127     
  0.128015567076069     
 -0.114733549931513     
  0.118187443588926     
  0.233184931099906     
  4.513940070329694E-002
  0.103761540769375     
 -0.107608238419704     
   1.04446289604472     
  0.187241543421536     
 -0.124297435458837     
 -0.947966248033018     
  0.196196982511995     
  2.610624794615592E-002
 -0.232187367009456     
 -0.245624032899295     
  0.146245491190614     
  9.022441057086419E-002
 -0.431228874644100     
 -0.163596598740684     
 -1.953147336730220E-002
  4.107004034437439E-002
  0.295160680311650     
 -0.337800364508535     
  0.310892918135774     
 -0.141604713342277     
 -0.227559717160327     
  0.312819379649571     
  0.112076808295298     
  0.223522755497987     
 -0.489082407669968     
 -0.693792097256311     
 -0.214153619555789     
 -0.121101278910873     
  0.368019763387078     
  0.151629351536727     
  0.141133197200673     
  0.274359487223251     
  0.100246740465556     
 -4.555102307702105E-002
  0.221524180410446     
  1.819472339808738E-002
  3.720123016654027E-002
 -8.854661816692613E-002
  0.151275539028122     
 -0.293751936021271     
 -0.488041249957545     
  0.550740212502453     
  0.198580723137227     
 -3.107343527567967E-002
 -8.419288283428383E-002
  0.303408854044026     
 -0.241493364914499     
  0.181698246284637     
 -0.226096942097309     
 -2.414055635805248E-002
 -1.552746131694813E-002
 -0.121594716182786     
  0.241409716404969     
 -0.248431309130120     
 -1.362534521382342E-004
  0.179004337438058     
 -8.001113141911197E-002
 -7.389416865553214E-002
  0.465679257959750     
  1.032574079476133E-002
  3.924495492888499E-002
 -2.706211434993860E-002
  3.169698348024517E-002
 -0.100795646484345     
  0.162989387853612     
  0.382495474944213     
  8.346546501409281E-002
  0.292410964550359     
 -0.308706499481550     
 -7.863082164844126E-002
 -0.459473318677368     
 -0.121577027737152     
 -0.176867599198751     
  0.279465444409076     
 -7.613479398326461E-003
  0.320456676311320     
 -0.134039418662531     
 -0.125213188963585     
  0.380436525501069     
 -0.280439223700560     
  0.270144972718106     
 -0.971437666146968     
 -8.122943659222430E-002
 -0.175533344312860     
  0.186832323578146     
 -0.145746207114088     
 -4.343670106548797E-002
  7.047010995825040E-002
 -0.143585603044696     
  7.235283850696267E-002
 -0.313087302253353     
  0.184795705829608     
  0.200933025971705     
 -3.875291719593669E-002
 -0.223188772298350     
  0.240534765976706     
 -0.322239491114194     
 -0.126970377826422     
 -0.250845974573854     
  0.285859521414957     
 -0.276538261211828     
  0.401444917584553     
  0.607656775392253     
  0.179362755214367     
  0.167589907258633     
 -0.575279325444571     
 -0.613387430014718     
 -0.760769377936949     
  0.244564700943572     
 -0.378663963876602     
 -0.127720120139148     
  0.256288748003834     
 -0.264816777203289     
  3.250637768879415E-002
 -0.191390617726379     
 -4.545747944542144E-002
  0.352475585885309     
 -0.176648209936843     
  9.391614985142935E-003
 -1.186106402499294E-002
  0.268031469214574     
  0.471567251459537     
  0.328782807059670     
 -0.406447874469131     
 -0.698181005297708     
 -0.470436690443928     
 -0.169334938460246     
  0.284379644868377     
 -0.141514055521942     
  0.146402379039521     
  3.920449770588243E-002
 -0.207460386546846     
 -9.303646802373919E-002
 -0.193418088951336     
  0.651203099569186     
 -6.304258096820599E-002
 -0.247720893991586     
 -0.673778053409418     
 -0.137082933599127     
  0.319382192024986     
  0.123620352095906     
  0.284220451155535     
 -5.448183101045359E-002
  4.876839837037369E-002
 -3.743501776762569E-002
 -0.196594621518831     
  0.605432809971031     
  0.117453614743441     
  1.790710943602220E-002
  0.407666549866760     
  0.402728436730127     
  8.933368538681376E-002
 -0.263404753996663     
  0.132070377398259     
  0.154996579285838     
  4.905367335458761E-002
 -6.640555835509421E-003
  -1.20693515223734     
 -0.284667338001236     
  0.137565313922487     
 -0.221944798021993     
  0.391478530185023     
  0.247579444897080     
  0.253101109683599     
  1.203615463695212E-002
  0.302118859644032     
  0.181065359355924     
  2.337444043575124E-003
  0.336083153982033     
 -0.279601441993855     
  0.155007825433958     
  7.383229523957277E-002
  0.232342211243440     
  0.257210551274335     
  0.315188629237253     
 -0.135847048978356     
  0.578712217717429     
 -0.197994571853889     
 -0.553369980645343     
  0.308067513896247     
  0.202221750550101     
  0.255090286455261     
 -0.267236311999401     
  4.855584319744779E-003
 -0.388331878534465     
 -0.371681170935572     
  0.206461452530672     
  0.620748204548348     
  0.360021231825496     
 -6.339964710157533E-002
 -0.134511703218161     
 -0.260202540294671     
 -0.594295154426549     
 -0.110909870443407     
  0.301487067254430     
  0.294862033808625     
  0.233709815750158     
  0.203439608445923     
  2.352939229907712E-002
 -0.140187368293275     
  0.185062043581018     
 -0.341335933023564     
 -0.601487270666636     
 -0.398492305074216     
  2.689281230261199E-002
 -0.333383310177244     
  0.723867003671656     
  0.121578127895557     
  0.565087141506613     
 -0.123539957267760     
  0.174662239499611     
 -0.238046635128396     
 -6.346135815337427E-002
 -0.247912311002523     
 -0.307655065466233     
  0.224609289103682     
 -0.300945118893243     
 -7.692408262878746E-002
 -4.918205348222864E-002
  0.561137791792973     
  0.271091777217360     
  0.292156465891842     
 -3.123109057133136E-002
 -0.450261642936863     
  0.248144031867977     
  0.314338909410783     
 -0.453511631113395     
 -0.123100597203728     
 -0.678454614187979     
 -5.881376446823998E-002
 -0.144448912360729     
 -0.420068910342956     
 -2.162114081071217E-002
  0.221578995777500     
 -1.689371206960957E-002
 -5.152205014071493E-002
 -0.852068878261345     
  0.780042111373749     
  0.151299013730755     
  9.168020857943969E-002
  0.293922156276927     
  0.117549380409741     
 -6.633801083634014E-002
 -6.560554178621957E-002
  6.788567721026915E-002
  6.103172621424367E-003
  0.116924251391474     
  0.630019142639224     
  0.718475679415284     
 -0.287687904360100     
  0.103032158447573     
 -0.112841431392728     
 -0.180201341787580     
 -0.336965315776802     
  4.533128865258247E-002
  0.409017506862349     
  0.652452719840556     
  0.358500997416699     
  0.431126912565583     
  4.311966340946397E-004
  3.432467060289680E-002
  0.259834528536440     
  4.877799274813339E-002
 -0.337421356916276     
 -4.040957296927618E-002
 -0.159791024055344     
  5.703307175953405E-002
  0.151250211723090     
 -0.347040101762743     
 -0.448622819918512     
  0.113391347544085     
  0.565977667721229     
  0.176013314539340     
 -0.412578690365281     
 -0.140361622273079     
  6.789699064423133E-002
  0.522201089217671     
 -0.237397587669113     
  1.947951719027570E-003
  0.306994815415865     
  5.800969282812249E-002
 -1.668284698911660E-002
  0.251838147793828     
 -0.302704355239073     
 -0.176742606538763     
 -2.882027273755327E-002
  0.307698383754225     
 -0.360412204807346     
 -0.306178249327299     
  1.408827594359674E-004
 -5.361740402567870E-002
  0.171742059535061     
  0.221897573789116     
 -0.330860424546543     
 -8.255612370838483E-002
 -4.108794957743631E-002
 -0.534869617792220     
 -6.195627093340272E-002
  0.376103527030025     
 -0.287648289036887     
 -3.230016226410524E-003
  8.801891474986706E-002
  0.222817896792363     
 -0.209045129137704     
  0.138953457423272     
  0.257107678920715     
  0.737520398466877     
  1.290489918311805E-002
 -0.460514805121638     
  0.191023614488600     
 -0.390790485975472     
  0.190630007718037     
 -6.315803300120069E-003
  1.596830813610968E-002
  0.238351785518591     
  0.156969969515877     
  0.489384337788413     
 -0.361760338598975     
  0.164953143661815     
  0.780184518762828     
  0.427819164307740     
 -0.147470515010849     
  0.261182389506596     
 -0.322907592611510     
  0.218119717984845     
 -9.540766617173500E-002
  7.551720248583416E-002
  0.123156198216079     
 -0.298719292182301     
  8.106873631742136E-002
  4.772837630337145E-002
 -4.161642535417982E-002
 -0.343444303053347     
 -0.390454694109683     
 -5.288458410088204E-002
  0.164304492385340     
 -6.163040733799632E-002
 -0.176501598728912     
  0.131707346796859     
  0.348750951856394     
 -3.254974178187715E-002
  0.157831342473799     
 -0.361931121433462     
 -0.278115180369186     
  0.302262787563832     
  0.220847412743357     
 -0.547533107797593     
  0.355781084515722     
  0.307125559646926     
  0.543717014067909     
  9.758194510472259E-003
 -0.175956575230020     
  0.144228912490076     
  0.217787193143255     
  0.676590820677594     
  0.507073398243343     
  0.240431419625915     
  0.128015390148267     
 -5.897522958640483E-002
  0.575836559476294     
 -9.536458884825905E-002
  3.506342621117271E-004
 -3.748743056208795E-002
 -0.233104253239017     
  0.293820406577838     
 -0.544642003811133     
 -0.120948475767082     
  0.163586426083355     
 -0.595178995243199     
  0.147684973713950     
 -0.105363502936635     
  0.487003665289701     
  0.421609124704313     
  0.376127054011558     
  0.157858704837338     
 -0.667001916072960     
  0.278740988916849     
  0.122215934130843     
 -6.690937579778977E-002
 -0.249080164899278     
  6.636418518938705E-002
 -7.220175906427534E-002
 -0.546805514069029     
 -0.208211111271742     
  6.702012866386972E-002
 -0.472642450763959     
 -0.245357852823373     
 -0.212260546053052     
 -0.629378819504309     
 -0.352690829994103     
  0.344528117728636     
 -0.336237003322654     
  0.386985705565533     
  3.395091773248100E-003
  0.141682661152249     
  9.137590889872732E-002
 -0.301002164084545     
 -0.140405589125576     
 -0.239638696878881     
  0.261789744555656     
  0.382191827739415     
  0.536539492817388     
  4.885107978576342E-002
  5.734776491386379E-002
  0.130874068909025     
  0.176340219849024     
 -0.535588920610361     
  0.648797696987668     
  0.286137020201097     
  0.262002818761271     
 -0.208958753415825     
  0.442894508988303     
 -8.850176670283239E-002
 -0.153665804137681     
 -0.389172231147277     
 -9.052399277924576E-002
 -0.165971428012743     
 -0.130692930967037     
 -0.142480590446384     
  0.144426240269796     
 -0.136175329818190     
 -0.700386046440509     
 -0.471376461452602     
 -0.412255965947860     
  0.176224866205163     
 -0.240386350134987     
  7.479209452342021E-002
 -0.378467368129446     
 -0.441154038482779     
 -0.180149740594592     
  0.364884475579311     
 -2.585349716931586E-002
  0.282179993464580     
 -0.110208407063924     
 -0.634662970262197     
 -0.533177367809415     
  0.226618019860659     
  0.367097612874952     
  0.650112085765548     
 -0.161244236264678     
 -8.897801328941037E-002
  0.103264829761006     
  0.153582892135765     
 -0.394831518506619     
  0.443416279787249     
  0.255440060729698     
  0.323066418836850     
  0.418043084205754     
 -0.223546304185732     
  0.430535266199537     
  9.014744337854838E-002
  0.381831630150097     
  5.951503842169092E-002
  0.663472152376068     
  0.773677094639966     
  0.547395444164902     
  0.574453479715801     
 -1.931415667649615E-002
  8.911690635500558E-002
 -9.763777529749507E-002
  0.163079247491443     
  0.284810975972174     
 -3.518032560780243E-002
 -0.451379298234534     
  0.309719192279606     
 -0.437161972139277     
  0.400974009311170     
  0.123438201637758     
  3.758930150488169E-002
  7.324377148157490E-002
  1.397351074896170E-002
 -0.131580592434092     
 -9.012171730474380E-002
 -0.321370809621533     
 -0.732641947184986     
  0.613644415421096     
 -0.441154637201488     
  0.654537127274961     
  3.153961838358062E-002
  0.622300651870278     
  0.441134564805401     
 -0.340839524529263     
 -0.428932818311485     
  0.380317468942117     
  0.475934085980478     
  4.871083006373587E-002
 -0.487461009711860     
 -4.819040105084662E-002
 -0.111144021631050     
  4.080876407954831E-002
  0.308186228298259     
 -0.126997940442596     
 -3.580125831376758E-002
  0.127394344082388     
  0.422238031774824     
  0.373731393345194     
  0.100551052408145     
 -0.168547593023233     
  0.116156829691401     
 -0.395538749933813     
  0.124070364720132     
 -0.194399882018973     
  4.107609856297859E-002
 -0.589987077639025     
 -0.150544397510143     
 -0.323822964405481     
 -0.253875947141964     
 -0.545781161721057     
 -0.423867783076762     
  0.158989559159965     
  0.196858153299246     
  0.272587937336956     
  0.166799477955637     
 -5.029712264143860E-002
 -0.265584748836733     
 -0.380382349441068     
 -4.974251195283760E-004
  0.175654041278224     
  8.555582051010410E-002
  0.154902826884897     
  0.753031099315930     
  0.770874808710713     
  0.192474704869991     
  0.319352493183180     
 -9.261447454535686E-002
  0.209639200451442     
  0.217508618664403     
 -0.123939630544796     
  0.171104855012061     
  0.423366733614917     
 -6.895988178376350E-002
  0.146756576112582     
  0.109649343509999     
  0.272949520838046     
  5.015588293470716E-003
  0.468267241669250     
  0.330925705028644     
 -0.121152687879253     
  0.134143251331245     
 -0.427530769130164     
 -0.716347244098337     
 -0.160965382904835     
  7.872602585757688E-002
  0.610095397767872     
 -0.225666728703929     
 -0.557836864656336     
  0.430272806257232     
  0.505998941453537     
 -0.208906041486342     
  0.187591294476614     
 -0.181422778539967     
 
  6.829878597663810E-002
  0.127810967380920     
 -0.590822378756340     
 -0.389235190552181     
  0.195104326462648     
  0.311589983166478     
 -0.566807520790717     
 -0.389865950620022     
 -0.418451700509813     
 -0.349174696873941     
 -6.356307651858020E-002
 -0.817609779864123     
 -0.392616232850882     
  0.504565983127318     
  0.390702666563904     
 -0.581846706248985     
 -0.480157703048978     
 -4.988320929106338E-003
  0.270476187591236     
 -0.350390237930491     
  0.198039809663453     
 -0.749162032241539     
 -0.480031943686220     
 -0.167682723038291     
  0.321413889969154     
 -0.165213808955674     
  0.428389018668059     
 -0.199116816467538     
  7.644573548923894E-002
 -0.959323646036024     
 
 -0.538219732140260     
 -0.112605697810987     
 -0.277637879707216     
  0.463470013349657     
 -0.152128982984024     
 -0.259611923061913     
  5.144817619934364E-002
 -0.138784839642196     
  0.218214768601237     
 -0.634294296990215     
 -0.389160401654848     
  0.396125516815022     
 -0.574440507778742     
 -2.291741004332590E-003
  0.312232377923937     
  0.242769111483308     
 -0.492793755259351     
  0.301321472294821     
 -0.417692816386608     
  0.449275997454802     
  2.674869417526991E-002
 -0.354301831760481     
  6.902806587615565E-002
  3.109190857287418E-002
  0.239503490275256     
 -0.182831416236385     
  0.807138151646780     
 -0.793596460252209     
 -1.872730942172204E-003
 -0.149228308229259     
  0.601372071690493     
  0.165545386551746     
 -0.251007552649138     
 -0.492992319682004     
 -0.295985525651193     
  0.928952884233419     
 -0.322581825476727     
 -0.355233533727057     
 -3.371643509024907E-002
  0.228141089118710     
 -0.268569576161916     
  0.517750636133041     
 -0.702342516144199     
 -5.818299508051830E-002
  0.102462859459721     
 -2.583415321882844E-002
 -0.142785426426187     
  0.299828556954807     
  0.216493817986428     
  0.156549293911610     
  0.146284273049233     
  1.408870548763069E-002
 -5.966561855666258E-002
 -0.191870015941950     
 -1.706502512537557E-002
  0.415972088826909     
 -2.633065094780396E-002
 -0.532911760725680     
  0.154248380861415     
  -1.45742808052852     
 -0.482343814013662     
 -0.330176713880655     
  0.299184640874500     
  0.204478625186004     
  0.159760643951365     
  0.347453295942491     
  0.948856276103760     
 -0.452945521075828     
 -0.318874657672700     
  -1.00215524426314     
  7.720477397656217E-002
 -0.301154797717155     
 -0.288620474795297     
  0.202692072576125     
 -6.039791045120814E-002
 -0.339349386942741     
 -0.107261247331784     
  0.396181087363244     
  0.485824710513565     
  4.639219004491939E-002
 -0.681326691418143     
 -0.141333484526561     
  9.268807296632932E-002
  0.435877758581710     
  0.196905575070145     
 -9.371752092074168E-002
  0.444521941776953     
 -0.679776348224700     
  0.122213762882930     
 -0.354245967248534     
 -2.190419999283868E-002
 -4.973170971043749E-002
  0.171173310192872     
  0.251220321141315     
 -0.146132863216542     
 -0.166418876482090     
 -0.116274316444744     
 -3.305083005085997E-002
  0.527277764839631     
 -7.896605203001282E-002
 -0.155043060066151     
  7.553387997686083E-002
 -0.254679342717056     
 -8.377256981831960E-002
 -0.300856328551391     
 -0.334649982365080     
  8.881419391037797E-002
 -0.225777570227756     
 -8.317131343243693E-002
 -0.148964889353273     
 -0.469160480146792     
  0.563131134787963     
  0.138488212351600     
  0.280336645432695     
  0.181788231142130     
  0.126435318249719     
 -0.112545569818397     
 -0.281733174065621     
 -3.527582440951081E-002
 -0.107223123620856     
 -2.413713718828338E-002
 -0.106160322063314     
  0.142201140123382     
  0.291928267464217     
  3.421347380598041E-002
 -0.406799003529809     
  0.455713334651324     
  0.117509448543308     
 -6.314891418662344E-002
 -0.836274636995710     
  3.176130389819426E-003
 -0.371674891830149     
 -0.720024841435232     
  0.201099086918283     
  0.355802674071694     
 -0.284060501671676     
  0.256300687875444     
  0.485651880325482     
  0.194068207397926     
  0.363052368211435     
 -0.117342140541548     
 -0.385028099078045     
 -0.111515817640477     
 -0.212782499293083     
 -0.118717687668045     
  7.429465104532906E-002
 -1.054192990326796E-002
 -9.337781291372035E-002
  0.302411626573978     
 -0.246768199192974     
  0.120642143927940     
  4.214427205269252E-002
  1.446181118974585E-002
  0.181095483071894     
 -8.629351052104348E-002
  3.175553833116555E-002
  0.210500092944184     
 -0.124095363646086     
 -0.325753832855085     
  0.177269945274285     
  5.762360446807525E-002
 -0.129159692433925     
  0.175594149154918     
  0.108502227823682     
 -0.263690396587088     
  0.186407986906078     
  0.145446687627437     
 -0.238514526059076     
 -0.163518299941324     
  1.343873855076847E-002
  6.025290282991997E-002
  0.196577419991793     
  1.215492475931837E-002
  8.803675813790832E-002
  6.070057502520243E-002
  0.102136947096827     
  5.144671352742413E-003
 -7.378643072495349E-002
 -0.147531409389344     
  9.544259142357719E-002
 -0.344896528003883     
  0.318328278054709     
 -0.546601369243169     
 -0.150927611689017     
 -0.151602477143771     
 -0.231581977919745     
  7.324377482465796E-002
  1.088371159846809E-003
  8.072859639281550E-003
  0.140793819382777     
 -0.543398648519995     
  0.472588895796255     
 -0.586297001206881     
 -0.281658535372662     
  0.199380864880300     
 -0.203372797716219     
 -0.151170997241957     
  0.468276755002335     
 -5.985305577773958E-002
 -6.705883200239809E-002
 -0.118831284202323     
 -0.353994331498129     
 -0.783748924948339     
 -0.312081776303734     
  0.586562516623567     
 -0.374660605412113     
  0.142188375021026     
  0.277447781227720     
 -4.148414296667158E-002
 -0.542147458173431     
 -0.162244204461554     
  0.234905554543573     
  0.356252349609865     
 -0.286673205818359     
  0.498053502983867     
 -9.739892005006213E-002
 -3.688894321250429E-002
  0.136342504568782     
 -6.229047872426575E-002
 -0.179499887905981     
 -0.113299256480226     
 -0.614202236271250     
  0.555779454366733     
  0.431891588402346     
  0.266132403950427     
 -3.019406710339750E-002
  8.860413495177817E-002
 -1.892896700879082E-002
  0.139219579083018     
 -0.124658879719259     
 -0.317316323155373     
 -0.356688466980452     
  0.226430250958343     
  0.410646525437776     
 -4.589594975002519E-002
 -0.176461487275687     
 -0.256036430619336     
 -0.104857552549297     
 -5.767661274771825E-002
  0.320640923829180     
 -5.313752374072580E-002
 -9.653999818121627E-002
  8.790198404020043E-002
  0.110420354610696     
 -0.271496302203088     
 -0.129478454058098     
  2.660262427339729E-002
  3.472779501865508E-002
  3.089666323990187E-002
  0.417972013121970     
 -0.143945275861722     
  3.080363908818059E-002
 -3.322904779607315E-002
 -0.215582442842214     
  5.170051021831396E-002
  8.893825996886793E-003
 -5.578966008492742E-002
 -0.104605896711208     
 -0.320568911227747     
 -4.518211304806969E-002
  7.510696115771422E-002
  0.191445811368190     
 -2.690629653296419E-002
 -1.872496265583098E-002
 -7.567771314741933E-002
 -0.306446328521696     
  2.317870592980499E-002
 -1.942015786140058E-002
  0.156256406725273     
 -3.798164088320513E-002
 -0.546740381230446     
 -0.197890331200514     
 -0.833746263159527     
  0.521211872036838     
 -0.304240505790130     
 -0.276692235087151     
 -0.377696444343992     
 -0.297591897131360     
  0.750376699640190     
  7.469782408270512E-002
 -0.118152257367159     
  0.491415541776139     
  0.284120240165526     
 -0.428723406281610     
  0.407912998499948     
  0.292539417224463     
 -0.247783044888959     
 -0.125525498194955     
 -0.725054263030884     
  0.225394381232851     
 -0.372955830065829     
 -0.699551496024306     
  0.251430026159932     
  0.515965164674038     
 -0.293040754514762     
  0.634553762842198     
  6.227052184912200E-002
  0.248414601675095     
 -0.434745408520183     
  0.219184919085713     
 -0.260444179046025     
  3.153579559774052E-002
  0.483452393066374     
  2.341475826829210E-002
  6.752042711734456E-002
 -0.328117954255567     
 -0.580918912734603     
  0.171922638421007     
  0.438028322178241     
  0.464273532225665     
  0.471810594636143     
  0.172837808050552     
 -0.557464449315908     
  0.559328702806271     
 -0.148055909739893     
  0.275223222326546     
 -0.279655311264717     
 -8.498576169692088E-002
 -0.278425677690298     
 -0.226716044414914     
 -2.296758705389989E-003
 -0.115182830570636     
 -8.774888159606714E-002
 -0.105236156632895     
  0.163306540792111     
  0.282263819624547     
  0.247389420699962     
 -0.311860513975492     
 -0.114465388199235     
  0.483775114479944     
 -0.109283053038972     
  0.431485590927316     
 -1.624692187233770E-002
 -0.577678902840830     
  0.195029781751218     
  0.482286449976058     
 -0.159049041278072     
 -1.243275539041113E-002
 -2.918181299602597E-003
  0.171076132941747     
  0.793467392521654     
 -0.266067347054642     
  4.320768585855854E-002
  0.658389100089864     
 -0.267217242083104     
 -0.291587307942620     
  0.339735531434359     
  1.846770076707718E-002
  0.218536487120575     
  8.567684797077818E-002
  0.118327726246048     
 -7.676628381708961E-002
  0.324347190806144     
  0.295193637436577     
  6.398219270665463E-002
  0.190550503470322     
 -0.632046215050705     
  0.494690539732620     
  0.145532122107148     
 -0.203009324875331     
  0.208824563006758     
  0.415490293207056     
 -8.776796054488353E-003
 -0.340257787245985     
 -0.174820694938864     
 -4.851413433094128E-002
  0.144774894145867     
  0.103281297990014     
  0.410202038497893     
  3.452136313284414E-002
 -0.232970615888203     
 -0.143056319329000     
  0.115472492117337     
 -0.126806808141212     
  0.233211530954592     
 -0.288472381083593     
 -0.193069284434065     
  0.228656585757007     
  0.353839023169421     
  0.138334437363382     
  0.137601539316689     
 -3.298569015902902E-002
 -0.284371263246699     
 -0.149236709658304     
 -0.216118132159774     
  0.187395244051827     
 -0.229304741374360     
  0.415354102824791     
  0.372795323328884     
  0.201282931945848     
  0.140796161019807     
  0.144442293117427     
 -0.541241007243263     
  -1.32820648561396     
  0.461299647008331     
 -0.537630116229162     
  0.150133264004075     
  0.954718505685118     
 -9.314580568974188E-003
   1.01651237887511     
 -9.880426664438210E-002
  0.911241414792651     
  0.157946918267147     
  0.362898869708523     
  4.383002521094071E-002
  0.366821655739523     
 -0.529991270275286     
 -0.388486650002940     
 -0.610749656889884     
 -0.843305040824297     
  0.271258331274361     
 -0.117715580767037     
 -9.425298694465123E-002
 -0.441758447492401     
  0.847998821596508     
  0.463315475744905     
  -1.06921339507561     
  0.687146984162757     
  0.786007576915694     
   1.27134165865781     
 -3.055519031061650E-002
 -0.840031141389861     
  0.244314944505379     
  6.149293378496040E-003
  0.235163654992177     
 -0.195733382191897     
  0.629937400154553     
  3.342059800203745E-002
  0.462948706556567     
 -0.227960941550769     
 -0.158849799706188     
 -0.319074716868331     
 -0.594307697781969     
  0.450241280618089     
 -0.416351164649259     
 -0.329700048007886     
 -0.108231433199008     
  0.366076295282671     
  0.650617261833129     
  7.091227601841260E-002
  4.242220867122056E-002
  0.373481686593787     
 -0.337970932795607     
 -0.186534552165119     
 -0.249048287891935     
  0.227724814633451     
  0.508557203512696     
 -0.173955838554986     
  5.683222478692941E-002
 -3.866851600594728E-002
  6.654206460289198E-003
  0.243767702872963     
 -0.156660945803773     
 -3.432160066771239E-002
 -0.204183801389179     
  2.471973104935604E-003
 -0.199306204234478     
  0.203697895550173     
  0.166798106500789     
  0.452239309115689     
  0.329737156922242     
  2.163757332194687E-002
  0.190499804334045     
 -0.156503198409016     
 -0.601557663975359     
  0.334087813533874     
 -0.164870790807884     
 -0.228416517374866     
 -0.373744178704200     
 -0.193376538316052     
 -0.468816136075667     
 -0.307104129192742     
 -0.128700329700634     
  0.253753213740692     
  0.457968677816678     
  0.312620954024715     
 -0.398742952802829     
 -0.141783230568606     
  0.404655602345158     
 -0.202987547451810     
  9.615524171862830E-004
  0.167908188459092     
 -0.271134484100666     
 -0.204728440403238     
 -4.903864605173973E-002
 -0.410138405624282     
  3.108012647094025E-002
 -0.159359675825012     
  0.182866574496011     
 -3.424910994028543E-002
 -0.249989253321700     
 -2.829199779256348E-002
 -7.076839613674285E-002
  2.048144614850107E-002
  0.108597301501983     
 -0.163216471254898     
  0.188391829920033     
  0.393257191463351     
  8.336265572757297E-002
 -0.233480548675045     
  0.163702856869165     
  5.169181453737805E-002
 -0.350931486050707     
  0.202233488989658     
  0.452710218171071     
 -0.164137011172487     
 -0.124860861647811     
 -5.129580376663329E-002
  0.173576325950972     
 -0.104312890471084     
  7.459567318896319E-002
 -0.100937865774068     
  3.608808082713175E-003
  9.808267262407912E-002
  0.642327326686916     
 -2.692593742949609E-002
  0.323194184101034     
 -0.554572535419486     
  0.138386048730342     
 -0.835333552530382     
  0.612746280384705     
 -0.155103903785855     
 -4.842185583913293E-002
 -0.319020562861781     
 -3.092044282493130E-002
 -0.101571082612402     
  0.140637227107318     
  0.392865370480194     
  0.627432758827191     
 -0.352566010958658     
 -7.006879171531916E-002
  0.411605674303463     
 -0.324292667863316     
  0.530363349322253     
 -1.122836574529343E-002
 -9.282041331772910E-002
  0.421447057067961     
 -4.315494197907249E-002
 -0.255386228471909     
 -0.154228148239644     
  0.222423814957876     
  0.209755479017332     
 -0.394149791850526     
  0.597031620044154     
 -0.221863512607948     
  0.124535712003643     
  0.399727075246232     
 -0.158416760308618     
  0.248264609347552     
 -0.266015747274531     
 -0.109265178684291     
  0.410712754350327     
 -0.501987856110060     
 -0.126500599678649     
  0.191332086502433     
  0.197826542106068     
 -5.541078468135185E-002
  0.521454029468029     
  0.330881491653522     
  7.918943257773385E-003
  8.712858753626991E-002
 -0.379904364505497     
  0.410555102881030     
  0.643462720028881     
 -0.519095047687862     
  0.616805811804119     
  0.310671060622175     
  0.428326383832329     
 -0.111809687914960     
 -0.485450088005281     
  0.341017772912329     
 -0.381619326730413     
 -0.338389979808048     
 -0.194673589821628     
  0.251706980848095     
 -0.591232274612694     
  0.646372334319790     
  0.598259051643606     
  0.145154344559331     
  0.487972217148940     
  0.714779714108377     
  0.117455951399457     
  0.619671729400880     
 -0.379667656980007     
 -2.432377839471900E-002
  0.221734771712774     
  0.481357709217194     
 -0.646804008660975     
  0.567874477223254     
 -0.437668565899490     
  0.557640557317603     
  0.759779239268226     
 -0.714109695843815     
 -0.105553107970983     
  0.239228763315030     
  0.199320849946530     
 -0.430435290311268     
  0.542221153998331     
 -0.523476660726892     
  0.155114346481542     
  0.156514830387643     
  0.470387351244276     
 -0.473701265265162     
 -0.185157137338136     
  0.464683960719450     
 -0.447231012168660     
  0.111731893719254     
 -0.196894276827709     
 -3.572391565589059E-002
 -0.706963532963878     
 -0.275122588041618     
 -0.881344132561822     
 -0.249665450641524     
  7.721918640601994E-002
  0.352028269301062     
 -0.119312221672552     
  7.081468534247767E-002
  0.162607709962633     
 -0.407772054696041     
 -0.681963443423313     
  0.387358076382408     
 -0.475879307211343     
 -0.494680910046422     
  0.605639982429480     
 -0.125316267869724     
  6.448366457720926E-002
  6.307252327134465E-002
 -0.337823476074370     
  0.774396932063750     
 -9.329380859975785E-002
  0.184828452098589     
 -0.212548148353377     
  4.569391168203453E-002
 -0.182950541049636     
 -6.448015308100739E-002
  0.414379607912184     
  9.060283297360447E-002
 -0.206599881653817     
 -0.672134761978196     
 -0.464179968016568     
 -0.168229895547594     
 -1.907459692325416E-002
  0.129189856593709     
  0.248932904296955     
 -0.266732181637585     
 -0.205433769893701     
  3.558016860451881E-002
 -9.033738214439407E-002
 -0.224907158285695     
  0.244306450432617     
 -0.209612128295879     
  0.181371975781357     
 -0.168290864203915     
  0.278866839674551     
 -0.105110315833552     
 -0.125322961942073     
 -7.522666233455677E-002
  0.454912580074626     
  0.179605008017235     
 -0.158919456156052     
 -0.330192770864958     
  -1.06793857357999     
  0.395380274600614     
  0.593105140218527     
 -0.616101819932769     
  4.738312879797969E-002
  7.623403386462123E-002
 -1.503952413982622E-003
 -6.620407819234832E-002
 -0.670021567299666     
 -3.700099571017468E-002
  0.344078754818769     
 -0.136383310709995     
  0.271829759573654     
 -0.318425805898889     
  0.679567932333609     
 -0.291347867171422     
 -0.284988232850468     
 -0.461993533610961     
 -2.929059666202098E-002
 -0.998166636746913     
  0.529169787568545     
 -0.660892536114527     
  0.113783883525646     
 -0.483720748936916     
 -0.923061710086367     
  0.383816794484161     
 -0.337447391377217     
 -0.131224783791964     
  0.663419858881436     
 -0.470973052745017     
  0.483338005730675     
 -0.148002727247035     
  0.216862083007205     
 -1.691662460042110E-003
  0.183458571269516     
  4.365302008575653E-002
  0.196287594148229     
 -7.679955765805840E-002
 -0.126298618715968     
  7.906412401671704E-003
 -0.459399894906774     
 -0.274576856212557     
 -8.420698080940743E-002
 -0.239579049131658     
  0.580659504965290     
  0.322117991629488     
 -0.265414472697577     
 -0.465057246477050     
  0.316567778484787     
 -0.341515326946277     
  0.226161484346540     
 -0.171610574511757     
  0.336370706204261     
  0.180257891373131     
  0.214640403108889     
 -0.696237029676865     
  5.774244793770356E-002
 -0.259205643003176     
  0.239806634809403     
 -0.266502631984229     
  0.530729703145511     
 -0.367915395561124     
 -5.233346606048601E-002
 -0.279212751802428     
  0.100619217405388     
  0.486900038738619     
  0.193321176509553     
  0.206560477117314     
 -9.692925905264363E-002
 -0.357270370586206     
 -0.225248392205399     
  0.117827109393121     
 -0.743667070467716     
  0.521771338238535     
 -1.016670287166561E-002
  0.481095908751271     
  9.400394929866858E-003
  0.611446634279717     
  0.173143715877977     
  0.142433032483573     
 -0.246128348295628     
  0.266449377895228     
 -0.172658154789300     
 -0.290861931058965     
  5.870075051336082E-002
 -0.233537862234899     
  9.485101378558732E-002
  1.654570043480738E-002
 -8.685991049017638E-002
 -0.132952663381942     
  0.340693178620141     
 -0.142279875734925     
  6.211926604049123E-003
 -0.212822533002364     
  0.183282586989890     
  6.431400669620026E-002
 -3.104172399506709E-002
 -0.122612563618652     
  7.523169843288383E-002
 -0.355036501387490     
 -0.115479166577488     
 -7.260587550246182E-002
 -2.701253656441902E-002
  0.203610139547776     
 -7.229629110210092E-002
 -0.346144070705479     
  6.381169437823028E-002
  0.137683667637956     
 -9.815833075945317E-002
  3.680383879495110E-002
 -0.207863167985837     
  0.181233745596384     
 -0.191817911695325     
  7.201264935017329E-002
 -3.361433216672811E-002
  0.227994557584622     
  0.152676467843601     
 -8.085950574216103E-002
 -0.347815867579376     
 -0.236216502188652     
  0.412743226371016     
  0.274898008262736     
 -0.333525264413574     
 -0.160199915590073     
 -0.327634593893607     
 -0.174630408306580     
  0.405650235619099     
  0.235738344325801     
 -0.139253347303472     
 -5.516667872892630E-002
 -0.343292248694722     
 -4.843380546405934E-002
 -0.490947916696677     
  0.180813344321119     
 -0.424371342686815     
  2.903401151322601E-002
 -0.268544357497814     
 -0.152129811087648     
 -0.463702875680369     
  0.135966975935442     
 -0.212356173157913     
 -0.142145624667893     
  0.445774737486344     
  2.473196616910007E-002
  0.442879552382048     
 -0.176523609108616     
  6.949233556659790E-002
  0.484468698853775     
  0.537919490851340     
  0.327225515076204     
 -4.846702957209954E-002
  5.219781300601987E-002
 -0.694342883140328     
 -9.309659713905069E-002
  8.754747773993818E-002
 -0.331217995322326     
  0.187767824806117     
  0.584583062406884     
  0.107151848488118     
  0.531131377570488     
 -0.472782844144729     
 -0.132574892556045     
 -7.491331284928653E-002
 -1.052968243558295E-002
  0.119592687498561     
  0.278100180780705     
  7.709726728633892E-002
  1.568398086798341E-002
 -0.226791941794334     
  0.476750830283864     
  0.554216011300368     
 -0.350866175736730     
 -0.336786897288616     
 -0.174863506333611     
 -6.369265692557663E-002
 -0.106750213295173     
 -7.414849720433379E-002
 -0.443957438708078     
 -0.457608357229478     
 -0.203628915210283     
 -0.303293314667485     
  0.262565735026012     
  0.225236550866462     
 -0.311516970907217     
  0.270570412706896     
  8.625273426918792E-002
 -4.242142288560835E-002
 -1.980504519706068E-002
 -4.785708481367106E-002
  0.211425218544387     
  0.331624591624639     
  3.693200374743220E-002
  0.376212627190690     
  5.178074198993651E-002
  0.320659612256126     
 -6.581124977554563E-003
 -0.148567280271926     
  0.484999011063721     
 -0.152486097752748     
 -0.151960497699174     
 -0.164866138916366     
  6.819243511507092E-002
 -2.552304698954091E-002
  0.332663452036164     
 -7.955365938350631E-002
 -4.034650807551637E-002
  0.116468924632577     
  0.329879222923032     
  0.191441007043481     
 -0.193235207973400     
  0.143001049133383     
 -0.386780451994684     
 -6.604542879517267E-002
 -9.877245552418841E-002
 -9.827405665275388E-002
  5.231051658165643E-002
  0.123332810490061     
  0.229036796110131     
  0.304661226072019     
  0.416765853998073     
  0.425742793650290     
  0.286242865206729     
  0.149560786193993     
 -6.102286689350604E-002
 -0.118007200005054     
  0.108821528893768     
  0.254471847355944     
  0.130885897045200     
  0.410356177912274     
 -0.131735066058329     
 -0.360951224631166     
 -0.303800370105662     
  0.277424843761846     
 -0.173569371620568     
  3.358775638087137E-002
 -7.485698052472035E-002
  0.224703569947975     
 -9.407048933051722E-003
 -0.255940140447631     
 
  0.232800605833096     
  0.284609199432856     
  2.215163173440971E-002
  0.202764193800604     
 -0.438447421480879     
 -0.136372816391098     
  0.375652533701018     
  6.382178105894092E-002
 -0.104404680962337     
 -0.161984201099608     
 -1.155407833667634E-002
  0.127109799129198     
  0.112762247858604     
 -0.439899085903471     
  0.362888186158363     
 -2.552944291814786E-002
  0.479643122235668     
  0.139591269819658     
 -0.114424148519666     
 -0.518962473362844     
  0.331627784479233     
  5.666042295109629E-002
 -0.773024721623333     
 -0.449516482060031     
 -0.824135101641144     
  0.206268534026520     
  0.291863212729154     
  0.207064520350047     
  2.632346121283075E-002
 -0.315625633297155     
 
 -9.617430934093321E-002
  9.698508392247007E-002
  8.229537718279253E-002
  0.147768564093119     
  0.201716263599415     
  8.240858768653103E-003
  0.246376492194626     
 -4.887158710115383E-002
 -2.849582690946247E-002
  0.182736524294013     
 -0.101913421751994     
  7.020301199201985E-002
  3.794098340230014E-002
  0.222942492669852     
 -0.189323135191505     
 -0.314489176320799     
  0.110216208656628     
 -0.316846077792328     
 -9.160642817249708E-002
  0.333685885375877     
  0.118081765747439     
 -0.148539443194591     
 -0.127455484265306     
 -0.147219521034947     
 -0.318010401950406     
  0.126202351698457     
  5.367642174769073E-002
 -0.240491289444896     
 -6.708004962061137E-002
  2.280807417081751E-002
 
 -3.939104761904762E-004
 
  tansig  tansig 
