 0.154556510477011799E+01
 0.248957355466548957E+01
 0.358897332590791951E+01
 0.122441578370657209E+00
 0.739894878239932968E-01
 0.316969475008383927E+01
-0.721534595876223595E+00
 0.589942093087772457E+00
 0.280882269544982355E+00
 0.130795226973216827E+00
 0.119629030027409833E+01
 0.462319745088822565E+00
 0.294789114709006705E+00
 0.987852020648106732E+00
 0.325442997904254461E+00
 0.221362931680108482E+00
 0.165566257591427679E+00
 0.881341044555904785E+00
 0.659236923761838955E+00
 0.947050734434630032E-01
 0.948589846095799910E-01
 0.284649201648546679E+00
 0.116803551487541202E+01
 0.436502691850220947E+00
 0.581207004662106508E+00
-0.436466665693215572E+00
 0.571792553694192573E+00
 0.396596748029495572E+00
 0.616394177103099628E+00
 0.989794823875478569E+00
 0.122614073910963084E+01
 0.360227139613277403E+00
 0.647388343506011932E+00
 0.152382010581138272E+01
 0.290472058149893231E+01
 0.121746673318457810E+01
 0.246673065075565168E+01
 0.345874812941964116E+01
 0.376717566964137607E+01
 0.287070057017100000E+01
 0.698143274478586839E+01
 0.667206421248603476E+01
 0.408931053487724672E+01
 0.635207219479286128E-01
 0.352939924777070438E-01
 0.583064940603170800E+01
-0.176223877745242574E+01
-0.768177004465426472E+00
-0.429315412284397568E+00
 0.452098514793389972E+00
 0.197119497480415240E+01
 0.317184761548793159E+00
 0.185010143904610652E+00
 0.109737600683932923E+01
-0.887131083238736129E+00
 0.409047253735977667E+00
 0.273665364986205750E+00
 0.594060257622658683E+00
-0.452983153316651288E+00
 0.258520904416546460E+00
 0.176592421794279475E+00
 0.780291181058320404E+00
 0.190201193887706621E+00
 0.171058359879839417E+00
 0.156573841377902645E+00
 0.639909803262057708E+00
-0.482383123587945550E+00
 0.149078678486298716E+00
 0.169416131906488437E+00
 0.978277676966963550E+00
 0.237912923575659740E+00
 0.219474033886106028E-01
 0.298558200569042816E-01
 0.194535280147589362E+01
 0.678132902463596809E-01
 0.417157636029219847E+00
 0.606557373633707764E+00
 0.868171221204348420E+00
 0.117178560180775082E+01
 0.411777931117254081E+00
 0.807364009240764235E+00
 0.448514757103136397E+01
 0.971252485665156984E+00
 0.855645558222717817E+00
 0.217894628432463255E+01
 0.319349008684311508E+01
 0.417955440249276933E+01
 0.560313488378892721E+00
 0.283203206688932119E+00
 0.277985094765108220E+01
 0.202744961019080172E+01
-0.227346076065443575E+00
-0.737844118349287176E-01
 0.108897486533376520E+01
 0.885073930652222285E+00
-0.106096249820619812E+00
-0.428499147330669503E-01
 0.643593616681908287E+00
-0.231653637386188105E+00
-0.768843403093870739E-02
-0.413053734975946715E-02
 0.430708129730805134E+00
 0.385767741486412472E-02
-0.194063460189497251E-01
-0.136971468962631421E-01
 0.263546381051337320E+00
 0.143239875211609524E+00
-0.497362615158604762E-02
-0.439635709166216575E-02
 0.296779920744081382E+00
 0.240416000213904343E-01
-0.170894640703882425E-01
-0.176185761569528539E-01
 0.307284750163236586E+00
 0.932185720272894341E-01
-0.963063457985896716E-02
-0.122714111839871774E-01
-0.143005207457961386E+00
 0.324401366643263356E+00
 0.107514290650578673E+00
 0.149175245038378534E+00
 0.151329434749417818E+00
 0.293588719703631873E+00
-0.593203808000111535E-01
-0.101967454526053783E+00
 0.111347958923748203E+01
-0.269174007512389957E+00
 0.160907185120329893E+00
 0.359426375220726568E+00
 0.145135813024874238E+01
 0.387378864785335064E+00
 0.486127341749900022E+00
