 0.122218955357877718E+00
 0.136011095344590704E+01
 0.294553620724238963E+01
-0.402806960124375057E+00
-0.184506841157756257E+00
 0.205985832375695299E+01
 0.157172811104400445E+01
-0.262799824651297920E+00
-0.134429381598505093E+00
 0.128145608756037777E+01
 0.102178096319908440E+01
-0.390860824953468203E-01
-0.249287093936091872E-01
 0.749117045768758261E+00
 0.904658683655393037E+00
 0.153739064252436414E+00
 0.126788609446705086E+00
 0.794480654568982980E+00
 0.349609967124419538E-01
 0.120331531471712230E+00
 0.131240048775895263E+00
 0.997310967332545983E+00
-0.436246088891397266E+00
 0.601325538589102954E-01
 0.845289826976384634E-01
 0.139671728866188749E+01
 0.724688208352338825E+00
 0.399341310467452637E+00
 0.665374968963132862E+00
-0.107589200835120158E+01
 0.279925639406772564E+00
 0.814212090813220324E+00
 0.150294977969758237E+01
-0.629833202541221354E-01
 0.724011834190673165E+00
 0.995874805610449720E+00
 0.204337228653328129E+01
 0.625429603664278755E+01
 0.539550099472012512E+01
 0.132106138487854996E+01
 0.347332016159725621E+01
 0.100663844410510794E+02
 0.179171718263147142E+02
 0.635089712965680297E-02
 0.386928461448795896E-02
 0.384739228016966495E+01
 0.194361805775691820E+01
-0.318699181422932853E+00
-0.134435858452516960E+00
 0.178409810181349648E+01
-0.592920989958208078E+00
 0.889470820229637388E-01
 0.435148178765025970E-01
 0.933303931668805875E+00
-0.607006088784231346E+00
-0.546061624718311156E-01
-0.330650402027736420E-01
 0.769071410960880497E+00
 0.467492027553945200E+00
-0.456192751432842394E-01
-0.336565103039074276E-01
 0.548639839259193907E+00
 0.473199308987996670E+00
-0.311527538551334172E-01
-0.307605961145153567E-01
 0.375274846874622037E+00
 0.638914986771215943E+00
 0.679473455402460486E-01
 0.824656775303954509E-01
 0.668037797319161020E+00
-0.116469192908144267E+00
 0.106150135325686443E+00
 0.165237561262930627E+00
-0.349290456698249263E+00
-0.329870906960285981E+00
-0.168804037127217227E+00
-0.273774493777279748E+00
 0.743820415494183096E+00
 0.638671737042213805E+00
 0.453981114082965043E+00
 0.875869338863757507E+00
 0.233589231533238717E+01
 0.217941239773761319E+01
 0.599424648852658892E+00
 0.145770193592981490E+01
 0.420756749949613429E+01
 0.101237312884567991E+02
-0.213543070517982242E+00
-0.682962348670835134E-01
 0.273277860425453456E+01
-0.998670050304123619E-01
 0.589839555349097600E+00
 0.234777970091415711E+00
 0.610800035375220873E+00
 0.445515148751390200E+00
-0.678588348803962904E-01
-0.269375147883976936E-01
 0.532639327013833652E+00
-0.373220978286754101E+00
 0.861204627004761719E-01
 0.422059007812626286E-01
 0.268613145184608881E+00
 0.987766956569601090E-01
 0.179370823988295493E-01
 0.127635365320047569E-01
 0.209193730028405189E+00
-0.129876303820770950E+00
-0.520153323146947243E-02
-0.498032114955882128E-02
 0.228239727849081059E+00
 0.115029855151201774E+00
-0.270484791347125920E-01
-0.321466292632762510E-01
 0.217425537396599727E+00
 0.131921171964996892E+00
-0.184239899796025883E-01
-0.239323114925662321E-01
 0.236577828625533886E-01
 0.348053359629967196E+00
 0.294388836894422280E-01
 0.415628816807607424E-01
 0.365946181488672695E+00
 0.232163528614537956E+00
 0.302961915020030130E-02
 0.536824159641909222E-02
 0.935879919206363153E+00
-0.728189865251621438E+00
 0.330828053156953100E-01
 0.755426712532544092E-01
 0.195120434260406928E+00
 0.214360612416373764E+01
 0.489434741626074588E+00
