-0.646124543449054789E+00
 0.508187738852895365E+00
 0.398760310649064298E+01
 0.325717283286523829E+00
 0.181567594299783475E+00
 0.606150886742742978E+00
 0.123609127852074518E+01
 0.135043013769742898E+00
 0.956671069773657318E-01
 0.939793433094320174E+00
 0.470741036113137210E-01
 0.233716330712020692E+00
 0.180553147910535006E+00
 0.829658337928937173E+00
 0.499268580583175081E+00
 0.501798092128666884E+00
 0.476862969613278731E+00
 0.192257945013632220E+00
 0.246731480639265727E+00
 0.394154301171012536E-01
 0.401713676406764142E-01
 0.607076591534525645E+00
 0.134391249573023885E+01
 0.454966483403764110E+00
 0.555019550105445458E+00
 0.650611442715508803E-01
 0.500124408258211361E+00
 0.944697162427563797E-01
 0.140411917841745226E+00
 0.768639397623587683E+00
 0.635988642950004457E+00
 0.645371831605548341E+00
 0.111535431067215995E+01
 0.716617493087476798E+00
 0.178059785704918561E+01
 0.595718105083612115E+00
 0.129429487006682598E+01
 0.255235124278439063E+01
 0.372001216414133307E+01
 0.183370870896838700E+01
 0.505203472047581847E+01
 0.447427703233560070E+01
 0.206200214636653811E+01
-0.139423098820375024E+01
-0.288128833900841819E+00
 0.134058549155197126E+01
 0.188758752867049595E+01
-0.326800642189534973E+00
-0.172441483206324853E+00
 0.746858676196963556E+00
 0.103864625320237081E+01
 0.983485093477032002E-01
 0.585123136317246134E-01
 0.855821942982828432E+00
-0.275923110741320421E+00
 0.269275884142315569E+00
 0.163704677263487558E+00
 0.201726299132339137E+00
 0.172835365621337222E+00
 0.359866974105764903E+00
 0.292485775523390557E+00
-0.779770008857243041E-01
 0.497967730693335900E-01
-0.206404306264448889E+00
-0.211906067214647997E+00
 0.319591086738929497E+00
 0.204533483122381177E+00
 0.131071791006031585E+00
 0.156727307371302332E+00
 0.531616389264627620E+00
-0.154746880522020236E+00
 0.924280143962303985E-01
 0.120946767304498520E+00
-0.423023696895573967E-01
 0.331119938290297067E+00
-0.362535476680173330E-01
-0.574166995871374791E-01
 0.394445273882751579E+00
 0.855088927778534957E+00
 0.263934034393481287E+00
 0.509888307853219924E+00
 0.129905039460222005E+01
-0.593708247046062843E+00
-0.329598284826361276E+00
-0.818335309823517321E+00
 0.390529751529257485E+01
 0.209898168892728787E+01
-0.898631547910112988E-01
-0.343517217860178775E-01
 0.120837863160323300E+01
 0.128556468262461387E+01
 0.432655599172742933E+00
 0.201145737785876966E+00
 0.435317938979521590E+00
 0.342349078669475004E+00
 0.320295843412415349E-01
 0.177827325428089565E-01
 0.219942990218792739E+00
 0.406276264421698230E+00
 0.103371178096850119E+00
 0.618443770903165033E-01
 0.273502051152266445E+00
 0.197109397157141264E+00
 0.112597031362467338E-01
 0.875487060392650222E-02
 0.135435608065276825E+00
 0.228828464563501671E+00
 0.716152660720375950E-01
 0.667622495388533743E-01
 0.260019649780863712E-01
 0.114610009360762381E-01
 0.767285333389527840E-01
 0.807777998596701796E-01
 0.510980772205235495E-01
 0.666509841390316993E-01
-0.287813279278318138E-01
-0.329550057066877802E-01
 0.150550197732804897E+00
 0.161367835091192402E+00
 0.399020247501394049E-02
 0.583317788010672116E-02
 0.781384174259838193E-01
 0.792678647878646836E-01
 0.972146318259898973E-01
 0.175288268792320318E+00
 0.194026938605272148E+00
 0.350199753322925841E-01
 0.147767521138831764E+00
 0.342938196235426984E+00
 0.550514371400809721E+00
 0.170727017853619767E+00
 0.000000000000000000E+00
