 0.112172380646158376E+01
 0.121383139852570873E-01
 0.157039654504333148E+01
 0.223147191071353425E-01
 0.140746024320271383E-01
-0.470958543933156670E+00
 0.133507222585091179E+01
 0.161637796710215609E-01
 0.107277508144521094E-01
 0.171248979419803304E+01
 0.668111777252173161E-01
-0.166876278063696232E+00
-0.130410263508706076E+00
 0.116184165484296620E+01
 0.591999806220813163E+00
 0.151661443990241979E+00
 0.134651373927395790E+00
 0.943204530007030528E+00
 0.451783121894654527E+00
-0.469079162904437241E+00
-0.474622360098625740E+00
 0.598994116265131105E+00
 0.608593037132092674E+00
 0.137795464890909519E+00
 0.180350493652399108E+00
 0.235303085037734316E+01
-0.517648226911221476E+00
 0.614801626898535680E+00
 0.881280790051118590E+00
 0.425153869490777825E+00
 0.832423885881868553E+00
 0.314239859716124781E+00
 0.567491081664601604E+00
 0.349638965437788629E+01
 0.464122073067698981E+00
 0.185150878247883277E+01
 0.428917764718911076E+01
 0.334731555359344624E+01
-0.314399811155199860E+01
 0.326800858884168166E+01
 0.861757765632004791E+01
 0.582407989129054116E+01
 0.144286784977452935E+02
 0.122119684575149168E+01
 0.276023571175561644E+00
 0.540289731008776308E+00
 0.179173092911959397E+01
 0.901016462111276950E+00
 0.514431891651916828E+00
 0.100162800973178312E+01
 0.679033897713570034E+00
-0.213797432209337279E+00
-0.129277633104823098E+00
 0.605660848259994999E+00
 0.431568586350090877E+00
 0.136425416737293831E+00
 0.958036225374113010E-01
 0.763637828024499976E+00
 0.397648304128810526E+00
 0.199761144086402637E+00
 0.161076089103410092E+00
 0.460219592679393774E+00
 0.345762498353308412E+00
 0.136241189757538794E+00
 0.127079830131078153E+00
 0.521854557012162878E+00
 0.388973837545795453E+00
 0.128937247886302286E+00
 0.138730164005161305E+00
 0.854185229240738475E+00
-0.458252714843264186E+00
 0.202248799712954813E+00
 0.269638525731246859E+00
 0.710939308607975495E+00
 0.544210572842399376E+00
 0.234156330616032610E+00
 0.370493959596425837E+00
 0.173736151421913609E+01
 0.535764734701232537E+00
 0.489817842555652971E+00
 0.959618179670818972E+00
 0.419324045916176491E+01
-0.747732300906953751E+00
-0.118524337132425872E+01
-0.295265502588504791E+01
 0.366867379799560700E+01
-0.246585886142817357E+01
 0.658325264781784880E+00
 0.237008192971486731E+00
 0.150278861405939113E+01
-0.870621544439972528E+00
 0.318178565987161932E+00
 0.154781188803621766E+00
 0.452012599864117404E+00
 0.503500734871430655E+00
-0.141035914864630213E+00
-0.715547320969110862E-01
 0.456349945674321300E+00
 0.199367405783826335E+00
 0.543970689836165144E-02
 0.319799246830647452E-02
-0.212594298922999775E+00
 0.291111256688841025E+00
-0.437966366761286321E-01
-0.304114662718123277E-01
 0.165071733449265207E+00
 0.170849462476908409E+00
 0.167318042256147672E-02
 0.155765590050569390E-02
-0.317070996358980228E+00
 0.280021405004893587E+00
 0.751646617512373161E-01
 0.731825367291584067E-01
 0.100101658621149531E+00
 0.127552991105602559E+00
 0.224429598734064532E-02
 0.275415369635529121E-02
-0.347047033086620438E+00
 0.411474115568624121E+00
 0.133356718348781378E+00
 0.204391373667309861E+00
 0.578964797806315740E-01
 0.200633678616051400E-01
 0.868004381061668676E-02
 0.170269967159435882E-01
 0.791992601809147323E+00
 0.645504207243630113E-01
 0.310433176523763676E+00
 0.679516476544419268E+00
 0.784912989560497154E+00
 0.113411598463274838E+00
 0.686653855574791527E+00
