     33 -    30 -    30 -     1 
rmse=  22.8654meV
 -0.217423050852000     
  0.148790055595974     
  0.121749662444220     
  0.641426998553995     
  -1.00420452607015     
  0.125168673540732     
  0.793459663541604     
  4.181499034347380E-002
 -0.975269600435776     
  0.468044477615585     
  0.394745322961393     
 -0.230044677499562     
  8.696982398025559E-002
  5.222462007587120E-002
 -4.359005249950567E-002
  8.003520011043985E-002
  0.207102297991958     
  0.462942119398895     
 -0.813107918277545     
 -0.791281978015312     
  9.582701379391456E-002
 -0.239800289388669     
 -0.584873609090323     
 -0.531792898661411     
  0.729663900419675     
  0.187855175393390     
 -0.914171758153766     
 -0.191443926033454     
 -0.337069939735249     
  0.432848283298963     
  0.549268228030321     
 -0.542997364595968     
 -3.980137813453327E-002
  0.410416108213718     
 -0.715311209027900     
  0.788961402219326     
  0.375838823248533     
 -0.570535276125846     
   1.00599045557502     
  0.549329367142883     
 -0.399258931363277     
 -0.149335100581542     
  0.311963487103245     
 -0.467707935404677     
  0.481650140817726     
 -0.170468483499067     
  0.374727630408227     
  4.362253477019204E-002
 -0.569071192063316     
  0.301053912563324     
 -2.645473899662153E-002
  5.729758972683444E-002
  0.402749769841151     
 -0.177308074623975     
  0.736332464222218     
 -0.167132333705023     
 -6.425355002354683E-003
  6.073540554730593E-002
 -2.075593005601708E-002
 -0.786359833723551     
 -0.421571621324998     
 -0.340097904585637     
 -8.536583473798934E-003
 -5.278430180019248E-002
 -0.206931514577669     
 -7.216532130277541E-002
  0.376612039997770     
  -1.97784635430565     
   2.61601997370987     
 -0.218395789009607     
  -1.12913609474253     
 -0.540083758408192     
 -0.147287515733363     
   1.02494831847442     
 -5.189279742755946E-003
  2.319000839650196E-002
  0.368680493878017     
   1.04366733809080     
 -0.233528342603535     
  5.795574611734442E-002
  0.123494739276921     
  0.262964524017660     
  0.402138019057411     
  0.107458495445751     
 -0.677528331449299     
  0.682887931769309     
  4.335254853815872E-002
 -0.389919257145224     
 -8.292170115647265E-002
 -0.957670787662238     
  0.831902656663455     
  0.609344821610738     
 -0.189114638074000     
 -2.340450436440392E-002
 -0.556831545712220     
 -0.119464865136275     
 -0.360632653704119     
  0.186022920423632     
 -9.482379633754923E-003
  0.282804673368628     
 -0.475178148152779     
 -0.205079132572326     
  0.197280021724282     
 -0.180625754824223     
 -0.578219232149553     
  0.221158341278367     
 -0.306680268510126     
 -0.119453108112886     
  6.733050559656650E-002
  0.262684374257136     
 -0.151508452093726     
  0.386581173036373     
 -0.999927975453505     
  0.404056471327300     
  0.685676513389095     
 -0.201784528708818     
  0.171405346871402     
  9.457104843237657E-002
  0.500045991449666     
 -0.122896090661400     
 -0.138972135334531     
  5.412023444964131E-002
 -0.196201258493588     
  1.994487929958430E-003
 -0.289776927575311     
  6.412173600819197E-003
  0.171164563082863     
  0.342593309652692     
  9.939728886188606E-002
 -0.160168987044895     
  7.657076085261666E-002
 -3.882471509011290E-002
   3.25337466640833     
  -2.25542760144787     
  0.124028441814594     
 -0.703815684185856     
   2.03474135179445     
  0.206408291663163     
  0.381768424779261     
  0.456414661777997     
  0.161495768695416     
 -0.370579960267007     
  0.478102898883665     
  0.585014413534879     
  2.018408791577186E-002
  -1.14673691547860     
 -0.579701580289904     
 -0.792901050329257     
 -0.279391430638302     
 -0.209342132238330     
 -0.475351498029884     
 -0.408988278939446     
  0.266848855800013     
 -0.832944136772878     
 -0.269935087764720     
   1.64166245565516     
 -0.539349641488259     
  0.389019143473471     
 -0.895964311855630     
 -0.941349130903337     
  4.171207936060897E-002
  0.546180870484128     
 -0.317218205578354     
  0.459433513789032     
  9.729178789304467E-002
  0.512366424144800     
 -0.487935082873421     
  0.120054447636678     
  0.352302030499572     
 -0.264185434492862     
 -0.742503587940676     
 -0.744389309029500     
 -0.553074831487611     
  0.592402525019532     
 -0.127148783284642     
 -0.352882030941070     
  7.966955505361929E-002
  3.598965072700277E-003
  0.185006117025609     
  0.323131446667936     
 -9.739399043346372E-002
  0.529114843509853     
 -6.741817193888014E-002
  0.533646863736695     
 -0.712710059439706     
  0.931014516107350     
  -1.50688546785910     
  0.713404514819282     
 -0.110053733759090     
  7.967733208812441E-002
  0.608855363083522     
  0.713333985853958     
  0.803687807347224     
  0.732609077527637     
 -0.282217679442401     
 -0.351571413809010     
 -0.312376931071153     
  0.680182398311023     
 -0.554864134988001     
 -2.169899223326845E-002
  0.343039096821164     
  0.143819100061703     
  1.649081817586479E-002
 -0.936620997486672     
 -0.141615399822976     
  0.511230294899806     
 -0.179403233415260     
 -0.275334828099805     
  0.867219862287231     
 -4.837582572620038E-002
 -0.615103647121986     
  0.207098506220954     
 -0.619632744173078     
 -0.594658000034960     
  -1.18426583979521     
  0.858678727348964     
 -0.547685423436989     
 -0.136562697224428     
 -0.522553262398780     
  0.787385800643935     
  0.338642200576711     
 -0.385980817038533     
 -0.306524759895515     
  0.962933089815378     
  0.162109856218139     
  0.165944382687504     
  -1.50014161959195     
 -0.295607276327274     
  0.726413219826605     
  4.023216887283978E-002
 -0.429254908863004     
 -0.117922652537797     
  0.181521000251553     
  0.588568140233807     
 -4.722290718076710E-002
  0.547064581823438     
 -0.681478031980015     
 -0.205750053883773     
  0.163631406731269     
  0.199146419529071     
 -0.167474593060321     
  0.434125107171380     
 -0.479740833808048     
  0.407243153631178     
 -0.662012791267260     
 -0.157749128898947     
  0.158726885324778     
 -5.642782805844121E-002
  0.190076301008851     
  0.238312470844046     
  0.443320025204261     
 -0.202409232064663     
  0.363316747759728     
 -4.550625396373288E-002
  0.304238226506193     
 -0.938203475030033     
  0.544858289468681     
 -6.545396972908414E-002
  0.180432514456618     
 -0.145990748779000     
 -0.265884006860814     
 -7.526664874623118E-002
  0.223784363551346     
 -0.326439918378758     
  8.935546496844361E-002
 -0.515902848628413     
   1.08606967640846     
 -0.245960913405534     
   1.10191938983697     
  -1.42136419646478     
 -0.913092714984888     
  0.319108876255598     
  0.552842505821464     
 -0.182526493992760     
 -0.545034297547508     
  0.644324407752449     
 -0.735939530305284     
  0.188823873161635     
  6.648441063841701E-002
  0.137346362749849     
   1.03870432784931     
 -0.782453584430743     
  0.301207299729711     
  9.074698151532259E-002
  0.453508082080250     
 -0.757221591646268     
  0.695053514713045     
 -0.828044633322269     
 -0.391599054341586     
  0.355424837847086     
  1.052330393154667E-002
  0.634364951315393     
  0.724503772785656     
 -0.380234876094797     
 -0.159975736912525     
 -0.280423381317656     
  0.665229412449650     
 -0.146308399478540     
  0.195167676719260     
  0.325541050847722     
  0.231141251947803     
  0.381265116089660     
 -9.400295230507984E-002
  0.636052668446198     
 -2.146720079014326E-003
 -0.772907438076241     
  0.179272073630230     
  0.227159557318575     
 -6.399655535823896E-002
  0.497888517858149     
 -0.853612978523631     
  3.962130608713722E-002
 -1.475896407112647E-002
  0.514046715451402     
 -0.537025493889921     
  2.603514531052256E-003
  0.476906925305567     
 -0.622108469508958     
  0.969717019125926     
 -0.415135632896204     
  0.552536183562336     
 -0.310972472755315     
 -0.115169736016039     
 -0.401816263640852     
 -0.406231530706080     
  0.106694759065406     
  0.574946259693500     
  0.501769484911634     
 -9.805528621188583E-002
 -0.333160348677987     
  0.261692583257129     
 -0.533193212572991     
 -0.460447995210197     
  0.263710755090009     
  0.750231658870484     
  0.578017618105292     
  0.576814792893723     
 -0.340074161780170     
 -0.205232084833045     
  7.658680185804752E-002
 -9.608809975347263E-002
  0.300610259901993     
 -0.112111714832053     
 -0.246207354788560     
  0.347008865330947     
 -0.182669255659854     
 -0.143025706805412     
 -0.420784628498224     
  2.155496495096419E-002
  0.440912709968618     
 -0.324559767981195     
  0.625213692908387     
  0.249123095193300     
  0.117627717536317     
 -0.321070876311149     
  -1.13548517390733     
 -0.463761167648717     
 -0.671526470906389     
 -0.258181521256026     
  0.414689390861733     
  1.945813186908559E-002
  2.129416881359703E-002
 -0.105160266732415     
 -0.303023034493011     
 -0.255103483464910     
  0.682597864087832     
 -0.391201513520523     
 -0.479171262073175     
 -0.500110981445295     
 -0.587449185756790     
  0.641376532733732     
  0.742724757193420     
 -0.318938442161304     
  0.238393113009036     
  0.765490468931763     
 -0.579169080864683     
  2.284718937517193E-002
 -2.710307790879552E-002
   1.29779692713930     
  0.807193181749332     
 -0.783152071205337     
 -3.168912826002697E-003
  0.505107082206550     
  0.243417753168311     
 -0.826441703487075     
 -0.234422143019798     
 -0.586831087031720     
  0.819930231928289     
 -0.224402051461585     
 -0.101257986700361     
  0.277582126897855     
  0.687756517251032     
 -0.710613486014071     
 -0.363941059364910     
  0.255496804379453     
  0.198264188273420     
   1.19993693721184     
 -0.468240353461628     
  0.438866110455204     
  0.719624488440770     
  0.633421048833267     
  0.323254801404849     
  4.919367481989284E-002
 -0.210737105913941     
  0.131871726919555     
 -0.142096360571603     
 -5.908573646173312E-002
  0.170787414836089     
  0.809506636073618     
  -1.40877604756611     
   1.11877934779496     
 -0.342366123575971     
  0.355108362801177     
 -0.367868522885831     
 -5.632474347440436E-002
  0.577528581701242     
 -0.146046578148005     
 -0.148017643629097     
 -4.596734450746190E-003
  1.923820920487067E-003
  0.112656848639206     
  -1.33229755811949     
  0.186411330093048     
 -0.260835686653845     
  0.513846201475740     
  6.035031858836973E-002
  2.806476532830197E-002
  0.101929325027768     
  0.120398461438687     
 -0.284167690490470     
  0.683276970781750     
 -0.597721870768887     
 -0.302971949698157     
  0.363512184769521     
  -1.09667169177185     
 -0.679131515727476     
  0.405427372435076     
  0.217212217307555     
 -0.341194467076286     
  0.231006996347276     
 -0.549225757500486     
  0.180400076629064     
 -0.354013992373641     
  0.105424197701057     
  0.361100987831804     
  0.157557989871677     
 -0.201815729595790     
  0.310843826776284     
  0.105227930948274     
 -9.562112241332475E-002
 -0.267607551075955     
 -0.163165396267070     
  0.335800306038512     
  0.141406262012309     
  0.221425963762870     
  0.887497717785548     
  0.601198821860931     
   1.08463431287103     
 -0.324741920466683     
  0.285526147356749     
  8.246165440212801E-002
  0.126442726178813     
 -0.675428984941329     
   1.15520313487399     
 -0.128708063259193     
 -0.291235282209709     
 -0.160524972716124     
  0.398484580391778     
 -0.996039654650815     
 -0.356143926671183     
  0.443562354968627     
 -0.141986046544123     
 -0.129255720580906     
 -0.974526968124908     
  0.291279832881488     
  0.770514786114784     
 -0.494299562279350     
  0.113115661962137     
  0.110743571586449     
  3.657203104717928E-002
   1.06347089734576     
  0.486875368597853     
 -0.227178966778551     
  0.324089580021586     
 -6.935466465362235E-002
 -0.947552854873746     
  0.471575861691188     
 -0.190361773506723     
  0.850435347840437     
  0.622102956043251     
   1.14003108645520     
 -9.000456427132932E-002
 -0.368116664497503     
  0.321242114264220     
 -7.777342625913763E-002
 -7.960791085681815E-002
  0.149949324030503     
  -1.24510939317459     
   1.22084466281598     
 -0.354563290846907     
  -1.45598797653100     
   1.17887934487679     
  -1.19957320863564     
 -0.585675642601012     
  0.679618838118850     
  0.390085769460819     
   1.60471995480575     
 -0.845176555342584     
 -0.900903974475073     
   1.07516993155271     
 -0.255450554300063     
   2.73629378929235     
  -2.76464809973490     
   1.95823121193159     
  -2.38547116806949     
   1.38757688906143     
 -0.933474558848081     
  -1.21210648731429     
   1.04001270918402     
 -0.505069443182750     
  0.426165308671992     
  0.701957313757758     
  0.821759241315602     
   1.30402072665232     
 -0.408554498895410     
  6.321245544972194E-002
 -0.630522657555539     
 -0.376857906993585     
 -0.614493410315560     
  0.682438608016683     
  -1.59589298126397     
 -0.798324085031283     
 -0.129024700413597     
   1.09136576102893     
 -0.283225879759334     
 -0.329152449839173     
  0.876679330570674     
 -0.402503247152648     
  0.212241860319721     
  3.986688586823955E-002
 -0.712273581326584     
  0.684434681860799     
 -0.473067004999320     
  0.307640199251578     
 -0.145075904505858     
 -0.550335755992653     
  0.127132745703858     
  0.527315910951004     
  0.149617165860436     
 -0.249718106419178     
  0.190834970283186     
  0.704459789596841     
 -6.449251939703321E-002
 -0.530480995839547     
 -0.697695315613208     
 -0.143554990039380     
 -0.539274220823696     
 -0.483173469295914     
 -0.348017820762865     
  0.236399828390242     
  0.107704549540352     
  0.667733313038676     
 -0.543115121293144     
  -1.09935000107917     
 -0.503263188845629     
  0.240620827234800     
 -0.549006547478053     
  -1.06839113832707     
   1.52670239010305     
 -0.373298185938211     
   1.15229822778626     
  -1.49796178818803     
  0.635795522316296     
 -0.759176738776900     
   1.34069643161539     
 -0.197909638708061     
 -0.347883832543755     
   1.23193981333618     
 -0.109834575999031     
 -0.619231179765441     
 -0.438713099147716     
  0.601184126165432     
 -0.173944381370175     
  0.483165439628038     
 -0.741667325405438     
  0.727221735738218     
 -0.164474660052022     
 -0.380345750968683     
  0.270580131892264     
  -1.09535001713540     
 -0.279068414805889     
 -0.345253755770734     
  -1.21180335900545     
  0.667242979228067     
  0.150128980899756     
 -0.264699636045991     
  0.230531058187431     
  6.836083785203455E-002
  6.091099875429917E-002
  0.583022622714996     
  0.313895750688034     
 -0.178376992297251     
 -0.384113372862520     
  0.282940295002844     
 -0.359063078463143     
 -0.170469927920810     
  0.171800175832139     
 -3.756090284257020E-002
  0.475035132571581     
 -0.642221308299169     
 -8.418762915568216E-002
 -6.801947215338021E-003
 -0.321990125003511     
 -0.212016750029020     
 -0.133941778674007     
  0.197429916965415     
  0.265119270064092     
 -0.953123627011055     
  0.518944677375661     
  -1.01735305270787     
  0.149068364627112     
 -0.349243789696558     
  0.758513935602326     
  0.402812998705807     
 -6.363875109308039E-003
  3.849521875205700E-002
 -0.107520597744506     
  0.220228389181590     
 -0.540468352796377     
  0.551443870839698     
  0.529933166832524     
  0.240958721306807     
 -0.265676428840411     
 -0.127969342243484     
 -0.306691411436527     
  0.233409989582886     
  6.446398066404783E-002
 -0.505122403276930     
  0.376542960552653     
 -0.424331789503292     
  0.136031447630096     
  0.687979626193067     
  7.047944145390193E-002
  0.778034429664521     
 -0.454588688582705     
  3.110863793382829E-003
  0.101676852338905     
  0.425074948964769     
 -0.601264572190130     
  0.690830114878296     
  -1.28341899281334     
  0.354262981693961     
 -0.834562144078335     
 -0.159378327787140     
  3.116721567640372E-002
  0.620722145449413     
  4.823008533090700E-002
 -0.364997373093025     
 -0.155436803140887     
  0.396943449788956     
  0.383157807650920     
  0.182966952719045     
  0.536274334545468     
  0.294110206691728     
   1.01716534562222     
  -1.56276218840482     
 -0.746333995702811     
  -1.29186108760924     
   1.10340595955125     
 -0.278496055303562     
  0.799165551200791     
 -0.577496285372861     
   1.05122085884867     
  -1.73455849827137     
  0.796132216036021     
  0.837546198424338     
  0.268487906490241     
 -0.288042877131289     
  0.456843708430326     
  0.958106966089521     
  0.311199639394387     
 -0.501273330609923     
  0.382285223720724     
  9.268505559513901E-002
 -0.421942518483516     
 -4.643465707308350E-002
  0.466596338209349     
   1.08024428927922     
  0.948530142208991     
  -1.14772046094162     
 -0.447255833135169     
 -6.520519761685789E-002
 -6.118710691776467E-002
 -0.194028842371656     
  0.104322370787106     
 -0.153717474266611     
 -0.116362722099105     
 -0.924431314732401     
   1.61771013783947     
  0.738486352813805     
 -0.234484933740508     
 -0.713402977512954     
  0.541211848820897     
 -0.912954955716346     
  7.686831023672981E-002
 -2.837126702707776E-002
 -0.108604505031978     
  0.104325362987836     
 -0.129636415935099     
 -0.531543027842514     
  0.599160416586786     
 -0.483342409522340     
 -0.964321105352086     
 -0.110257490086310     
  0.243030951523090     
 -5.976216573631823E-002
 -0.129671449941180     
   1.23980078160851     
  -1.50019305089157     
 -2.252892817423513E-002
 -0.631741485238857     
 -0.357658771220911     
  0.967424316281184     
 -0.129380680561166     
  0.233439221297811     
 -0.139982490919640     
  0.247198756430576     
 -0.706063680098431     
  0.646847232077785     
  0.159948859936382     
 -0.152127717003287     
  0.137499427986762     
 -0.202002342257910     
  0.533591834004937     
  0.191565654296286     
 -2.394528565883648E-002
  0.251871023180497     
  0.462208277273824     
  4.025234838953213E-004
  0.109525115820838     
  0.489678684376317     
 -0.549864471193826     
  0.308433316127049     
  0.166227607200867     
 -0.173902998802922     
  0.129359107490641     
  0.156861223148539     
 -0.105155517506746     
 -0.449484272895298     
  0.196928563158448     
 -7.989634862648905E-002
  6.763951862728354E-002
 -0.457292283076491     
  4.551297083862716E-003
 -0.255664297578440     
 -0.414759232927018     
 -0.111081244184052     
 -0.101184713291845     
 -3.075525659588169E-002
  0.633006784191297     
  -1.03721686213491     
  0.259058298078500     
 -0.654036645329569     
  1.043475916510439E-002
   1.09243678024684     
 -0.263221606667959     
 -7.606257116725743E-002
  0.824401413609919     
 -0.397462443774882     
  0.433138107029668     
  0.456159139582048     
  0.512074572401691     
 -6.897621304338875E-002
  0.468861430124321     
 -0.629915020658025     
 -2.443925976024158E-002
 -0.137579573292679     
  9.380126544719357E-002
 -0.155959830536005     
  0.538694130843791     
 -0.811665276510634     
 -6.607405602267964E-002
  2.865483775437479E-002
 -0.211373342479356     
 -0.524436697651798     
 -0.605319228391419     
 -0.352998536905168     
 -0.853205748096712     
 -0.358295364974788     
 -0.440095935558154     
  2.449153776396716E-002
  0.211729284528324     
 -0.176657767852500     
  0.414962411160742     
  -1.22459859890583     
  0.640199953867078     
   1.18904577922726     
 -0.323176584626649     
 -0.815453387579533     
   1.66719162946319     
 -0.152938047931192     
  9.394989433553495E-002
  -1.03512730744332     
  0.485389653015052     
 -0.210854060408532     
 -0.240159314018392     
  0.850017549082224     
 -0.930706948293285     
  -1.45125730657150     
   1.47626579637741     
 -0.475155362401340     
 -0.753901736074924     
  0.112368843186265     
 -0.360296346040313     
  0.120618314727303     
 -0.157196888933927     
 -0.217243054060915     
  -1.00643927618872     
   2.02164317744877     
 -0.139157744882230     
 -3.164003735059198E-002
 -9.156552643396655E-002
  0.189592666506085     
 -7.107490776820373E-002
  0.508259820259741     
  0.354326863199764     
 -0.575307118670349     
 -0.837796313251343     
  0.653022277435467     
 -0.199469281662313     
   1.04354747793706     
  0.420844891130325     
  1.349577027182881E-002
 -0.488228927763492     
  0.252468576771228     
 -0.556993721836426     
  0.306200876730539     
 -4.748701692405023E-002
  0.813454767006750     
 -4.136938997275649E-003
  -1.16352867727866     
  4.999816023466953E-002
  0.499207591348514     
 -0.215771431583340     
 -0.581480473335598     
  0.162205429080742     
  1.650853988200048E-002
  0.208096738740356     
  0.722046433511739     
 -0.509817753841736     
  0.489726896082806     
 -0.141167229834567     
 -0.488862603097836     
 -0.559008752178282     
  0.601042274290614     
  0.110802914214096     
 -0.306271648458746     
  0.251821567226255     
  9.926371478622727E-002
 -0.413686035461261     
  0.315213056358174     
  0.412130797312200     
  0.581793175433724     
  -1.53757787730593     
 -0.463193121520365     
 -0.987704125855702     
  0.377177728731242     
 -0.319883971709394     
  4.638001580695703E-002
  0.646999994607816     
  -1.51145620383151     
  0.816894807187759     
 -4.678781908909174E-002
 -1.847022753349056E-002
  0.688002575213924     
  0.117356982163428     
 -4.163693748835044E-002
 -0.446006220948779     
  0.552267210948885     
 -0.869533326933471     
   1.59622032792729     
  -1.04155252819067     
 -0.622589257288645     
  0.290946358785026     
 -0.157646047155447     
  0.811501219162426     
 -0.705252756170715     
 -0.140261454157156     
  0.186544449139572     
 -0.420423717936576     
  0.522268185606482     
 -0.160450225453834     
 -0.197697340153583     
 -4.857330101767682E-002
 -0.183210003116115     
  0.341047984600785     
 -0.660092870379037     
 -0.971074935289317     
  0.247768316695330     
  0.500406599063264     
 -0.578991952657507     
  0.343775951186922     
 -0.165540927452763     
  0.233764871637535     
 -0.130987531620485     
 -0.111516777961082     
  0.149321608839108     
 -0.498874334771247     
  0.543655366911206     
  0.387921373573930     
 -0.324397300127849     
 -0.150899741684624     
 -0.304414249211377     
 -0.257780160574929     
 -0.145541397550933     
  3.338860047737077E-002
  6.068449960037053E-002
   1.28782248261820     
  0.605266233267015     
  0.234713670747480     
 -0.313727068259457     
  0.196859603971039     
  0.537395539519307     
 -0.107279038734441     
  0.418973754885231     
  2.605439879463576E-002
 -0.697002797625384     
  -1.10187736083712     
  0.411364268360326     
  9.145267188063023E-002
 -0.432625049139379     
  -1.08509713329590     
  0.784203771059447     
 -0.322525860774095     
 -1.901136057903562E-002
 -0.247273107944635     
  0.554267101885498     
  0.314370633853068     
 -0.512203370946038     
 -0.566742561451604     
  0.130302601015299     
 -0.551047551815536     
  0.878982392952362     
 -6.586184782951911E-002
  0.432729090439705     
 -0.458374262715300     
  0.899461517249641     
  0.901815380895122     
 -0.692384967473689     
  0.508009185495163     
  0.356344208848653     
  0.268896848730601     
  2.816376532963316E-003
 -0.119117138588771     
 -0.375569586427114     
 -6.792036448140303E-002
  0.255684641377746     
 -0.102279318000299     
 -4.661228150488331E-002
   1.02680072421755     
 -0.603398292654577     
 -0.828845762223887     
  0.859360533573427     
 -5.149694092640320E-002
  4.282592625752349E-003
  0.245412338037224     
 -4.822941384970383E-002
  8.700851048575011E-003
 -0.633869013812736     
  0.860805804313693     
 -0.640425706953081     
  0.185171651659406     
  0.428612513173066     
  0.128151733088975     
 -0.234987266403097     
  0.169246064721048     
  6.095861271881106E-002
  9.822205672266565E-002
 -0.148002618863378     
 -0.198560191703137     
 -0.298902491099554     
  0.911081582054509     
 -8.204192468308777E-002
 -0.316102371599214     
 -8.669101013102240E-002
  0.744395748046004     
 -0.201609077443717     
 -0.224134857893382     
  0.154958281388312     
 -0.104773388842610     
 
   1.40227238270625     
  -1.04686181945180     
  0.800720900887817     
 -9.554119670524615E-002
   1.96850760548378     
 -0.464654123645394     
   2.75648205494915     
 -8.220043264597272E-002
  -1.08938888040843     
  9.347088416748446E-002
  0.299106915004048     
 -0.494177173018167     
 -9.944282027557999E-002
  -1.07472671371557     
  -2.98482527959131     
   2.35105570838784     
  0.254666038267706     
   1.83553964147710     
   1.38920063082845     
 -0.467889930694350     
  -2.46347435184101     
   1.26049363215130     
 -0.762730479125223     
 -3.883620070289544E-002
   1.47905212253312     
  0.321926760366780     
   1.06572308605742     
  -1.25334334178744     
 -0.929002446022939     
 -0.896963125871819     
 
  5.568311257864366E-002
 -0.437829428692729     
  0.386482866857482     
  0.167765095262249     
 -0.944217918712727     
  -1.22988332198453     
 -0.518454587120588     
  0.296344582155700     
   1.04322486005233     
  0.198449975557105     
  -1.39675226555754     
 -0.601416132401699     
   1.26469444130272     
 -0.547907084943063     
  -2.63161422069313     
 -9.472884095453490E-002
  0.497005429263830     
  8.671364314807657E-002
   1.32426375151512     
  0.466861952143759     
  0.134002582443514     
  -1.08432673867579     
 -0.468923479868735     
 -0.112923188406887     
  0.753741341098982     
  0.218216991172016     
 -0.204606749537754     
   2.30328156986841     
  0.543288845158337     
   1.05885860894585     
 -0.270569528526160     
 -0.118947751103089     
  0.636922438209383     
  -1.45599913818904     
   1.81086319605345     
  0.327557186537893     
  0.721405439841431     
  0.969394953198429     
  -1.41778508732911     
 -0.735821006528705     
  0.251824806896758     
 -0.379891037563116     
  0.116906539959294     
 -0.210805753020819     
 -0.426607254940105     
 -0.154260071497119     
 -0.121377408639247     
 -0.884578056436601     
  -2.45970395023285     
   1.37736324714279     
  -1.66650882899906     
  0.710324558475721     
  1.476391284651907E-002
 -0.217725856809080     
 -0.752208907581282     
  -1.09390235273175     
 -0.111925653689751     
  0.440910931047706     
 -0.250527221760416     
  0.958296748889244     
 -0.133764047962043     
 -0.256779195206601     
  0.349844064580522     
 -0.761148814956617     
   1.39395763769504     
  -1.28355112121486     
  0.820384677283449     
  3.470678161599940E-002
 -0.528486077396269     
  -1.52870764996081     
 -0.740893016825609     
  -1.22021978535853     
  0.216011457503148     
 -0.127148879071998     
  0.278098661668290     
  0.186310726881818     
 -0.355348823707749     
 -0.285887376801776     
 -0.957044507227072     
   1.34344940615476     
 -0.585492088907975     
  -1.07714447042314     
  0.761443449655434     
 -0.116478098181970     
 -0.207586579354269     
  -1.22784554688083     
  0.415616480695374     
 -0.265543908316988     
  0.216021081378743     
  0.152305700762211     
   2.33457363274161     
  -3.19666557866011     
 -0.712347722092085     
  0.356709499799394     
   1.26502175585924     
  -1.50688795212673     
  3.437166583248465E-002
   3.64553411628394     
  -1.30519058090771     
  -1.17528361079673     
  0.413068497487973     
  0.808304360413742     
  0.591924234070760     
   1.81655359934328     
  -1.38042503893717     
  -1.02280245742582     
  0.118898347008254     
  -4.37675160252604     
 -0.655184857453985     
   2.02765581966363     
  -3.31726099603391     
   1.03464572194027     
   1.08587982764512     
 -0.838060234468137     
  -2.84174227136749     
  9.038702305132436E-003
   1.54376666818045     
  -1.91723869271920     
   1.66747159128532     
 -0.205909768097089     
 -0.348425237064340     
  -1.90461117617766     
 -0.473187600292667     
  0.760660875239727     
  0.453070905706611     
 -0.572802096373808     
  0.241962943788582     
  -2.00334050397039     
 -0.408024742401562     
   1.18701643536493     
  -1.19469163302767     
  0.325622230281388     
  -1.17110516868697     
  0.563254195298423     
  -1.70024399331443     
 -0.160598768825855     
  0.704377701245968     
  0.384132934536441     
 -0.399665964638034     
   1.11187166566092     
   1.38715816830044     
 -0.288366366218019     
   3.90020878781650     
  0.115623878836450     
 -0.501014288831606     
  0.644444061505455     
 -0.796879394210588     
   1.10807786478444     
  0.369827846811613     
 -0.601617477216368     
  0.730929170700899     
  -1.28371750445441     
 -0.362001475603984     
 -0.288524025185791     
 -0.169735032725170     
  0.406473250694656     
 -0.160403193233556     
  0.333294254873135     
  -1.14244096150728     
 -0.424874031778682     
   1.49014232397677     
   1.21902061775566     
 -0.453306401831416     
  0.856369216637870     
   2.24847825421743     
  0.458967489931869     
  0.192410373238105     
  -1.44541427299538     
 -0.998021240168099     
  9.064161730892401E-002
  -2.72725310750006     
  8.227245902824631E-002
   2.50558708513517     
 -0.593951106154929     
 -0.850552740437807     
  0.267597989057448     
  0.503348157771017     
  -1.24967772040927     
  0.237022789625394     
 -0.565361141307655     
 -0.174445821651158     
 -0.831878779738879     
  0.138201138342799     
 -0.293551995488700     
   1.21948679951596     
  0.508853387270943     
  0.625947220304782     
  -1.27863593936307     
 -0.158493611439997     
  0.726263109619525     
 -0.587442913176201     
 -0.666358738504570     
  0.586686324823064     
   1.43153626467953     
   1.93282408002267     
 -0.393881568617985     
  0.639914866313107     
  0.459184880776879     
 -7.863200075430082E-002
  4.127573840025506E-002
  0.400608265682805     
  -1.39837829332138     
  0.188829938616687     
 -0.238271128581732     
  -2.15988094777817     
  0.626226972029532     
  0.897176683202441     
  -1.03193061012475     
 -0.250862304093785     
  0.455008787780145     
  0.102366646528136     
   1.32067150482919     
 -0.633092535065644     
  0.150412020183294     
   1.49719933442204     
  -1.17880006566410     
   1.04040960915860     
  -2.12799536739115     
  0.446710830354265     
  0.617066479048986     
 -0.676361128690063     
  0.505865020069279     
  0.461504192654293     
 -0.507129367474548     
  -1.68000068083551     
  7.353341813999419E-002
 -0.878135766268459     
   1.33230093396548     
  -2.47455773886929     
   2.11474516982487     
 -4.636587536851755E-004
 -0.770459959219982     
  -2.20770283024982     
   1.64780774276752     
  0.112489279925247     
  0.302546864663657     
  -1.04284615411411     
   1.70216240807873     
  0.664657678981224     
 -5.291612699420005E-002
 -0.494801731905009     
  -2.32190790609275     
 -0.678168064236350     
 -0.848008198708360     
  0.132610776982537     
   1.01068407975616     
  0.121252780694277     
   1.46347831561122     
 -0.184882121561094     
   1.15314631852634     
 -0.166805745697173     
 -0.144555615091329     
   1.18369304344912     
 -9.264007785644297E-002
   1.37166211442720     
  0.321188551125823     
 -0.134735937848059     
 -8.205063684668062E-002
 -0.721985156694232     
   1.09314968912471     
  0.115199744931755     
   1.50185484846938     
   3.17626776290259     
 -0.371430480103862     
 -0.814699148527290     
 -0.558817492631494     
 -0.637766553998631     
 -0.611210014437207     
 -0.515295375548356     
  3.179606593510171E-002
   1.03077239302736     
  0.131427983298931     
  0.211308147330209     
  0.748783639858123     
  0.281706068154015     
  0.652572581664247     
  0.355643880611115     
  0.970345102855906     
 -0.832099473386652     
  0.188200944454648     
 -0.176181752269297     
   1.22853182187599     
   1.96944443918985     
  0.120347016136325     
  -2.03821499741856     
  0.205173352188343     
  0.736120722179735     
 -0.185580909702539     
  0.187386664544480     
  0.448808853760258     
 -0.409569867655871     
  0.882205246822708     
 -3.214974760358465E-002
 -0.953329479022344     
 -0.727311302944626     
  0.917920952415213     
  0.164753328534065     
   2.13215581135776     
   1.27899612251533     
  0.363180854455969     
  -1.04340281165482     
  0.790940776944943     
  9.830719514926126E-002
  0.388373633148562     
  0.197208446301980     
  -1.55670617687489     
  1.805136486287057E-002
 -2.477976130066780E-003
 -0.348019729147658     
 -0.480591684486610     
  -1.07946598516473     
 -3.702355304165696E-002
 -0.211536969366002     
   1.50309820411861     
  0.414038383694265     
 -2.987165076626794E-002
 -4.113328097770799E-002
  0.521251278842800     
   1.81685245493165     
   1.22412709661040     
  0.114031065540811     
  -1.20095202784260     
 -0.946407335418247     
  0.471074031288071     
  -2.01107303284156     
  0.545413839237929     
 -0.312566168140624     
  -1.63203089422705     
 -0.268508621694421     
 -0.496773557002869     
 -0.268365327397698     
 -0.672245074111804     
  0.207538825767436     
 -0.125646411692040     
  -1.17145415807225     
  0.502174782021717     
 -0.258632951282421     
 -0.756919779456402     
  0.334760770084552     
  0.646324127825067     
  0.153958201025451     
 -3.529085766137655E-002
  4.801597803217886E-002
 -0.662211352589709     
  -1.68234316323079     
 -0.436645164052528     
 -1.658298957579276E-002
  0.547633363884524     
  0.758366792748458     
 -0.904889295557591     
  0.662405238772174     
 -0.215514818682089     
   1.31652384960828     
 -0.151646741110760     
 -0.200080214238497     
  0.259564308901859     
 -0.303081705569817     
  0.603546252519117     
 -0.254597147312907     
 -0.177270373915072     
 -0.956508293532059     
 -0.221532214968325     
 -0.549561933203963     
   1.47549652318092     
  3.126633664493597E-002
  0.127575549847811     
  0.325547436609182     
  -1.46662072363905     
 -0.231176140283295     
   1.28661657580383     
  -1.09728725441345     
 -0.473415466589037     
  -1.31153155055431     
 -0.403100527784383     
  2.289350612159969E-002
 -0.439093559182226     
  0.684318353015829     
  0.626159008424207     
  0.243784473482383     
  0.174765692683519     
   2.05375813187216     
  0.172016755256734     
  0.898279455176121     
  0.242909262914609     
 -0.417925088290405     
  0.410547646601419     
 -0.368095620932717     
  -1.06879353727792     
 -0.569171530352747     
 -0.202026813902196     
  -2.37521613809182     
   1.47494053830452     
  -1.29953991470378     
   1.41069893195817     
   1.12915793974478     
   1.53025044951112     
  0.769953437298896     
  -2.45048295945264     
 -0.279377948493934     
  0.535615406946179     
  0.866990946846330     
 -0.315918827094979     
  -1.42126089052987     
   3.90893518066855     
 -0.141081590907895     
 -0.390686975772275     
   1.25278218608172     
  0.160685525559902     
   2.00825847115120     
 -0.683611045736333     
 -0.446432440978487     
   1.65181593915468     
   1.05736722796979     
 -0.191086276884593     
  -2.08445998584791     
  0.185624423502337     
 -0.226085441281501     
  -1.77694554662868     
  5.842459901579367E-002
  -2.74467333540776     
 -0.297791303825036     
  7.884542516614099E-002
  2.144285060537575E-002
 -0.260562336569250     
   1.40550620257890     
   1.27406513057858     
  0.351151570660525     
 -0.409264483045277     
  -1.61826097343622     
   1.59168555440372     
 -0.397026787545873     
 -0.909407719870583     
  -1.98377880899661     
  -2.26757766075457     
  -2.08193984186193     
 -0.221295745652870     
  0.608055142339670     
  0.163414186375617     
  -1.57655218266584     
   1.78274235695869     
 -0.888125836177481     
  -1.28902035409656     
  -2.02835568109873     
  0.437333130162528     
  -3.05939891287122     
  -1.28972557506503     
 -0.510985215006617     
   1.88268960706715     
 -0.327051096814585     
 -0.440273722996423     
 -0.520419279688422     
  0.373507299251398     
  2.083468169010922E-002
  6.885056722113871E-002
  0.802318390861060     
 -0.156096346288898     
 -0.243048329648899     
 -0.437589764499686     
 -0.369381623684468     
 -0.864684677162396     
  0.860085280432979     
 -0.508672274527693     
  -1.45606994462037     
  0.562064789324714     
 -0.553672086555499     
 -8.954398444747409E-002
 -0.565805018791130     
  0.357324185880805     
  0.454430692682810     
 -0.342359906581435     
 -0.423264478894795     
 -0.234836884538583     
 -0.360108851549427     
  0.508231429963036     
  0.471965319769618     
  0.189923055160107     
  0.348089904415234     
 -0.599389862678087     
 -0.262272116445251     
  0.344470220978900     
  0.869755665886610     
  0.795571453624198     
  7.607635353292679E-002
  -3.76369248179463     
  -1.41941603098991     
   1.03528629981491     
 -0.359110489638979     
   1.74955760987796     
  0.445422621459608     
   1.49426355068799     
   1.33667228317367     
   1.07739914885202     
  -2.11188138786608     
   1.78559881778594     
 -4.507717833967557E-002
  7.090559073290557E-003
 -0.320014742781753     
  0.704714623145677     
 -9.492054436074730E-002
  0.119900653135497     
  0.650405668994469     
  0.243926666934011     
 -0.313687359236200     
 -0.690668176387483     
 -0.746200323531109     
  0.142480335809680     
 -0.526064641729312     
  0.137537573845353     
 -0.443006043066987     
 -0.878043848512582     
  7.650955011787360E-002
 -0.551041341087366     
  0.314780655830111     
 -8.438209563311483E-002
  -2.76781411055647     
   1.74701430921631     
 -0.613481509925278     
  0.258274237253206     
  0.750053358587803     
   1.04863188034882     
 -6.912303798847272E-002
 -0.655750853428286     
   1.29734057773840     
  -1.18218847383421     
  -1.85799803337560     
 -0.540864693456015     
  0.534101204608379     
  0.563787428397773     
   1.30332417078471     
 -0.978624604650224     
 -0.561744817984255     
  -1.06718707904566     
  -1.11771336672181     
  0.594772106465257     
 -0.841321573519918     
  0.166002832789395     
  -1.08725150937225     
   1.05927109952135     
 -0.968134529951458     
 -0.859828801329536     
  0.806003767285640     
  -3.25613544474640     
   1.17000577002679     
  -1.14317590703204     
  0.330001771927297     
  -1.83727907075796     
  0.119252521848341     
  0.334307723206019     
   1.02222884387308     
 -0.803333679009640     
  -1.56521868515086     
  -3.50390794264879     
   1.35529337637425     
  -2.60979816830927     
   1.52489258179823     
   1.48995811992677     
  0.422419743079545     
  0.143548338410458     
  -5.29653271810628     
   1.35593086940641     
  -2.34842525191993     
  0.216342260432910     
  0.795339030854988     
  0.530861035115582     
   2.76758517440343     
  -3.57831876980350     
  0.543423172743701     
   1.28594822257570     
   1.11832841198873     
  0.107720423671447     
 -1.864615429080961E-002
   1.23288906869145     
  3.045625215237182E-002
  0.432140264876887     
 -0.947895953525984     
   1.33121384877868     
  -1.15331133169170     
  0.688024187620522     
  0.490220763106730     
   1.62651579932430     
  0.187046608581664     
  0.835480190664107     
 -0.208736090477537     
 -0.162886163004837     
  0.135513170885127     
 -5.374947593895284E-002
  0.362274889663267     
 -0.341561664920623     
   1.16694090903314     
 -0.790160525888361     
  -1.57182495056472     
  0.882723181114096     
  -3.75636576972547     
  0.496520857236736     
  0.346143961264456     
  0.563033300494086     
 -0.455263872771875     
  0.433496780894320     
 -0.457777144962744     
  0.407042839112362     
  -2.37398661847138     
   2.57023489382087     
 -1.899795120132630E-002
   1.00370412804800     
  0.837313513144675     
  -1.97284684959071     
  5.540904863395248E-002
  0.428074288122634     
 -0.408309990430985     
  -1.61603122281595     
  0.409249701309341     
  0.370577231625125     
  3.141608946782511E-002
  0.445794128328268     
  0.510314692654234     
 -0.506897823988244     
 -0.799582787276383     
   1.36911223060332     
   1.95984917685534     
  0.931701886909230     
 -0.984828001416554     
  -1.39337403562201     
   2.69268173522573     
  0.444484856565149     
 -0.391840908134501     
  3.422230860291448E-005
  0.399155922261970     
  -1.09660771921084     
 -0.751363982845336     
  0.784460998120315     
  -1.13173960991874     
 -0.923990555417390     
 -0.131091999865323     
  0.514297689815118     
   2.94244015764114     
  0.260939829273513     
 -0.156408504322998     
 -0.203027452202782     
  -1.17970150554032     
 -0.589667820474835     
  0.893763707435329     
 -0.864000308141182     
  -1.07824597379349     
  0.243487011025797     
  0.795216097024608     
  0.171642086923069     
 -0.597836451895958     
 -1.871385426714462E-002
   1.27206401296731     
 -0.335682922791342     
 -0.131676016563255     
 -0.519363026365263     
  0.922366712771094     
  -1.00357888651633     
 -0.154896316328397     
 -3.310227732334233E-002
  0.340003750777623     
  0.733582017418540     
 -6.159095901478882E-002
 -0.764122719290143     
  -1.04437496133389     
  -1.27676961053309     
  0.190273213734606     
   1.65272092260164     
  -2.29762407532236     
  0.779400813936622     
 -0.733501951736285     
  0.242557900871747     
 -0.260499737888797     
 -0.887475180739189     
  0.931137212002483     
   1.55909738720111     
   2.44320200410716     
 -0.485494569851462     
  -1.38246548556823     
  -1.94204739260693     
 -0.746365284269636     
  0.181102803879995     
  0.737093691320812     
  -2.10727965489966     
   1.46702254354544     
  -3.41241715963614     
 -0.457414364776120     
  4.091611967677670E-002
  0.471196393839320     
   2.09422305134009     
  0.713488645880758     
  -3.11015272657509     
 -0.800398508142565     
  0.177051801271968     
   1.20509349235474     
  0.349388185395442     
 -0.396152639429487     
 -0.298201237723815     
 -0.605617631606042     
  0.201417428573100     
  0.722570889728829     
 -0.835235422957172     
 -0.249264642266752     
 -0.416543326250637     
   1.42449928975933     
   2.81070565406796     
 -0.155956204164263     
   1.79995588880409     
  -1.07564553364702     
  0.225092578231669     
 -0.457978366418055     
 -0.659147261412207     
  0.149749495109792     
 -0.571632893050983     
  -1.24621705405968     
 -0.787788430218919     
   1.72814432037699     
 -6.684336272312280E-002
 -0.791896581682523     
   1.66695580667419     
 -0.826235967090382     
  0.401644574493483     
  0.770091583710135     
 -0.985197313889860     
  0.157309047171391     
  0.901412425221970     
  6.706374305850721E-002
 -0.375784736059001     
 -0.679646238808564     
 -0.437432682852100     
 -0.371052341472242     
   1.31842221457802     
 -0.428233095325007     
 -0.730897335071338     
  0.995323574029643     
   1.23674353307822     
 -0.415550983566981     
  0.774540527233741     
 -6.429373126406749E-003
  9.829293492711634E-002
  -1.15018132141172     
  -1.20196730517780     
  0.938879592749180     
 -0.144664800116590     
 -0.176353097302766     
  0.747349652605258     
 -0.597987120416547     
  0.193259061073547     
   1.46306653127237     
  0.217311011107022     
 -0.149832967006697     
 -0.597005892290735     
  0.566515383223756     
 -0.549817404237592     
  5.350463340638705E-002
  0.904121872053951     
  0.254607484276492     
 -0.227870161925058     
  0.367374033421257     
 -0.510083706180507     
  0.260836136455863     
 -1.776516860610778E-002
  0.471529704366951     
 -0.684369453176181     
 -0.303871304538914     
 -0.376865144987440     
  0.193412156594256     
 -0.560565642752505     
  0.322179084692434     
  2.303568126583206E-002
 -0.466912185986698     
  0.273229139197034     
 -0.113798040905284     
 -8.625790169438025E-002
 -0.475393418155096     
 -0.464599438376943     
  -1.93246457584210     
  0.235193484488057     
  8.923446960658339E-002
 -0.725189868586722     
  0.147482850727838     
  1.577035025001380E-002
 -6.468082293357699E-002
  0.257656379666329     
 -0.632579899527551     
  0.705949908487254     
 -0.169848138398603     
   2.24082721469194     
 -0.445370156903119     
 -0.194549815772905     
 -0.978102957669209     
  0.863934579846275     
 -0.249425560592661     
 -0.565879475107426     
 -0.313691581849708     
  0.799547217757234     
  0.296660963245383     
  -1.55027079944126     
 -0.847225747358830     
  0.672150434782078     
  0.545432948130309     
  0.666551374593992     
   2.67618616664860     
  0.176618341279977     
 -0.777471495884421     
  6.907181294245016E-002
  -1.15393191731982     
 -0.293499389478915     
  0.193663222885262     
   1.40183648008803     
 -0.358287383261113     
 -2.713027519125088E-002
 -0.336835715463357     
 -6.288044949536062E-002
  0.738557170916919     
  -2.46146934120556     
  0.508922007812737     
 -0.567156348316053     
  0.695480221228882     
  -1.74061562597855     
  0.821300653756100     
 -0.471876410143508     
  0.104854533656549     
 -0.418575504597249     
  -1.29871831781853     
  -1.80252411295646     
  0.692361622886569     
  -2.37378930327579     
  0.133372675113994     
   1.41205775702571     
 -6.701232193520407E-003
 -0.249742259789457     
  -4.25714574902431     
   1.99651659743279     
  -1.25907948390303     
 -0.380703269154144     
   1.63477835250118     
 -9.321259878560223E-002
   3.00730037667360     
  -2.42923973879333     
  0.369750681477454     
   1.38250177091547     
   1.83862449077134     
  0.449555563282132     
   1.06160989347501     
  0.751738858682072     
  9.726953151959604E-002
  -1.40566547345372     
   2.25405450850349     
   1.05070053479545     
  0.904784527751010     
  0.574004360674732     
 -9.646286584563490E-002
 -0.422975414458667     
   1.32064226203185     
  0.384136511195514     
 -8.709506952032409E-002
   1.13381224565491     
   2.15581387581314     
  8.799853914334953E-003
 -0.492836522281043     
 -0.541984142803428     
  -1.35597182309428     
 -0.750236420744826     
 -0.676088800204447     
  0.562580108846213     
 -0.284967201061661     
 -4.991030591522867E-002
 -0.204222106372556     
 -0.930656312093660     
 -3.228565543986012E-002
 -0.957375692377552     
  0.138159293887879     
  -1.11110329861259     
   2.11950296944538     
   1.58081505627954     
  4.396298235769241E-004
  -1.86981641172102     
  0.354387050710121     
   1.36623194543109     
   1.25113992508144     
   2.78984390422562     
   1.90869045007768     
  0.897106667745716     
  -1.44036753465240     
  0.609109402574033     
  0.998944262816750     
  -1.53369329083792     
   2.00264110005492     
   2.29731962688095     
 -7.640715044064579E-002
  0.477497350174328     
  0.415559257487012     
   2.61352357842998     
   2.57053259366909     
  -1.01279223515010     
  -3.50160119442145     
  0.731822143982050     
  -2.18744823671728     
  -1.65918131449225     
  -2.39330292994537     
   1.69984173164513     
  0.396472736647282     
  -2.77943915253336     
 
  0.151747188400961     
  0.124352144074613     
  0.668528025475898     
  -1.18287365136860     
   1.70356072895508     
   1.01225296630582     
   1.61183683060104     
  5.031303035623966E-002
  -1.60966222533987     
 -0.227350387348468     
  0.678616278715619     
  -1.29784321352520     
   2.19593701679831     
   1.73488471705292     
   2.14497133890538     
  0.945005759008543     
  -1.41055165409928     
  -1.74044540478264     
 -0.296802630994637     
  -2.49858640219752     
   2.45088192889737     
   2.00157995794252     
  9.123189871629722E-002
 -0.432055253891104     
 -0.464872264802852     
  0.354205471782892     
  -4.35557241098774     
 -0.168979644149139     
  -2.68285696467512     
  -1.63941898531781     
 
 -0.574679186275763     
 -0.408621209711233     
  0.881557210559559     
  9.612568817066422E-002
  -1.06684190078128     
 -0.377976299145350     
 -0.459286965666268     
 -0.135875196248287     
 -0.976046128856736     
  0.806417321306059     
   1.11788979429629     
   1.04248782966653     
 -0.580482205844576     
  0.243355565608148     
  0.274177519209114     
  -3.07508482293531     
  -2.33882400176126     
 -0.364075847405415     
  0.576502126787466     
  0.477864686377867     
 -0.133095157057976     
   19.9186409550538     
  4.943511735854150E-002
  0.656190849460463     
 -0.755147772597532     
  -5.93326842890359     
 -0.227554681834278     
 -0.677424601381713     
 -0.703489928553291     
 -0.115978212146854     
 
 -3.939104761904762E-004
 
  tansig  tansig 
