 0.519064631965726830E+00
 0.277411315007492965E+01
 0.102903161167685830E+01
 0.130819486218116365E+01
 0.790521235635752828E+00
 0.999268682232139049E+00
 0.131309025736134966E+01
-0.270851072981978414E+00
-0.128957172202582376E+00
 0.449707173021932916E+00
 0.107125893325182187E+01
 0.590246409909426673E+00
 0.376359042601436378E+00
 0.104085202321680600E+00
 0.424995047518566260E+00
 0.276208256960599363E+00
 0.206587286650609436E+00
 0.296312876357009647E+00
 0.144094922998717373E+00
 0.228506435316392503E+00
 0.228877795483762830E+00
 0.304116765793984944E+00
 0.215371504229887129E+00
 0.223042454697062853E+00
 0.296982903948380061E+00
 0.187144218614193669E+00
 0.312269279620927431E+00
 0.199861009091598207E+00
 0.310625749822962982E+00
 0.392748365125096088E+00
 0.539078697540778751E+00
 0.580952070641690632E+00
 0.104406791524057940E+01
 0.720317932109494130E+00
 0.478439269258364108E+00
 0.720451860614992667E+00
 0.145972012091398051E+01
 0.178589569870719367E+01
 0.124734702967514122E+01
 0.111230378004523822E+01
 0.270507976793077898E+01
 0.410656606423673409E+01
 0.400771855160809842E+01
 0.291703947050693158E+01
 0.162079343515086527E+01
 0.211778784707192935E+01
 0.332427185903841771E+01
 0.449231086622400078E+00
 0.251064309453621182E+00
 0.195097841818335960E+01
 0.706538163491709281E+00
-0.111945143321455720E+00
-0.652962865372042067E-01
 0.111165401561787669E+01
 0.750032032891970402E+00
 0.163506627559178802E+00
 0.109391031231633573E+00
 0.955957301496759948E+00
-0.252234402095974475E+00
 0.228458075407442812E+00
 0.156056876350917861E+00
 0.369711044414245349E+00
 0.430822891800472563E+00
 0.367643578726882525E+00
 0.336513032275201185E+00
 0.929877370260888958E-01
 0.210378768241498759E+00
 0.174563478788617998E+00
 0.198377592616143517E+00
 0.437566000815220568E+00
 0.248780352343335065E+00
 0.151896638061609968E+00
 0.206630306689015414E+00
 0.937177709964150285E+00
-0.121300667152719255E+00
 0.231690562130099142E+00
 0.336883726255238991E+00
 0.121385988545996870E+01
 0.713107639351479472E+00
 0.380585191614189855E+00
 0.746205085167134019E+00
 0.118226280204760403E+01
 0.141772203649897421E+01
 0.873057875791939830E+00
 0.222328766412182821E+01
 0.349237161851883915E+01
 0.638548241731888289E-01
 0.493646308552188884E+00
 0.249507142790032999E+00
 0.198673415754321558E+01
 0.202934152935195788E+01
-0.120895298046986691E+00
-0.392361663521193296E-01
 0.109108605519896895E+01
 0.701945892168524543E+00
-0.233232622530953670E+00
-0.941974669728488367E-01
 0.457172481235817163E+00
 0.644070409196445398E-01
 0.852726344970452556E-02
 0.458119039956734857E-02
 0.171599178240598838E+00
 0.189849662337938846E+00
 0.167798190952465870E+00
 0.118433241794146132E+00
 0.765636076281992484E-01
 0.104696613533870331E+00
-0.196139542092207027E-01
-0.173374403413385676E-01
 0.134571880750184864E+00
 0.123823322335566824E+00
 0.113122166398275115E-03
 0.116624576143435762E-03
 0.190821881382643860E+00
-0.839617994086294499E-02
 0.414483898102709497E-01
 0.528137819017391805E-01
 0.124466635327497854E+00
 0.109337701357935344E+00
 0.107201771496810538E+00
 0.148741627134559018E+00
 0.100341130151391761E+00
 0.798975352634861830E-01
 0.498242901755672346E-01
 0.856443599021721874E-01
 0.265559020864106321E+00
 0.274998750829281324E+00
 0.105941266933615233E+00
 0.236646272394642393E+00
 0.728602710394077646E+00
 0.444445998536958042E+00
 0.294279415820526802E+00
