 0.215583032171003053E+01
 0.166257728793835913E+01
 0.696185123832267605E+00
-0.100362473120047824E+01
-0.633018009986064834E+00
 0.389733245886372481E+00
 0.114933395077428124E+01
 0.453487287956647819E-01
 0.300975311575324284E-01
 0.146878566783082226E+00
 0.114712547805523668E+01
-0.666458593335377599E-02
-0.520823221748352352E-02
 0.104102529093512364E+01
 0.812104571139429576E+00
 0.366106697203877340E+00
 0.325044839911289241E+00
 0.166972015110472246E-02
 0.442800563499920641E+00
 0.131560080998862017E+00
 0.133114751360565275E+00
 0.273295564860820184E+00
 0.116491143651105356E+01
 0.268690909306462500E+00
 0.351670050764706699E+00
 0.108130718677156201E+01
 0.637511250395150331E+00
 0.694688227798082175E-01
 0.995793380250997451E-01
 0.830934496217360374E+00
 0.150018136919006517E+01
 0.766485680429501826E+00
 0.138420946426181857E+01
 0.194047528765399813E+01
 0.112740596898677459E+01
 0.156154335860413007E+01
 0.361744806842039157E+01
 0.156518983144221213E+01
 0.310055530406706037E+01
 0.332945907228264026E+01
 0.877961955390837900E+01
 0.741804372403700008E+01
-0.630919411116310225E+00
-0.278840136525166171E+01
-0.630254250479941769E+00
 0.335450440338536726E+01
-0.136976227607494039E+01
-0.188358462577293440E+00
-0.107542541437291556E+00
 0.324658414638868964E+00
 0.104266825770755189E+01
-0.403778916504951457E+00
-0.244154394577945605E+00
 0.104600663464396892E+01
 0.444477420606530393E+00
-0.836605200846186718E-02
-0.587499095047976788E-02
 0.630408874102885042E+00
 0.521074048253612143E+00
 0.123225360294961936E+00
 0.993619615338504764E-01
 0.684819102701533233E+00
-0.198304985319001703E+00
 0.990625247712789564E-01
 0.924011955759749121E-01
 0.331648071988045259E-01
 0.526304389740881229E+00
 0.613891472012105602E-01
 0.660517158460746795E-01
 0.914520539160226131E+00
-0.794613630289801809E+00
 0.167941761958771835E+00
 0.223900310743701508E+00
 0.122117729751247395E+01
-0.370130364113791355E+00
 0.367786346353832339E+00
 0.581930112193191240E+00
-0.363088130714247226E+00
 0.103360130348782908E+01
 0.488888479315514046E+00
 0.957797433705131263E+00
 0.244592948570131163E+01
-0.107073526023609511E+01
 0.905875012412687419E+00
 0.225669805285268099E+01
 0.280339992322939002E+01
 0.617878183639148371E+00
 0.318024461553827464E+01
 0.114494167223837384E+01
-0.242968083574562055E+01
 0.137782792745782645E+01
-0.520392806730777591E+00
-0.253150356061046244E+00
 0.101073458344736689E+01
 0.407946687485919612E+00
 0.235491626139884364E+00
 0.119476944831243437E+00
 0.405465439372460934E+00
 0.248338182768318705E+00
 0.676332524588954282E-02
 0.397614496537967901E-02
-0.456071841611681780E-01
 0.324485406433874413E+00
 0.127900820448403507E+00
 0.888116481630153026E-01
 0.121580290803082955E+00
 0.174983605359432443E+00
-0.129311515320521906E-01
-0.120383218764886432E-01
 0.123996687410072456E+00
 0.133724497452779478E+00
 0.780847789487051497E-01
 0.760256491582996102E-01
 0.156995592747487145E+00
 0.857625409875574091E-01
 0.551496865744762824E-01
 0.676785566559386514E-01
 0.188566599633918391E+00
 0.123917906787244611E+00
 0.113927388754250805E+00
 0.174612691239966616E+00
 0.168900054427476298E+00
 0.115774299292157240E+00
 0.386664177542514406E-01
 0.758490374568935449E-01
 0.384782615056173449E+00
 0.565703480622186339E+00
 0.212851695575512145E+00
 0.465917450652718723E+00
-0.127340229203891320E+00
 0.113134738553174929E+01
 0.414275114864785132E+00
