 0.431522832322753735E+00
 0.260627828483922253E+01
-0.696555994643434206E+00
 0.551329793029552706E-01
 0.347741219979843183E-01
 0.197557365500729998E+01
-0.179887456404060703E+00
 0.425983815875989255E-01
 0.282721511967890145E-01
 0.340204983482439716E+00
 0.520268399157463701E+00
-0.436711337618506633E-02
-0.341280625843840219E-02
 0.993433000136596189E+00
 0.566405765820251927E+00
-0.391392998385243773E-01
-0.347495075818524748E-01
 0.256209859565585507E+00
 0.769934346060380248E+00
 0.395372613511005902E-01
 0.400044806469446179E-01
 0.614543661393164853E+00
 0.798759807197360283E+00
 0.229267321188027395E+00
 0.300071374535865965E+00
 0.172631723458201214E+00
 0.782891185249573240E+00
 0.179046841955041697E+00
 0.256652772911965643E+00
 0.130678032460137294E+01
 0.128188342562805735E+01
 0.530532890254197878E-01
 0.958098326612615292E-01
 0.616643369604411573E+00
 0.153441797042662897E+01
 0.186033288279678327E+00
 0.430961942645501084E+00
 0.404298066443800952E+01
 0.307790386789806991E+01
 0.151503902289245707E+01
 0.399508326774580924E+01
 0.744275003058170537E+01
 0.650394378616087199E+01
-0.107649587715847295E+01
-0.243317232109455328E+00
-0.164964723948991510E+01
 0.644835369317276141E+00
 0.855165303895266238E+00
 0.488253348809066179E+00
 0.843338918508798607E+00
 0.390044686865954726E+00
 0.867571111846064807E-01
 0.524597226124592780E-01
 0.598563507253476068E+00
 0.311156888027426137E+00
 0.993854076682262472E-01
 0.697925819813211973E-01
 0.461250261168151821E+00
-0.139241571859243934E+00
 0.171060549788857902E+00
 0.137933553023457722E+00
 0.301872091734956050E+00
-0.394646763293144114E-02
 0.123838954303737894E-01
 0.115511566689460356E-01
-0.289787616207033971E-01
 0.476862859673871542E+00
 0.115113229614135448E+00
 0.123856197377618701E+00
 0.516335297476243738E+00
-0.310694406964018455E+00
 0.174114310321072330E+00
 0.232129565220255601E+00
-0.419377376077515351E+00
 0.951803084062186056E+00
 0.638410226744852011E-01
 0.101012486884844155E+00
 0.833717874556540339E+00
-0.116875261459044744E+01
 0.396200486763006732E+00
 0.776209351436622286E+00
 0.215121837230422219E+01
 0.617130722851939817E+00
-0.799041424716433885E-02
-0.199055631582509170E-01
 0.357940048777536735E+01
 0.144470318605962733E+01
 0.158057239893445578E+01
 0.569032707952101369E+00
 0.443363061080451981E+00
 0.650560882863457479E+00
-0.306359336711399699E+00
-0.149031604910787013E+00
 0.244447413972482958E+00
 0.258347903617434094E+00
 0.692682080057674676E-01
 0.351433042529850984E-01
 0.170668134976621172E+00
 0.296782773867165561E+00
 0.639820272288117997E-01
 0.376149018702360977E-01
 0.201704290386044843E+00
 0.138967386821705063E+00
-0.565193596728528341E-01
-0.392458583773453579E-01
 0.109878989647713532E+00
 0.115144154160869164E+00
 0.350168320401860675E-01
 0.325990994808024528E-01
 0.629838694565296453E-01
 0.145035105953593091E+00
 0.245445969212168096E-01
 0.238973451598053534E-01
-0.849726843646955304E-01
 0.258877569044401512E+00
-0.193844868525247828E-01
-0.237882420224317451E-01
 0.165451662404304450E+00
 0.165154481097001815E+00
 0.165576499462687446E-01
 0.253773552553173930E-01
 0.533817687435383173E-01
 0.158475554810807467E+00
 0.867188180380501494E-01
 0.170109859139004171E+00
 0.248057829533894103E+00
 0.310870397212356653E+00
 0.142927160703592765E+00
 0.312857542261977595E+00
 0.218894462141367374E+00
 0.616027589581487067E+00
-0.373411366212007767E+00
