     33 -    30 -    30 -     1 
rmse=  22.0601meV
 -0.361371501621201     
  0.300604411570027     
  4.640019276337021E-002
  0.785424875051134     
 -3.497165537890985E-002
 -0.305800470336290     
 -0.259715336178399     
   1.42125461805256     
  0.472417599550592     
 -0.827719388638789     
  1.974172244511209E-002
   1.77740464830379     
   1.60690054223444     
 -0.775371237509712     
  0.689931942266133     
 -0.270474827265664     
 -0.474672278834994     
 -1.167401394139946E-002
  0.764761802730345     
 -0.557820894512874     
  0.473301440535768     
 -5.701582273171521E-002
 -0.743680346345108     
 -0.614757375274241     
 -0.100667975359849     
  0.351548260620848     
   1.03143772627906     
 -0.173962650948906     
  0.570568685285367     
 -0.760569383217135     
 -0.393446883926519     
  0.603321124666196     
 -0.742053362670110     
 -0.698287580300669     
 -0.223804496804414     
 -0.775098307750598     
  -2.12478956907942     
  0.508575263998603     
 -0.226737636514333     
  -1.06617162813835     
 -0.296964760674381     
 -9.738890682276821E-002
 -0.187897193813663     
  0.525591930850807     
 -5.018268936516680E-002
 -2.352261144939904E-002
 -4.022416165107329E-002
  0.938208274602224     
 -0.830859051113063     
  0.376074629961502     
 -0.565259619891869     
  0.873280736448938     
  0.543124842282321     
  -1.13032782543151     
 -0.747453867227601     
  0.284529096586229     
  0.727055497166572     
 -0.498889838407243     
   1.05779114020460     
 -0.585886419661492     
  0.208424399216717     
  0.323677810340440     
  -1.17677092408358     
  0.267136619269470     
 -0.206818166522753     
  0.512304019985104     
  0.927568601826688     
  0.644660331492026     
  0.469622018160107     
  0.272043676731833     
  0.131757583275385     
 -0.685972837424450     
 -0.226345566721565     
   1.36245746199154     
  0.126178467302300     
 -0.665808165806240     
  0.464924979584604     
  0.804811096843190     
   2.22345141957073     
  -1.07672179053899     
  0.870250100997790     
  0.873501224216625     
 -0.290816812906007     
 -0.250582892198706     
  0.421262211883206     
 -9.891278562527608E-002
 -8.454049025643831E-002
  0.198221149100992     
  -2.40709498940803     
 -0.506789324029361     
 -0.514473623327575     
  0.971126185640108     
  0.503735918129654     
  9.104650085268280E-002
   1.28212535111131     
 -0.308122361119886     
  0.170720504326835     
 -0.258360166269745     
 -0.305066640118705     
 -0.451737557705654     
  0.544358406375450     
  -1.79868496413320     
  -1.52076667255377     
 -0.280871175006730     
  0.568061859794573     
  0.755658864484625     
 -2.307795771613303E-002
 -0.791578621949591     
  0.524956379017653     
 -4.931945827563358E-003
   2.60122532826075     
  -1.15068972077678     
  0.815272504297655     
  -2.05694962249720     
 -0.736391868797968     
  -1.52348416614605     
 -0.437367586498420     
 -0.431714766863412     
   1.39246922719071     
 -0.841085538735462     
 -3.106630372324803E-002
  -1.22343741154085     
  0.315013442337477     
  0.972363439916340     
   1.56226634933338     
  -1.04727224476200     
   1.07776872744450     
 -0.225779489134330     
  0.590029983431009     
  0.668531722969048     
 -0.517816764705703     
  0.302764401653123     
  0.792891740401690     
 -0.691322467995167     
  0.960011578426561     
 -0.289272214032047     
  0.167656804982269     
 -0.822649806044335     
 -0.164514545385119     
  0.195371739973611     
  0.428609816668498     
 -0.904775558148713     
  0.326207012310695     
 -0.630953692669092     
  -1.33485568427838     
  6.149609554620378E-002
 -3.303332903966415E-002
  0.315948667174218     
   1.05903048022261     
 -0.148887521941896     
 -0.670557636652452     
  0.773522008989636     
 -0.185212839089716     
 -0.560184399016820     
   1.82217600222874     
   1.24051912476865     
 -7.261660316141248E-002
 -0.120833260595155     
  0.551415842209331     
 -0.812690886763807     
  0.326980614790071     
  0.423795071154730     
 -0.569847118916779     
  0.497230901760835     
 -0.184938258820540     
 -0.465333533361744     
  0.377269372296604     
 -5.759838174550840E-002
  0.492295862626108     
 -0.161639107406565     
  0.267403773112610     
 -0.519543825233740     
   1.05334194623557     
  0.393304384476378     
 -0.777524710068177     
  0.254399136970284     
   1.35676386046279     
   1.49691020039259     
 -0.622092696282619     
  0.208468177991834     
  0.169381570615115     
 -8.573812968887966E-002
 -7.365734072133021E-002
  0.475447590520566     
  6.406994729620562E-002
 -0.162947128497999     
  9.187577444637846E-002
 -0.926471814267872     
  0.531384437297504     
 -0.286563818132630     
 -0.214737045021288     
  0.723735140253183     
 -0.261619945310126     
  0.433762023880664     
 -0.526708649916098     
 -0.205836605631023     
  0.245616128039144     
 -0.618148776292293     
 -0.788000319604962     
  0.252566169717095     
 -0.112709975385453     
  -1.73240611905818     
 -0.949086433456675     
  0.728586619369718     
  5.767789510888711E-002
  3.162832331064556E-002
  9.752966053275407E-002
  0.120653226352283     
 -0.278403196646364     
  0.544296334222771     
  0.859566822061099     
  0.685976874378923     
 -7.024593784109356E-003
  -1.09304770744880     
 -6.350521517104026E-004
  9.583949740281361E-002
 -0.106951499328886     
  0.161293305907111     
  0.111439679631978     
 -9.792561965136974E-002
 -0.210131641208470     
 -0.132105307483616     
   1.42999631809792     
  2.165724790314010E-003
  4.201861745180763E-002
  0.174311421918007     
 -0.326896454073391     
  4.961647733040341E-002
 -0.411282435158306     
  0.415861122373269     
 -0.195242105199834     
   2.70801291434701     
  0.328117421689235     
 -0.135176170618617     
  0.307212956483564     
 -0.736093608897848     
 -0.317594926943482     
  0.832723078393058     
 -7.338982009147915E-002
  0.298454728666848     
  0.635506087029643     
 -0.859753715455983     
   1.59446789403613     
  0.138445186342210     
   2.33396306436180     
 -0.486342655409414     
  0.491748945554648     
  0.548000447111757     
 -0.750747668622237     
 -0.508691143227913     
 -0.114219982302381     
 -0.588181734153563     
   1.09244810157618     
  0.684848748766505     
  0.746883640353226     
 -0.832386962511003     
  0.234056950510547     
  0.256002105148604     
  0.850606554660578     
  0.664686880980126     
   1.25454202918613     
 -0.762276015089570     
  0.836404069080082     
 -0.879219554942753     
  -1.22588097069369     
 -2.983379116173389E-002
  0.251591246765549     
 -0.683313429519153     
 -0.707426437553603     
  0.483212495440896     
  0.253572489935064     
 -0.777247365796922     
 -0.108652987431080     
  0.472048810153224     
 -0.304060360716946     
 -0.223659124643127     
 -0.660437523177868     
   1.14665934969746     
  0.366208961624173     
 -0.748211622643633     
 -1.570441144667866E-002
  0.383703092269569     
 -0.432626345320506     
  0.287957989678384     
  0.202365221322247     
 -0.194700382902273     
  0.391564995038529     
 -0.832283362970156     
  0.572672350551399     
 -0.166578156856089     
 -0.422128328296942     
  0.116457849743142     
 -0.928258354979536     
  0.171897936291587     
 -0.269940297532739     
  0.250598401023859     
  0.358695666073142     
 -0.197324353672005     
  7.402093248042570E-002
  0.546355290666290     
 -0.353999046902865     
 -0.800221473707866     
  0.894047716263786     
  9.377416637931643E-002
  0.251981740076862     
 -0.240212466374310     
 -0.183698487917022     
  0.330476934125008     
 -0.792133528271312     
  0.697631990743615     
  0.789028755048389     
 -0.458330836773263     
 -0.389985004107793     
 -0.785550943248589     
  0.562856422021271     
 -0.341087435619617     
  0.184153481355468     
 -0.358000244630851     
  0.170919163946824     
 -0.266732265530384     
 -0.448321420101706     
  0.181146238684496     
  5.512540595252002E-002
 -6.060953142348918E-002
  0.335767435446450     
 -0.662512204097343     
  0.103378136228878     
  0.417731794643681     
 -0.365814325517856     
  5.944548492546779E-002
 -0.256131822876768     
  0.224045714688824     
  0.993115249935900     
 -1.579730000342687E-002
  0.414622438298685     
 -0.224526775827487     
 -0.497469829860654     
  0.238284648209590     
  3.350312019638656E-002
 -0.649878096707190     
  0.534017972272059     
 -0.885975296004796     
   1.23876486380688     
  0.135320694929310     
  0.215270070282559     
 -0.677521806971923     
  -1.43685563275846     
   2.23748016123106     
  -2.11506008060661     
  0.732488349180515     
 -0.523735271813761     
  9.478570017321911E-002
 -0.507301042684938     
 -0.962486974856927     
 -0.764009171948813     
  0.510112564648948     
  0.662500760302141     
  -1.56000375611882     
 -0.425874925720640     
  0.971425001906941     
  0.119096046614032     
 -0.264090142875412     
  0.261624903783418     
  0.853516307843983     
 -0.122315146574309     
  0.371547528522995     
  0.842038119617922     
  9.192094485431694E-002
 -1.275655009850194E-002
 -5.624840776287660E-002
 -0.230345961592169     
  5.099132878838224E-002
 -0.180618379444351     
 -0.109424428265495     
  0.368938822176772     
  0.434095838361243     
  -1.20152967403167     
 -0.505717015090895     
  0.718053741001798     
  -1.11587656249792     
  8.059496415824549E-002
  0.517953020894598     
 -0.180807949977931     
 -0.213682416320543     
  0.165119799198768     
 -0.822432272261648     
  -1.76581418087035     
 -0.587458832159397     
   1.77946093600099     
  0.136559103412618     
  0.323522557486948     
  0.897010367933177     
  5.970906179857931E-002
  0.124011112085570     
 -2.543836324384893E-002
  0.408525381257463     
  0.350859807915532     
 -0.394783941479163     
 -0.770590750389147     
  0.423395277215631     
  -1.22491321098902     
   1.16970062427934     
   1.07007863584781     
   1.01988060860172     
 -0.637167668442508     
  0.715403486219185     
 -0.408264490595170     
   1.05572886175905     
 -3.021646148787770E-002
 -0.716075874087500     
   1.12434831809970     
  -1.07342566801283     
  0.974676340210676     
  0.301343120618885     
  1.669427389116918E-002
 -0.399530253534154     
  0.227985421238936     
 -0.860658823643459     
  0.880436522124037     
  0.861957739537201     
 -1.073028512263892E-002
  0.453908385054766     
  5.422321737604609E-003
  -1.19413856223485     
  0.788471324278394     
  0.349381128653910     
  0.486993626615574     
 -0.118584586021636     
   1.12142831262944     
 -0.572565044992583     
  0.333856016556351     
  -1.77592752219920     
 -0.361867285842317     
  0.183119144469440     
 -4.099703584541800E-002
  2.564306581078495E-003
 -0.679891704862838     
 -7.559524752862369E-002
  0.206635399148461     
 -5.238550055196416E-002
  0.800313686436025     
 -0.303505593916513     
  0.907891428142369     
 -0.409493397204695     
  0.152028050230094     
  0.670831890564029     
 -6.860635692839424E-003
 -0.260671549945462     
 -7.991667383080709E-003
  5.057021589291640E-002
  1.761724221286263E-002
 -0.630988183461928     
  0.585563660156137     
 -0.539336102156717     
 -5.676411600215989E-003
 -0.685422112870217     
 -0.496034393143055     
  0.100081833358930     
  0.154574690014583     
  0.138492792363229     
 -0.204649664595765     
  0.166061873718783     
   1.28487120697014     
 -7.415436163797212E-002
  0.821407077655065     
 -0.427665356064911     
  1.998232329890571E-002
 -0.282570893192523     
  0.261164338622652     
 -0.368160493041562     
  7.470119727262756E-002
 -0.248494557140549     
  0.560646368060123     
 -0.623833082677978     
 -0.529632227633346     
  0.117852342756220     
 -0.353585211331507     
  0.164987200121659     
   1.98147242150043     
 -0.884196630851274     
  0.155849818239996     
  9.453019877166697E-004
  0.756895928859651     
 -0.271893050351857     
 -0.313682997171737     
  0.907746657992343     
  0.581351924853100     
 -0.269508644011789     
  0.680683303333864     
 -0.321144705052234     
   1.30049772821553     
  0.760504064075692     
 -0.112410742844105     
 -0.329622142159636     
 -0.421418663729866     
 -0.549301505587200     
 -0.202680910005689     
 -0.172829708714038     
  0.805008483415749     
 -0.329609565112142     
 -3.353607765694258E-002
  0.754591402123016     
   1.33091891631007     
 -0.712095119696658     
 -0.284828982677074     
  0.309990546323043     
   2.26899307941298     
  -1.32702790697045     
  0.502874184795041     
 -0.222990821856148     
  0.982256364165561     
  -2.42995036210802     
  0.480634795477353     
  0.290151161892058     
 -8.340105227645078E-002
 -0.535132142637238     
 -0.118203271738555     
  0.527988733071202     
  2.270724268889124E-002
  -2.85382977545702     
   3.06118976193337     
 -0.923751358837994     
 -0.377052499358660     
 -0.130113160139119     
 -0.565784248112454     
   1.02587243596634     
 -0.274055607273388     
 -0.206755552537085     
 -6.380672398628545E-002
  0.661390128571557     
   2.74085759127406     
 -2.699780383602558E-003
 -0.952185238864182     
 -2.393390994289201E-002
  0.182338368420782     
 -0.198042719487548     
  0.438709626233562     
  -1.24829705113213     
  0.512999208922512     
 -0.962661850271603     
   1.65822565027020     
  7.226641593304037E-002
 -0.915183809242407     
  0.406725365096620     
  -1.49315606600626     
   1.04832078316476     
  -1.34504593934490     
  0.328064773639011     
 -0.349257075203546     
   1.13569943054369     
  -2.07739887040686     
 -0.739553115237097     
   1.43311246199007     
 -0.888950845844716     
   3.15793881161085     
  0.455299931927986     
  0.858778403291500     
  0.802529205329892     
 -0.353103965000881     
  0.336221214692962     
  -1.86101566507405     
  0.246134300703212     
 -0.173619461817299     
   1.01636964083467     
  5.797468699361573E-002
  0.341074157927987     
  0.631347968605709     
 -0.709424997076500     
  0.312264850510892     
  0.465963844358567     
  5.096752778378748E-002
 -0.742764168964883     
 -0.713084969386416     
 -0.559181143952692     
 -0.717114403368841     
 -0.199315223640797     
 -0.402044461504952     
 -0.231974935147500     
 -0.335821920764837     
  0.274604246488742     
  0.241149697575027     
 -0.366801142399663     
  0.147666356687667     
   1.58293393953308     
 -0.316223001341056     
 -0.197569011212223     
 -0.779293633545173     
  0.377773502793485     
  0.218254302466066     
 -0.190361376041086     
 -0.137153997922846     
 -0.822284438965999     
   1.06230873772542     
 -0.523891509951150     
  0.956640149272799     
 -0.157070673948899     
  0.141083297827492     
 -0.435842247297683     
 -0.457921490416118     
 -7.435808590491042E-004
  0.825963144198662     
  0.697038944814695     
 -0.535958971074704     
  0.367196278383829     
 -6.548331700176388E-002
  0.921886817123564     
  0.959841640920617     
 -0.665308976394429     
   1.68981434985832     
  -1.66558666360235     
  0.562016195987828     
  0.535947088305426     
 -0.322237689196323     
 -0.524709612485605     
 -0.123989102397178     
 -0.150395517423800     
 -0.595107916521999     
 -0.105647908472203     
  7.157645973167445E-002
  0.766731601185811     
 -0.687260173663265     
 -0.376285841043327     
  0.248265623636487     
  0.518889430802706     
  0.565076085510562     
 -0.213325782125887     
  0.113632604083612     
 -0.994421185897411     
  6.734196832705394E-002
 -2.005798083902984E-002
   1.00781398070931     
 -0.393529773863018     
 -0.772027565653030     
  0.422054446062241     
  0.475600155376506     
 -1.579551771528002E-002
  0.832736909225733     
 -0.316858515146884     
 -0.317574969509666     
 -0.470189749963504     
 -0.454686479205141     
  2.310912133958012E-002
  0.326486098515131     
  0.615549776618747     
 -0.324568553629609     
  0.863147764753557     
 -0.565720330285259     
  0.290762628831504     
  0.241360378351914     
  0.259558432170056     
  9.013281164762479E-002
   1.58070225917862     
 -0.943444828277447     
  0.477500766666300     
 -0.301949030419091     
  0.566569877381373     
  -1.26633560836524     
 -0.415363602732159     
  0.455838346940595     
  -1.37685330780982     
 -0.201281976106944     
 -0.218754931366668     
   1.26813971065866     
  0.694680240908210     
  0.745786730214479     
  -1.98525396303139     
  0.436926933405021     
   1.78402942605626     
  0.706099776890053     
  -1.22839222498955     
 -8.368540938975534E-002
  -1.19754410052122     
  -1.32872967339753     
  0.197374719003362     
  -2.03801167530736     
 -0.498236104618663     
  0.360539391634716     
 -3.260028835484729E-002
 -0.183310017409231     
 -0.184491779370341     
  0.913109355074828     
 -0.418333112996719     
  0.502410960153746     
  0.509417983258238     
 -0.798127155519090     
 -0.257346324798213     
  0.865051133178708     
 -0.576362797869664     
   1.17822951725590     
  0.133465843839721     
 -0.841783535063068     
   1.00258536344744     
 -0.772444225700619     
  0.733264555718162     
 -0.425042158688450     
  0.607759156214117     
   1.81226295560457     
  0.664608414129787     
  0.710735515213159     
 -0.500679401387129     
  0.352633329212580     
 -0.460677335324601     
  0.996366230754613     
 -0.438003782481622     
 -0.786051810227741     
 -0.836777400612810     
  -1.52725006191072     
 -0.348262856237429     
   1.99326524426298     
  -1.93109201149444     
  0.197950463799675     
  0.884673027723879     
 -0.369470223561864     
 -0.996521588997098     
  0.825598553052276     
  0.559054673672070     
   1.86564401724274     
  -1.00683572439781     
  0.339199282258868     
 -0.485408585239453     
  0.544752182800217     
  0.154846056645727     
 -0.622097204849092     
  0.668678723381858     
 -0.424305781681726     
  0.140617054325540     
   2.30603641250425     
 -8.743556257465673E-002
   1.30301417995164     
   1.30973853072517     
   1.89287614359113     
  -1.26697640824124     
 -0.264337524138336     
 -0.189746965350909     
 -0.100708183597591     
 -0.401582697844447     
  0.534067558804814     
  0.584956586838921     
 -0.546672513235608     
  -3.93809123052324     
  6.364407876752132E-002
  0.830020801311440     
  -1.35519453738334     
  0.731532448015361     
 -0.792784263927665     
   1.04414933706143     
  -1.32111483990100     
  0.474641061430722     
  0.375974306325359     
  0.829632974737058     
 -4.414208754988663E-002
 -5.726073603936678E-002
 -0.695383271664690     
  0.545474067307396     
 -0.200071167165499     
  0.207074225741756     
  0.527801186803258     
 -0.628973456720233     
  3.368587677435453E-002
   1.80194689906553     
  -2.37851029924475     
   1.82887399985328     
   1.02793105400125     
   2.30317792367972     
  -2.35633306768298     
  -1.14886436170388     
   1.81556767916357     
  0.473137167572424     
 -0.193806430226320     
  1.125997860040417E-003
  -2.31394345045405     
  -2.22186497289911     
  0.235956290579889     
 -0.999748734126844     
  0.750017976296771     
  -1.05964333638992     
   2.61878840450596     
 -0.877486912726323     
  0.734500452091018     
  0.417245567813621     
 -0.250381862654329     
  -1.43628250886483     
   1.59655802797930     
 -0.742779860524641     
  -1.43223278632678     
  0.368557573615903     
  0.691797001376646     
   1.26344530155191     
  -1.70303919774375     
 -0.425916743650686     
 -0.179248268288654     
  0.968448731178678     
  0.293272244485313     
 -0.658309107315629     
 -0.425683413942093     
  0.816774407462904     
 -0.372476130751734     
  0.234872377676183     
 -0.258299615571794     
 -0.323419592339066     
 -0.240354482558545     
  0.231787219168984     
  0.271655437767126     
  0.257440109348897     
  -1.59300340251747     
   1.49919428849255     
 -6.715780564954375E-002
  0.828004243119156     
 -0.158918768098905     
 -0.133316486379929     
  0.289203575122639     
 -5.401557739336140E-002
 -0.170381202062493     
  0.430478372245218     
   1.30598980393398     
   2.66327576594630     
  -1.30855941381140     
  0.344406403522977     
  0.272306006868204     
  0.459763995640288     
 -5.703424240994089E-002
  9.224195531633634E-003
  0.479531903275902     
 -0.719406335186531     
  0.162153408478367     
 -0.414744888808504     
  1.322773043411253E-002
 -4.425135034331192E-002
  0.984809008359195     
 -8.650328133602621E-003
 -0.402606340155944     
 -0.122418973227318     
 -0.723172073276931     
  1.962383778011795E-002
 -0.249479527703583     
  0.615602031820460     
 -0.202628753921587     
  -1.19536495054050     
  0.337410438751514     
  0.865466252684859     
  0.436051270036033     
  0.791185147713357     
  0.324483365750086     
 -0.571441173659689     
  0.312654685835004     
 -0.247012231432925     
 -0.170019050055757     
  0.160695387191902     
   1.47686639781826     
 -0.968515132612690     
 -0.477032798419551     
  8.893917469592509E-002
 -0.751604775571527     
 -0.201038910370323     
 -2.629292043335036E-003
  0.244414583272819     
 -0.548135420007384     
  0.430912506976583     
  -1.28255720277029     
  0.356329578570150     
  -1.61375491126521     
  -1.06212639030184     
 -9.771139885612437E-002
  0.550545957049923     
 -0.106167580237773     
 -0.686979398185067     
 -0.123570389026693     
  0.680334631210735     
 -0.373710725495007     
   1.61051900117155     
  -1.14643722674117     
   1.56814275238978     
  0.629230687389372     
 -0.793659361910695     
  3.103010402904644E-002
 -5.912149176111329E-003
  0.132020143122993     
  5.709147028743107E-002
 -0.159234713364017     
 -0.112310806034537     
 -2.180453856997388E-003
  0.176176773972032     
 -0.126168547414412     
 -0.382594814331526     
 -0.559443455373372     
 -0.341218646556716     
 -0.670120567662837     
 -0.417799877020206     
 -6.656283365982923E-002
  6.581287576053504E-002
  0.667478128096237     
 -0.909499305322604     
 -3.933501126923977E-002
 -0.518793001814690     
  0.992868388603002     
  4.212412140844649E-002
 -0.466861579134174     
   1.15117558758727     
  0.881541447107656     
 -0.126569671996883     
 -5.287812742534669E-002
  0.238388552717334     
   1.54646024774001     
  0.103863748752943     
  0.259657759644445     
 -0.921816600208927     
 -0.656298998855693     
  0.728203829392514     
  -1.48621789343366     
   1.03800233953457     
  0.367616789926042     
 -0.692766816260277     
  0.299493503876310     
  0.523434807511614     
  -1.06010645942326     
  0.804679159662723     
  0.255500548527411     
  0.330623725017899     
  0.630531009627792     
   1.39951021653479     
  -1.57323198923122     
 -1.400685726386167E-002
  0.104142068375621     
  -1.01488660348393     
 -0.961545307489902     
  0.679617966572621     
  -1.05632942115264     
  -1.02842271435215     
  0.220247476964027     
  0.657850977991853     
 -0.414291629454169     
  -1.47192037059672     
  1.299322691677701E-002
  0.370971729842630     
  5.783683716944282E-002
  0.950739954209202     
   1.21759360829981     
 -0.759815526047977     
  0.385729789942014     
 -2.682603297666796E-003
  -1.07602046503511     
  0.683299571505505     
  0.212915275301595     
 -0.361304034785412     
  0.223713553904912     
 -5.058252745833851E-002
  -1.89323737941478     
  0.368341874042610     
  0.232236238709876     
  0.266187475015695     
 -0.413823992864045     
  0.154286363782795     
 -0.540585531630013     
 -0.211381104022327     
  3.347269497074296E-002
 -0.183973683126512     
  9.011467092759828E-002
  0.433804035309193     
  0.665386346096299     
 -0.144195890453920     
  0.703945085535616     
  0.444515429053188     
  0.196592214516686     
 -0.173304964286325     
 -0.997661468445962     
 -0.218990930319451     
 -0.505008633118048     
  0.729915226040584     
 -0.762910388438095     
   1.36203511146953     
  -1.53854777086943     
  -1.00698185800199     
 -0.184861740995289     
  -1.76538550219600     
  0.124903364097920     
  0.190661758655082     
 -0.235282615208201     
  0.231918834335183     
  2.824833923979593E-002
  -1.61662769116792     
  -1.94223290624113     
  0.966672522819903     
  0.148839252755919     
  -1.26573556471636     
   2.15341735098536     
 -0.874178612373744     
 -0.108456140436772     
  0.910788898559579     
  -1.03536885055198     
  0.464328653251866     
 
  0.164562461531735     
 -0.375550959057897     
  -2.73607294136723     
   2.06116266323532     
  0.212340040001870     
  0.388669440121175     
 -8.337617349568802E-002
 -1.256686134085065E-002
   1.42761979997579     
  0.461690715631694     
 -0.341016813277489     
 -0.809641869969657     
  -2.03929566455455     
  0.403218859488871     
  -1.47650571190440     
   1.11141605810282     
  0.871457016877979     
  0.236186414805018     
  -1.41815143884006     
   1.52690625054969     
   2.00724606546463     
 -0.903666800490002     
  0.981751661657718     
  -3.65622212718617     
  -1.59762899391053     
  0.272104957959120     
   1.18805365498336     
  -2.42408662585742     
 -0.917742792070164     
 -0.358924509563813     
 
   1.75308408602030     
  -3.64713272496702     
   1.52509964097809     
 -0.960102387205923     
   5.31595148815274     
  -1.72472694891701     
   2.30083231281570     
  0.464762363448670     
 -0.338144763821118     
   3.13697456161176     
  -1.37006930468450     
   1.86912122203442     
  -1.67060083238904     
   1.83023286476933     
  -2.54788984840365     
 -0.867619942588136     
 -0.540289101233455     
 -0.344839954584604     
   1.13539169300915     
   1.55401864994256     
 -0.502617113323363     
   1.14141067872783     
   1.33477871515827     
 -0.307146003098345     
  0.367490271001846     
  0.530006186869539     
  0.373595240861850     
 -0.694951955108707     
   8.02313057755261     
  0.887169902024006     
  -2.78036689367030     
 -0.215234432595660     
  -2.73585281377486     
 -0.171894330194094     
  -3.83323115267356     
 -0.379465907095752     
   1.45530197394996     
   1.06406219897551     
   2.90516833160721     
  -2.91054068768378     
   3.58822739306741     
   4.84199082912092     
 -0.995190759157370     
 -0.116077698263559     
   1.19067729990754     
 -0.148896759686771     
  1.024053659175446E-002
   4.57963508778576     
   3.02906916580110     
   4.91321811266970     
 -0.372921108780613     
  -1.32035115301568     
  -3.43134248195221     
  0.204392595564905     
   3.76427308399196     
   1.43741125380249     
   3.36585530262991     
  -1.21136495429780     
  0.822511767274052     
  7.294054828695740E-002
 -0.258732798503985     
  0.466538268717820     
   4.82492641626415     
   1.53366896780626     
   2.17962540655822     
   1.21879743692003     
  -1.14635001674040     
   1.03767728215279     
   1.11232777486226     
  0.253937997380289     
 -7.183872465981644E-002
  4.451220422590278E-002
   4.38567113116387     
 -0.224447887533464     
  0.438359548587674     
 -0.530511147011125     
  0.563450120739390     
  -1.54686017001237     
 -0.822881289703751     
 -0.561565490282812     
 -6.861145480787831E-002
  0.208770979545281     
   1.51268140262070     
  0.440226944634662     
  0.853713278566710     
  -1.48132590144093     
   1.74612435701969     
 -0.268694775471614     
 -0.539033532399532     
   2.05318598942431     
 -0.370437237650301     
 -0.925959518680718     
 -0.676100208358067     
  6.248233262857292E-002
   1.46969844733335     
 -6.878092561374693E-002
   2.73192107903142     
  -4.51735318824677     
  -1.86493346900110     
 -0.388716741952423     
 -2.056280828810175E-002
  0.855405626255611     
  -1.74482830788250     
  -1.03667589818994     
 -0.188939153223195     
  0.816544086110903     
   1.40609944700765     
  -1.34369920871603     
  0.842829831586394     
 -5.782694093895374E-002
   2.24529413763804     
  0.913374832665092     
  0.988053226423580     
   1.79310590294017     
 -0.256976563608825     
  0.656214023583890     
 -0.946780458101503     
  -2.32297709828230     
   2.93609797841017     
 -0.478340762140797     
 -0.880649225955580     
  -1.58731173688379     
   2.62624875747533     
  6.550882414619977E-002
  0.693019633700099     
  0.941113428238964     
 -0.321165273259888     
  0.354816125251304     
   3.59435582116047     
  -1.07129217444943     
 -0.213776834360249     
 -5.731733096108631E-002
 -0.452402140704433     
  -1.38903868410935     
 -0.677358848456608     
  0.160139354968954     
 -0.866254146802807     
  -1.00018824838461     
  0.584188237034752     
  -1.01287705365191     
  0.816563120760906     
  0.178014048397297     
 -0.718021418679999     
 -8.793842329185567E-002
 -0.329632940650313     
 -2.572112620674772E-003
  0.584768885565842     
   1.19293075749289     
  0.130993014641785     
  0.364900293621450     
  -1.65372913414206     
 -2.720600304138563E-002
 -0.718224453489067     
  -4.42446451407309     
  -1.94137606848061     
  0.401107317104234     
   4.00119441283583     
 -0.569399712064954     
  -1.93091760626918     
  -4.54654905085568     
 -0.400912824091602     
   1.74518089296982     
 -0.187475616768207     
  -2.32084660141919     
  0.411799665071000     
 -0.754622252124805     
  -1.47294435381063     
  -1.01820138340480     
  -1.70665798691349     
 -9.899553932711296E-003
  0.987311514439694     
  -1.61700637261079     
   1.42764954979477     
  -4.06953809038599     
   2.41259879393724     
  -1.56942077110107     
   1.39860538667073     
  -2.38177972897406     
  -1.25795556540607     
 -0.829628535887895     
 -0.387587327426932     
  -1.08315535253716     
  -1.27851153152283     
   2.24280882496483     
  -1.36404997533337     
 -0.942553412041286     
 -0.191356899061120     
  0.895459602104719     
   3.47563055440114     
  -2.04524364327404     
 -4.750212681187607E-002
 -0.693386297596124     
   4.16946816574281     
  -1.57001667922514     
 -0.115271653876197     
   1.34663569946119     
 -0.512078573372571     
 -0.312885261293933     
   2.06690596210260     
 -3.048659586651311E-002
  -1.50737871182055     
  -1.01846089325629     
   1.14716849557761     
  -1.63834032982268     
  -1.45708517255964     
   1.78849997342770     
  -3.75222163606631     
   1.01960626753592     
  0.581657417599634     
 -0.472734610611536     
   2.13687234614845     
  8.592992624458866E-002
  0.206244469546365     
  3.625058659071758E-002
 -0.681108368859562     
  -2.20154029936867     
  0.977812309357216     
 -0.304583751098248     
 -0.470985239048150     
  0.510976888499295     
  5.339282216826585E-003
  0.144757508927647     
   1.12240362171100     
   1.07328351668698     
  0.682060632615406     
  0.625608862877806     
  0.245188958298681     
   1.40837321202659     
 -0.313096136442370     
  0.136391845852080     
 -0.521716183857318     
  6.223210446894532E-002
 -0.385475609197038     
 -0.232328471042658     
 -0.340915403853143     
   1.23835797894421     
 -0.565880322485998     
  0.296282686546698     
 -0.643808180117077     
 -0.256986846963518     
 -1.893356089690910E-003
  0.117871913320609     
   2.95967439662403     
  0.981364879367664     
   1.83808195616381     
  -1.97135323666099     
  0.227705929976329     
  0.567743808459027     
   2.18899292119651     
   3.27004685347062     
  -2.84438588001027     
 -0.829650803782887     
  0.437936850538481     
  -5.66567926151001     
  -1.20621725957467     
 -5.609050848386563E-002
 -0.565103373171765     
  -4.11558619708532     
  -1.66383189857805     
  -1.17305776433515     
   3.64975416005301     
  -1.16571893308658     
  0.510216517627006     
 -0.684071399809217     
   2.20554780695754     
  -1.19306609064573     
  0.124911269401038     
 -0.403953607197119     
   2.73312778450724     
  -1.61236275439300     
  0.713008576950631     
  -1.21550708567964     
  0.837780405967167     
 -0.816939884787143     
 -0.829994456815748     
 -0.503007736982284     
   1.82075696239435     
   1.09821662344708     
   1.21672418661743     
  -1.57056754061033     
 -0.675804888960683     
 -0.475408173581137     
  -2.15501115747242     
   2.15761083529249     
 -0.472657357875577     
  7.484597780190119E-002
  0.662518161269459     
   1.16128410775329     
   1.94074437145099     
  -1.80396814904064     
 -0.952193060843973     
   1.46806736949809     
  0.952223637867237     
  0.708059804657992     
  0.706375907177428     
  0.830608239732040     
 -0.635624148269063     
   2.81302965557101     
  -1.10766131640150     
 -0.403207995894770     
  -1.27336883099632     
 -0.872217728275828     
  0.939551360783843     
 -8.328011431851297E-002
   2.34782093573176     
   2.28828210618546     
  -1.09203227871015     
  -1.10218118655821     
   1.04259606929018     
  0.390465147632335     
  0.663951610211237     
  0.775877725026216     
 -1.280599137444968E-002
   2.36355387354237     
 -0.902688950872611     
  -1.04276093208110     
  0.605185400245782     
  0.509096253814438     
   1.33445518816086     
   1.35151079617416     
  -1.19768255670558     
  0.422123689718487     
  0.627637500038373     
 -0.549146204085222     
   1.44311109689277     
  -1.52307225334245     
 -0.208823281508147     
 -0.938379487866186     
 -0.319961773269971     
  0.883150621566911     
  0.377824875573556     
  -1.57482198309449     
 -0.382602896440490     
 -0.379980096427451     
  0.443135036581157     
 -0.189581691599265     
   2.57538348503038     
 -0.603906500958099     
  -1.12894689495861     
  -1.77936405458578     
   1.86333045396447     
 -0.319882169550646     
   2.45604171418799     
   2.64458749765244     
  0.584989070853908     
   1.00146440478167     
   1.37709804475487     
  0.335482079898272     
 -0.710998284782492     
 -0.598805747527095     
 -0.471499290759959     
   3.41817342099182     
  -3.67472724309755     
  0.555631687127566     
  -2.04232141115623     
   1.15772742998764     
 -0.327017929878951     
  -2.97778926394591     
  -1.61801489081239     
  2.740808514831210E-002
 -0.515874599117377     
 -0.724155662188867     
   1.61461524697717     
  0.174694905180088     
   1.27322524379635     
  0.535527761380747     
  4.870530090579024E-002
  0.863277508082471     
   1.16122631345122     
  0.742755946283788     
   2.55611285194846     
 -0.414090972538066     
   1.63970929560801     
  -3.25098787948243     
  0.960747885206988     
  -2.77907916854875     
   1.34341709733396     
  -1.83313297440083     
   1.29292822226306     
   2.56737253332521     
   2.67856821670670     
   2.61585744074126     
   2.00168049714739     
 -9.866972587426157E-002
 -0.874583539471053     
 -8.994849925716414E-002
  0.534418774805710     
  -1.13055478564140     
   1.20506773350396     
   1.23817550262269     
 -0.464755843645476     
  -3.13782823344165     
   1.45085624652229     
  0.305430896368300     
   2.65384329761098     
  9.830356862691388E-002
   2.11407341233389     
  -1.67752311013105     
  0.494265195706907     
  -3.08815379808947     
  8.649817287853728E-002
   1.04504979508783     
   1.37670272374323     
 -0.564334513804517     
  3.585415521400419E-002
 -0.118510371450368     
  -3.77554600706848     
 -0.874637248559732     
  -2.25558391301534     
  0.272082308187493     
  0.704161691335635     
 -0.295212668282298     
   3.40405422627345     
   1.11729009083955     
   2.45498236220408     
  -1.56216193351928     
 -0.145033309021655     
  -4.84392392392995     
   1.11565166955102     
   1.74106076443040     
   1.73103703315284     
  -1.51015619921272     
  -1.59383896425468     
  -1.34143698993353     
  0.710474624446244     
  -3.05151613748140     
  0.360057205502729     
   1.12813150296296     
 -7.409181447893581E-002
   1.00840015113344     
 -0.280858885580721     
  0.887084750575568     
   1.49800368564100     
   1.69498711953058     
 -0.605722954393622     
  8.871420467866123E-002
 -0.928117464464866     
  0.383481498465413     
  0.813686101536346     
   1.19994006474491     
 -1.417789500501984E-002
  4.485705640511838E-002
  0.799686565485349     
  0.169023139183694     
  0.579403717805014     
 -1.595241705197331E-003
  0.570630846894512     
 -0.128179861021503     
  0.608190737999714     
 -0.353845980184077     
   2.03231405652814     
  0.119251770727597     
   2.80924530143209     
 -4.209621304567589E-002
 -0.670640447392615     
 -0.982893384654908     
  -1.17358745542811     
  0.582674048106188     
  0.173664434080111     
  0.374997211246983     
  0.496410298617295     
  2.846384038342607E-002
 -7.124545863687635E-002
  9.827701992739522E-003
   1.07180653332069     
 -0.805739908783316     
   2.03793350658813     
   1.62087451497984     
  0.868505392785795     
  0.576402220804047     
  -1.41382150165409     
  0.204763184602924     
  -1.90865948065452     
  -2.35729761193988     
 -0.711015168193918     
   1.22502869786931     
   1.53664709613287     
   1.88668251443252     
  -1.31782697887694     
  0.498591985518003     
 -0.509452299897321     
  0.295789933854275     
 -0.830379950111123     
   2.22788826012277     
 -0.923196450710135     
  0.624268077892606     
  0.665315906493346     
 -4.735066377296122E-002
  0.735530256944841     
  -2.03787824501807     
  0.442186815200669     
 -0.981646550694719     
  -1.41726737935122     
 -0.211684896522626     
  0.144471422778341     
  0.379459516538532     
 -0.612859810485769     
  0.324499761878493     
  0.703182157113211     
  -2.23062882010606     
   2.00815757944656     
  0.845349607686543     
  -1.67174338896728     
   1.84371663067977     
 -0.134612233399238     
  0.909625406271452     
  -1.48399287676177     
 -7.097847561797237E-002
   2.58753361159507     
 -0.468235692202928     
 -0.850598462732386     
 -0.378329383552303     
   1.69382960116256     
  0.347686333097009     
   1.48018994919297     
  0.729910208150815     
 -6.053626098883030E-002
  0.252196127949515     
   3.03717479702819     
 -0.465695300632942     
 -9.615581014627755E-002
 -0.397901491664999     
 -0.549707146404015     
  0.588235816517383     
  -1.38065329734487     
 -0.591297361332557     
  0.483648644220946     
  -1.41979133580361     
  0.123632670335370     
 -0.186839267951737     
  0.412341667321426     
  0.760555463761911     
 -0.164599908947654     
 -0.157234887655762     
  -1.66228703007114     
 -0.179670955476768     
  -2.07484572164463     
  0.574514833121694     
  0.443917512531090     
  0.511215738146305     
   1.91863609979254     
 -0.888747511917977     
  -4.13539269706686     
   1.23749986869656     
   2.76940203521611     
  -2.79225674196037     
  0.786128805882916     
   1.10957323325347     
  -1.28029016303485     
   3.43739610701011     
   1.53981152176832     
   1.88943203096003     
  -1.71014389702869     
   1.86367473111542     
  -2.26103459060664     
  -1.54746421386799     
  -1.76259835284951     
  0.872078456561388     
   1.49706220875666     
   1.32050928390863     
  4.493393848033794E-002
   1.09712046019856     
  -4.05248514256680     
  -2.55558984711784     
  0.238038898710208     
  0.894605759066097     
 -0.213588840275350     
   2.87595676736755     
   1.45146574700087     
   1.29629295545468     
  0.131309172214654     
  0.373491062910707     
  -1.13606059510231     
 -5.888406441320292E-002
 -0.920005850602260     
 -0.227729911920713     
  -1.19342955853577     
  0.207730614161392     
  -1.29282625749807     
 -0.174935701849022     
 -0.810046725060532     
 -0.827780992644589     
  -1.20181131617249     
 -4.686937058893006E-002
 -0.299097860636347     
 -0.107244956415071     
 -1.039638648437841E-002
 -1.882813856431759E-002
  0.774971659085240     
  -1.20925150263356     
  1.464194379645939E-002
 -0.238697020005986     
 -0.158621855680372     
  -1.31402081485942     
  0.597942369011163     
 -0.253208396383988     
 -6.160248550046080E-002
   1.39991724897281     
   1.20110099731558     
  -1.10291996165473     
 -0.818794696018395     
  0.708266810352411     
  0.992291297497804     
 -0.763138358825347     
   2.84724747872294     
  0.515656150691585     
  -2.49682771182053     
  0.251067902532584     
   2.06190089133715     
  0.452637689088021     
  2.539685823871871E-002
 -0.325697493417667     
   1.11978908555905     
   2.53443291592761     
  -1.76204039082811     
 -3.327452669341178E-002
   1.04935914391564     
  0.111467283580167     
 -0.698183123319122     
  0.607707170910686     
  0.841919521221107     
 -0.297035575641511     
 -0.536288130977809     
  -1.85835464070697     
  -1.14555525901445     
  -1.47424549742679     
  -2.58653265823266     
 -0.217080985826145     
   1.34215873467964     
   1.73858334379553     
 -3.089970226624916E-002
 -0.373409160760704     
 -0.388329153636702     
  0.796876099649902     
 -0.282793497314099     
  0.331032645076967     
  -1.32593883363617     
  0.770504304742547     
  0.174592572245847     
   1.85857222922258     
 -0.685754416375134     
 -0.267962636296519     
 -0.173810740003883     
  8.911988656846507E-003
  0.545645599698312     
  0.329822727385155     
 -0.839793784647544     
  -1.01774240811196     
 -0.556536285663646     
   1.44232759791796     
  -1.53869994254305     
 -0.502930680787003     
 -0.526265931487983     
   2.10541771175034     
 -0.599107892600150     
 -0.725652404050383     
 -0.146180297801106     
  0.618476847083254     
  -2.07575501222087     
 -0.176353564480451     
  -2.69417238037717     
  -1.14486384060378     
   3.99018302334766     
 -0.297056456484610     
 -0.123129421772697     
   2.26519447908376     
 -0.650815491182076     
  0.258009626260652     
   4.32224884797742     
  -1.35377677909132     
 -3.077034019378110E-003
  3.289546170115645E-002
  -1.84447903811903     
  -1.58305798436719     
 -0.380934030151610     
 -0.573451229313840     
 -0.579613335146392     
  -1.62686282598972     
  0.808267447988859     
 -0.934199271741147     
   1.47564765531869     
  0.338997256734364     
   1.27259199239602     
   1.70529907767564     
 -0.229916349006556     
 -0.410922539056718     
  0.863454076846475     
   1.09155181613910     
  0.560938973261501     
 -5.302786923394123E-002
   2.32628709109272     
   1.02659219994794     
 -0.222979943430119     
   1.13311930159185     
  0.983583999522295     
  -1.27363747665050     
 -0.453384530514951     
   1.92157264674503     
 -0.736106473523729     
   2.66099930936282     
  0.515831000121980     
  -1.23363326465754     
  0.664029235299656     
   3.42864526138406     
  0.731171635101245     
 -0.217524047235763     
  0.391900164104603     
   1.33051906865726     
  0.434231028221633     
 -0.504344845873478     
  -2.02236025995510     
   1.90463557067803     
  0.340838645827241     
   1.51614168889467     
 -0.808690572557397     
 -0.472649874494379     
  7.306200435129008E-002
  7.711524197221040E-002
  -1.97546934514555     
  0.809297346250856     
  0.536229347708400     
  0.792206262971510     
  0.410467852570899     
  -1.31121614143842     
  -2.02584399888533     
  -1.78051786220955     
 -0.461024461269768     
 -2.684843500221598E-002
  0.595911184073660     
  -1.49624827956128     
  0.981204074514090     
 -0.224823413658257     
  0.755429379972080     
  -1.47484906618219     
  9.812055940386569E-002
 -0.452577991796054     
   1.38116929622327     
 -0.580634767859102     
  -1.04738670798285     
 -0.692197099544529     
  0.966099007289498     
  0.112269012284475     
  0.338813158210902     
  -1.42804676982806     
  -1.12640155462910     
  0.501333513545343     
  0.551273054350058     
  3.292406018433239E-002
 -0.842073930474791     
 -0.151214704421912     
  -1.26542044889452     
  -2.67116371591447     
  -1.58129643988535     
  -1.17507725720273     
   1.00467710994944     
   1.32364573437348     
   1.54587040402800     
 -0.337964858644057     
 -0.476111044184343     
  -2.35055925740054     
   2.27531405795378     
  0.582887060953944     
  0.281035851234642     
   1.92734478274269     
   1.75589075707975     
  0.927536858398625     
  -3.70106361898552     
   2.24638885865220     
  0.891290040592397     
   1.06429655626994     
  -1.83096347678887     
   1.05500120614145     
  -2.65251951410909     
  -4.16812253687753     
   2.47698839764976     
 -0.545933445043537     
 -0.335471573030507     
  -1.73719778277499     
  -1.55636912172055     
   1.53313936929739     
  -2.06845650484395     
   1.98348571789621     
 -0.289734009988686     
 -0.474791037254374     
 -0.383659743884685     
  0.503171934322805     
  0.418896083155948     
 -0.751901410449838     
   3.70719083142479     
  -4.47368488980050     
  3.524794561981476E-002
  0.562257825413722     
  -3.69548106388326     
   2.65782786393573     
   1.08275372251613     
   1.62166550535488     
   1.32348654674727     
  -1.09469865928273     
   1.53909409030017     
  -1.27345361764322     
  -1.62405429406485     
  -1.98307628823964     
   5.03868878193678     
   3.49682515921393     
 -0.746946731799579     
  0.873342922874607     
  -2.26055699801316     
   3.12809568141791     
  -4.46225301234644     
 -0.808632225591695     
   3.86235166014863     
   1.16845493267854     
   4.47731844864751     
 -0.367255125332244     
  -1.61314035515049     
  -1.09882192630894     
  -2.62899684569033     
  8.468141034960955E-002
  -2.40510583521237     
   1.95570718715392     
  -2.00735070197344     
  -2.29005694056939     
  -1.47729565224357     
 -0.296112413890340     
   2.68582254030502     
  -2.46866672557488     
   2.65301714954335     
  0.814937122252107     
  0.889851770145333     
  -2.41854981327450     
  -5.01002356589967     
  0.324439124677095     
   2.24584801739149     
 -0.562328457887623     
 -0.760061329134777     
  0.686609464306227     
   2.84891042254107     
  0.528737387125887     
  -5.83074501928079     
  0.607517821475370     
  -2.36059863208711     
  0.648524468699733     
  -4.27684599119783     
  -1.16241583959193     
  -1.19542270499746     
   2.39485330435013     
   3.19028057764529     
 -0.438929258962349     
  -1.44903859486354     
  -3.11168759022386     
   2.29509942717142     
  0.134110652279108     
  -2.38143810452222     
 -0.911792343063342     
   1.79555247500728     
   1.87566757765557     
 -0.157409901078222     
  0.373831781202092     
  0.255491833749779     
 -0.566541192928672     
  0.454022127304491     
   1.24382992804661     
  -3.09283599889606     
   1.38208378267978     
  0.124280187325957     
  0.247562017414832     
  -1.29729456005336     
  -4.42348556818050     
 -0.523129425140309     
 -0.409605743496339     
  8.270623862170653E-002
  0.802770803543687     
   1.21996610413313     
 -0.581112363684431     
  -1.77300035030406     
  0.858519094416337     
  0.772494636202947     
 -0.282416058471582     
 -0.627612957341940     
 -0.214059775805504     
  0.437880180594000     
  0.624451953439956     
 -0.839931583916324     
  -1.96437917860281     
   2.36406419367222     
  0.658875314604409     
   1.26552565244668     
  0.324033567956297     
 -0.115487848971657     
 -0.339749015346159     
  -1.42854940283220     
  0.221219019956802     
  0.171406368954896     
 -0.368817108711250     
  -1.07065422819401     
   1.87236892887544     
   1.84810471919190     
  0.787456968340918     
  -3.49005939799608     
  0.301343819130117     
 
   2.71274795898166     
  -1.91111857890147     
   1.87836258211564     
   2.30472030086895     
  5.232754824291939E-002
  -2.27105921116797     
   1.09461342797454     
   2.61180833435819     
   1.00068125319534     
  0.802193244593198     
 -0.670709048211304     
 -0.978348422576802     
  0.660806367890522     
  0.440304255492598     
  2.293011078880398E-002
  0.417423048531209     
   2.33222347240102     
 -0.303032255529610     
   1.35237961539547     
  0.313578124785917     
   1.76030715297053     
  -2.70836198169915     
  9.194949266062517E-002
  -2.34136853801755     
   1.63707055552855     
   3.21112320949566     
  -4.43179699852544     
   2.88354362552471     
 -1.736625567211167E-002
  -1.59232551171334     
 
  0.575480352678698     
  -1.11894855612829     
  9.302964261818474E-002
  9.958084056843243E-002
  0.189276133540734     
 -0.154286603424763     
  0.150193813814335     
  0.765310088317532     
 -0.423278887513480     
 -0.132803045165631     
  0.164361743341577     
 -0.565599440470458     
  0.125619877058427     
  4.206944218391728E-002
 -0.161102747823509     
  0.157361287551981     
 -0.184664881801423     
 -0.480029920762008     
  5.315632537822109E-002
  0.252529036701074     
  0.874821027071704     
  0.134406556008405     
  0.223446691135838     
  0.201513328112502     
  0.683664143127213     
 -3.443187735323928E-002
 -0.162282759159340     
  4.295767178355897E-002
  4.735324137485986E-002
 -0.154103870393915     
 
 -3.939104761904762E-004
 
  tansig  tansig 
