 0.252334560505892824E+01
 0.124044214302811007E+01
-0.575058794921291305E+00
 0.189162629512214098E+01
 0.105446672112087314E+01
 0.160216070806909916E+00
 0.240391674539557965E+01
 0.202293358980914190E+00
 0.143308564243357167E+00
 0.111862015052870456E+01
-0.346908878442030943E+00
-0.673831996142652989E+00
-0.520556213148429481E+00
 0.325256699123931625E+00
 0.960466273740711696E+00
 0.501181721280077874E+00
 0.476277227184497554E+00
 0.129135515667897471E+01
 0.460620164754181660E+00
-0.141238677439199989E+00
-0.143947454578995687E+00
 0.130092533516560449E+01
 0.143242503004742749E+01
 0.225680153735651035E+00
 0.275310164513653755E+00
 0.328699560204411867E+01
 0.907971023352086459E+00
 0.100085697583495947E+01
 0.148759044751604663E+01
-0.102528847201671058E+01
 0.607642871558449205E+00
 0.112831003481192949E+01
 0.194998510854021179E+01
 0.551375914657772134E-02
-0.216835941271949695E+01
 0.133595582378666689E+01
 0.290258220223186392E+01
 0.103980833088596878E+02
 0.631321284448157449E+01
 0.437133596714039818E+01
 0.120434292387050892E+02
 0.731545700680491784E+01
 0.469617059563682204E+01
-0.269910499364015610E+01
-0.557791342305057891E+00
 0.181753738462315595E+01
 0.352018191317354834E+01
-0.313071667685691835E+00
-0.165197174533970759E+00
-0.313145318807290463E+00
 0.234632978268599413E+01
 0.227587374443062734E-01
 0.135402802954066610E-01
 0.103285511017559251E+01
-0.321486651321066352E+00
 0.533575841769781123E+00
 0.324384269503877276E+00
-0.259514574587350333E+00
 0.531604994905418793E+00
 0.152083105566149651E+00
 0.123607188978802088E+00
 0.732509389855698467E+00
-0.538127022086688611E+00
 0.157030519479429753E+00
 0.161216209185702203E+00
 0.924101750580210157E+00
-0.135676991743085840E+00
 0.205251403492085593E+00
 0.245426567811337731E+00
-0.201449138537623418E+00
 0.993346182402297551E+00
 0.327834144878748124E+00
 0.428987686191561357E+00
 0.101819570921817437E+01
 0.797290915934526501E+00
 0.464756095090868848E+00
 0.736059304801903735E+00
 0.221226858562169193E+01
 0.779252982964425911E+00
 0.596233587146816846E+00
 0.115185044450278906E+01
-0.157835915160939266E+01
 0.454965469791414634E+01
-0.806401301790901970E+00
-0.200215440893691810E+01
 0.130470462381001973E+02
 0.425519840102661284E+01
 0.208829374188416761E+01
 0.798285858041817842E+00
 0.988781619303570336E+00
 0.343006569384478599E+01
 0.603287016131761389E+00
 0.280473920107557673E+00
 0.851981175958826165E+00
-0.742169053102721743E+00
 0.619017704868580543E+00
 0.343676838502323556E+00
 0.211865347614809713E+00
 0.246606817498383923E+00
 0.324971048631639836E+00
 0.194422008581356415E+00
 0.233939465672363872E+00
 0.271600009893308181E+00
-0.237075861803871905E-01
-0.184335987218498011E-01
 0.328471710063505562E+00
 0.230031538210743070E+00
 0.852304343217533955E-01
 0.794547843859160080E-01
 0.394735063410374842E+00
 0.109936910118969514E+00
 0.120941666008874363E+00
 0.127324233455669317E+00
 0.644121276648485508E-01
 0.179626630981496199E+00
-0.806965182456881314E-01
-0.923985934896654620E-01
 0.472242013811566941E+00
 0.388738676216944523E+00
 0.306673076223543152E-01
 0.448317752257723426E-01
-0.609569380237487968E+00
 0.884558232677255307E+00
 0.206849815622950600E+00
 0.372972107176814505E+00
 0.186491691154706318E+00
 0.844724195362048236E+00
-0.548010137171502515E-01
-0.127181945336793611E+00
 0.356558775225470903E+01
 0.116819859249052782E+01
 0.000000000000000000E+00
