     33 -    30 -    30 -     1 
rmse=  36.2217meV
  0.711300104675869     
  0.368123267994197     
 -6.037272720141534E-002
 -0.481272352431619     
 -0.260846420257379     
  0.373638768839825     
  0.255327647784724     
  0.231619006823561     
  0.283593934834185     
 -2.518230245837077E-003
 -0.159047000143248     
  0.759153904357585     
 -0.525643514268322     
 -6.462696806997732E-002
  0.406180885788749     
  0.477042819421176     
  0.194715685315071     
  4.169880154198189E-002
  0.145578836946024     
 -0.149740608991866     
 -0.128660756909381     
 -0.110081366942632     
  0.164047951558487     
 -0.165237796309773     
  0.445297177598443     
  9.058710259263530E-002
 -7.386876379431456E-002
  0.182606758710881     
  4.440860382273067E-002
  0.320074527315066     
 -0.166013554680250     
  0.261987216617722     
  0.402700265151766     
  1.300567618907931E-002
 -2.952963633307199E-002
  0.518013315542600     
  0.264691063468680     
  0.432711662440510     
  9.313025507212830E-002
 -0.253436285606545     
 -0.538671192547543     
 -0.353628545387905     
 -0.151885969118672     
  3.716092290091766E-002
 -0.353579954951723     
  0.447110756740053     
 -0.407556093255343     
  0.394089343064008     
 -0.897574038415076     
 -0.419641540129550     
  0.233403371386165     
  0.767558572051512     
  0.245999333352652     
 -0.696191562440691     
  0.149995756840114     
 -0.382568756343412     
 -0.173783727085232     
 -0.426054840794491     
 -0.203435382162967     
  0.704589301864573     
  0.147439215999531     
  0.123932271914058     
  8.063005726638273E-002
  0.416135362290015     
  0.436739942737966     
 -0.100725294426690     
  5.178942018125227E-002
  8.505743179062705E-002
  0.708835814261860     
  0.983683418383550     
  0.254835080733260     
 -1.785227123911386E-002
  5.510489767951843E-002
 -0.436118543257688     
 -0.134394312550857     
 -0.135370051349540     
 -0.121716836853807     
 -0.203774249569589     
  0.465064402090350     
 -0.419638715689967     
  0.126908735240992     
 -0.180060156617534     
 -0.264216211593911     
  0.278225593937490     
  0.404042688541730     
  3.732565557186356E-002
  9.495980419610460E-002
 -0.458693739989928     
 -0.490690835841245     
  1.122069649392156E-002
 -3.067338198845964E-002
 -0.122115940637490     
 -0.170033437701601     
  1.794434907377216E-002
  0.397868479150227     
 -5.940199049323528E-002
 -0.153594507767321     
 -0.348302533369530     
 -1.888758462904684E-002
 -0.430033499891090     
  2.760054854078031E-002
 -0.252283141523502     
  0.137333702887055     
  0.390066679529040     
  0.271316155477950     
  0.142542779710785     
 -0.128085461563020     
 -0.286982899895648     
  0.153510846254477     
  9.984034921194097E-002
  0.603385610649471     
 -0.154561317597832     
 -0.431268123429649     
  1.872856178767156E-002
  0.651286938937882     
  0.163303490842379     
  0.283535907624589     
 -0.119254430942930     
  0.185149682795286     
 -5.052500505489420E-002
 -1.490926882163025E-002
  0.394577850929816     
 -0.277605924123265     
 -0.830108558488082     
  0.137059419641784     
 -0.241977240265629     
 -0.492886413679607     
 -3.238068813953882E-002
 -0.296917560942542     
  0.445289779626569     
 -1.429256150498651E-002
 -0.558760768764565     
 -0.228305687659359     
  0.447467141064924     
  0.218097308213993     
  0.182357008671994     
  1.858106009741732E-002
  0.340325821295304     
  0.282356313560210     
 -3.148471015974891E-004
  0.122162976576725     
  0.223318061642637     
 -9.955799555408988E-002
 -3.019077211813452E-002
  0.345711434013137     
  0.497925728752157     
  0.406909310229502     
 -0.613815252027883     
  1.131594354228794E-002
  0.149732256791331     
  0.391814393282418     
  0.426525512666537     
  0.121889813571280     
  0.459286052127041     
 -0.307543200020979     
  0.145804340895665     
 -0.331655492664824     
 -1.073927134350419E-002
 -6.802186105128114E-002
 -0.191171377749762     
 -7.194129276249628E-002
  0.121754931718697     
 -0.208390613821310     
 -0.173504697533968     
  8.178054989341016E-002
  0.436018295549560     
 -7.602999490561002E-002
 -0.380496172575033     
 -0.355447649355960     
  0.273260943363689     
  0.121075871276891     
  0.149271439474368     
  7.636436082719389E-002
 -4.496407465980705E-002
  0.348096745615703     
 -9.288398493356509E-002
  0.510177367911557     
  0.419592260305349     
  0.258524276568975     
 -0.842850089748029     
 -0.284025835509186     
 -0.907757412589921     
 -0.109605956609134     
  0.314675827277507     
  0.166224825489034     
 -0.306624453040324     
 -1.091647521993126E-002
  0.277800363634285     
 -0.448639269208886     
  0.656843524232005     
 -8.530342994341254E-002
  0.603007061893294     
  0.280140668137961     
  0.150484365906707     
  0.262485911129032     
  9.811167811900375E-002
  0.156858732191421     
  0.104252412976768     
 -0.236456018335344     
  0.152242308204147     
  0.244785327373657     
 -0.277143756790598     
 -0.166616749095367     
  0.162436903351358     
 -0.227992317310234     
 -0.158423612559138     
  0.152096001563806     
 -5.005705967940232E-002
  0.294795847098778     
 -0.668907958392500     
  0.260526707769481     
 -0.288429110599243     
  0.303744154612852     
 -4.054806972326620E-003
  0.501563519055068     
 -6.602597958241702E-002
 -0.642353040968642     
  0.298328850460666     
  0.332983023240057     
  0.273406977523617     
  0.100991136239433     
 -0.935138907920585     
  0.234340297375664     
  1.422061612353286E-002
  0.391978869819868     
 -0.117981570649077     
 -0.117964646324866     
 -1.368602358965253E-002
  0.155125091923549     
  0.126321745735373     
 -0.188398017182277     
 -0.949713314522543     
 -0.558409862665903     
 -0.322108827762634     
  0.350179241304893     
  8.808994255395870E-002
  4.122760976389254E-002
 -0.288268098916641     
  0.223173417131288     
  0.216527494180506     
 -0.169021493560076     
  3.804824966948529E-003
 -0.253918680923494     
 -9.203824198114650E-002
 -0.553855868675033     
 -0.560944272391310     
  0.810189505695255     
  0.247748362949043     
 -0.175710793939200     
 -0.536669139468748     
  0.196884914493116     
 -8.397008170511680E-002
  0.201966480601647     
  0.483979476864848     
 -0.326700637315519     
 -0.368663123740064     
  9.029927294931768E-002
  3.856313796978123E-002
 -0.175761882435755     
 -0.251872200648919     
  0.217180099113590     
 -6.074622363255101E-002
  9.092194765033494E-002
  0.273716813071319     
  0.135186150926146     
  0.916714325073544     
  0.501771914821817     
  6.473656275141365E-002
  0.209752898823048     
 -5.025632276989693E-002
  1.766924174585728E-002
  0.233974555367500     
 -0.104746111649432     
 -0.142861530955497     
  1.648029233272295E-002
 -1.307906927892833E-002
 -0.951690178505093     
 -0.284948976387343     
  0.687970423514170     
  0.645071964772396     
 -0.252165089876991     
  5.411489467909227E-002
  0.296482946481952     
 -0.322720870157241     
  0.228139224716404     
 -0.189736617888822     
  6.420388105605056E-002
  0.605852760925024     
 -0.471608264555434     
 -0.424327634217776     
 -1.588101709945878E-002
  0.182509890773636     
  0.194277416055747     
  1.746389504005819E-002
 -5.730997796842863E-002
 -0.160552362351724     
 -2.493229820401204E-002
 -0.498338860404228     
 -0.240876456299328     
 -0.546506958047010     
 -0.471865351325034     
 -6.063587961258850E-003
 -0.134779100076610     
 -0.577558649329381     
  8.866945327964328E-002
  0.148744742812787     
 -0.189322239047031     
  0.210545360352565     
 -0.685274982681564     
  3.794679178640382E-002
  0.170080519700623     
  0.100427824543265     
  0.116510575195629     
  0.110365707973549     
  3.193025624736334E-002
  0.345880907225403     
 -0.147674279546797     
 -0.374577559946273     
  0.152336875914268     
  0.345431443549554     
  0.238814003757367     
  0.906956660515352     
 -0.431236663130491     
 -0.207566854057987     
  8.759205620189889E-002
 -9.577925166463627E-003
  0.233798054203644     
 -0.219826520343665     
 -9.192285635360774E-002
 -0.368629965305400     
  4.558423499170679E-002
 -0.158793840829658     
 -0.259743730095425     
 -0.192530531728152     
 -0.282954524150587     
 -3.359258439137807E-003
  0.151677530483453     
  7.367893720079663E-002
 -0.175843444817533     
 -0.163959121966014     
  0.251403310305158     
  0.569879210268285     
 -0.308077627814939     
   1.06034816677021     
 -0.273064101456609     
  6.927026119221907E-002
 -0.350195250880903     
  0.357976434728156     
  7.794036265573734E-005
  0.253306917314770     
  0.442836049340096     
 -0.266759652630214     
 -0.336058141950822     
  0.472296108824836     
  0.679295702007481     
 -0.861448976717361     
  0.204622625583710     
 -0.433936634215413     
 -0.188756176867591     
 -0.518537843132551     
 -8.911450046450685E-002
 -0.299730203411656     
  0.179655785343415     
  0.442315530475613     
 -5.706728534726155E-002
 -0.256948987583767     
  0.875860248856357     
  0.385496944866470     
 -0.237010212243356     
 -5.198530321665858E-002
  0.120570751663946     
  0.320446663668668     
  0.153075385000230     
  3.890954165634652E-002
  0.180950656969230     
  0.141351202403247     
 -5.032243141901489E-003
  0.300038556844640     
  8.949819254973286E-002
 -0.293665617056056     
 -8.401174905442294E-002
  0.911636125045818     
 -2.477791230820763E-003
 -7.066855603830657E-002
 -6.997109446310784E-002
 -0.122320463006833     
  0.117649843834304     
  -1.13856651671307     
  5.173264255658501E-002
  0.206193465281584     
 -0.437710344480176     
 -0.162019650704360     
  4.353844105174528E-002
 -8.241463334081646E-002
  0.185720052867837     
  0.310724112313735     
  0.143209768447506     
 -0.134500599409019     
 -0.387922778175545     
  0.403466837015638     
  0.344518657538560     
  0.120940431581873     
  8.532882030830108E-002
  0.243794623952948     
  6.969214941426081E-002
 -0.132527397290880     
 -0.227604628989496     
  0.462810966443751     
  7.141318581688094E-002
 -0.570202433901999     
  6.693983380653044E-002
  1.184092372014902E-002
  0.216946643907031     
 -5.953940415130525E-003
  4.493452755773213E-002
  9.939650651867525E-002
 -8.849768191626578E-002
  0.164083305654080     
 -0.517787356676500     
 -0.360215100200647     
 -0.298948584324784     
 -0.195732649311105     
 -0.238813691375580     
  0.122248518871531     
  2.039190995575947E-004
 -0.255023281268779     
 -0.193777812070756     
  0.171603459271794     
  0.242751512625171     
 -0.596347820063227     
  0.700000632404177     
  0.666586152699002     
 -0.837522772236851     
   1.04496866755133     
 -3.199223749358282E-002
 -0.122542142984581     
  0.204837539814027     
  0.128178522764739     
 -4.413788521150126E-002
 -0.312106487553457     
 -0.287062373756631     
 -5.480027268916741E-002
 -0.322824925716254     
  0.192461434944348     
  0.649441355065784     
  2.651425982040961E-003
  0.805702743864293     
 -0.743590631149567     
  3.996535935789962E-002
  7.554168808836979E-002
 -6.770784893086509E-002
  0.519467294322516     
   1.06291876827297     
 -0.484346473592553     
  0.138902852459028     
 -0.210730014278157     
  0.160418181270603     
 -8.930542294122849E-002
  1.856744246409618E-002
  0.358844985140585     
 -0.219409647939166     
  1.594326393906844E-002
  0.418935952751196     
  0.228113995210742     
  0.323968597067399     
 -0.225099250813864     
   1.22868927751421     
  0.210546394085792     
 -0.453438994532895     
  0.351911836854444     
  0.337697326285561     
  0.255096486245588     
 -0.177438454107339     
  0.192719241554044     
  0.555609699760135     
 -0.617621213452530     
 -0.151167846375011     
 -5.065373809828405E-002
  0.151036909444794     
 -0.148203896033822     
 -4.825954519526184E-002
 -0.191059523664032     
 -0.176037847567331     
 -6.411673075813386E-002
 -0.154766769658767     
 -0.254679162590440     
  5.136577291051422E-003
  0.158407887299101     
  0.250982182821811     
 -0.288724102548342     
 -0.259501632811529     
 -0.121381486480961     
 -6.215828015359947E-002
  5.139323170254877E-002
  0.175864312057112     
 -0.393645994660442     
  0.212477691177909     
  0.167348204098796     
  0.509318528258374     
 -0.124170005798344     
 -0.183182931896809     
 -0.160886202614480     
 -0.179884234613389     
  4.805428939760779E-002
 -0.114133415150354     
  0.245271334136619     
 -0.682909341699287     
  0.623476073688288     
 -0.141715151512130     
  0.105202914737774     
  0.317310979885749     
 -0.143382519477710     
  0.618436195300684     
  0.308961560681247     
 -3.974010291670580E-002
  0.149596133296539     
  2.074596575885729E-002
 -0.711322352487707     
  0.138464660493927     
 -0.103571713446269     
  0.330837875642583     
 -0.188446171440308     
  0.707744533353823     
 -0.515045972736904     
 -0.381259955215959     
 -9.633100851222233E-002
 -0.229882379151972     
 -0.663905065716538     
  0.392939312526320     
 -0.104603095451120     
 -0.952953177070064     
  0.241970635313781     
 -6.710407833297294E-002
  0.166036382798072     
  0.351796840124227     
  0.189359868094004     
 -2.419795765511369E-002
  8.342087080590217E-002
 -0.106280990185510     
 -0.120217173228011     
 -0.568817207173844     
 -0.190768816115458     
 -0.488080096371169     
 -0.299885122532763     
 -0.346193375902098     
 -0.114155114166633     
 -0.349875889980474     
 -9.436187321209394E-002
 -0.414345118219932     
 -0.208967020778134     
 -0.132070059615473     
  4.998574611354067E-002
  0.233110574279763     
  3.998016682123266E-002
 -0.146987847780841     
 -0.190003764352237     
  0.320732268634826     
  0.308139303504625     
  5.759997980942218E-003
  0.258142236699968     
 -9.112660004390992E-002
  -1.41830872944548     
  0.171234869376056     
  2.846977379056324E-002
  0.921409889552658     
  0.112125747524266     
 -0.422770810363213     
 -6.433934019398485E-003
 -0.154809847316668     
 -7.802849137589622E-002
 -0.138437749013657     
 -0.111070581922683     
 -0.234982005173920     
 -0.115937167374586     
 -0.292535263130933     
 -0.252808919624430     
  2.242833433707341E-002
  0.212189699698905     
  0.956286110547284     
 -0.336111141019134     
 -0.338669108043775     
  0.413874875306394     
 -0.118218315902381     
  0.237781576067819     
 -2.566529340514099E-002
 -0.609322191350137     
  0.453221913504225     
 -0.735870148259791     
 -0.396913404013615     
  0.369330018335726     
  8.854285323003550E-002
  3.425579829510481E-002
 -0.608182890394768     
  0.382133509588242     
 -0.324880391570624     
 -0.585424483739914     
 -0.589037048405049     
 -0.769982935850908     
  0.124086279210529     
  0.376646460566628     
 -1.907367473335109E-002
  0.250309552871668     
 -7.241782767239530E-002
 -0.124474088060048     
  0.356111498910449     
 -0.729635438488246     
 -7.475849345418602E-002
 -0.131866547407554     
 -5.892691744467291E-002
  0.201624801995715     
  0.117371083509870     
  0.181335035080728     
 -0.191111150718715     
  1.673627502268660E-002
 -8.925591566830871E-002
 -9.589859080932180E-002
 -0.277753382048474     
 -0.157384868227056     
  9.914083390466416E-002
  3.663142645770372E-002
  0.278369898659636     
  0.706621131067049     
  0.242559885794871     
 -6.139980198569883E-002
  1.057437155651175E-002
  6.612295204051559E-002
  0.226287011258728     
 -8.256158068924720E-002
  0.249141831290177     
  6.437109505413939E-002
  0.108432713376688     
  1.931307922334025E-002
 -0.160704141221205     
  0.469620193269398     
  0.376187887480976     
 -6.547236982626627E-002
  1.749703193326921E-003
  0.146676137963173     
  0.544501987998265     
  0.246025338284830     
 -0.166585110307069     
 -3.410620439163851E-003
 -0.103638498050893     
 -0.151132905614756     
 -0.133875070640270     
  0.310848935889155     
 -5.303940043007602E-002
 -3.263630895712927E-002
 -0.314119340130802     
  0.190920736277725     
  0.852236930207556     
  0.403774237223496     
 -0.124642502684638     
 -0.181927622227981     
 -1.685052947268867E-002
  0.150291884186356     
  0.113204238067663     
 -8.157762117369634E-002
  0.318457471306572     
  2.989282148087268E-002
  0.110758511444540     
  0.302510429154536     
  0.215583898330605     
  -1.03457485907124     
  0.762680823896777     
  6.100722241726778E-002
 -0.262030133287258     
  2.118086068004896E-002
 -8.900374966931719E-002
 -0.124190168937391     
 -0.194082994867176     
  0.838867712338219     
 -0.510539918868428     
   1.19791690256636     
  0.202335322048696     
 -0.681427374370161     
 -5.741961697184354E-002
  0.213570852909148     
 -0.291083037961664     
 -0.324602151496398     
  0.275166384685503     
 -6.275648652415364E-002
 -0.808627722583578     
  0.637771351180409     
  4.967717898147861E-002
  0.593146939556562     
  7.085264838971733E-002
  9.512251044003297E-003
 -0.229052910034727     
  3.062669551958246E-002
  0.162904105533269     
  8.714706487107529E-002
  0.151058983929880     
 -0.518449359605711     
 -0.449997064799540     
 -0.287342317969561     
  -1.37198784927964     
  0.636344886627911     
  0.283542966333622     
  8.425349419028307E-002
  0.642319436022775     
 -0.393279230397185     
  0.141717002463249     
  0.151522210368117     
  0.276824606683211     
 -0.460246553751192     
   1.26554645301955     
 -0.609043992346032     
 -0.187713645602875     
 -0.811864185349109     
 -0.689778066348235     
  0.675446770103278     
 -0.145820949256696     
 -0.651671407441916     
 -1.398481852989658E-002
  0.786046319846635     
 -0.703621842912576     
  0.793870647109209     
  0.328814498123497     
  0.861127355096130     
 -0.207242341939195     
 -0.133711193437827     
  0.299175512732941     
  9.350316240356825E-002
 -4.786175313637140E-003
 -7.691588085454123E-004
  9.712988872250576E-002
  3.185478980002776E-002
  0.373877741974197     
 -0.273711618660202     
 -0.350237596537633     
 -0.363740142055139     
 -0.324647608255919     
  0.245784623394941     
  9.980666169135136E-002
 -4.275051412285852E-002
 -0.230267221226790     
 -2.761989669144339E-002
  3.510643390552137E-002
 -0.598950832312139     
 -0.495778488851222     
  0.118642555736992     
 -0.328584918549099     
  0.158121074115535     
 -0.146341192880251     
 -0.187600561511842     
 -0.261777737118488     
  0.113078444205038     
  0.268922303436607     
 -0.117098242904017     
  0.516420345886907     
 -0.429180049249470     
  0.181446071724195     
 -7.114929473276056E-002
  0.143597636491212     
 -0.216935984505065     
  5.437847332167317E-002
 -7.651600173723380E-002
 -4.194328319956007E-002
  0.509451307891368     
  0.228204680207260     
 -0.950319453687095     
 -0.944523374046744     
 -6.525017396244223E-002
  5.267141843044426E-002
  0.393956481537487     
  7.689044810163977E-002
 -9.232035905511848E-002
 -0.144975206315531     
 -5.847852538039226E-002
  0.355755457784516     
  0.183102592629503     
  8.072896741009164E-002
 -0.320324563000360     
 -0.410831256557481     
  0.235557659688790     
  0.472639685887215     
  0.349703606259924     
  0.564115167613281     
  0.322174722301762     
  4.654027313900728E-002
 -0.257836185544652     
  0.355718615733544     
  0.246971319670598     
  0.294078540658399     
 -0.239555055819829     
  0.133832137432119     
 -0.590807805113661     
 -0.108514031392122     
 -0.192569525848382     
  0.180620989122018     
  0.601814193236012     
 -0.203225470667224     
 -0.425273450621180     
 -7.966709365201066E-003
 -0.981485644756557     
 -0.420391837930713     
  0.109459781724789     
  1.575919677788734E-002
 -9.544965900269758E-002
 -0.326221490499556     
  7.632306926739148E-002
 -0.190836964537822     
   1.04518698806030     
  -1.19534771045899     
  0.877728091792047     
  0.280206505152527     
   1.11384246585384     
 -0.930023994749166     
 -0.488854704800445     
 -4.460855520965312E-002
  0.231804091177112     
  0.166399798618966     
  1.987688796494006E-002
 -0.634866994315262     
  7.488798732317749E-002
   1.06695765788341     
  0.365523879089095     
  0.582153480347337     
  0.135649994638116     
  0.498700851205860     
  0.200391035436848     
  7.494649578825059E-002
  0.191712906305688     
  3.112130289599072E-002
  0.565071997952673     
 -0.160796736727446     
  4.935802729589352E-002
  0.172407435200038     
 -0.306099046148185     
 -0.138156136798914     
  0.322451192852620     
 -1.844303433607590E-002
  4.019155645579191E-002
 -0.113997238994769     
  0.104889199978181     
 -0.544971305462780     
  0.706349250025762     
  0.134600425686584     
  4.395381100467882E-002
 -0.520310308689964     
  0.300308991580740     
  0.418901263117728     
 -0.629597095990022     
  0.122296468999068     
 -0.202161590178002     
 -0.168132337729813     
  0.414993689774680     
  -1.28968467501836     
 -0.475145853952887     
  0.457148489443334     
  0.155805844708149     
  3.282226108682312E-003
 -0.138579155373979     
  3.386176470883374E-002
  0.325014086106735     
  0.149398798316259     
  7.408682283272316E-002
 -0.482501748122538     
 -0.216937598091563     
  0.513859454834501     
  0.812172658501626     
  0.146529136287614     
 -0.244947083019693     
 -0.651661601628556     
 -0.222673947092410     
 -0.126608278723637     
 -0.402621162669733     
 -5.681192170147338E-002
  2.960918889101589E-002
  0.531730382650715     
 -0.407767837425880     
 -8.475382478011788E-002
 -0.667211194589298     
  0.718720551979914     
  0.382532370988827     
 -0.291109203140453     
  5.242118385707029E-002
  9.388420149347618E-002
 -0.195205067255864     
 -0.460742627024583     
 -0.176978732050897     
 -0.144482685885322     
 -0.527117057776001     
 -0.655637682488512     
 -0.295702108831365     
  0.236699720103755     
  9.014873114486383E-002
  0.281230201992748     
 -2.998796079159647E-003
  0.317698170152645     
 -0.653662078820351     
  0.172992623473550     
 -0.499184819519046     
 -3.221570333677881E-002
  0.139227352024659     
  0.283884341949514     
 -0.316255119500528     
  0.565004650857369     
  0.349399029429573     
 -7.132602468970814E-002
 -0.116266440613580     
  0.807781458486345     
 -0.290955068070944     
 -0.297110677651688     
 -0.373611088094140     
  0.242490784347440     
  2.410234093041494E-003
 -0.823479926578044     
  0.710015223629509     
 -0.214481033619718     
 -0.129017156914822     
  2.610677764476060E-002
  5.397488233083527E-002
 -0.529390445384587     
  0.349430456399099     
 -0.165799374963736     
  0.255915924410175     
 -0.560045919456933     
 -0.350735532489584     
 -0.249091185783179     
  2.926814332523664E-002
  7.439983436238091E-003
  6.367955423496977E-002
 -0.298888505390174     
 -0.125661772919355     
  0.426816773602350     
  0.413817358972440     
  0.228886640369024     
  8.312031137698050E-002
  5.764070462301615E-002
  1.648794971585764E-002
 -7.331753363771562E-002
 -1.872113203880593E-002
 -0.347408272300564     
  0.755881731821245     
  0.274406747446961     
 -8.843460127782481E-002
 -0.294167139806560     
 -0.267500377032528     
  0.300101213144221     
  0.167576417703211     
  0.381377500401338     
 -0.191849655683904     
  0.212354677569036     
  0.113232260961366     
  0.440164433127069     
  0.225572449545024     
  0.595265966820699     
 -0.118542861937959     
 -0.404624854686095     
 -8.870911896807063E-002
 -0.370092428644793     
  3.859932644450562E-002
 -0.141887028003184     
 -0.408089493523202     
 -0.537884648707801     
 -2.322934759706086E-002
  -1.06546135471600     
  0.380605520445747     
  0.606856566119766     
 -0.376725782688829     
 -8.238095026700178E-002
  0.398124015510967     
 -5.269601569335097E-002
  4.138026925227409E-002
  0.442396984229235     
  0.149200622107904     
  0.147291708812495     
 -0.449074600985789     
  0.117551004482510     
  0.593957057323507     
 -0.403404817471295     
 -0.374623437789127     
 -0.509297243408924     
  0.135356126422421     
  0.253539791635600     
  1.370339596832419E-002
  0.170576963507299     
  0.102135908874671     
 -0.286645447998822     
 -0.253431739265959     
  -1.07125300827504     
  0.343785295409235     
  0.133714402490872     
  0.137431594405478     
 -0.150413883650566     
 -0.143632171265477     
  0.406180601029274     
 -0.287111759225007     
 
  0.279753206686484     
   1.12746587565446     
 -0.562062654410363     
  0.219915344032474     
  0.277833434648575     
  0.203356698420172     
  0.107454750548010     
  0.181060967821386     
  0.148439044726474     
 -0.736721925823845     
  2.962571615819461E-003
 -0.173347596122129     
 -1.573765214769215E-002
  6.683729123788339E-002
 -0.910307830267312     
 -0.783065412023197     
 -0.208502161624075     
  6.475910895469573E-002
  7.311748810240559E-002
  0.330631821161624     
  0.639078592416706     
   1.20654365037704     
 -0.696045686578208     
 -0.365481495403414     
   2.15699087242377     
 -2.879915516694565E-002
 -0.213570293382138     
  0.365720151870309     
 -0.715102076248575     
  0.202349394946310     
 
  0.181875273881807     
  0.308999963976147     
 -0.369549659950669     
  0.171477702163903     
  7.368420151196564E-002
  5.875750891279825E-002
  0.554342208339569     
  0.333352298406696     
 -0.136073977907975     
  0.429011736605947     
  0.124762139299940     
 -0.169820247063410     
  0.479417009856849     
 -3.426951972752019E-002
 -0.259125760829670     
  6.521680246175625E-002
 -0.246032518749607     
  9.069235956495562E-002
 -0.389709464083721     
 -0.397929124743054     
  0.844283075411026     
 -0.776404598414490     
 -0.213409345335886     
 -0.540929612649714     
 -0.102587872989876     
 -0.718067877294378     
  0.437075387175459     
 -0.394372277681061     
  0.274259244046561     
  3.167179332467809E-002
  0.552290776754571     
  0.351908602664881     
 -0.442377454947890     
 -0.323228532831058     
  0.172678711929866     
  3.762941990921607E-002
  0.613967263028133     
 -0.394742207238970     
 -0.240016673871940     
 -0.177521033529312     
  0.183243921537674     
 -0.514117150624133     
 -0.356486268967380     
  0.405852625534839     
  0.616051892712331     
 -0.424102345656342     
  0.274605608135278     
 -0.991852097303659     
 -0.225205206842851     
  7.993927806328142E-002
  0.224209556083614     
  0.248627985909697     
 -0.303747923754982     
  0.762546472509980     
 -0.120253343721650     
 -0.879874715434126     
 -0.873765023182751     
 -0.104629293924493     
 -0.395362900931452     
  0.484383553378679     
 -0.284613053634158     
  0.838625110418407     
 -2.900446064966818E-002
  0.440984116601133     
 -0.394420587356785     
  0.347677288703227     
 -8.842881261260589E-002
  0.457724612267586     
  0.209916920354593     
  0.495724248322597     
  0.175771600295124     
  0.201979874284875     
  4.564520004012563E-002
 -0.167150451841923     
  0.877982674804199     
  0.430903520584496     
 -0.173024063429387     
 -0.548484540078645     
 -0.184684222560164     
 -0.849758203419766     
 -0.237818812140481     
 -0.806285685649374     
 -4.315254521046794E-002
 -0.386276332092669     
 -0.365440450250007     
 -0.522579259595060     
 -1.705550958912621E-002
  7.468656865153439E-002
  0.298216638511474     
 -0.221266529324679     
  4.162535825057283E-002
 -0.951760713707274     
 -0.307128140814067     
 -9.047131999258907E-002
 -0.223492226507750     
  0.297122923655788     
  2.683851012155789E-002
  0.401779412886502     
 -2.519515162440889E-002
 -0.658809255750219     
  5.966182994731024E-002
  0.135243011955581     
 -0.273548018593299     
 -5.264480976978606E-002
  0.146711762823940     
 -0.344644102051625     
  0.343902146962711     
 -0.209224108897092     
  0.134609408175677     
  0.202043451431593     
  0.286884423965509     
 -0.193712745423164     
 -0.199338824760464     
  0.423962344568425     
  0.172307153268993     
 -0.107999415769625     
  0.255856692603837     
 -0.494613094107521     
 -8.251896783193446E-002
  6.080560031071602E-002
  0.100174312659513     
 -0.163161843244159     
  5.741691627155684E-002
  2.513992748575986E-002
 -6.737113645723321E-002
  0.421696978225758     
 -0.292832135370602     
 -0.358128767488986     
 -0.212732887596882     
 -3.584614059017241E-003
  6.294460360050788E-002
 -0.501465049948274     
 -0.134681703010374     
  0.144245937095292     
 -0.614086271080431     
  0.334201663204084     
 -4.422051241113854E-002
 -0.410018932736928     
 -0.120381950947274     
  2.035936499083415E-002
  0.161387056983869     
 -0.133156595083317     
  0.171847441903758     
  0.530375313267610     
  0.104335633733163     
  0.164680254530693     
 -0.720085689292439     
 -0.405785832766056     
 -0.216745200215309     
 -0.383281443441235     
  0.111874628875505     
  0.593318707790883     
  1.401694389327750E-002
 -8.129121317434347E-003
  0.500395625967675     
  0.500617755427720     
 -0.214156771123090     
  5.889968040232935E-002
  0.184007294404876     
 -9.233893298347880E-002
  0.143788328312121     
  0.122903172617621     
 -0.549256817841775     
 -0.211944461081383     
  0.228774665852442     
 -0.719917707053526     
 -0.210296626832968     
  8.218707644741297E-002
  0.307283061397170     
  0.273892155932584     
 -0.584802603118467     
  0.318783773174960     
 -0.232116331067952     
 -0.183357239733357     
  0.224882902062308     
 -0.356683235335189     
 -9.337315513182444E-002
 -4.580639963848070E-002
 -9.005576360283557E-002
  0.358215986019186     
  0.325852405347214     
  0.201769650833633     
  0.434456550872509     
 -6.831554331589755E-002
  0.242905068344511     
  0.105204900635868     
 -0.242582068901049     
  0.206389456790152     
  0.210600398002984     
  0.452457458974329     
  0.145192367887140     
  2.505606950195854E-002
  0.349833130797970     
 -0.118651718347341     
 -0.421162769254579     
  0.208858483848936     
 -0.520247771787118     
 -3.339947481211311E-002
  8.815695714717886E-002
 -0.194412128507565     
 -0.402556924692742     
 -0.158555763842458     
  0.797253078019271     
 -6.642276936877882E-002
 -0.415668859475563     
 -0.183854741402302     
 -0.690418471698926     
 -0.105719271102584     
  0.461600285610589     
 -0.182103263724591     
  0.133197462585232     
 -0.269665452477627     
  2.323889559670862E-002
 -0.176985410399314     
 -3.418432519612085E-002
  4.448472409666125E-002
 -0.183410593668923     
 -0.100995860086254     
 -0.707638699940298     
 -5.754647350850728E-002
 -0.340930944211290     
  0.173362225257176     
 -0.145498171752768     
 -0.416342173555606     
  0.573830410816436     
 -0.413780517669966     
  0.273802166032626     
 -0.274197904026843     
 -2.305331492826932E-002
  7.506740306723308E-002
 -3.960308264645206E-002
 -0.631048736479595     
 -0.611074975560907     
  4.630118487021056E-002
  4.501228146493246E-002
 -0.459576390439704     
 -0.300911211564294     
 -4.803228316347555E-002
  1.295529299536144E-002
 -0.129739053706427     
  4.390387553484958E-002
 -0.170523457394082     
 -0.433858868768520     
  0.397721678732128     
 -9.525400621901231E-002
  6.897346192027698E-002
 -0.166945955968924     
  3.720491923822235E-002
 -0.307766114626884     
 -0.261841990999228     
  7.864926864919063E-002
  0.437255398892858     
  0.315952353972017     
  3.099720874715315E-002
 -3.338348581896654E-002
 -0.254748273451518     
 -0.320729177037314     
 -0.347895059915985     
 -0.154390530287922     
  0.426951393986712     
 -0.588173865911070     
  0.326019876696783     
 -0.265468553356537     
 -0.184526625383594     
 -0.412535526473383     
  0.629786777305078     
  0.546407342805874     
  -1.03134758554739     
  0.133681295515270     
 -0.313596552313039     
  1.914219970720096E-002
  0.275076570650553     
  0.442546106230390     
 -0.365419195614946     
 -0.258271804668686     
  0.214409765550282     
  6.934649880408881E-003
 -0.127963638682646     
  1.788677516960074E-002
  8.940862607026566E-002
  5.141052673346017E-002
 -0.422376031497380     
 -0.180633548775404     
 -0.336565482781061     
 -0.267017415618285     
 -0.417824795146355     
  0.148735848144415     
 -0.881101317496999     
  0.117340394872368     
  5.432888088043419E-002
  7.238183207839477E-002
  0.572536729121043     
  0.208235814732274     
 -0.234462382525405     
 -0.531012330108906     
  0.894703896334295     
  0.255121165332597     
  0.532334880271573     
  0.271612630961752     
  0.259639536702815     
  0.495536829722583     
 -0.419401805823455     
 -0.461382912346152     
  0.254552322995042     
 -5.676530528799111E-002
 -6.001970563653938E-003
  0.150157197624703     
  0.108315235929719     
 -0.161224155232410     
 -0.577333114527640     
 -3.573477121868464E-002
  0.243028377567857     
  0.103099657891192     
  0.714378720266770     
 -0.421510455799245     
 -0.278229949164764     
 -0.490882075651376     
 -0.119302128701665     
 -1.570855805460521E-002
  0.256550307997249     
 -0.459746806240135     
 -0.360551600787016     
 -3.539628486974902E-002
 -0.203662771125590     
  0.226102299811841     
  0.496113948418042     
 -0.376645789782327     
 -0.144425547161651     
  2.701247400012395E-002
 -0.296640318965972     
 -0.544034469517300     
 -0.124675874034578     
  0.541129661786663     
 -0.175147074744691     
  0.248046241110426     
  8.758096235967641E-002
 -6.806202794980687E-002
 -0.141892554752150     
 -0.151543172898424     
  0.476260272976518     
 -0.403486342338343     
 -0.151330999871465     
 -3.097123762720507E-002
 -0.106728086869058     
 -2.737875842819873E-002
  0.202396193638460     
 -0.165256820729557     
  0.547987792569827     
 -2.346738829071449E-002
 -0.231615715297768     
  0.247520780924351     
 -0.334821605397403     
  2.732187603811414E-002
  7.436428686731555E-002
  1.715352091057069E-002
 -2.323179502657179E-002
 -0.216460621932148     
  0.269879167720006     
 -5.111199263450612E-002
  0.584526875745360     
 -7.652114465622877E-002
 -0.600924677161293     
  0.384800642236719     
 -0.399417118279647     
 -0.366977302081496     
 -0.456041546836048     
  6.540227631223922E-002
 -6.381747617794054E-002
 -0.457500617636273     
  0.620145536338614     
  0.410992496299888     
  7.101558652094637E-002
 -4.433886137360973E-002
 -0.425406446895521     
 -0.825989613604841     
  7.061148453075808E-002
 -0.314533407557935     
 -2.903753615325694E-002
 -8.914499578999932E-002
 -0.398630411450105     
 -0.491986952761848     
 -6.108825088918629E-002
 -0.208050193217414     
 -8.819878768258377E-003
 -0.175144526727252     
 -0.221815057595755     
 -0.982899708079182     
  -1.07816826877838     
 -6.648932240455104E-002
  0.409922733802298     
  4.445183014644019E-002
  0.310223529272473     
  0.439800626690176     
  5.465570368563652E-002
  0.345829431920990     
  0.292218099457530     
 -0.353091736216133     
 -8.479131781557721E-002
  0.286724642217732     
  0.236637022221849     
 -8.353658566118468E-004
 -0.146731951702232     
 -1.882710701248364E-002
 -0.124354406195346     
 -0.309627775623341     
 -4.883900591488360E-002
 -0.397629369761633     
  0.221384668330577     
 -5.021815759770804E-002
 -1.197073546947771E-002
 -8.599272765178427E-002
 -0.189708558242462     
 -0.237422202819664     
 -4.014770943636175E-002
 -0.307696997217160     
  1.554774985872426E-002
  0.590780161415072     
  0.229133255701484     
 -0.180299559684795     
 -5.965471684475671E-002
 -0.175736006239624     
 -0.556760871200273     
  0.393030578351959     
  0.324130758631046     
  6.538697675566144E-002
 -7.430425209928093E-002
 -1.423191911420666E-002
 -0.531316445922087     
 -8.443808893382626E-002
 -7.421367997932044E-003
  8.476870720977278E-002
 -0.349406392297424     
  0.449267581353234     
 -0.155346476602382     
 -0.713357365925670     
  0.402028552956212     
 -0.279141345429041     
 -0.103134795595253     
 -0.508821193741120     
  0.181143698198565     
 -0.532987630209318     
 -0.396875306170353     
 -0.941365114531835     
 -6.538175020809527E-002
  6.030943829824204E-002
 -0.113593975723215     
 -0.407026628306055     
 -0.433260083192161     
  0.183468682129328     
 -2.746211310186518E-002
 -0.271087409938970     
 -0.434355569838782     
 -0.217167760667349     
  0.169276576292079     
  0.154586223220654     
 -0.420683186856526     
 -0.176898932808531     
 -0.415383809993605     
 -0.511733352895671     
  0.214947348950440     
  5.759870276153885E-002
  0.377721850680797     
  0.141473489960920     
  0.492525761524957     
 -0.440197285391038     
 -3.315633318518062E-002
  0.759140584738219     
  0.107094797833372     
 -0.254750260995423     
 -0.218041047324327     
 -0.637197404256020     
  0.811301646646189     
 -0.560403547337008     
 -0.407187710513097     
  0.214385015402973     
 -0.363028548794887     
 -0.322485349033405     
 -6.732862687181040E-002
 -0.107357657626890     
 -0.222460483993982     
 -0.167792572724277     
 -0.173378452540697     
   1.10544533378773     
 -0.466886067782462     
  0.168161025797404     
  0.228974185892275     
  0.154337839613505     
 -0.101968796133747     
 -0.274716761877522     
 -0.113020568187604     
  0.197415973638917     
 -7.627380423853103E-002
  0.488274513692099     
 -0.300770837638360     
 -0.406043651170731     
  0.218680149197396     
  0.230716304506393     
  0.536145776253975     
  7.277650691111440E-002
  0.172280697235320     
 -0.721209790486557     
 -0.467521881836056     
  0.242483622360152     
 -0.379251021546609     
 -0.270990858707827     
  0.109785014150548     
  0.158908842778338     
 -0.121282958795602     
  0.362355832323896     
 -0.288011999956124     
 -4.131544812374183E-002
  0.646380844580500     
  0.995625264492618     
 -0.253486623332292     
 -3.978492777795936E-002
  3.549384293247183E-002
  9.854029442995951E-003
 -0.481170400010474     
  0.303595464446092     
  0.507727906986609     
 -7.490347134681488E-002
  3.505581706296334E-002
  0.191817302702073     
  7.448685807829798E-002
 -0.131365490051237     
  0.407907349216171     
 -0.215747754453970     
  0.372166880858593     
 -0.328401446973209     
 -0.417541034426537     
 -0.116915926009666     
  -1.09167291339478     
  0.680683689852260     
 -1.085098275938518E-002
  0.281564969501914     
  0.726585522739463     
  0.393730443274891     
  0.107132169494883     
 -0.161501573497183     
  0.587464143111500     
 -9.576118194551643E-002
  0.339895844465879     
  0.545255048217565     
 -6.581299650325438E-002
  0.346737637726257     
  0.472073920257781     
  7.033450484173684E-002
 -7.745044580935598E-002
  0.602518460441177     
  0.113983584233743     
  6.550828728982042E-002
  0.378565074845350     
  0.560569654413893     
 -0.261981486155265     
 -0.129325855043398     
  0.429758753498831     
  0.388549267439454     
  0.125709615464460     
 -3.497118990438833E-002
 -0.103024739429882     
 -0.176731677570705     
  0.377140453357438     
 -0.222625033429180     
 -0.144772547794107     
  0.376477606468977     
  4.036763082855920E-002
  0.656556462381689     
 -0.773827833605251     
  5.859381655699474E-002
 -0.499327030363056     
 -0.105236437710497     
  0.306745673429557     
 -0.144951308689243     
 -0.279456481713533     
  0.371932438503730     
 -0.559340719972693     
 -0.278321853547473     
  0.465278744543441     
 -0.698846144551258     
  0.106899647491265     
 -0.117449412343007     
  9.283234120882163E-002
 -0.213719770254662     
  2.114647985480854E-002
 -4.633608919101575E-003
 -0.301138029272918     
  0.169659808326408     
 -0.814310134957138     
 -0.164019677358968     
 -9.244116820462848E-002
 -0.107450079866722     
  5.023373335546354E-002
  0.457200117661148     
 -0.332458892755363     
  0.146796385832013     
 -0.163039832577304     
 -0.334928916018315     
 -5.357110171567415E-002
  1.706531855972047E-002
 -0.129425247548217     
 -2.292245241661640E-003
 -0.224280212834921     
  0.511959175719240     
 -0.197662055142834     
 -0.374518164741734     
 -0.151798756266206     
  0.123603121235586     
 -0.284516021988149     
 -0.249693628583787     
  0.640759050380266     
 -0.366889779231485     
  0.440312176906349     
  0.140254447779854     
 -0.189420750475778     
  0.541099722117012     
  0.153760343942211     
  4.893081832106980E-002
  0.423473929164930     
 -4.967032312268511E-002
 -0.490331755811564     
  0.207530115534591     
  0.592951185128308     
 -0.731634843342300     
 -4.716657281335900E-002
 -0.187332083345430     
  5.665188401003464E-002
 -0.240967955472285     
  3.500143531965597E-002
  0.163014416874082     
  0.228852870794646     
  0.429216960228243     
  0.360622267711143     
 -0.516326427148218     
 -0.140144195888413     
  0.261266493002915     
 -0.492402702567777     
 -0.289889218369774     
  2.800007429045584E-002
 -0.353555357111529     
 -0.262578860094881     
 -0.555858230236336     
  0.288697476230210     
 -7.492731707876300E-002
 -9.593124101823244E-002
  0.434690149726980     
 -8.266374944888823E-002
  1.172252355967660E-002
  0.140042639515528     
  3.424264499364209E-002
  0.451632777991712     
 -0.471577356874828     
 -0.412843783744482     
 -0.359307620696061     
  0.263818629837424     
   1.02240203176161     
  0.139112248395636     
  0.222055488144065     
  0.118591459652926     
  0.134025706235634     
 -9.546529543147143E-002
  0.348892235104623     
 -0.959743665216524     
 -0.109503729196511     
  0.218058267528633     
  0.197715325136112     
 -0.259745635299704     
 -4.580398424907973E-002
 -8.898990182301955E-002
 -0.120148322074937     
  0.566988464408600     
  7.038700988846514E-002
  0.550893908360457     
  7.536419858729801E-002
  0.474298098973211     
  0.339432649899831     
  6.292856028709522E-002
 -5.662409615609767E-002
 -7.178491880292910E-002
 -5.235319962859435E-002
  0.293428567711685     
  4.723983078300843E-002
 -5.373787641109155E-002
 -0.399943011346143     
  0.387706391582835     
 -0.166057337241659     
  0.320547116852342     
 -0.256775477331015     
  1.838520555094153E-002
 -0.282563849155404     
 -0.578421569519632     
 -8.818400200181133E-002
 -0.680727475733656     
 -0.177932457118029     
 -0.289998565024406     
 -0.403017222825342     
 -0.369356413156335     
 -3.184006223573979E-002
  1.282973262104936E-002
  0.294639289124160     
 -0.292966382851850     
  0.105123687698388     
 -0.105022513659336     
 -0.588792964374881     
 -0.540303030182894     
  0.182920510122233     
 -0.165075273260364     
 -0.264850136002632     
  0.462350934670793     
  1.878505961872858E-002
  0.251263030412650     
 -0.164454358813248     
  0.216786254197725     
 -0.170959836887143     
  0.343819035097545     
  0.368668537180968     
 -0.143183788755449     
 -0.382149937516982     
  0.290750854494572     
  4.439212700945652E-002
  0.688259943887522     
 -0.304436232502919     
 -0.589280359665857     
 -2.970405895312177E-002
 -0.196981091509551     
  0.176113447779670     
  0.223379667317990     
 -0.184139333759412     
 -0.279534630049792     
  6.912364051244027E-002
  0.357895272480357     
  7.317657727601215E-002
 -4.121849445254710E-002
 -0.289449236646969     
 -0.550226938561798     
  0.656164430469192     
  0.692781394280551     
  0.290037704317514     
 -0.171938180246676     
 -0.122073643143154     
 -0.164754466404022     
 -7.790578282978924E-002
 -0.548756828328068     
 -0.205137219759705     
  0.612369053389714     
  0.152387029975017     
  0.441948018978578     
 -0.254494158877304     
  0.149159784571293     
  0.302190330871399     
 -0.336905564923640     
 -0.380186810408239     
   1.08656665374201     
  0.520439598221529     
 -8.301894009819390E-002
  0.490559868213963     
 -0.333987701010546     
 -3.509126642300670E-002
 -0.534487699626207     
 -0.104549993935487     
 -0.107286264658535     
 -0.665470818791770     
 -0.797768209980652     
 -0.436065161437367     
 -0.297286422436841     
 -0.500351613331879     
 -0.311582612118461     
  0.213890105960902     
 -0.675341623168751     
 -0.405405304470081     
 -0.666268311638306     
 -0.208119364468092     
 -0.211932707579396     
 -0.327725266340037     
 -0.203535288697003     
 -0.345296980063681     
 -0.294693886486933     
 -0.248067187270236     
  0.837529899552003     
 -0.170602705544099     
 -8.343870533892450E-002
  0.195646740291577     
  3.128304295763783E-002
 -0.910726130537719     
 -0.412203738605889     
  0.223672649528268     
 -0.254236961912528     
  0.168696816451114     
  7.527827603243700E-002
 -0.257456653783756     
  0.125218359903722     
  0.757689688792599     
 -0.304959623798131     
 -0.614497914265031     
 -0.325266677646678     
 -0.272447723483331     
 -0.373557480741613     
 -0.136057016979989     
 -0.623706849196511     
 -0.315185060465887     
  0.210265833991800     
  0.688228991841849     
  0.750502697555692     
 -0.160478387922104     
  0.400832106162397     
  0.508744065903666     
 -0.158211742017251     
 -3.915050626020509E-002
 -3.916088160313396E-002
  0.174634372810805     
  0.191226051487571     
 -9.821895972728685E-002
   1.52213830934436     
  0.947095224421094     
   1.67311419269856     
  0.493622806527490     
 -0.655689487141279     
  0.471941988964600     
 -0.386620494006068     
 -0.554153961994026     
  0.343331620849131     
   1.26797160365465     
 -0.597534362120352     
  0.394477149560661     
 -0.170331899343766     
  0.803606636858236     
  -1.51213797110411     
  3.673496225652827E-002
  0.432964597693819     
  0.311225840772372     
  0.626614160458984     
  -1.47992318654093     
  0.363797636369919     
 -0.345003213126864     
  0.660622819747372     
   1.67012150879595     
  1.636995934239608E-002
 -0.236975734595343     
  -1.28983915822493     
  8.971922251464665E-003
  0.178019965323749     
 -0.101408999591229     
  0.509795590844742     
 -0.447867187490816     
  0.204756454641364     
  9.893967933046896E-002
  -1.22021171636310     
 -0.685391245617499     
  5.244423375416903E-002
 -0.257424133412258     
  -1.24702802973200     
 -3.810139385937415E-002
 -0.751532991234283     
 -0.343092033063049     
 -0.673786902459406     
 -0.351596597575683     
 -0.221831220619719     
  0.426229868514434     
 -0.109660874397528     
  2.129584946119007E-002
  0.546093599391961     
 -0.369772500278683     
  0.257888995328865     
 -8.414217497450374E-002
  0.328563045483830     
  0.190344984669334     
  3.874488498151644E-002
 -0.309490373186917     
  0.305933497890361     
 -1.070623811005324E-002
  0.872183073590538     
 -6.875905412603740E-002
  7.809991546848097E-002
  0.442323799131688     
 -1.934226063826235E-002
 -0.298780202534174     
  0.314826274216804     
 -0.663129867593197     
  0.178617146289695     
  0.615538050748417     
  0.230585038907949     
  0.333605757743230     
 -0.397458661943363     
  0.100553712304834     
 -0.806679810582725     
 -0.173417156770992     
  9.290912619849293E-002
  0.144939071617224     
  0.326168000027186     
  5.868915058550306E-002
  0.583301223994548     
  0.938813938928212     
  0.112579108044034     
 -0.228175032708087     
  0.260048038878700     
 -0.107716386900988     
  0.761054121191942     
  0.438747342335616     
  0.394869757874902     
  2.084939424149057E-002
  0.341159117349654     
 
  0.257272293723348     
 -0.297853640423008     
 -0.333475295902495     
 -1.378426663704082E-002
 -0.354168926212712     
  0.581371436161997     
  0.638484016368987     
  0.188480557542722     
  0.252134700684370     
 -0.187983394402861     
  0.358340505553564     
  6.121593633687984E-002
 -0.259777233482186     
  0.198845698045548     
 -3.642680284538533E-002
  5.092591578934874E-002
 -0.112801488894863     
 -0.122251275955017     
 -0.471295591657979     
  0.166648497754159     
 -0.726525431901551     
  0.173895401366905     
  0.261768230800919     
 -2.977070718160375E-002
  0.105569212853231     
  0.169568539454433     
 -0.146928321449823     
  0.128058388923600     
  0.776609452394309     
 -0.262612760623076     
 
  0.434739459018278     
  0.801947848803244     
  0.415472003118371     
  -1.14565074725571     
  0.481776178747744     
  -17.1744924009878     
 -0.428728042742383     
  0.936803802684247     
  0.187677954376468     
  0.338961776458684     
 -0.677571990762874     
  -1.78997013542350     
  0.461003056038549     
  8.484773504550955E-002
 -0.335857376131858     
  0.222670188498008     
 -5.451689967765404E-002
  0.347804683673166     
  0.294096682688676     
 -0.927633814463937     
   1.58363970088638     
 -0.661086357990681     
 -0.307622282270711     
  0.776536117756367     
  -1.01551910579629     
 -0.468957688729445     
  0.262075741014757     
   1.02574057769738     
  0.636029182126892     
 -0.330478256499553     
 
 -3.939104761904762E-004
 
  tansig  tansig 
