     33 -    30 -    30 -     1 
rmse=  27.3102meV
  0.271374221336286     
  0.192662306121766     
  0.401417939378970     
  0.111431138534535     
  0.250625639084670     
  0.309144901429261     
 -0.218567648223124     
  0.441589429430339     
 -6.901928061065972E-002
 -5.030144080519089E-003
 -0.282410529778973     
 -0.137491854540471     
  0.184334520038364     
  2.223348758393513E-002
 -0.418021195101756     
 -4.328218035476306E-002
 -0.347956584986760     
  0.488621479818902     
  0.143239550722940     
 -0.117855335198592     
  0.111145783642092     
  0.153443586499447     
 -0.137140248477120     
 -8.941830001391103E-002
  0.157973788532463     
 -9.839978497299177E-002
 -0.239329686416131     
  4.699154065771824E-002
 -0.404339941162626     
 -0.300826094765908     
  0.681049293605118     
  0.299846285393035     
 -3.505744058191468E-002
 -6.357404028321501E-002
  0.254546988799874     
  0.397999708913619     
 -0.685008174845484     
  0.216173092273501     
  0.191936403279497     
 -0.764442075350086     
 -0.326850190776184     
 -0.247309788133044     
 -0.348936513257055     
 -0.489855932014460     
 -0.165554482120506     
 -0.195374353336771     
  0.151284378351555     
  0.387071669068717     
  0.105561337854882     
 -0.349283214568708     
 -0.687534217755182     
  0.303557125311648     
  0.214950490873540     
  0.286461670300691     
 -4.815085718455295E-002
 -0.212688208951942     
  0.577889637647326     
 -0.136584111449456     
 -0.270459119085768     
 -0.114858005244303     
  0.889856239757580     
  0.321816666055656     
 -0.145769715914320     
 -0.406124387405825     
  0.459974703767854     
  0.368204060458529     
  0.257957396662568     
  6.971207222299525E-002
  0.668908729502372     
 -0.431149470986738     
  0.377150205194895     
  0.163473296397826     
  0.256965256341315     
  0.240741624678278     
 -0.560448313343135     
 -0.298567197786115     
  0.137436259195712     
  0.147146881060973     
 -0.301803582085247     
  0.250493647270834     
 -0.117147757247323     
  0.203817788468173     
  6.167850137554412E-002
 -4.791898585729849E-002
  0.234112172414007     
  0.190274637809812     
  0.445762275187152     
  2.311939025380384E-002
 -0.451968254962202     
  0.225086309985926     
 -0.151781701222746     
 -0.444127453942353     
 -1.489214272038615E-002
  0.280749220244565     
  0.375651749267570     
  0.151580220989336     
  0.332688276122589     
 -0.277590370903776     
  0.254357297821584     
 -0.255386530086593     
  7.626436319328621E-003
  0.283153146486224     
  6.506503699008644E-002
  0.140654291140041     
  0.269055128722531     
  0.164133564617836     
 -0.158658532274672     
  0.131822135095498     
 -3.269043773526271E-002
  0.135244059086446     
 -0.337531936858817     
  0.148109979818941     
 -0.104747455124365     
 -0.305562196094522     
  1.356200365533270E-003
  0.274149658907726     
 -3.940831600180790E-002
 -0.354593894121627     
 -0.402866274480534     
 -0.110751193665153     
  9.137149173448292E-002
  5.430727336730161E-002
 -2.206566570072045E-002
  0.352061492104602     
  0.213822757052123     
  0.356657064111074     
  0.133486568245759     
  0.197370860449829     
 -0.271484653364232     
 -0.196908634311756     
  0.122742226882018     
 -0.103345837183166     
  0.342702718169567     
 -0.508334507420261     
 -0.328197974523932     
  2.708585625235244E-002
 -0.208337570622786     
 -2.458610976407323E-003
 -0.559956714646125     
  0.142399551710212     
 -6.112898977901918E-002
  0.324537016311598     
 -0.115804446272879     
 -1.022530280830104E-002
 -0.254744351729796     
 -0.235595612095936     
  0.747496928852945     
 -0.271618456232604     
 -3.298179016442179E-002
  0.670939792584502     
 -0.303362494120414     
  0.366197848415141     
  0.646068733859028     
 -0.334237336162479     
 -0.357040194409259     
  0.551329227266995     
  0.213455214066110     
 -6.505664114171028E-002
  0.530974259042876     
 -5.903210403393638E-002
 -0.218706741745460     
 -0.188876561069464     
 -0.405493356037032     
  0.411116792444813     
 -9.263251233524203E-002
  0.160214563048452     
 -9.436614827743832E-002
  0.291950468713993     
  0.167830673258768     
 -2.632153938316980E-002
 -0.540849368869625     
  0.923277517004917     
 -0.506349391009386     
 -0.617698846116204     
 -0.347975139370699     
 -6.686783399525031E-002
  0.245012386692642     
 -0.201545575740758     
  0.314407781529655     
  0.217560429379761     
 -3.715488015523237E-002
  7.219842107000216E-002
 -0.255919398790892     
  0.899278082217840     
 -0.607592194198286     
  0.749137214185959     
  0.208297027839000     
 -0.171998539675128     
 -0.304456487659644     
  -1.06057753202566     
  5.774760555963657E-002
  0.210901273687352     
 -0.536845371135449     
  -1.03748764792524     
   1.37746483798850     
  -1.35595336448178     
 -0.214601387889315     
 -0.625732129045691     
 -0.325470236036194     
 -0.754275919341460     
  0.779944048631326     
 -0.386710994189135     
  5.249683066949484E-003
  3.517492488834621E-002
 -0.181120862037764     
 -0.260146771611273     
  0.368667541793412     
  3.529767237422786E-002
  8.819535097434233E-002
 -0.448343162548978     
  0.313826095921721     
 -0.519274517981557     
  0.410909225456574     
 -0.231201027249102     
  0.388747721932514     
 -0.343499524973186     
 -0.111530136197065     
  0.272463442603069     
  0.126638722820887     
  9.435246304107263E-002
  9.948284668421564E-002
  1.724948312372072E-002
  0.326634770795721     
 -0.303686901782728     
  0.232363319026417     
 -0.187711632463793     
  0.449669036823007     
 -7.562331080481911E-002
 -0.263526903655735     
 -0.302507297080806     
 -2.642587550185981E-002
  0.116283834275422     
  0.250151069085475     
 -0.585418304242906     
  0.270753261139432     
  0.118916116869687     
  0.186781640199611     
  0.489157965219855     
  0.153268717756009     
  0.437401659253654     
 -0.169936915205327     
  0.396741746808972     
  0.256225915378639     
  0.173162998899532     
 -9.762787576396247E-002
  1.195985772210909E-002
  0.158247628061393     
 -0.209232663354009     
 -0.115573680710361     
 -0.303040769897537     
 -0.100616127732493     
 -0.169191763870314     
  0.166699921616479     
  0.481258685720963     
  0.405738984325736     
  0.264531640791493     
 -2.737813865693640E-002
 -0.169651814425217     
  0.138995447739480     
 -0.484541913009199     
 -0.222347566195278     
 -0.187479064017873     
 -0.469595371632926     
  7.368455558076530E-002
  9.127532976209983E-002
  2.410808987569428E-002
 -0.463477284313598     
  0.402660580557872     
 -0.178576326451041     
  0.120731187016675     
  7.720710983182288E-002
 -0.102556841219894     
  -1.41884366317031     
 -0.615254424690537     
 -0.111476819279972     
  1.354873200242342E-002
 -0.135142730673294     
  0.194223718260127     
 -8.545835891161280E-002
 -0.168076182881699     
 -0.323384660893644     
  0.215177138764880     
  9.762281513476606E-002
 -7.604880277786305E-002
  3.849165423177160E-002
 -8.746146052341741E-002
  0.454404984816227     
 -2.594202933054368E-002
  0.217316590374017     
  0.210388806884585     
 -7.316568584407683E-003
  7.582734167027050E-002
 -0.199701645950174     
  0.505412675753991     
 -0.132020435068531     
  0.130042530701193     
  0.303133179949198     
 -0.132418354035035     
 -2.254456856198370E-002
 -0.783861063335098     
  0.743180395707849     
 -2.444929919285637E-002
 -0.229025938822244     
  0.395355875786274     
 -0.419725119794075     
  0.316613237313418     
 -6.473811350252591E-002
  0.294255281138709     
  0.354030108676943     
  4.818780763599164E-002
 -0.323021933302634     
  0.283338739453854     
 -8.230908892949113E-002
  9.250757051506948E-002
  0.222796446306525     
 -9.615781050172398E-002
  2.773712490279935E-002
 -0.578345184378965     
  0.243884185556847     
 -0.181802177228448     
 -0.264469569865037     
  0.222239089292035     
  1.055934150440844E-002
  8.659830770654108E-002
  0.244837541391593     
  0.179422454212573     
 -0.657470117399911     
 -0.132336647232061     
 -1.059830198529605E-002
 -0.881622359808210     
  6.858438683086837E-002
 -5.818867412910111E-002
 -0.167485822362148     
 -0.267542161133548     
  0.137717329494302     
 -4.574213746028929E-002
  0.101794914276714     
 -0.268608281889530     
  0.277764483467766     
  0.173168790259339     
  0.164402439309540     
 -7.161310329538928E-002
 -9.176921260064344E-002
  0.259952097445870     
  0.136018460115108     
 -0.223565395853464     
 -5.006291338671441E-003
  0.138045252592611     
 -0.224734824791257     
 -0.152276071795629     
 -0.344253354099333     
  3.697660608472375E-002
  0.177904356349896     
  0.298722923954859     
  0.109966128549570     
 -0.198158397824828     
  0.425485667689052     
  0.109736139246117     
 -0.237801007962621     
 -0.100625511698658     
  0.264634270765427     
 -6.186819889383685E-002
  0.140299505970324     
 -0.382982806826895     
 -0.132441401148371     
  2.211387619615026E-002
 -0.164439743616887     
 -4.144479957836898E-002
 -0.346756683335942     
 -0.752586708799819     
  1.570718613266265E-002
 -0.197985774894312     
 -0.124807308965286     
  8.228788920200950E-002
  0.780819704506996     
  1.773345191364304E-002
  2.203472707321193E-002
 -1.111902479822976E-002
 -4.946086799178832E-002
 -5.175702210929601E-002
  0.426188712157152     
 -0.281692511826661     
  3.114958768756818E-002
 -0.106497477874677     
  0.117363094151132     
  0.200631904112410     
 -0.755491404822156     
  0.365164313152320     
 -3.826961632006586E-002
  0.298069298066427     
  0.392403444720236     
 -0.681174908029992     
  0.334587251517760     
  0.168042431532782     
 -5.164670834562495E-002
 -9.753609206074688E-003
  0.426127851434595     
  0.309597076830298     
   1.13387681904576     
  0.487294728468688     
 -0.101909977564349     
 -0.381080009028740     
  0.467548094958025     
  6.571138243147834E-002
  0.552324038471053     
 -0.161362150541908     
 -0.819058583894562     
  0.365511220446369     
 -0.961076575900363     
 -0.252168808554255     
 -0.125805035874781     
  0.973555692657367     
  0.303296546563615     
 -0.732300732963878     
 -0.420797928787617     
  0.317557088863842     
  0.176176159952724     
  0.652948134974327     
  0.816247149350866     
 -0.680111877607416     
 -0.376600349462155     
  8.986379449256088E-002
  0.535173256154489     
  -1.10266176605510     
  0.189081492050148     
  0.195995929317267     
  -1.15100823602278     
  4.306184795829021E-002
 -0.503888965131386     
 -0.737576580298180     
 -0.658229671953474     
  1.176534030871943E-002
 -0.361514251341337     
 -0.368831663099679     
  0.283201067672253     
  8.398655169422550E-002
 -8.641770884344203E-002
 -0.322573990402887     
  0.206372594355030     
 -0.537888475752311     
 -0.322435178508014     
 -5.510568786066535E-002
  0.416450891213070     
  0.307382727804235     
 -0.264789639169633     
  0.216520738954418     
 -0.137053380654406     
 -7.477863395401900E-002
  0.292110222207508     
 -2.785762026931199E-003
 -0.198633301819242     
 -9.821574987758962E-002
  0.157184132609570     
 -6.594692063969750E-002
  0.183874891788210     
  5.414185589929114E-002
 -0.308184254409649     
  0.407683798311476     
  0.274309695361149     
 -0.271178264940423     
  0.340684776568446     
  0.360238810082007     
  2.386119340864078E-002
 -2.342108682927329E-002
  0.371082734418639     
  8.704240800771690E-002
 -9.106598319667362E-003
 -0.300637325373835     
   1.16054843118189     
  0.350190573677016     
 -0.893020547274815     
 -0.457285041431917     
 -9.127747726345415E-003
 -0.222194179111361     
  0.153030572231768     
 -2.123581779134934E-002
 -0.301337568683267     
  0.308186678206298     
 -0.418241192984646     
 -0.124884219551609     
 -8.444258386299394E-002
 -9.298521456154750E-002
  0.391636557991155     
 -4.085885502043874E-003
 -0.110927838073376     
  8.919075285647754E-002
 -0.450525492967897     
  0.206839253756268     
 -0.211960494915041     
 -0.194111759493595     
   1.22230344729103     
 -7.285870791844304E-002
  1.046741945911225E-003
  8.521144894907869E-002
  2.405470272329973E-002
 -0.392478467489047     
  9.595819473718273E-002
 -0.639000528888355     
 -0.649583214257241     
 -0.106204663780289     
 -0.360052994964983     
  0.250742763227701     
  1.812926391082429E-002
 -2.294083617194214E-002
  0.497744245946679     
 -0.647406400449207     
  3.715019358133895E-002
 -0.152369406408692     
  0.346096608591581     
 -0.160228260108774     
  0.119801282910956     
  0.203043193413058     
  0.125631096575413     
 -0.618846749912106     
  0.319282238786309     
 -0.307388715010059     
  0.110770182155927     
  2.772215575339578E-002
  0.176466306320652     
 -0.733650345796784     
  0.314624608761749     
  7.208964810440766E-002
 -0.101794149983371     
  0.180397235946705     
 -0.610840619085512     
 -0.440747711151692     
  0.616438005356364     
 -0.227908468631524     
  0.213473178088570     
 -0.398369676615470     
  0.285286048548966     
 -0.779280264472354     
  4.769492563492253E-002
 -0.312068572798515     
 -0.116341296551816     
  0.475519641232239     
 -0.272156343122644     
 -0.187798519680747     
 -0.342762963574526     
 -0.699903077694963     
 -3.009754472298205E-002
  2.916492554488860E-002
 -0.283368474910872     
  0.265594887252339     
 -3.781892355436767E-002
  0.387413193025385     
 -0.434231659614710     
 -2.437001586934577E-002
  0.434205734101262     
  0.202857673606054     
  3.427078759076376E-003
  0.391496407434282     
 -0.388779063372910     
  0.256902570987286     
  8.545704447850791E-002
 -0.340396773124495     
  0.272046126294053     
 -1.174713818715822E-003
  4.334288014038326E-003
 -8.177905336906624E-002
  0.456124380705758     
 -0.269722447758994     
  0.272169482048174     
  0.502099631882824     
 -0.507392668084518     
 -0.257452468948516     
  0.418120524124961     
  0.105818093236350     
 -0.151603090203173     
  0.635294211895237     
  0.439166303406024     
  0.191163622125389     
  0.106122444067375     
 -0.368873413175757     
  0.217431068761982     
  4.309087813273692E-002
 -0.189635941187782     
  0.131608440882337     
  0.264461045606092     
 -6.623794925817163E-002
 -6.943461998930928E-002
  0.277877245166452     
 -0.190113992889372     
 -3.912853884852477E-002
 -8.363098793920250E-002
 -0.501933837931234     
  4.686622932892380E-002
  0.145582421588734     
 -0.803152956879406     
 -0.443922877551360     
  0.684732058658936     
 -0.485905155162634     
 -0.179588221260197     
  9.455530712320208E-002
 -5.085694502422753E-002
  7.715932656858984E-002
  3.686182546428356E-002
  0.149716815322201     
  4.960891253167027E-002
  5.210200381236335E-002
 -9.203403482393520E-002
 -0.274890329407376     
 -3.133900002553566E-002
  0.345232000103525     
  0.191849247149948     
 -0.369435680950675     
 -0.295268848897947     
 -0.133957136484779     
 -0.116909158115011     
  0.271546071914135     
 -0.131297456967333     
  0.270192930709848     
  0.123150446558789     
  0.186542086919070     
 -0.124319530107250     
 -0.459286379976436     
 -7.558854364573347E-002
  0.350605810289875     
  7.006264023830688E-002
  0.145986955848698     
 -0.216428759383800     
 -0.643207577150153     
 -0.412465413627577     
 -6.583910978780291E-002
  0.371089117237971     
  0.143094883061181     
 -9.190750692026418E-003
 -5.482464539069262E-002
  0.379100758054377     
  0.100517957704911     
 -9.289832601833638E-002
  0.156057205962472     
  0.387552207018911     
  0.117728716499093     
  0.133011126436839     
 -0.299499623266900     
 -5.009144090201838E-002
  0.199932141772741     
 -9.101969420796070E-002
 -0.109786160787832     
 -0.115262020680065     
  1.608569187048237E-002
  0.224548534377196     
  0.223469607944805     
 -0.311869958597859     
  4.936219341400874E-002
 -0.602587476159176     
  0.189213413621423     
  0.446610257108704     
  9.706898003227392E-002
  0.196728147543967     
 -0.425487981602273     
 -0.192844129441580     
 -4.749698727883403E-004
 -0.656135307986930     
  0.449424206799734     
 -2.268543917580577E-003
  -1.05202710491855     
 -0.241357072838575     
 -0.119868657851598     
 -0.106887437831709     
  0.853931783755636     
  0.347134567401552     
 -4.861135300676528E-002
  -1.22833863998993     
 -0.181204209015508     
  0.649208539829667     
  0.447262723582005     
  0.213116666423182     
 -0.152668949351302     
 -9.981065694357680E-002
 -0.245727210036050     
  9.879003348776100E-002
 -7.360757784310192E-002
  0.203607426508112     
 -0.109514880401100     
  0.796780062237265     
 -0.490701113932923     
  0.672859681621255     
 -0.134874894529601     
  0.243716669152177     
  0.116695472915675     
  -1.02476318451888     
  0.162527143495694     
  0.838608934911529     
  -1.92123610067454     
 -0.940558214624847     
   1.57993223156200     
  0.700068423920082     
 -3.742580191830077E-002
  0.344091515176247     
 -0.116134885424079     
 -1.469676964798393E-002
 -0.294728298569542     
  6.676565548818909E-003
  0.678748650575455     
 -0.939526843909404     
 -0.376917404640665     
  0.965374911804197     
  0.199302842604241     
 -0.237565826966962     
 -8.933838320262699E-002
  8.433203798170148E-003
  0.166110950373381     
 -0.359462740193832     
  0.311742346663654     
  0.383101036310093     
 -0.783387300800316     
 -0.685657273913410     
  0.360515894282172     
 -0.435920543204522     
  0.337757191906095     
 -0.692710752857704     
  3.357698402019449E-002
 -0.171851872685397     
 -0.286084476926721     
 -7.546255451910563E-002
 -2.115247550825871E-002
  5.589359394892769E-002
 -0.504092306446204     
  7.202308303181150E-002
  0.111445730607626     
  0.421391389386984     
 -0.539090021865038     
  3.399287813569428E-002
 -0.182984255884440     
  0.418836616772949     
 -5.959157751643387E-002
 -0.300862411112631     
 -0.919855602480505     
  0.367770250787094     
 -0.914431883303311     
 -0.885471075693915     
 -7.077847066914490E-002
 -0.945422334401825     
 -0.136059933573618     
 -0.383010877710153     
 -0.234501838290281     
  0.130874659626283     
  1.424345334404290E-002
  5.055286353392943E-002
  0.424552553991330     
 -0.510291195630656     
 -0.448202437832102     
  4.991460833696723E-002
 -0.297969028929000     
  0.497159644311879     
  0.104131108476614     
  0.197597522123315     
  0.180718904811115     
 -0.325281557335185     
 -2.308297056267450E-003
  0.226986036328511     
  0.664854032253184     
  2.002502885895607E-002
  0.482136719102346     
 -2.105728700886104E-002
 -0.131990566115304     
  0.813475774529396     
  0.130283223870155     
  0.269111259162552     
 -0.269481312122833     
  0.432664224563325     
 -8.447966721051103E-002
  0.359235411694758     
 -4.146670141760740E-002
  7.000082466335887E-002
 -4.662134664794540E-002
  0.304309632283062     
  0.169948835979331     
 -2.257697132875328E-002
  8.852261442407106E-002
 -0.503752818290169     
  6.106931680268858E-003
 -6.331274847534155E-002
 -0.563905921747551     
  0.554121432243019     
 -0.328773976533546     
 -0.233466080928927     
 -0.243623711346298     
 -5.341429481529774E-003
 -0.179259597310074     
  0.515736348552282     
   1.38475732369629     
  0.187323647568985     
 -0.165125304516847     
  0.359843003786681     
 -0.801887540229701     
  0.294834410470351     
 -0.366014938110107     
  0.189104813321617     
 -0.549050953571827     
  0.209902702770882     
 -0.113269532950098     
  0.514205438512281     
 -0.324492051608787     
 -0.256838792249244     
 -8.421691059131087E-002
 -0.648085912004258     
  0.453917389364516     
 -0.167855778402032     
 -2.612458451748478E-002
  0.156046595223532     
 -0.445490757160014     
  0.239849091279387     
  0.258380561792925     
 -0.358521181016928     
  0.589971755093271     
  0.193345991724156     
 -0.487044054115431     
  0.282929387951971     
 -0.717219606147677     
  -1.02742496158091     
  0.276738376442070     
  0.468753902723575     
  0.104118024619573     
  -1.01355810597387     
  0.395984137302813     
 -3.480415506300885E-002
 -3.402095308886299E-002
   1.06707123707886     
 -0.227255481937215     
  0.977557601373991     
 -0.446151090137445     
  0.250858303916919     
  2.007027126419273E-002
 -6.947937145089753E-002
 -0.301203573444925     
  7.999531829866684E-002
  0.419998432937355     
 -0.675455851027251     
 -0.163415794676246     
 -0.246893071584316     
  0.359989255411662     
  0.238830145878754     
  4.550542606227391E-002
  0.172197661169106     
 -0.355825282260282     
  0.217713671106162     
  0.369157395757528     
  5.401224849335526E-002
  0.785776528080148     
  -1.14689793138046     
  0.332010042239987     
  0.490409081457861     
  3.292396499513017E-002
 -0.285940520114511     
  0.160572808231027     
 -7.438674812838078E-002
  0.155535911686214     
 -0.495158427916108     
  5.685848430198700E-002
  0.548002772261489     
  0.226400435445372     
 -0.292917159280031     
 -0.410843063988324     
  2.359811452299237E-002
  0.118604117114316     
  0.252448903332431     
 -0.200382768961911     
  8.807767654504181E-002
  3.401178098316848E-002
  0.212600770173102     
 -0.354721040906177     
  0.199488442165639     
 -0.516492561851171     
 -0.238058176285800     
  0.149426724678150     
 -2.110415449213550E-002
  0.461749758320557     
 -0.355365768224479     
  0.571263094882203     
 -0.229738393942823     
  0.266865592960852     
  0.300409564184105     
 -0.294648545820510     
  0.214100381709187     
  0.110349852964926     
  0.119399913626335     
 -0.275602104753148     
  3.117672301594152E-002
  8.023281114015908E-002
 -0.432206656148497     
 -3.914021459693665E-002
 -0.137808205580325     
  0.302921133338097     
 -0.546756778709239     
 -0.187589938508014     
 -0.280079691626899     
  0.443580359886654     
 -0.203022271948831     
  0.413449578097645     
 -0.544971745682454     
 -0.215690657041446     
 -0.193212117109178     
  9.863231668276644E-002
  0.211598014149071     
 -0.586661893578041     
 -0.137995456398339     
  0.202309047980907     
  0.161513356398221     
 -0.117652915991006     
  0.519835276007303     
  0.202067246788234     
 -0.421197097999612     
  0.323040632245506     
 -0.231185629809927     
  0.429037966859129     
 -3.555044957777953E-002
  0.344173628312382     
  9.342636535043214E-002
  5.515804908153349E-002
  4.362566259857877E-002
 -0.142689247183592     
  1.273375216880021E-002
  6.175369684224932E-002
 -0.285158206577738     
  0.149893281703702     
 -0.192072622744847     
  0.891706075428021     
 -0.272033353103303     
 -4.156928778225900E-002
 -7.248746884481717E-002
  0.155773323957715     
 -6.928932630699283E-002
   1.11846324212070     
  0.489016461371134     
  2.489265855628431E-002
 -0.187013428929886     
  0.262577368639925     
 -0.292412968683282     
 -0.243502394534615     
 -0.321734637822203     
  0.520661802417089     
  0.261557124035567     
  0.142310291231754     
 -7.263384166689310E-002
 -0.614276717141055     
  6.422323795781744E-002
  6.930884558456683E-002
 -0.358374589883546     
 -4.238722700821176E-002
 -9.374966128306640E-002
  3.133724114750055E-002
  0.147058254679044     
  9.736160343755101E-002
  0.113345147809695     
  0.183530294979819     
  0.142566664769814     
  8.930621571521542E-003
  0.220163627087380     
 -0.159971976654018     
  0.411927736736496     
 -8.035156079321125E-002
  0.207012315807038     
 -0.147105875385605     
 -0.319221325431013     
 -0.449267198825805     
  5.781634767095559E-002
  0.257903181769501     
 -0.757782678521520     
  0.351165679801870     
  0.449278919799239     
 -0.739265252120124     
  0.483530089465051     
  0.329331452483203     
  0.149972317050624     
 -0.196426098023457     
  3.642286548906288E-002
  4.612005461351033E-002
 -3.600860394114591E-002
 -0.165151922865423     
  0.142082949920961     
  0.859779290976494     
 -2.899223880468970E-002
 -0.142418099094750     
  0.156636666135960     
 -0.537286763916664     
  0.191451935010698     
 -0.131860115294329     
  0.498256310545641     
  0.360958441164292     
 -0.284164095900848     
 -0.126753888373117     
  9.092935173373441E-002
 -0.196775921997305     
 -0.354532530105849     
  0.703171242518260     
 -4.626367422978366E-002
  0.169707171009089     
 
  2.410647614929191E-002
  0.240583304061436     
 -8.224809043150002E-003
  0.219834138027964     
  0.242344994320252     
   1.88180818673944     
  0.110081439890849     
  0.234089812253241     
 -0.415056358520561     
 -0.106726917200373     
  0.286783475852096     
  9.554455864274025E-002
  0.488539775779269     
 -0.594432890247299     
 -0.357102884518321     
  0.301222038743007     
 -0.315220340816971     
 -0.215346743224539     
 -0.492128321929415     
   1.48317408753744     
   1.27196378646880     
 -0.453259098877310     
   1.03373716089081     
  3.567350280000957E-004
  -1.21728557140786     
  0.137146848494817     
 -0.740413457357618     
  0.263483094537682     
  0.264978950344800     
  -1.14777653668668     
 
  0.193814705694089     
  0.310519987703778     
 -0.489790074817412     
 -0.155996221432578     
  0.217225102452525     
 -0.254773390548775     
 -0.438584286861255     
 -0.430366052218610     
 -0.352323031295399     
  0.395801916928736     
 -0.305205158007251     
  0.416927523433990     
 -1.542774724320847E-002
  0.702425808002713     
  0.498504716558216     
 -0.258516511067483     
  0.693814290281235     
 -3.400019147927389E-002
  0.105052117985357     
  0.256988387379386     
  0.241006313437301     
  0.283829956472031     
  0.204480662494281     
 -5.134745483256621E-002
 -9.724714213061959E-002
  2.352041813098897E-002
 -0.186244442642536     
 -0.514907084106675     
  0.253425056761974     
  0.615190336485291     
  0.309468416860551     
 -0.148482232330824     
  0.401790289519728     
  0.537419245554888     
 -4.837951575836159E-002
 -0.918713207997955     
  0.258623432371433     
  0.147245562583456     
  0.614685739039203     
  0.195083169123188     
  0.117915321226320     
 -0.248916924429870     
 -0.236480896246565     
 -0.634569849071957     
  0.127094513893082     
  0.121890840033213     
  9.115221240682059E-002
  5.168704789405937E-002
 -0.269777502270918     
  0.166664242137278     
 -7.980303070833397E-002
 -0.549318947885734     
 -0.564227421127729     
  7.757837357098941E-002
  0.189502488223825     
  0.128828518956275     
 -0.447728017978096     
  4.579281140955033E-002
 -9.498932350651336E-002
  0.648862409204828     
  6.247727713726663E-003
  2.948929088812719E-002
  0.285206860751226     
 -0.142659388134043     
 -0.196694056160467     
 -0.138040999622610     
 -0.262738248219361     
 -0.472939287331845     
  0.684362391736427     
 -0.261299122496966     
 -1.334320663277987E-002
 -4.800857412766273E-002
  8.329620073370583E-002
  0.243916054540372     
  7.021811036787359E-002
 -0.112185890634704     
 -0.240189611720838     
 -1.000298199359735E-002
 -0.503597765716264     
  0.160639041523817     
 -0.570052410878825     
 -6.757399997119952E-002
 -0.401008141124809     
 -0.223893457288956     
  0.293152554067171     
  0.171907776262095     
 -0.209455728187115     
 -0.343768879299888     
  3.862582518344790E-002
 -0.363465883232759     
  0.396049669513943     
  0.557801817966632     
 -6.891517802286408E-002
  6.193528894483863E-002
  0.306291341053746     
 -3.423020171531906E-003
  0.319235483667984     
 -0.234664173430227     
  0.256017270952191     
 -5.151580199323793E-002
  0.370255505140605     
 -0.475662739617979     
  0.294825660125319     
 -0.564774983609491     
  0.194012445810450     
  0.533138200102963     
  0.291262029239366     
 -9.970990872738734E-003
 -0.242916512539181     
 -0.529771649358874     
 -0.290012447460421     
 -0.424707636759479     
  8.145402502657653E-002
  0.161150619009474     
  3.347375539858789E-002
  0.211176342968224     
  0.187226512718111     
  8.263121890840217E-002
 -0.633298044628514     
 -0.368860048464097     
  2.221094121929711E-002
 -0.201437732542008     
 -5.826291367445784E-002
 -0.133509067414333     
  0.142875088988285     
 -0.410140090409005     
  0.746420725337228     
  0.243383136664137     
  8.289813937592861E-003
 -0.148548053316768     
 -4.096224527180764E-002
 -0.320195326667586     
 -0.159965566082247     
 -0.552165617162706     
 -0.361484112963704     
 -0.383047323506680     
  0.442639797958955     
 -2.288501742417854E-002
  9.545688489667362E-002
 -0.199055177178802     
 -0.174071611819747     
  5.788001411373940E-002
 -0.380658840473391     
  0.301431860852431     
 -0.120569996778115     
 -0.200110180868356     
  0.281553272315872     
  0.232271386958427     
 -0.280627966759163     
 -0.850209218644833     
  0.225902621811806     
 -0.480493582918983     
 -9.925885463434783E-002
  9.195877350932966E-002
 -0.314880723139233     
 -0.157545652412489     
  0.259113760121059     
 -0.273273926099308     
 -0.141204343156009     
 -0.104383317036251     
 -0.122523964520394     
  0.259243074566232     
 -0.237609165952175     
  0.206562252517580     
 -0.206883645514272     
  9.484436507988564E-002
  0.601847748793985     
 -0.438102897248231     
  0.134360771704053     
  0.208244353404209     
  0.185564627782238     
  0.200929447776768     
 -3.630609877777603E-002
  0.305481909443488     
  0.192765899625796     
 -0.107005386153709     
 -1.040069722872233E-002
  0.118936543530956     
 -0.397327913606833     
 -0.660807270419063     
 -0.178182765569774     
 -6.626478069999190E-003
 -0.226199691614613     
  0.129826432001867     
  0.859061302303917     
  5.258813119294208E-002
  0.129255999718573     
  0.477721697618199     
 -0.634376712306959     
 -0.222327281724052     
  0.175652202386632     
  4.680439239339007E-002
  0.437035274204164     
  0.126948761325788     
  0.575784631863215     
  0.110918647165750     
 -0.496831403479590     
  7.678918026995095E-002
 -5.968268257077443E-002
  0.160441630285913     
  1.384980859795518E-002
  0.123379410909798     
 -0.576463031130007     
  3.168005301439574E-002
 -0.583119810759348     
  0.291298257907489     
 -3.068497756578148E-002
 -0.332702684853377     
 -0.272433692770431     
 -0.385085050114596     
 -0.845788596262032     
 -9.942201040564079E-002
 -0.111555655654426     
  0.360777910577357     
 -0.225198628260992     
 -0.143210351861826     
  0.344941291874563     
  7.786527005826309E-002
 -0.174659770171453     
 -2.322730672000103E-003
 -0.297001507312474     
  0.412631077431904     
 -0.314302657924844     
 -0.484943828545476     
 -0.436959573671963     
  0.174689235509295     
 -0.229197620199420     
 -1.355334247420015E-002
 -0.165925894596297     
 -0.314091002772195     
 -0.579503627617296     
 -0.289346293803533     
 -0.426383717674018     
 -0.283588012396300     
 -0.162139972810322     
 -0.284337600206729     
  0.437664575988093     
 -6.982098274484376E-002
  8.538132584316813E-002
  0.675965243603971     
  0.174266298033549     
  2.910301295678857E-002
 -0.200418879036422     
 -0.124193643110344     
 -9.339747515230709E-002
 -0.526056036928548     
  0.174374198068082     
 -0.310303963741587     
  0.240209640593573     
 -0.185974648999506     
  7.014104877884686E-002
 -0.497733418918429     
  0.260419251119110     
  8.465687010132004E-002
  0.497364196330190     
  0.170731632293377     
  0.273651798474044     
 -5.656500238351713E-003
  0.133260470738556     
  0.248766448590616     
 -0.160740235020870     
  0.112102067383388     
 -0.118402959366991     
  1.385456343159316E-002
 -0.300557843958142     
 -0.306476762809879     
 -0.290790247871944     
 -0.345378053418250     
  0.629637263203541     
 -0.134669787685050     
  0.209594042731150     
 -0.270811118166512     
  0.117166532354579     
  0.245905978096538     
 -0.421555151387939     
  0.229670521572244     
 -3.003979937704647E-002
  0.459309818449472     
  0.163983489294784     
 -0.585357413577449     
  0.129799646739924     
 -8.754714767169142E-002
 -1.846397998599655E-002
  5.602346288220085E-002
 -0.243835700387379     
  0.364285593495725     
 -0.112175392401065     
 -0.375771455872236     
 -8.967053616055018E-002
 -0.123334615317167     
 -0.111402229912904     
 -0.210244762912167     
 -0.259668157788650     
  3.970520831221328E-002
  4.576381943194093E-002
  0.131925776667829     
  0.294073822047088     
  0.636429458707693     
 -4.132726168771842E-002
 -0.951114940852750     
 -0.231369099786052     
  9.306095811135995E-002
  0.575663846294087     
 -0.171109760217893     
 -0.680882369764770     
 -9.735506763167341E-002
  0.112264773054348     
  0.575473811870983     
  -1.45568716599218     
  0.236970906188676     
  8.520554152702682E-002
 -0.553279195861403     
 -0.470110262356688     
 -0.278625114345851     
  -1.59625255378955     
 -0.291614802142809     
  6.092077001188809E-002
  0.834200934499142     
 -0.181067061198295     
  -1.18852347673206     
   1.88046582461680     
 -0.208555326864744     
  -1.23438306033527     
 -3.199391304077012E-002
  0.791504007657913     
  0.718962843063242     
 -0.524826958303578     
 -0.632108665154380     
   1.08868916340761     
  0.341285430236778     
 -0.787383603131572     
 -9.129446521584751E-002
  0.132642288582651     
  8.198500450738057E-002
  4.568814260258078E-002
 -0.356029848287041     
 -7.188440048030060E-003
  0.267244033403361     
 -0.205170366786011     
  9.566212528609028E-002
 -0.200898106790383     
   1.01849654999396     
 -0.113429078870653     
  0.193077607258807     
  0.675017477684591     
  1.357806290744092E-002
 -0.570992897610523     
  0.365377931355640     
 -0.208002902881902     
 -0.387316788108998     
  0.234365808239674     
  0.394069526400224     
  0.168528740289672     
  0.203976328584160     
  0.618874526043045     
  0.310658181146621     
 -0.452359716911925     
  0.301009081374836     
  0.348426529749943     
  0.515975967412366     
 -0.770703239121899     
  9.637115935942757E-002
  0.469831154335084     
  0.183630054657225     
 -0.267886132306867     
  0.139148690818558     
 -0.170584334478822     
  0.485055736786014     
  0.485880490615923     
 -0.430242509821522     
  0.129685333043992     
  3.519120779621850E-002
 -1.857777732962239E-003
  8.711282722355964E-003
  0.310020291272983     
 -0.411335751914911     
  0.544171439664949     
 -0.268147524420625     
  0.384750778503650     
 -0.636825331238132     
  0.408028018728903     
  0.113369431621660     
  7.713770619944565E-002
 -0.401927830479019     
 -0.113222772938917     
 -0.387245596138379     
 -0.469761063565574     
 -0.189048869866987     
  5.418597102127443E-003
  0.216195783690643     
  0.218153929080317     
  0.264179292576205     
  0.370636797578575     
  0.269782098294171     
 -0.455492384595714     
  0.613223883265881     
  0.254637168933644     
  0.299023481197830     
  0.179130658045962     
 -0.180197436776148     
  3.045754599058562E-002
 -0.143981785816556     
 -1.000902799140596E-002
  0.505948252827071     
 -1.768354303325597E-003
  0.311583993383015     
 -0.300385894839584     
 -0.160342103545878     
 -2.636541301058478E-002
  0.119186526425119     
  4.633174338097943E-002
 -0.508329178859415     
 -0.422828457837622     
 -0.551897736002366     
 -0.149004348566024     
 -0.398618081026152     
  0.182476303154152     
 -0.240376931081826     
  0.141073151287201     
 -9.663772409554354E-002
  0.209037028615362     
  0.120677329866847     
  0.359988226817633     
 -0.169857260644571     
  1.172311487602127E-002
 -0.838094607459296     
 -0.495661864745444     
 -6.933284406340497E-002
  0.460442743782732     
 -0.381437012971579     
  0.180886534992261     
  8.975337488548768E-002
  6.638038184235095E-003
  0.284224759306977     
 -0.309032572022578     
  0.127314219979019     
 -0.102495930996517     
 -0.141387465747999     
 -0.128175643784326     
  4.112714764583414E-002
  1.124385240263647E-002
  3.610292175457964E-002
 -0.450806155951356     
  5.294669827961318E-002
  0.132801014266414     
 -8.699037003118676E-002
  0.187096506343392     
  0.596044970428234     
  0.608669514336394     
  0.173430575353669     
  0.196804922788664     
  0.112906451253293     
 -0.542511069986537     
  2.755403744949245E-003
 -0.406160368775910     
 -3.173387399404762E-002
  0.482471696745444     
 -0.341138888290004     
  0.255034284680235     
  0.192497066906535     
 -9.547200814506475E-003
 -0.108716039650267     
  0.260342444390290     
  0.137567265187286     
 -0.161152267859566     
  1.204657547369053E-002
  0.104688300298438     
 -9.965093377801626E-002
  8.028473849456817E-002
 -0.123880657025476     
  9.900087882412791E-003
  2.886987956061247E-002
  2.268207287272416E-002
 -0.337936759761689     
  0.569264320450417     
  0.241884368041748     
 -0.136962114799972     
 -0.711965770075798     
  0.175286411984442     
 -0.877274537842279     
 -1.420752369894257E-002
 -0.585488350569268     
 -4.897559325760766E-002
 -5.141572957296555E-002
 -6.736976115747184E-002
  0.391813675348354     
  0.259256878212703     
  0.444729550686213     
 -3.477013488618181E-002
  0.189365255927472     
 -6.205904734117854E-002
 -0.126533687564071     
 -0.414381416767304     
  0.177210487484268     
 -0.347051473804040     
  3.112900342797820E-002
 -0.691177517499365     
 -2.592143560257859E-003
  0.121150399503398     
  0.170111248827125     
  0.528746307430471     
  0.313512543496475     
 -0.350030989095321     
 -0.315310432928651     
 -0.388516824229314     
 -0.556388427365082     
 -0.407096245380181     
 -2.883010236285165E-002
 -9.042209668297761E-002
 -0.113271758788128     
  0.754677987161580     
 -5.426678426402598E-005
 -7.335625366143972E-002
 -7.356835332353670E-002
  0.324726728077668     
  0.520085280692819     
  0.296149529262835     
 -0.167046271791416     
  0.220824539647542     
 -0.121164064309050     
  8.381463306737143E-002
  0.676227612380399     
 -0.432973840746860     
 -8.735663249626069E-002
  0.725575774081624     
  0.314569608301474     
 -0.277616618609986     
 -4.263162871459231E-002
  0.107155820651862     
  3.974805330333196E-002
 -0.319875821503843     
  7.243087645730638E-003
  0.254797869061539     
 -0.395723012504291     
  5.604229258766750E-002
 -0.267891867690470     
  6.296504391937673E-002
 -0.589530489456289     
 -0.543068635747869     
 -0.491670705361776     
 -0.458946819099694     
 -0.303297689530021     
  0.111474080569205     
  6.539299157670719E-002
 -0.290951768441540     
  0.156946625967424     
  0.211554200500602     
 -9.560806147668632E-003
 -0.104890785756677     
  0.209580200363811     
 -4.143868784585061E-002
 -0.145613681699284     
 -0.280974750949930     
 -0.405283431407783     
 -0.606858364500088     
  5.500419464309061E-002
 -0.206062838633240     
 -0.205659548467100     
  0.104282184962409     
  7.399581774184116E-002
  5.471638561258144E-002
 -0.225512599252426     
 -0.250787742511134     
 -0.247021838618470     
 -0.236278124972384     
 -0.405235551633402     
  0.152108844248939     
 -0.100054843966496     
 -0.215481592926002     
  0.330440562023226     
  0.344885489108993     
 -0.195288144404932     
 -0.251474802719483     
 -7.279056263566458E-002
 -0.378840728074597     
  0.467211799173834     
 -4.230982022328468E-002
 -0.538361884384055     
  3.787596481903049E-002
  0.145106476027549     
  9.303605543480118E-003
  0.247597535345534     
  0.247383172350958     
 -0.175453008939113     
  5.985645738383666E-002
 -0.634952566667470     
 -7.300209513848149E-002
 -0.243990675575804     
 -0.188528167258606     
 -0.299078252500246     
  0.111657895995971     
  6.774018766846285E-002
  0.157456863213466     
 -0.203882247164229     
 -0.333953447258099     
  0.343728954890107     
  0.123302359673528     
 -0.481983411166548     
  0.394816695415097     
 -9.391446737956682E-002
 -0.754530808102538     
  0.296503723612562     
 -0.197531569020727     
 -0.268718371299465     
  0.227644444148770     
  0.311958040053167     
 -0.243167900191460     
  7.559305837413802E-002
 -0.169387159535955     
 -6.229117009478604E-002
  8.075266449300153E-002
  0.684915121216267     
 -2.827093287158125E-002
  1.640982316106938E-002
 -0.386054606717748     
 -0.375378571674965     
 -0.327482215414947     
 -0.168070771086943     
  4.796519393609810E-002
 -0.261585760374748     
  0.263733351735092     
  0.137313355975695     
 -0.602878571162759     
 -0.289215522263476     
  1.456719729310997E-002
 -0.117046437009435     
 -4.117780135235190E-002
  7.919806933091508E-002
 -0.349723872305857     
 -9.465079059151381E-002
  5.109827660438807E-002
  0.366108435215609     
  0.468269467213632     
  0.499866378370003     
  0.124363468076790     
 -0.193906921632938     
 -0.234063744045845     
  0.513859675096065     
  0.255845732051581     
 -0.592688906606954     
  6.689058950121946E-002
 -0.554614079727154     
 -0.204296883748234     
 -0.205979420148860     
 -0.394282028745997     
  0.601782441026752     
  0.581966433060459     
 -0.439242559787445     
 -0.106236302234244     
 -0.225771419303191     
 -0.539003823182594     
  3.748613034315074E-002
 -0.504070287779573     
 -0.329902717989142     
 -0.373428751864496     
 -0.733001782524381     
 -0.214628052271089     
  0.198376346384516     
  -1.06584363336661     
 -0.950061235780812     
  0.102675619951876     
 -0.112739200460694     
  0.156078899652706     
  0.389847206831737     
 -0.292487618176695     
 -0.191609217277062     
 -0.503319545115647     
 -0.528287938491748     
  0.453921250400453     
 -0.292148013525738     
  0.186058739490895     
 -0.634240133663583     
  2.514153070012517E-002
 -0.174008606090993     
  6.018416449258132E-002
  0.100974072888187     
 -0.313278446710665     
 -0.732496917976822     
 -0.194673865670532     
 -0.136277118467042     
 -1.307728691133270E-003
  0.192923484411886     
 -4.170937124588379E-002
 -6.881399600358724E-002
 -0.262562563762442     
  1.597492837065524E-004
  0.404013718678515     
 -0.117491903170321     
 -0.306577738802475     
 -0.536927201621961     
 -0.117486155483114     
  0.301225724730354     
  0.168607369931740     
 -0.295236975262096     
  0.202120043456600     
 -0.298139205346194     
  9.355565492895443E-002
 -0.470919749891430     
 -0.254534663215941     
  6.152405313355735E-002
  7.223425342332487E-002
 -0.324489541027535     
  8.855444129500530E-002
  1.061687447714501E-002
  0.976564565847026     
  0.659965070124804     
 -0.572753699336940     
  0.517805234233523     
 -1.035789807334775E-002
 -0.390187926119529     
  4.830294250219978E-002
 -0.144545601394449     
  0.401763183947646     
  0.112811228571431     
  0.389736029889620     
  0.304817808189391     
 -0.272153243257302     
 -0.616497556599455     
 -4.273187787244824E-002
 -0.320880135189761     
 -0.487628077293891     
 -0.491884704696384     
  0.136716926276516     
 -0.406093290411907     
 -0.154619898491002     
  0.429262887613250     
 -0.375542162765888     
  0.282788916241139     
 -0.131007048798159     
  0.299237910752102     
 -0.259487081416931     
 -7.436689816433942E-002
 -0.111906569781703     
 -0.351872445631983     
 -0.792719411995897     
 -4.516858759749307E-002
 -0.310984561836181     
 -0.180258742842257     
 -0.230832514230198     
 -0.375325646387315     
  0.501717635799630     
 -0.102479506227244     
 -0.475835510526250     
 -0.100810192824283     
  0.256803151881010     
 -3.187593486378958E-002
 -3.558106130840587E-002
  0.297698733840918     
 -0.235042102190333     
 -0.636044957173669     
 -9.360016443285146E-002
 -5.104431819767181E-003
  0.454052953708341     
 -0.438834691241422     
 -0.217292818095778     
  0.327084589200876     
   1.18354611455081     
   1.37926552584981     
   1.06732886435745     
 -0.520667446473964     
 -0.323523723051443     
 -0.352918095422070     
  -2.74637779775790     
  0.384400888817164     
  9.227679421375871E-002
 -0.203491640472286     
  0.272909051875388     
 -0.315009913748071     
  0.264023151284434     
  0.145473770606632     
  0.785971316248859     
 -0.350307263224259     
  -2.19778371813307     
  5.211492401505174E-003
  0.309561364793808     
   1.52206216097093     
  0.141966710053063     
  0.220504604905139     
  0.640108666647434     
  0.189798330709270     
  9.339111491603624E-002
  0.112563051180910     
 -0.230953394071647     
  0.228186597036767     
 -0.289979521781506     
  0.815413131454654     
 -0.109995020738214     
 -0.219252939887134     
 -0.115388709283199     
  0.288834485474918     
  0.380165970643750     
 -0.335559608621445     
 -1.855492414359914E-003
 -0.199375149171189     
 -0.142919742009671     
  0.549782175360091     
 -0.312117236969993     
 -4.131266759636529E-002
 -0.132277462514121     
 -0.158475645913574     
 -4.141593374794819E-003
 -0.120674896094637     
 -0.138948082020404     
 -0.581343227330365     
 -0.406300930275479     
 -6.193735206738211E-002
  6.496191876942960E-002
 -0.215618995675137     
 -0.311117058033326     
  0.261301133868640     
  0.598183712568082     
  0.217949231120171     
 -7.536629278964789E-002
  0.222297358610286     
 -0.233005001504266     
  0.889791554800314     
  0.293219932313100     
 -0.273534830185932     
  0.305864094897688     
  0.186626977632053     
  6.261977484297251E-002
 -0.517176025035104     
  1.392635319709588E-003
 -0.180120669983131     
 -6.305587333015969E-002
  9.505608556670128E-002
  0.157090088971453     
  0.199997587935009     
 -0.306048245723939     
  0.354343349568856     
  0.273366146810224     
 -0.465260004416115     
 -0.176678534688633     
 -8.524911176220740E-002
 -5.656219751333307E-002
  0.252887550273357     
 -0.320217833795253     
 -0.493165705343884     
 -0.386377667094018     
  9.481788728877927E-002
  0.396702445119556     
  6.304823403161294E-002
 -0.390464807718205     
  0.163316141635057     
  4.285849327299175E-004
  0.654350073757524     
  0.246967965475346     
 -0.480353983248107     
 -1.921272676575229E-002
  0.337495205463501     
 -0.141666795023668     
  0.529628454557898     
  0.255868058154693     
 -3.434006514960435E-002
 -0.221475869238510     
  0.119262406304574     
 -0.740269742364406     
 -0.192700607949322     
 -5.545161382021629E-002
 -0.218008520542456     
 -6.713348423122595E-003
  0.148972793808682     
 -0.449681231425240     
  0.280668399360643     
 -0.539023478123201     
 -0.121670537627675     
 -0.179888759747196     
  0.282307285994061     
  0.128829280423167     
  0.133714434055762     
  0.522308343499624     
  0.241565056916116     
  0.111309871061449     
 -8.712828141767880E-002
 -2.286052994656963E-002
  0.216831618625095     
 -0.156545394994995     
 -0.384306320956751     
  4.503260939467323E-002
 -0.342419737402357     
  0.105530681689188     
  0.225837645877699     
  0.133579580736261     
  0.381127083266776     
  0.988435580361584     
  0.720733406189617     
 -0.394814106305104     
 -0.181796441136262     
  4.019116660164299E-002
 -4.568574814402881E-002
 -3.457846497115233E-002
 -2.311300656753566E-002
  0.317832071797194     
  0.173611376675988     
  0.214049918473516     
  0.174399060292015     
 -0.109661519688751     
 -0.350700351198845     
 -9.715221305533161E-003
 -0.600395821109480     
 
 -0.286620740604172     
  0.235850872220792     
  0.249298552827426     
 -0.492764590027894     
 -0.245814310175263     
 -0.190367720395698     
  0.192100276166556     
  5.119261101678969E-002
 -0.229634241090780     
  0.281899995591663     
  0.366429121031687     
  6.420445250286433E-002
 -0.141900411209541     
 -0.108876008465235     
  3.081929912852943E-002
  0.164742975707133     
 -1.684583394399866E-002
  0.377081769472381     
 -4.847460297642023E-002
  8.620609007639002E-002
 -0.251330629019447     
  0.947033078785310     
  0.466565143815836     
 -0.335187255339797     
  0.165559083173016     
 -0.470027782385899     
  0.209546878759142     
  4.492909711792796E-002
 -0.266834200774394     
 -9.450365000961172E-002
 
   2.60979999316369     
  0.216524044808766     
  0.447353662589781     
 -0.646391902582790     
  0.628644828386905     
 -0.554028146027614     
  0.744168122734263     
 -0.879648562126948     
 -0.202807049417794     
   2.34288655693644     
   1.60011682843793     
 -0.172005503867934     
  0.323500668976381     
 -0.545462509540441     
  0.257775135913825     
  0.346977022324098     
 -0.690136004818233     
 -0.324618267697950     
   2.07537208055537     
 -0.124191765664870     
  0.352597779388894     
   1.55377406290289     
 -0.541805074725023     
  0.238699276834534     
 -0.472352976679437     
 -0.573652986248720     
  0.664470773332182     
 -0.375943698631191     
  0.215650336152870     
  0.719069823470346     
 
 -3.939104761904762E-004
 
  tansig  tansig 
