 0.464093909954789441E+00
 0.415363677370619355E+00
 0.309417992184944390E+01
 0.282678521176285313E+01
 0.129481677747767865E+01
 0.508159409790241989E+00
 0.448962234280195771E+00
-0.182981303357997831E-01
-0.935999994944541024E-02
 0.983200716936936225E+00
 0.870579194108031418E+00
 0.556442324232942043E+00
 0.354893304970096524E+00
 0.469972124719754414E+00
-0.170388636997879706E+00
 0.159721912512649777E-01
 0.131722664529787675E-01
 0.560819718937230705E+00
 0.264925040860890526E+00
 0.780564635642317373E-01
 0.851325829577086052E-01
 0.501798639513024058E+00
 0.582408362144950731E+00
 0.435872981008372684E+00
 0.612711373551040217E+00
 0.115808026538044923E+00
-0.107957301302091524E+00
 0.472987219710157614E+00
 0.788082395648507905E+00
 0.714176601006854539E+00
 0.248740089381923934E+00
 0.327647681776419175E+00
 0.604803117885973074E+00
 0.105388496684403021E+01
 0.275317823757684232E+01
 0.596521887353900659E+00
 0.122396538808140565E+01
 0.444254990171515640E+01
 0.172731643098823651E+01
 0.261127373050363820E+01
 0.686553236619007379E+01
 0.117898567123752573E+01
 0.262390966136368498E+01
 0.353807736333566725E+01
 0.215557393346766535E+01
 0.252009779506693476E+01
 0.163545406346961819E+01
-0.691565945025870876E+00
-0.291721055200015345E+00
 0.189960947179932660E+01
 0.157369655676175402E+01
 0.468226360937605779E+00
 0.229066365728751692E+00
 0.829249726905766926E+00
 0.512249878927689695E+00
-0.108139976736889160E+00
-0.654807537551602564E-01
 0.906434475378368187E+00
 0.197788448913247643E-01
 0.110313246886874869E+00
 0.813857501866106364E-01
 0.429428317390617154E+00
 0.387189443180256554E+00
 0.252439481506833208E+00
 0.249261717602850097E+00
 0.749924038079425592E-01
-0.305675054895644838E+00
-0.123567945992476461E+00
-0.149970750237375411E+00
 0.601608234982196510E+00
 0.292661214189442298E+00
 0.155853439363727364E+00
 0.242607719301424329E+00
 0.106034102073967107E+01
 0.491844193604653868E+00
 0.331516275358294976E+00
 0.537669015562381003E+00
 0.131992749616730465E+01
 0.105851209917188394E+01
 0.804748989473873855E+00
 0.155260856343232523E+01
-0.585327527750230003E+00
 0.872814462900208032E+00
 0.566784242480658396E+00
 0.137832584812783265E+01
-0.649647571477860231E+00
 0.105303324848477136E+02
 0.341913262384093430E+01
 0.109352124680573048E+01
 0.195062352058275357E+01
 0.534491971725528536E+00
 0.391678159772541612E+00
 0.155902401672796204E+00
 0.846005061894829380E+00
 0.786451350401974669E+00
 0.447669465358609270E-01
 0.177708663354834220E-01
-0.213758091775905455E-01
 0.512854186131399992E+00
 0.170792047922964513E+00
 0.837017359502114644E-01
 0.225195888964893648E+00
 0.230977678587899193E-01
 0.735419452090772113E-01
 0.523304338710067693E-01
 0.129501690411830406E+00
 0.121959462863693247E+00
 0.435087597880236474E-01
 0.416584085731492443E-01
 0.175266264864411131E+00
 0.887395506438918014E-01
-0.877025093437706904E-02
-0.104232849443835277E-01
 0.146487104964938997E+00
 0.186515098096657089E+00
 0.604827959544395263E-01
 0.785656697775838908E-01
 0.135460371635076987E+00
 0.167905002869393860E+00
 0.602922429052136707E-01
 0.851227711136271492E-01
 0.332148951207870191E+00
 0.629137131079077622E-01
 0.117650164586237685E+00
 0.208466634268415330E+00
 0.644198262533222238E-01
 0.401093569060534783E+00
 0.118666977716677557E+00
 0.270969175700928100E+00
 0.442927923943390700E+00
 0.135512809186249461E+01
 0.489669252936215049E+00
